h/dp :,2
L2norm Pressure,KE,dp,Nparticles
183849,4.09459e+08,0.5,1152

t,5.61
ID,r,z,,rho,drhodt,pressure,,u_r,u_z,velocity,,pairAr,pairAz,totalAr,totalAz,Type
0,0.25,-0.25,,1000.83,0,19625.8,,0,0,0,,0,0,78.4379,-9.81,boundary
1,0.75,-0.25,,1000.81,0,19005.3,,0,0,0,,0,0,25.32,-9.81,boundary
2,1.25,-0.25,,1000.76,0,17961.7,,0,0,0,,0,0,14.3584,-9.81,boundary
3,1.75,-0.25,,1000.62,0,14736.2,,0,0,0,,0,0,8.41544,-9.81,boundary
4,2.25,-0.25,,1000.63,0,14884.5,,0,0,0,,0,0,6.61115,-9.81,boundary
5,2.75,-0.25,,1000.63,0,14856.5,,0,0,0,,0,0,5.39898,-9.81,boundary
6,3.25,-0.25,,1000.7,0,16433.1,,0,0,0,,0,0,5.05281,-9.81,boundary
7,3.75,-0.25,,1000.75,0,17753.6,,0,0,0,,0,0,4.73074,-9.81,boundary
8,4.25,-0.25,,1000.82,0,19323.8,,0,0,0,,0,0,4.54306,-9.81,boundary
9,4.75,-0.25,,1001.16,0,27447.4,,0,0,0,,0,0,5.7717,-9.81,boundary
10,5.25,-0.25,,1000.89,0,21037.3,,0,0,0,,0,0,4.00353,-9.81,boundary
11,5.75,-0.25,,1000.89,0,21069.1,,0,0,0,,0,0,3.66092,-9.81,boundary
12,6.25,-0.25,,1001.28,0,30157.3,,0,0,0,,0,0,4.81901,-9.81,boundary
13,6.75,-0.25,,1002.09,0,49499.7,,0,0,0,,0,0,7.318,-9.81,boundary
14,7.25,-0.25,,1003.26,0,77586.9,,0,0,0,,0,0,10.6668,-9.81,boundary
15,7.75,-0.25,,1004.42,0,105550,,0,0,0,,0,0,13.5594,-9.81,boundary
16,8.25,-0.25,,1005.12,0,122433,,0,0,0,,0,0,14.7648,-9.81,boundary
17,8.75,-0.25,,1005.29,0,126635,,0,0,0,,0,0,14.3964,-9.81,boundary
18,9.25,-0.25,,1005.3,0,126772,,0,0,0,,0,0,13.6329,-9.81,boundary
19,9.75,-0.25,,1005.58,0,133699,,0,0,0,,0,0,13.6366,-9.81,boundary
20,10.25,-0.25,,1006.01,0,144138,,0,0,0,,0,0,13.9782,-9.81,boundary
21,10.75,-0.25,,1006.39,0,153447,,0,0,0,,0,0,14.1834,-9.81,boundary
22,11.25,-0.25,,1006.75,0,162067,,0,0,0,,0,0,14.3094,-9.81,boundary
23,11.75,-0.25,,1006.78,0,162925,,0,0,0,,0,0,13.7726,-9.81,boundary
24,12.25,-0.25,,1006.53,0,156708,,0,0,0,,0,0,12.7095,-9.81,boundary
25,12.75,-0.25,,1006.22,0,149121,,0,0,0,,0,0,11.6235,-9.81,boundary
26,13.25,-0.25,,1006.02,0,144208,,0,0,0,,0,0,10.8185,-9.81,boundary
27,13.75,-0.25,,1005.88,0,141022,,0,0,0,,0,0,10.1961,-9.81,boundary
28,14.25,-0.25,,1005.69,0,136335,,0,0,0,,0,0,9.51319,-9.81,boundary
29,14.75,-0.25,,1005.4,0,129096,,0,0,0,,0,0,8.70532,-9.81,boundary
30,15.25,-0.25,,1005.1,0,121947,,0,0,0,,0,0,7.95596,-9.81,boundary
31,15.75,-0.25,,1004.84,0,115689,,0,0,0,,0,0,7.30993,-9.81,boundary
32,16.25,-0.25,,1004.59,0,109655,,0,0,0,,0,0,6.71715,-9.81,boundary
33,16.75,-0.25,,1004.28,0,102099,,0,0,0,,0,0,6.06947,-9.81,boundary
34,17.25,-0.25,,1003.93,0,93646.6,,0,0,0,,0,0,5.40753,-9.81,boundary
35,17.75,-0.25,,1003.54,0,84304.4,,0,0,0,,0,0,4.73278,-9.81,boundary
36,18.25,-0.25,,1003.26,0,77482.7,,0,0,0,,0,0,4.23184,-9.81,boundary
37,18.75,-0.25,,1003.01,0,71574.2,,0,0,0,,0,0,3.80583,-9.81,boundary
38,19.25,-0.25,,1002.77,0,65669,,0,0,0,,0,0,3.40197,-9.81,boundary
39,19.75,-0.25,,1002.6,0,61586.5,,0,0,0,,0,0,3.11023,-9.81,boundary
40,20.25,-0.25,,1002.52,0,59714.8,,0,0,0,,0,0,2.94147,-9.81,boundary
41,20.75,-0.25,,1002.44,0,57813.9,,0,0,0,,0,0,2.77944,-9.81,boundary
42,21.25,-0.25,,1002.35,0,55810.9,,0,0,0,,0,0,2.62023,-9.81,boundary
43,21.75,-0.25,,1002.3,0,54510.3,,0,0,0,,0,0,2.50047,-9.81,boundary
44,22.25,-0.25,,1002.28,0,54114.3,,0,0,0,,0,0,2.42656,-9.81,boundary
45,22.75,-0.25,,1002.3,0,54463.2,,0,0,0,,0,0,2.3885,-9.81,boundary
46,23.25,-0.25,,1002.31,0,54650.2,,0,0,0,,0,0,2.34514,-9.81,boundary
47,23.75,-0.25,,1002.31,0,54852,,0,0,0,,0,0,2.30423,-9.81,boundary
48,24.25,-0.25,,1002.28,0,53980.7,,0,0,0,,0,0,2.22095,-9.81,boundary
49,24.75,-0.25,,1002.17,0,51430.4,,0,0,0,,0,0,2.0735,-9.81,boundary
50,25.25,-0.25,,1002.12,0,50144.2,,0,0,0,,0,0,1.98172,-9.81,boundary
51,25.75,-0.25,,1002.15,0,50961.8,,0,0,0,,0,0,1.97485,-9.81,boundary
52,0.25,-0.75,,1000.94,0,22080.1,,0,0,0,,0,0,88.238,-9.81,boundary
53,0.75,-0.75,,1000.91,0,21424.5,,0,0,0,,0,0,28.54,-9.81,boundary
54,1.25,-0.75,,1000.83,0,19577.1,,0,0,0,,0,0,15.6487,-9.81,boundary
55,1.75,-0.75,,1000.67,0,15745.2,,0,0,0,,0,0,8.99124,-9.81,boundary
56,2.25,-0.75,,1000.67,0,15691.2,,0,0,0,,0,0,6.96924,-9.81,boundary
57,2.75,-0.75,,1000.79,0,18662.5,,0,0,0,,0,0,6.78099,-9.81,boundary
58,3.25,-0.75,,1001.29,0,30607,,0,0,0,,0,0,9.40535,-9.81,boundary
59,3.75,-0.75,,1001.65,0,39062.1,,0,0,0,,0,0,10.3994,-9.81,boundary
60,4.25,-0.75,,1001.66,0,39289.3,,0,0,0,,0,0,9.22922,-9.81,boundary
61,4.75,-0.75,,1001.4,0,33046,,0,0,0,,0,0,6.94734,-9.81,boundary
62,5.25,-0.75,,1001.01,0,23946.8,,0,0,0,,0,0,4.55667,-9.81,boundary
63,5.75,-0.75,,1000.85,0,20148.2,,0,0,0,,0,0,3.50105,-9.81,boundary
64,6.25,-0.75,,1001.19,0,28198.2,,0,0,0,,0,0,4.50633,-9.81,boundary
65,6.75,-0.75,,1001.74,0,41118.5,,0,0,0,,0,0,6.08107,-9.81,boundary
66,7.25,-0.75,,1002.26,0,53567.4,,0,0,0,,0,0,7.37195,-9.81,boundary
67,7.75,-0.75,,1003.59,0,85389.7,,0,0,0,,0,0,10.9786,-9.81,boundary
68,8.25,-0.75,,1005.03,0,120289,,0,0,0,,0,0,14.5075,-9.81,boundary
69,8.75,-0.75,,1005.34,0,127831,,0,0,0,,0,0,14.5316,-9.81,boundary
70,9.25,-0.75,,1005.38,0,128671,,0,0,0,,0,0,13.836,-9.81,boundary
71,9.75,-0.75,,1005.84,0,139986,,0,0,0,,0,0,14.2742,-9.81,boundary
72,10.25,-0.75,,1006.53,0,156775,,0,0,0,,0,0,15.1959,-9.81,boundary
73,10.75,-0.75,,1007.08,0,170259,,0,0,0,,0,0,15.7267,-9.81,boundary
74,11.25,-0.75,,1007.47,0,179915,,0,0,0,,0,0,15.8739,-9.81,boundary
75,11.75,-0.75,,1007.49,0,180381,,0,0,0,,0,0,15.2374,-9.81,boundary
76,12.25,-0.75,,1007.17,0,172467,,0,0,0,,0,0,13.9787,-9.81,boundary
77,12.75,-0.75,,1006.78,0,162913,,0,0,0,,0,0,12.6914,-9.81,boundary
78,13.25,-0.75,,1006.52,0,156492,,0,0,0,,0,0,11.7342,-9.81,boundary
79,13.75,-0.75,,1006.33,0,151945,,0,0,0,,0,0,10.981,-9.81,boundary
80,14.25,-0.75,,1006.08,0,145834,,0,0,0,,0,0,10.1721,-9.81,boundary
81,14.75,-0.75,,1005.74,0,137475,,0,0,0,,0,0,9.26716,-9.81,boundary
82,15.25,-0.75,,1005.4,0,129104,,0,0,0,,0,0,8.42039,-9.81,boundary
83,15.75,-0.75,,1005.15,0,123046,,0,0,0,,0,0,7.77243,-9.81,boundary
84,16.25,-0.75,,1004.86,0,116216,,0,0,0,,0,0,7.11712,-9.81,boundary
85,16.75,-0.75,,1004.49,0,107257,,0,0,0,,0,0,6.37478,-9.81,boundary
86,17.25,-0.75,,1004.12,0,98161.8,,0,0,0,,0,0,5.6672,-9.81,boundary
87,17.75,-0.75,,1003.74,0,89138.1,,0,0,0,,0,0,5.00313,-9.81,boundary
88,18.25,-0.75,,1003.38,0,80363.1,,0,0,0,,0,0,4.38863,-9.81,boundary
89,18.75,-0.75,,1003.03,0,71930.8,,0,0,0,,0,0,3.82473,-9.81,boundary
90,19.25,-0.75,,1002.68,0,63724.1,,0,0,0,,0,0,3.30148,-9.81,boundary
91,19.75,-0.75,,1002.41,0,57260.4,,0,0,0,,0,0,2.89228,-9.81,boundary
92,20.25,-0.75,,1002.24,0,53165.1,,0,0,0,,0,0,2.61956,-9.81,boundary
93,20.75,-0.75,,1002.12,0,50261.3,,0,0,0,,0,0,2.41711,-9.81,boundary
94,21.25,-0.75,,1002.04,0,48264.5,,0,0,0,,0,0,2.26665,-9.81,boundary
95,21.75,-0.75,,1002.01,0,47680.1,,0,0,0,,0,0,2.18778,-9.81,boundary
96,22.25,-0.75,,1002.01,0,47659.9,,0,0,0,,0,0,2.13772,-9.81,boundary
97,22.75,-0.75,,1002.01,0,47667.2,,0,0,0,,0,0,2.09105,-9.81,boundary
98,23.25,-0.75,,1002.02,0,47822.4,,0,0,0,,0,0,2.05273,-9.81,boundary
99,23.75,-0.75,,1002.04,0,48274.2,,0,0,0,,0,0,2.02846,-9.81,boundary
100,24.25,-0.75,,1001.99,0,47041.2,,0,0,0,,0,0,1.936,-9.81,boundary
101,24.75,-0.75,,1001.84,0,43604.2,,0,0,0,,0,0,1.75855,-9.81,boundary
102,25.25,-0.75,,1001.76,0,41619.1,,0,0,0,,0,0,1.64539,-9.81,boundary
103,25.75,-0.75,,1001.85,0,43871.3,,0,0,0,,0,0,1.70059,-9.81,boundary
104,0.25,-1.25,,1001,0,23684.5,,0,0,0,,0,0,94.643,-9.81,boundary
105,0.75,-1.25,,1000.97,0,22835.5,,0,0,0,,0,0,30.4179,-9.81,boundary
106,1.25,-1.25,,1000.82,0,19333.6,,0,0,0,,0,0,15.4542,-9.81,boundary
107,1.75,-1.25,,1000.65,0,15247.5,,0,0,0,,0,0,8.70721,-9.81,boundary
108,2.25,-1.25,,1000.7,0,16548.2,,0,0,0,,0,0,7.34961,-9.81,boundary
109,2.75,-1.25,,1000.92,0,21755.2,,0,0,0,,0,0,7.90371,-9.81,boundary
110,3.25,-1.25,,1001.5,0,35558.7,,0,0,0,,0,0,10.9247,-9.81,boundary
111,3.75,-1.25,,1001.93,0,45807.4,,0,0,0,,0,0,12.1917,-9.81,boundary
112,4.25,-1.25,,1002.02,0,47958.8,,0,0,0,,0,0,11.2616,-9.81,boundary
113,4.75,-1.25,,1001.3,0,30623.4,,0,0,0,,0,0,6.4387,-9.81,boundary
114,5.25,-1.25,,1000,0,0,,0,0,0,,0,0,0,-9.81,boundary
115,5.75,-1.25,,1000,0,0,,0,0,0,,0,0,0,-9.81,boundary
116,6.25,-1.25,,1000,0,0,,0,0,0,,0,0,0,-9.81,boundary
117,6.75,-1.25,,1000,0,0,,0,0,0,,0,0,0,-9.81,boundary
118,7.25,-1.25,,1000,0,0,,0,0,0,,0,0,0,-9.81,boundary
119,7.75,-1.25,,1000,0,0,,0,0,0,,0,0,0,-9.81,boundary
120,8.25,-1.25,,1001.07,0,25384.7,,0,0,0,,0,0,3.07363,-9.81,boundary
121,8.75,-1.25,,1004.39,0,104647,,0,0,0,,0,0,11.9074,-9.81,boundary
122,9.25,-1.25,,1005.13,0,122614,,0,0,0,,0,0,13.1879,-9.81,boundary
123,9.75,-1.25,,1005.86,0,140299,,0,0,0,,0,0,14.3059,-9.81,boundary
124,10.25,-1.25,,1006.75,0,162089,,0,0,0,,0,0,15.7076,-9.81,boundary
125,10.75,-1.25,,1007.62,0,183498,,0,0,0,,0,0,16.9406,-9.81,boundary
126,11.25,-1.25,,1008.11,0,195591,,0,0,0,,0,0,17.246,-9.81,boundary
127,11.75,-1.25,,1008.12,0,195880,,0,0,0,,0,0,16.5364,-9.81,boundary
128,12.25,-1.25,,1007.72,0,186112,,0,0,0,,0,0,15.0764,-9.81,boundary
129,12.75,-1.25,,1007.26,0,174616,,0,0,0,,0,0,13.5967,-9.81,boundary
130,13.25,-1.25,,1006.9,0,165817,,0,0,0,,0,0,12.4288,-9.81,boundary
131,13.75,-1.25,,1006.61,0,158775,,0,0,0,,0,0,11.4715,-9.81,boundary
132,14.25,-1.25,,1006.27,0,150482,,0,0,0,,0,0,10.4943,-9.81,boundary
133,14.75,-1.25,,1005.88,0,140940,,0,0,0,,0,0,9.49935,-9.81,boundary
134,15.25,-1.25,,1005.56,0,133180,,0,0,0,,0,0,8.68483,-9.81,boundary
135,15.75,-1.25,,1005.36,0,128223,,0,0,0,,0,0,8.09772,-9.81,boundary
136,16.25,-1.25,,1005.09,0,121715,,0,0,0,,0,0,7.45221,-9.81,boundary
137,16.75,-1.25,,1004.7,0,112246,,0,0,0,,0,0,6.66989,-9.81,boundary
138,17.25,-1.25,,1004.39,0,104648,,0,0,0,,0,0,6.04006,-9.81,boundary
139,17.75,-1.25,,1004.19,0,100016,,0,0,0,,0,0,5.61115,-9.81,boundary
140,18.25,-1.25,,1003.97,0,94479.7,,0,0,0,,0,0,5.15652,-9.81,boundary
141,18.75,-1.25,,1003.65,0,86797,,0,0,0,,0,0,4.61236,-9.81,boundary
142,19.25,-1.25,,1003.3,0,78501.2,,0,0,0,,0,0,4.06457,-9.81,boundary
143,19.75,-1.25,,1002.98,0,70815.5,,0,0,0,,0,0,3.57494,-9.81,boundary
144,20.25,-1.25,,1002.71,0,64426.2,,0,0,0,,0,0,3.17293,-9.81,boundary
145,20.75,-1.25,,1002.56,0,60853.8,,0,0,0,,0,0,2.92521,-9.81,boundary
146,21.25,-1.25,,1002.55,0,60483.7,,0,0,0,,0,0,2.83906,-9.81,boundary
147,21.75,-1.25,,1002.64,0,62558.5,,0,0,0,,0,0,2.86869,-9.81,boundary
148,22.25,-1.25,,1002.73,0,64780.7,,0,0,0,,0,0,2.90357,-9.81,boundary
149,22.75,-1.25,,1002.8,0,66537.7,,0,0,0,,0,0,2.91656,-9.81,boundary
150,23.25,-1.25,,1002.79,0,66205.4,,0,0,0,,0,0,2.83963,-9.81,boundary
151,23.75,-1.25,,1002.71,0,64310.7,,0,0,0,,0,0,2.7005,-9.81,boundary
152,24.25,-1.25,,1002.62,0,62120.2,,0,0,0,,0,0,2.55497,-9.81,boundary
153,24.75,-1.25,,1002.55,0,60511.5,,0,0,0,,0,0,2.43869,-9.81,boundary
154,25.25,-1.25,,1002.47,0,58654.9,,0,0,0,,0,0,2.31724,-9.81,boundary
155,25.75,-1.25,,1002.51,0,59643,,0,0,0,,0,0,2.31043,-9.81,boundary
156,0.25,-1.75,,1001.04,0,24531.9,,0,0,0,,0,0,98.0259,-9.81,boundary
157,0.75,-1.75,,1001,0,23633.9,,0,0,0,,0,0,31.4804,-9.81,boundary
158,1.25,-1.75,,1000.82,0,19402.7,,0,0,0,,0,0,15.5094,-9.81,boundary
159,1.75,-1.75,,1000.5,0,11690.5,,0,0,0,,0,0,6.67696,-9.81,boundary
160,2.25,-1.75,,1000.57,0,13387.9,,0,0,0,,0,0,5.94679,-9.81,boundary
161,2.75,-1.75,,1000.63,0,14951.3,,0,0,0,,0,0,5.43339,-9.81,boundary
162,3.25,-1.75,,1001.73,0,40904,,0,0,0,,0,0,12.5641,-9.81,boundary
163,3.75,-1.75,,1002.3,0,54599.5,,0,0,0,,0,0,14.5264,-9.81,boundary
164,4.25,-1.75,,1000,0,0,,0,0,0,,0,0,0,-9.81,boundary
165,4.75,-1.75,,1000,0,0,,0,0,0,,0,0,0,-9.81,boundary
166,5.25,-1.75,,1000,0,0,,0,0,0,,0,0,0,-9.81,boundary
167,5.75,-1.75,,1000,0,0,,0,0,0,,0,0,0,-9.81,boundary
168,6.25,-1.75,,1000,0,0,,0,0,0,,0,0,0,-9.81,boundary
169,6.75,-1.75,,1000,0,0,,0,0,0,,0,0,0,-9.81,boundary
170,7.25,-1.75,,1000,0,0,,0,0,0,,0,0,0,-9.81,boundary
171,7.75,-1.75,,1000,0,0,,0,0,0,,0,0,0,-9.81,boundary
172,8.25,-1.75,,1000,0,0,,0,0,0,,0,0,0,-9.81,boundary
173,8.75,-1.75,,1002.1,0,49847,,0,0,0,,0,0,5.68484,-9.81,boundary
174,9.25,-1.75,,1004.82,0,115187,,0,0,0,,0,0,12.3929,-9.81,boundary
175,9.75,-1.75,,1005.91,0,141673,,0,0,0,,0,0,14.4452,-9.81,boundary
176,10.25,-1.75,,1006.98,0,167866,,0,0,0,,0,0,16.2636,-9.81,boundary
177,10.75,-1.75,,1008.09,0,195193,,0,0,0,,0,0,18.0118,-9.81,boundary
178,11.25,-1.75,,1008.69,0,209986,,0,0,0,,0,0,18.5046,-9.81,boundary
179,11.75,-1.75,,1008.6,0,207818,,0,0,0,,0,0,17.5358,-9.81,boundary
180,12.25,-1.75,,1008.13,0,196034,,0,0,0,,0,0,15.8738,-9.81,boundary
181,12.75,-1.75,,1007.61,0,183208,,0,0,0,,0,0,14.2608,-9.81,boundary
182,13.25,-1.75,,1007.15,0,171957,,0,0,0,,0,0,12.8858,-9.81,boundary
183,13.75,-1.75,,1006.75,0,162083,,0,0,0,,0,0,11.7089,-9.81,boundary
184,14.25,-1.75,,1006.36,0,152614,,0,0,0,,0,0,10.6421,-9.81,boundary
185,14.75,-1.75,,1005.96,0,142936,,0,0,0,,0,0,9.63311,-9.81,boundary
186,15.25,-1.75,,1005.67,0,135686,,0,0,0,,0,0,8.84728,-9.81,boundary
187,15.75,-1.75,,1005.51,0,131839,,0,0,0,,0,0,8.32487,-9.81,boundary
188,16.25,-1.75,,1005.31,0,126973,,0,0,0,,0,0,7.77245,-9.81,boundary
189,16.75,-1.75,,1004.99,0,119364,,0,0,0,,0,0,7.09082,-9.81,boundary
190,17.25,-1.75,,1004.83,0,115414,,0,0,0,,0,0,6.65849,-9.81,boundary
191,17.75,-1.75,,1004.9,0,116980,,0,0,0,,0,0,6.55831,-9.81,boundary
192,18.25,-1.75,,1004.92,0,117579,,0,0,0,,0,0,6.41116,-9.81,boundary
193,18.75,-1.75,,1004.77,0,113925,,0,0,0,,0,0,6.04716,-9.81,boundary
194,19.25,-1.75,,1004.57,0,109053,,0,0,0,,0,0,5.63933,-9.81,boundary
195,19.75,-1.75,,1004.28,0,102110,,0,0,0,,0,0,5.14807,-9.81,boundary
196,20.25,-1.75,,1003.87,0,92223.2,,0,0,0,,0,0,4.53667,-9.81,boundary
197,20.75,-1.75,,1003.69,0,87827.9,,0,0,0,,0,0,4.21711,-9.81,boundary
198,21.25,-1.75,,1003.86,0,91916.2,,0,0,0,,0,0,4.30884,-9.81,boundary
199,21.75,-1.75,,1004.18,0,99774.6,,0,0,0,,0,0,4.56822,-9.81,boundary
200,22.25,-1.75,,1004.56,0,108880,,0,0,0,,0,0,4.87125,-9.81,boundary
201,22.75,-1.75,,1004.81,0,114905,,0,0,0,,0,0,5.02659,-9.81,boundary
202,23.25,-1.75,,1004.8,0,114531,,0,0,0,,0,0,4.90255,-9.81,boundary
203,23.75,-1.75,,1004.51,0,107544,,0,0,0,,0,0,4.50787,-9.81,boundary
204,24.25,-1.75,,1004.43,0,105728,,0,0,0,,0,0,4.34067,-9.81,boundary
205,24.75,-1.75,,1004.53,0,108141,,0,0,0,,0,0,4.34964,-9.81,boundary
206,25.25,-1.75,,1004.33,0,103359,,0,0,0,,0,0,4.07576,-9.81,boundary
207,25.75,-1.75,,1004.02,0,95752.6,,0,0,0,,0,0,3.70366,-9.81,boundary
208,24.25,0.25,,1003.03,0,71974.5,,0,0,0,,0,0,2.95906,-9.81,boundary
209,24.25,0.75,,1003.75,0,89399.6,,0,0,0,,0,0,3.67279,-9.81,boundary
210,24.25,1.25,,1004.16,0,99229.9,,0,0,0,,0,0,4.07499,-9.81,boundary
211,24.25,1.75,,1004.31,0,102845,,0,0,0,,0,0,4.22284,-9.81,boundary
212,24.25,2.25,,1004.25,0,101229,,0,0,0,,0,0,4.15676,-9.81,boundary
213,24.25,2.75,,1003.75,0,89199,,0,0,0,,0,0,3.66458,-9.81,boundary
214,24.25,3.25,,1002.87,0,68054.3,,0,0,0,,0,0,2.79834,-9.81,boundary
215,24.25,3.75,,1001.68,0,39855.1,,0,0,0,,0,0,1.64075,-9.81,boundary
216,24.25,4.25,,1000.51,0,11922.1,,0,0,0,,0,0,0.491384,-9.81,boundary
217,24.25,4.75,,1001.58,0,37338.8,,0,0,0,,0,0,1.53732,-9.81,boundary
218,24.25,5.25,,1001.47,0,34827.1,,0,0,0,,0,0,1.43406,-9.81,boundary
219,24.25,5.75,,1001.39,0,32977.8,,0,0,0,,0,0,1.35802,-9.81,boundary
220,24.25,6.25,,1000,0,0,,0,0,0,,0,0,0,-9.81,boundary
221,24.25,6.75,,1000,0,0,,0,0,0,,0,0,0,-9.81,boundary
222,24.25,7.25,,1000,0,0,,0,0,0,,0,0,0,-9.81,boundary
223,24.25,7.75,,1000,0,0,,0,0,0,,0,0,0,-9.81,boundary
224,24.25,8.25,,1000,0,0,,0,0,0,,0,0,0,-9.81,boundary
225,24.25,8.75,,1000,0,0,,0,0,0,,0,0,0,-9.81,boundary
226,24.25,9.25,,1000,0,0,,0,0,0,,0,0,0,-9.81,boundary
227,24.25,9.75,,1000,0,0,,0,0,0,,0,0,0,-9.81,boundary
228,24.25,10.25,,1000,0,0,,0,0,0,,0,0,0,-9.81,boundary
229,24.25,10.75,,1000,0,0,,0,0,0,,0,0,0,-9.81,boundary
230,24.25,11.25,,1000,0,0,,0,0,0,,0,0,0,-9.81,boundary
231,24.25,11.75,,1000,0,0,,0,0,0,,0,0,0,-9.81,boundary
232,24.25,12.25,,1000,0,0,,0,0,0,,0,0,0,-9.81,boundary
233,24.25,12.75,,1000,0,0,,0,0,0,,0,0,0,-9.81,boundary
234,24.25,13.25,,1000,0,0,,0,0,0,,0,0,0,-9.81,boundary
235,24.25,13.75,,1000,0,0,,0,0,0,,0,0,0,-9.81,boundary
236,24.25,14.25,,1000,0,0,,0,0,0,,0,0,0,-9.81,boundary
237,24.25,14.75,,1000,0,0,,0,0,0,,0,0,0,-9.81,boundary
238,24.25,15.25,,1000,0,0,,0,0,0,,0,0,0,-9.81,boundary
239,24.25,15.75,,1000,0,0,,0,0,0,,0,0,0,-9.81,boundary
240,24.25,16.25,,1000,0,0,,0,0,0,,0,0,0,-9.81,boundary
241,24.25,16.75,,1000,0,0,,0,0,0,,0,0,0,-9.81,boundary
242,24.25,17.25,,1000,0,0,,0,0,0,,0,0,0,-9.81,boundary
243,24.25,17.75,,1000,0,0,,0,0,0,,0,0,0,-9.81,boundary
244,24.25,18.25,,1000,0,0,,0,0,0,,0,0,0,-9.81,boundary
245,24.25,18.75,,1000,0,0,,0,0,0,,0,0,0,-9.81,boundary
246,24.25,19.25,,1000,0,0,,0,0,0,,0,0,0,-9.81,boundary
247,24.25,19.75,,1000,0,0,,0,0,0,,0,0,0,-9.81,boundary
248,24.25,20.25,,1000,0,0,,0,0,0,,0,0,0,-9.81,boundary
249,24.25,20.75,,1000,0,0,,0,0,0,,0,0,0,-9.81,boundary
250,24.25,21.25,,1000,0,0,,0,0,0,,0,0,0,-9.81,boundary
251,24.25,21.75,,1000,0,0,,0,0,0,,0,0,0,-9.81,boundary
252,24.25,22.25,,1000,0,0,,0,0,0,,0,0,0,-9.81,boundary
253,24.25,22.75,,1000,0,0,,0,0,0,,0,0,0,-9.81,boundary
254,24.25,23.25,,1000,0,0,,0,0,0,,0,0,0,-9.81,boundary
255,24.25,23.75,,1000,0,0,,0,0,0,,0,0,0,-9.81,boundary
256,24.25,24.25,,1000,0,0,,0,0,0,,0,0,0,-9.81,boundary
257,24.25,24.75,,1000,0,0,,0,0,0,,0,0,0,-9.81,boundary
258,24.25,25.25,,1000,0,0,,0,0,0,,0,0,0,-9.81,boundary
259,24.25,25.75,,1000,0,0,,0,0,0,,0,0,0,-9.81,boundary
260,24.25,26.25,,1000,0,0,,0,0,0,,0,0,0,-9.81,boundary
261,24.25,26.75,,1000,0,0,,0,0,0,,0,0,0,-9.81,boundary
262,24.75,0.25,,1002.95,0,70087.9,,0,0,0,,0,0,2.8235,-9.81,boundary
263,24.75,0.75,,1003.68,0,87540.1,,0,0,0,,0,0,3.52401,-9.81,boundary
264,24.75,1.25,,1004.1,0,97810.2,,0,0,0,,0,0,3.93578,-9.81,boundary
265,24.75,1.75,,1004.2,0,100085,,0,0,0,,0,0,4.02692,-9.81,boundary
266,24.75,2.25,,1004.02,0,95832.9,,0,0,0,,0,0,3.85653,-9.81,boundary
267,24.75,2.75,,1003.41,0,81134,,0,0,0,,0,0,3.267,-9.81,boundary
268,24.75,3.25,,1002.35,0,55622.3,,0,0,0,,0,0,2.24211,-9.81,boundary
269,24.75,3.75,,1001.04,0,24571.7,,0,0,0,,0,0,0.991765,-9.81,boundary
270,24.75,4.25,,1000,0,0,,0,0,0,,0,0,0,-9.81,boundary
271,24.75,4.75,,1000,0,0,,0,0,0,,0,0,0,-9.81,boundary
272,24.75,5.25,,1001.67,0,39531.1,,0,0,0,,0,0,1.59455,-9.81,boundary
273,24.75,5.75,,1001.56,0,36787.2,,0,0,0,,0,0,1.48405,-9.81,boundary
274,24.75,6.25,,1000.77,0,18203.6,,0,0,0,,0,0,0.734934,-9.81,boundary
275,24.75,6.75,,1000.68,0,16037.7,,0,0,0,,0,0,0.64755,-9.81,boundary
276,24.75,7.25,,1000.68,0,16020.4,,0,0,0,,0,0,0.646849,-9.81,boundary
277,24.75,7.75,,1000,0,0,,0,0,0,,0,0,0,-9.81,boundary
278,24.75,8.25,,1000,0,0,,0,0,0,,0,0,0,-9.81,boundary
279,24.75,8.75,,1000,0,0,,0,0,0,,0,0,0,-9.81,boundary
280,24.75,9.25,,1000,0,0,,0,0,0,,0,0,0,-9.81,boundary
281,24.75,9.75,,1000,0,0,,0,0,0,,0,0,0,-9.81,boundary
282,24.75,10.25,,1000,0,0,,0,0,0,,0,0,0,-9.81,boundary
283,24.75,10.75,,1000,0,0,,0,0,0,,0,0,0,-9.81,boundary
284,24.75,11.25,,1000,0,0,,0,0,0,,0,0,0,-9.81,boundary
285,24.75,11.75,,1000,0,0,,0,0,0,,0,0,0,-9.81,boundary
286,24.75,12.25,,1000,0,0,,0,0,0,,0,0,0,-9.81,boundary
287,24.75,12.75,,1000,0,0,,0,0,0,,0,0,0,-9.81,boundary
288,24.75,13.25,,1000,0,0,,0,0,0,,0,0,0,-9.81,boundary
289,24.75,13.75,,1000,0,0,,0,0,0,,0,0,0,-9.81,boundary
290,24.75,14.25,,1000,0,0,,0,0,0,,0,0,0,-9.81,boundary
291,24.75,14.75,,1000,0,0,,0,0,0,,0,0,0,-9.81,boundary
292,24.75,15.25,,1000,0,0,,0,0,0,,0,0,0,-9.81,boundary
293,24.75,15.75,,1000,0,0,,0,0,0,,0,0,0,-9.81,boundary
294,24.75,16.25,,1000,0,0,,0,0,0,,0,0,0,-9.81,boundary
295,24.75,16.75,,1000,0,0,,0,0,0,,0,0,0,-9.81,boundary
296,24.75,17.25,,1000,0,0,,0,0,0,,0,0,0,-9.81,boundary
297,24.75,17.75,,1000,0,0,,0,0,0,,0,0,0,-9.81,boundary
298,24.75,18.25,,1000,0,0,,0,0,0,,0,0,0,-9.81,boundary
299,24.75,18.75,,1000,0,0,,0,0,0,,0,0,0,-9.81,boundary
300,24.75,19.25,,1000,0,0,,0,0,0,,0,0,0,-9.81,boundary
301,24.75,19.75,,1000,0,0,,0,0,0,,0,0,0,-9.81,boundary
302,24.75,20.25,,1000,0,0,,0,0,0,,0,0,0,-9.81,boundary
303,24.75,20.75,,1000,0,0,,0,0,0,,0,0,0,-9.81,boundary
304,24.75,21.25,,1000,0,0,,0,0,0,,0,0,0,-9.81,boundary
305,24.75,21.75,,1000,0,0,,0,0,0,,0,0,0,-9.81,boundary
306,24.75,22.25,,1000,0,0,,0,0,0,,0,0,0,-9.81,boundary
307,24.75,22.75,,1000,0,0,,0,0,0,,0,0,0,-9.81,boundary
308,24.75,23.25,,1000,0,0,,0,0,0,,0,0,0,-9.81,boundary
309,24.75,23.75,,1000,0,0,,0,0,0,,0,0,0,-9.81,boundary
310,24.75,24.25,,1000,0,0,,0,0,0,,0,0,0,-9.81,boundary
311,24.75,24.75,,1000,0,0,,0,0,0,,0,0,0,-9.81,boundary
312,24.75,25.25,,1000,0,0,,0,0,0,,0,0,0,-9.81,boundary
313,24.75,25.75,,1000,0,0,,0,0,0,,0,0,0,-9.81,boundary
314,24.75,26.25,,1000,0,0,,0,0,0,,0,0,0,-9.81,boundary
315,24.75,26.75,,1000,0,0,,0,0,0,,0,0,0,-9.81,boundary
316,25.25,0.25,,1002.93,0,69539.8,,0,0,0,,0,0,2.74601,-9.81,boundary
317,25.25,0.75,,1003.65,0,86982.6,,0,0,0,,0,0,3.43231,-9.81,boundary
318,25.25,1.25,,1004.09,0,97402,,0,0,0,,0,0,3.84181,-9.81,boundary
319,25.25,1.75,,1004.08,0,97144.6,,0,0,0,,0,0,3.83169,-9.81,boundary
320,25.25,2.25,,1003.63,0,86288.8,,0,0,0,,0,0,3.40503,-9.81,boundary
321,25.25,2.75,,1002.75,0,65265.5,,0,0,0,,0,0,2.57768,-9.81,boundary
322,25.25,3.25,,1001.6,0,37866.2,,0,0,0,,0,0,1.49726,-9.81,boundary
323,25.25,3.75,,1000.4,0,9466.42,,0,0,0,,0,0,0.374757,-9.81,boundary
324,25.25,4.25,,1000,0,0,,0,0,0,,0,0,0,-9.81,boundary
325,25.25,4.75,,1000,0,0,,0,0,0,,0,0,0,-9.81,boundary
326,25.25,5.25,,1002.15,0,51058.5,,0,0,0,,0,0,2.01777,-9.81,boundary
327,25.25,5.75,,1001.98,0,46886.6,,0,0,0,,0,0,1.85323,-9.81,boundary
328,25.25,6.25,,1000.93,0,21864.6,,0,0,0,,0,0,0.865123,-9.81,boundary
329,25.25,6.75,,1000.72,0,16914.7,,0,0,0,,0,0,0.669408,-9.81,boundary
330,25.25,7.25,,1000.65,0,15390.6,,0,0,0,,0,0,0.609131,-9.81,boundary
331,25.25,7.75,,1000.66,0,15534,,0,0,0,,0,0,0.614803,-9.81,boundary
332,25.25,8.25,,1000,0,0,,0,0,0,,0,0,0,-9.81,boundary
333,25.25,8.75,,1000,0,0,,0,0,0,,0,0,0,-9.81,boundary
334,25.25,9.25,,1000,0,0,,0,0,0,,0,0,0,-9.81,boundary
335,25.25,9.75,,1000,0,0,,0,0,0,,0,0,0,-9.81,boundary
336,25.25,10.25,,1000,0,0,,0,0,0,,0,0,0,-9.81,boundary
337,25.25,10.75,,1000,0,0,,0,0,0,,0,0,0,-9.81,boundary
338,25.25,11.25,,1000,0,0,,0,0,0,,0,0,0,-9.81,boundary
339,25.25,11.75,,1000,0,0,,0,0,0,,0,0,0,-9.81,boundary
340,25.25,12.25,,1000,0,0,,0,0,0,,0,0,0,-9.81,boundary
341,25.25,12.75,,1000,0,0,,0,0,0,,0,0,0,-9.81,boundary
342,25.25,13.25,,1000,0,0,,0,0,0,,0,0,0,-9.81,boundary
343,25.25,13.75,,1000,0,0,,0,0,0,,0,0,0,-9.81,boundary
344,25.25,14.25,,1000,0,0,,0,0,0,,0,0,0,-9.81,boundary
345,25.25,14.75,,1000,0,0,,0,0,0,,0,0,0,-9.81,boundary
346,25.25,15.25,,1000,0,0,,0,0,0,,0,0,0,-9.81,boundary
347,25.25,15.75,,1000,0,0,,0,0,0,,0,0,0,-9.81,boundary
348,25.25,16.25,,1000,0,0,,0,0,0,,0,0,0,-9.81,boundary
349,25.25,16.75,,1000,0,0,,0,0,0,,0,0,0,-9.81,boundary
350,25.25,17.25,,1000,0,0,,0,0,0,,0,0,0,-9.81,boundary
351,25.25,17.75,,1000,0,0,,0,0,0,,0,0,0,-9.81,boundary
352,25.25,18.25,,1000,0,0,,0,0,0,,0,0,0,-9.81,boundary
353,25.25,18.75,,1000,0,0,,0,0,0,,0,0,0,-9.81,boundary
354,25.25,19.25,,1000,0,0,,0,0,0,,0,0,0,-9.81,boundary
355,25.25,19.75,,1000,0,0,,0,0,0,,0,0,0,-9.81,boundary
356,25.25,20.25,,1000,0,0,,0,0,0,,0,0,0,-9.81,boundary
357,25.25,20.75,,1000,0,0,,0,0,0,,0,0,0,-9.81,boundary
358,25.25,21.25,,1000,0,0,,0,0,0,,0,0,0,-9.81,boundary
359,25.25,21.75,,1000,0,0,,0,0,0,,0,0,0,-9.81,boundary
360,25.25,22.25,,1000,0,0,,0,0,0,,0,0,0,-9.81,boundary
361,25.25,22.75,,1000,0,0,,0,0,0,,0,0,0,-9.81,boundary
362,25.25,23.25,,1000,0,0,,0,0,0,,0,0,0,-9.81,boundary
363,25.25,23.75,,1000,0,0,,0,0,0,,0,0,0,-9.81,boundary
364,25.25,24.25,,1000,0,0,,0,0,0,,0,0,0,-9.81,boundary
365,25.25,24.75,,1000,0,0,,0,0,0,,0,0,0,-9.81,boundary
366,25.25,25.25,,1000,0,0,,0,0,0,,0,0,0,-9.81,boundary
367,25.25,25.75,,1000,0,0,,0,0,0,,0,0,0,-9.81,boundary
368,25.25,26.25,,1000,0,0,,0,0,0,,0,0,0,-9.81,boundary
369,25.25,26.75,,1000,0,0,,0,0,0,,0,0,0,-9.81,boundary
370,25.75,0.25,,1002.99,0,70985.6,,0,0,0,,0,0,2.74851,-9.81,boundary
371,25.75,0.75,,1003.78,0,90095.1,,0,0,0,,0,0,3.48565,-9.81,boundary
372,25.75,1.25,,1004.25,0,101401,,0,0,0,,0,0,3.92125,-9.81,boundary
373,25.75,1.75,,1004.1,0,97748.4,,0,0,0,,0,0,3.78055,-9.81,boundary
374,25.75,2.25,,1003.39,0,80631.5,,0,0,0,,0,0,3.12074,-9.81,boundary
375,25.75,2.75,,1002.29,0,54267.7,,0,0,0,,0,0,2.10267,-9.81,boundary
376,25.75,3.25,,1001.09,0,25660.8,,0,0,0,,0,0,0.995455,-9.81,boundary
377,25.75,3.75,,1000.09,0,2235.49,,0,0,0,,0,0,0.0868068,-9.81,boundary
378,25.75,4.25,,1000,0,0,,0,0,0,,0,0,0,-9.81,boundary
379,25.75,4.75,,1000,0,0,,0,0,0,,0,0,0,-9.81,boundary
380,25.75,5.25,,1000,0,0,,0,0,0,,0,0,0,-9.81,boundary
381,25.75,5.75,,1001.67,0,39444.1,,0,0,0,,0,0,1.52926,-9.81,boundary
382,25.75,6.25,,1000.95,0,22469.2,,0,0,0,,0,0,0.87176,-9.81,boundary
383,25.75,6.75,,1000.72,0,16908.4,,0,0,0,,0,0,0.656169,-9.81,boundary
384,25.75,7.25,,1000.63,0,14836.2,,0,0,0,,0,0,0.575802,-9.81,boundary
385,25.75,7.75,,1000.44,0,10297.1,,0,0,0,,0,0,0.399711,-9.81,boundary
386,25.75,8.25,,1000.13,0,3151.24,,0,0,0,,0,0,0.122362,-9.81,boundary
387,25.75,8.75,,1000.08,0,1971.49,,0,0,0,,0,0,0.0765564,-9.81,boundary
388,25.75,9.25,,1000.07,0,1582.76,,0,0,0,,0,0,0.0614622,-9.81,boundary
389,25.75,9.75,,1000.07,0,1582.76,,0,0,0,,0,0,0.0614622,-9.81,boundary
390,25.75,10.25,,1000,0,0,,0,0,0,,0,0,0,-9.81,boundary
391,25.75,10.75,,1000,0,0,,0,0,0,,0,0,0,-9.81,boundary
392,25.75,11.25,,1000,0,0,,0,0,0,,0,0,0,-9.81,boundary
393,25.75,11.75,,1000,0,0,,0,0,0,,0,0,0,-9.81,boundary
394,25.75,12.25,,1000,0,0,,0,0,0,,0,0,0,-9.81,boundary
395,25.75,12.75,,1000,0,0,,0,0,0,,0,0,0,-9.81,boundary
396,25.75,13.25,,1000,0,0,,0,0,0,,0,0,0,-9.81,boundary
397,25.75,13.75,,1000,0,0,,0,0,0,,0,0,0,-9.81,boundary
398,25.75,14.25,,1000,0,0,,0,0,0,,0,0,0,-9.81,boundary
399,25.75,14.75,,1000,0,0,,0,0,0,,0,0,0,-9.81,boundary
400,25.75,15.25,,1000,0,0,,0,0,0,,0,0,0,-9.81,boundary
401,25.75,15.75,,1000,0,0,,0,0,0,,0,0,0,-9.81,boundary
402,25.75,16.25,,1000,0,0,,0,0,0,,0,0,0,-9.81,boundary
403,25.75,16.75,,1000,0,0,,0,0,0,,0,0,0,-9.81,boundary
404,25.75,17.25,,1000,0,0,,0,0,0,,0,0,0,-9.81,boundary
405,25.75,17.75,,1000,0,0,,0,0,0,,0,0,0,-9.81,boundary
406,25.75,18.25,,1000,0,0,,0,0,0,,0,0,0,-9.81,boundary
407,25.75,18.75,,1000,0,0,,0,0,0,,0,0,0,-9.81,boundary
408,25.75,19.25,,1000,0,0,,0,0,0,,0,0,0,-9.81,boundary
409,25.75,19.75,,1000,0,0,,0,0,0,,0,0,0,-9.81,boundary
410,25.75,20.25,,1000,0,0,,0,0,0,,0,0,0,-9.81,boundary
411,25.75,20.75,,1000,0,0,,0,0,0,,0,0,0,-9.81,boundary
412,25.75,21.25,,1000,0,0,,0,0,0,,0,0,0,-9.81,boundary
413,25.75,21.75,,1000,0,0,,0,0,0,,0,0,0,-9.81,boundary
414,25.75,22.25,,1000,0,0,,0,0,0,,0,0,0,-9.81,boundary
415,25.75,22.75,,1000,0,0,,0,0,0,,0,0,0,-9.81,boundary
416,25.75,23.25,,1000,0,0,,0,0,0,,0,0,0,-9.81,boundary
417,25.75,23.75,,1000,0,0,,0,0,0,,0,0,0,-9.81,boundary
418,25.75,24.25,,1000,0,0,,0,0,0,,0,0,0,-9.81,boundary
419,25.75,24.75,,1000,0,0,,0,0,0,,0,0,0,-9.81,boundary
420,25.75,25.25,,1000,0,0,,0,0,0,,0,0,0,-9.81,boundary
421,25.75,25.75,,1000,0,0,,0,0,0,,0,0,0,-9.81,boundary
422,25.75,26.25,,1000,0,0,,0,0,0,,0,0,0,-9.81,boundary
423,25.75,26.75,,1000,0,0,,0,0,0,,0,0,0,-9.81,boundary
424,0.339192,0.240473,,1000.71,-275.782,16815.5,,-0.103922,-0.0106866,0.10447,,-38.1279,7.98306,11.4121,-1.82694,fluid
425,0.415313,0.43891,,1000.62,-534.886,14648.8,,-0.239441,-0.02665,0.24092,,-33.0796,7.66802,2.17023,-2.14198,fluid
426,0.615335,0.598529,,1000.55,-738.243,12901.8,,-0.481279,-0.0479598,0.483662,,-24.7326,7.56256,-3.77694,-2.24744,fluid
427,0.851625,0.664006,,1000.52,-719.126,12159.2,,-0.645965,-0.0690918,0.649649,,-19.7779,8.99748,-5.50761,-0.812524,fluid
428,1.15087,0.706829,,1000.5,-530.64,11715,,-0.66601,-0.0799072,0.670786,,-15.525,9.17319,-5.35078,-0.636813,fluid
429,1.43837,0.710347,,1000.5,-355.551,11706.5,,-0.572025,-0.0784475,0.577379,,-12.1027,8.36863,-3.968,-1.44137,fluid
430,1.65873,0.706885,,1000.5,-287.385,11904,,-0.520446,-0.0742475,0.525716,,-9.15728,7.13758,-1.98429,-2.67242,fluid
431,1.80348,0.721425,,1000.51,-267.885,12094.4,,-0.506132,-0.0719524,0.51122,,-7.06454,6.30906,-0.361831,-3.50094,fluid
432,1.88823,0.740534,,1000.52,-260.357,12235.2,,-0.502781,-0.0720385,0.507915,,-5.96783,6.15116,0.508534,-3.65884,fluid
433,1.93871,0.752706,,1000.52,-256.471,12344.7,,-0.501847,-0.0726708,0.507081,,-5.3942,6.17676,0.969953,-3.63324,fluid
434,1.95547,0.753426,,1000.53,-255.958,12395.4,,-0.502947,-0.0729974,0.508216,,-5.20746,6.14473,1.12804,-3.66527,fluid
435,1.96453,0.751882,,1000.53,-256.117,12429.2,,-0.504341,-0.0731914,0.509625,,-5.10264,6.09545,1.22081,-3.71455,fluid
436,1.96654,0.754722,,1000.53,-255.476,12427.6,,-0.503475,-0.073241,0.508774,,-5.09547,6.14079,1.22075,-3.66921,fluid
437,1.96192,0.769488,,1000.52,-252.175,12371.5,,-0.497058,-0.0730177,0.502392,,-5.21634,6.41364,1.08617,-3.39636,fluid
438,1.95115,0.788687,,1000.52,-247.444,12285.8,,-0.487187,-0.0721943,0.492507,,-5.42171,6.77473,0.871725,-3.03527,fluid
439,1.93268,0.807891,,1000.52,-242.418,12178.5,,-0.47564,-0.0705775,0.480848,,-5.69734,7.13245,0.600786,-2.67755,fluid
440,1.90733,0.826148,,1000.51,-237.612,12055.9,,-0.463483,-0.0681792,0.468471,,-6.02805,7.45528,0.289512,-2.35472,fluid
441,1.87576,0.843338,,1000.51,-233.365,11921.9,,-0.451382,-0.0650728,0.456048,,-6.40809,7.72897,-0.0555197,-2.08103,fluid
442,1.83864,0.859465,,1000.5,-229.956,11781.1,,-0.439768,-0.06137,0.444029,,-6.82847,7.94792,-0.424203,-1.86208,fluid
443,1.79843,0.874622,,1000.49,-227.438,11641.8,,-0.428914,-0.0572831,0.432723,,-7.26271,8.11715,-0.792589,-1.69285,fluid
444,1.75519,0.888196,,1000.49,-226.261,11507.2,,-0.419479,-0.053118,0.422829,,-7.71266,8.23467,-1.15975,-1.57533,fluid
445,1.70904,0.89997,,1000.48,-226.798,11379.5,,-0.411982,-0.0491889,0.414908,,-8.18242,8.30794,-1.52721,-1.50206,fluid
446,1.6632,0.910837,,1000.48,-228.614,11264,,-0.406029,-0.0455191,0.408573,,-8.6384,8.3628,-1.86918,-1.4472,fluid
447,1.61889,0.920939,,1000.47,-231.642,11161.4,,-0.401547,-0.0421576,0.403754,,-9.06097,8.41282,-2.16977,-1.39718,fluid
448,1.57555,0.929927,,1000.47,-236.29,11070.5,,-0.39908,-0.0392539,0.401005,,-9.46126,8.45561,-2.4381,-1.35439,fluid
449,1.53359,0.937994,,1000.47,-242.594,10990.4,,-0.399035,-0.0368724,0.400735,,-9.8575,8.49126,-2.69437,-1.31874,fluid
450,1.49348,0.94549,,1000.46,-250.462,10919.7,,-0.400978,-0.0346901,0.402476,,-10.228,8.52092,-2.91976,-1.28908,fluid
451,1.45505,0.952613,,1000.46,-259.92,10856.3,,-0.404876,-0.0324205,0.406172,,-10.5693,8.52892,-3.1116,-1.28108,fluid
452,1.41765,0.959416,,1000.46,-271.277,10798.6,,-0.411243,-0.0296156,0.412308,,-10.8858,8.47535,-3.272,-1.33465,fluid
453,1.38028,0.965716,,1000.46,-285.147,10745.4,,-0.420445,-0.0262722,0.421265,,-11.1892,8.34883,-3.40786,-1.46117,fluid
454,1.34138,0.971018,,1000.45,-302.616,10696.4,,-0.432606,-0.0234296,0.43324,,-11.5071,8.2066,-3.53653,-1.6034,fluid
455,1.29934,0.974726,,1000.45,-324.912,10652.2,,-0.447971,-0.0236869,0.448597,,-11.8956,8.2113,-3.70108,-1.5987,fluid
456,1.25263,0.976848,,1000.45,-353.746,10612.4,,-0.467167,-0.0273641,0.467968,,-12.3684,8.38305,-3.90009,-1.42695,fluid
457,1.20073,0.977768,,1000.45,-390.833,10576.5,,-0.49164,-0.0322193,0.492695,,-12.9131,8.55004,-4.10867,-1.25996,fluid
458,1.14448,0.978104,,1000.45,-436.404,10543.8,,-0.520923,-0.0366066,0.522208,,-13.5259,8.60778,-4.31724,-1.20222,fluid
459,1.08649,0.978995,,1000.45,-487.506,10512.4,,-0.55064,-0.0402779,0.552111,,-14.1855,8.59131,-4.51431,-1.21869,fluid
460,1.02938,0.980922,,1000.44,-540.616,10481.1,,-0.577178,-0.043414,0.578809,,-14.8855,8.54518,-4.70806,-1.26482,fluid
461,0.97459,0.984602,,1000.44,-592.274,10447,,-0.597825,-0.0460061,0.599593,,-15.613,8.49929,-4.89835,-1.31071,fluid
462,0.921195,0.992265,,1000.44,-639.241,10400,,-0.609447,-0.0476125,0.611304,,-16.3469,8.47602,-5.06215,-1.33398,fluid
463,0.866932,1.01063,,1000.44,-672.74,10312.1,,-0.60357,-0.0461181,0.605329,,-17.0014,8.48897,-5.1116,-1.32103,fluid
464,0.807398,1.06465,,1000.43,-684.908,10088,,-0.57432,0.181762,0.602396,,-16.9229,6.78869,-4.43375,-3.02131,fluid
465,0.736942,1.15613,,1000.41,-737.676,9735.8,,-0.569166,0.750686,0.942061,,-16.4507,9.48806,-3.24506,-0.321937,fluid
466,0.648851,1.28796,,1000.39,-840.398,9277.2,,-0.567181,1.52764,1.62953,,-15.096,12.6921,-0.803756,2.88209,fluid
467,0.561715,1.38735,,1000.38,-903.354,8951.13,,-0.517139,2.07941,2.14275,,-14.8856,14.4984,1.04366,4.68838,fluid
468,0.476466,1.45283,,1000.37,-919.936,8735.66,,-0.445753,2.4419,2.48225,,-16.4585,15.4828,1.869,5.67282,fluid
469,0.394097,1.49005,,1000.36,-877.782,8600.65,,-0.353611,2.6448,2.66833,,-19.9684,15.8453,1.84736,6.03526,fluid
470,0.359669,1.46296,,1000.37,-712.25,8634.03,,-0.263452,2.46937,2.48339,,-23.5023,14.8366,0.494337,5.02663,fluid
471,0.474611,1.43586,,1000.37,-863.345,8770.89,,-0.417697,2.3399,2.37689,,-17.1052,14.9627,1.36811,5.15273,fluid
472,1.74056,0.560827,,1000.54,-265.311,12723.8,,-0.486676,-0.065045,0.491004,,-7.52765,5.77509,-0.221456,-4.03491,fluid
473,2.14983,0.813934,,1000.55,-236.174,13008.7,,-0.49901,-0.0825761,0.505796,,-4.94794,7.13491,1.09975,-2.67509,fluid
474,2.48146,0.952117,,1000.61,-124.857,14432.4,,-0.354765,-0.0813867,0.363981,,-8.49361,7.94862,-2.68108,-1.86138,fluid
475,2.69577,0.938223,,1000.65,-142.044,15322.5,,-0.471279,-0.100144,0.481802,,-9.55039,7.67876,-3.87018,-2.13124,fluid
476,2.94417,0.888566,,1000.69,-252.866,16214,,-0.832248,-0.118055,0.84058,,-9.56922,6.65914,-4.06585,-3.15086,fluid
477,3.87221,0.953327,,1000.77,12.0228,18159.4,,-0.296383,-0.0181523,0.296938,,-9.19334,-0.676989,-4.50726,-10.487,fluid
478,4.78148,0.781255,,1000.97,-312.641,22919.3,,-1.53223,-0.135504,1.53821,,-10.4296,2.86437,-5.64089,-6.94563,fluid
479,5.07211,0.805413,,1000.94,-375.658,22206.9,,-1.72445,-0.15331,1.73125,,-10.8744,5.66171,-6.50025,-4.14829,fluid
480,5.07062,0.822116,,1000.94,-363.73,22124.4,,-1.69745,-0.157253,1.70471,,-11.0015,6.52451,-6.64236,-3.28549,fluid
481,4.96191,0.840991,,1000.93,-314.1,21976.7,,-1.61813,-0.153156,1.62536,,-10.8926,6.71201,-6.46769,-3.09799,fluid
482,4.79957,0.855251,,1000.93,-236.976,21906.6,,-1.40081,-0.141366,1.40793,,-10.7392,5.70303,-6.17918,-4.10697,fluid
483,4.68094,0.866179,,1000.93,-177.049,21843.9,,-1.21983,-0.133989,1.22717,,-10.9099,5.16153,-6.24765,-4.64847,fluid
484,4.60056,0.874421,,1000.92,-136.794,21745.5,,-1.10571,-0.129062,1.11322,,-11.069,4.91751,-6.34664,-4.89249,fluid
485,4.50024,0.870182,,1000.92,-117.393,21791.1,,-0.998697,-0.127272,1.00677,,-11.0991,4.50553,-6.26132,-5.30447,fluid
486,4.43629,0.874123,,1000.92,-99.2614,21650.9,,-0.931278,-0.123331,0.939409,,-11.1141,4.24704,-6.23817,-5.56296,fluid
487,4.37622,0.880926,,1000.91,-80.4272,21409.9,,-0.875717,-0.117565,0.883574,,-11.0868,3.94498,-6.19892,-5.86502,fluid
488,4.30719,0.886303,,1000.89,-66.0815,21113.1,,-0.811013,-0.109426,0.818362,,-10.9433,3.36869,-6.0458,-6.44131,fluid
489,4.2262,0.888041,,1000.88,-61.8554,20779.2,,-0.727316,-0.0993295,0.734067,,-10.5867,2.43904,-5.6743,-7.37096,fluid
490,4.10088,0.879526,,1000.86,-86.9406,20368.6,,-0.654317,-0.0886534,0.660296,,-9.75893,0.945043,-4.79632,-8.86496,fluid
491,4.04855,0.885694,,1000.85,-82.7833,20006.9,,-0.604055,-0.080619,0.609411,,-9.525,0.456855,-4.58745,-9.35314,fluid
492,4.00254,0.892985,,1000.83,-77.0111,19659.1,,-0.559287,-0.0733534,0.564076,,-9.35951,0.147626,-4.45196,-9.66237,fluid
493,3.91898,0.892749,,1000.82,-93.9527,19255.5,,-0.549697,-0.0691031,0.554023,,-8.96641,-0.198567,-4.05701,-10.0086,fluid
494,3.85186,0.89576,,1000.8,-103.997,18890.1,,-0.547187,-0.06606,0.55116,,-8.75232,-0.221393,-3.8521,-10.0314,fluid
495,3.80343,0.902853,,1000.79,-103.224,18568.5,,-0.531014,-0.0623744,0.534665,,-8.657,-0.069696,-3.7788,-9.8797,fluid
496,3.73468,0.906463,,1000.77,-114.458,18226.1,,-0.537177,-0.0610695,0.540637,,-8.46622,0.156696,-3.58974,-9.6533,fluid
497,3.65767,0.908374,,1000.76,-131.006,17902,,-0.553961,-0.0617429,0.557391,,-8.26145,0.48042,-3.37079,-9.32958,fluid
498,3.58265,0.910947,,1000.75,-145.208,17613.8,,-0.566877,-0.0632267,0.570392,,-8.10227,0.916848,-3.18951,-8.89315,fluid
499,3.50829,0.911743,,1000.74,-161.039,17380.9,,-0.585275,-0.0662838,0.589016,,-7.98665,1.38424,-3.03607,-8.42576,fluid
500,3.43211,0.910762,,1000.73,-178.808,17188.2,,-0.611395,-0.0708344,0.615485,,-7.9363,1.87462,-2.9319,-7.93538,fluid
501,3.35514,0.911483,,1000.72,-192.474,17004.3,,-0.632815,-0.0757102,0.637328,,-8.00636,2.47329,-2.94187,-7.33671,fluid
502,3.28079,0.917018,,1000.71,-196.883,16813.8,,-0.640133,-0.0803406,0.645155,,-8.22932,3.29055,-3.10804,-6.51945,fluid
503,3.21438,0.929126,,1000.7,-188.415,16618.1,,-0.628299,-0.082884,0.633742,,-8.58309,4.25575,-3.41679,-5.55425,fluid
504,3.17351,0.949962,,1000.7,-160.318,16439.4,,-0.577603,-0.0768773,0.582696,,-8.87435,4.98278,-3.69777,-4.82722,fluid
505,3.17316,0.979921,,1000.69,-110.865,16296.1,,-0.476555,-0.0522083,0.479406,,-8.95082,4.97818,-3.81876,-4.83182,fluid
506,3.17599,1.02663,,1000.68,-71.186,16089,,-0.423136,0.19659,0.466574,,-8.78624,5.01015,-3.72386,-4.79985,fluid
507,3.10234,1.08424,,1000.67,-184.043,15789.9,,-0.639297,0.661275,0.919775,,-8.92978,10.2268,-3.8435,0.416811,fluid
508,2.95251,1.13485,,1000.66,-355.598,15483.5,,-0.990718,0.922495,1.35371,,-9.00855,14.4712,-3.76782,4.66116,fluid
509,2.83441,1.15086,,1000.65,-417.373,15275.1,,-1.10576,0.993381,1.48644,,-8.9898,15.6739,-3.60411,5.86386,fluid
510,2.76076,1.13553,,1000.64,-370.896,15157.2,,-0.974938,0.949354,1.3608,,-9.22142,14.3552,-3.73472,4.54515,fluid
511,2.69526,1.11168,,1000.64,-290.15,15031.6,,-0.783895,0.83809,1.14756,,-9.43938,12.3945,-3.8659,2.58448,fluid
512,2.62518,1.08793,,1000.63,-215.001,14850.6,,-0.61526,0.686481,0.921847,,-9.48277,10.5468,-3.82935,0.736816,fluid
513,2.54765,1.06593,,1000.62,-160.461,14593.6,,-0.486968,0.515519,0.709153,,-9.27495,9.02234,-3.55024,-0.787661,fluid
514,2.45462,1.05008,,1000.6,-143.101,14212.5,,-0.426401,0.385169,0.574607,,-8.82547,8.25983,-3.03885,-1.55017,fluid
515,2.34131,1.04116,,1000.58,-155.858,13676.4,,-0.419946,0.314785,0.524827,,-8.01301,8.28921,-2.17507,-1.52079,fluid
516,2.16803,1.06483,,1000.54,-270.414,12791.4,,-0.603249,0.498923,0.782836,,-6.96914,11.1217,-1.07233,1.31166,fluid
517,1.84115,1.15512,,1000.48,-647.834,11314.1,,-1.198,0.935637,1.52007,,-6.22638,17.3432,-0.0842227,7.53321,fluid
518,1.60237,1.21419,,1000.45,-919.77,10567.8,,-1.49414,1.1791,1.90335,,-6.85348,19.4187,-0.261325,9.60871,fluid
519,2.23126,1.08048,,1000.56,-292.707,13094.5,,-0.661123,0.590996,0.88677,,-7.28638,11.8168,-1.42096,2.00681,fluid
520,2.95938,0.91986,,1000.68,-209.911,16137.4,,-0.730447,-0.107721,0.738347,,-9.63759,6.69197,-4.18833,-3.11803,fluid
521,3.5962,1.13248,,1000.66,-225.926,15596.6,,-0.66881,1.22339,1.39427,,-8.50678,13.8461,-4.17266,4.03607,fluid
522,4.65678,0.867914,,1000.92,-164.755,21830.9,,-1.16317,-0.130796,1.17051,,-11.0213,4.84129,-6.33769,-4.96871,fluid
523,5.09829,0.737534,,1000.95,-408.933,22524.6,,-1.77978,-0.133512,1.78478,,-10.4482,1.785,-6.03432,-8.025,fluid
524,5.45008,0.738429,,1000.97,-421.56,22800.9,,-1.88709,-0.170952,1.89482,,-14.5433,6.30752,-10.3638,-3.50248,fluid
525,7.18106,0.684046,,1002.67,-281.651,63398,,-2.19441,-0.122992,2.19786,,-28.984,-32.5953,-20.179,-42.4053,fluid
526,7.37155,0.724588,,1002.85,-261.833,67793,,-2.13829,-0.0890651,2.14014,,-25.643,-39.1321,-16.4726,-48.9421,fluid
527,7.40205,0.753034,,1002.84,-264.269,67348.2,,-2.07767,-0.0782398,2.07915,,-24.9445,-38.9475,-15.8716,-48.7575,fluid
528,6.958,0.743678,,1002.31,-286.361,54773.6,,-2.12489,-0.171379,2.13179,,-33.8252,-17.1543,-25.9713,-26.9643,fluid
529,6.15537,0.769029,,1001.4,-314.751,33210.6,,-2.10273,-0.25109,2.11767,,-29.652,10.1529,-24.2642,0.342929,fluid
530,7.10183,0.779703,,1002.44,-291.439,57911.2,,-2.03112,-0.141606,2.03605,,-31.3606,-22.517,-23.2261,-32.327,fluid
531,7.30195,0.837713,,1002.59,-298.628,61452,,-1.91448,-0.101588,1.91718,,-27.9644,-26.9732,-19.5703,-36.7832,fluid
532,7.31434,0.871848,,1002.56,-301.938,60837.3,,-1.83145,-0.107245,1.83459,,-28.0939,-23.2311,-19.7977,-33.0411,fluid
533,7.03784,0.857682,,1002.31,-258.413,54834.6,,-1.87612,-0.169852,1.88379,,-34.0856,-11.1493,-26.3122,-20.9593,fluid
534,6.90932,0.868936,,1002.18,-217.424,51738.2,,-1.79816,-0.19179,1.80836,,-36.5715,-4.65903,-29.0996,-14.469,fluid
535,6.84726,0.884343,,1002.12,-186.921,50200.4,,-1.71835,-0.197784,1.7297,,-37.7986,-1.27457,-30.4826,-11.0846,fluid
536,6.79016,0.895593,,1002.06,-161.938,48837.8,,-1.65811,-0.20031,1.67017,,-38.6348,1.22031,-31.4572,-8.58969,fluid
537,6.73579,0.902093,,1002.01,-146.018,47569,,-1.62736,-0.202324,1.63989,,-39.0623,3.0858,-32.0143,-6.7242,fluid
538,6.65987,0.904392,,1001.93,-139.334,45810,,-1.61833,-0.207413,1.63157,,-39.03,5.10005,-32.1647,-4.70995,fluid
539,6.5812,0.90798,,1001.86,-139.176,43977.2,,-1.6083,-0.212198,1.62224,,-38.4693,6.98795,-31.7994,-2.82205,fluid
540,6.50004,0.920878,,1001.78,-135.254,42105.2,,-1.5641,-0.210825,1.57824,,-37.5596,8.98339,-31.0935,-0.826613,fluid
541,6.41577,0.934167,,1001.7,-139.694,40206.9,,-1.5312,-0.209246,1.54543,,-36.2702,10.8478,-30.014,1.03784,fluid
542,6.33477,0.946692,,1001.62,-151.152,38435.9,,-1.51273,-0.208596,1.52704,,-34.8163,12.5186,-28.7586,2.70857,fluid
543,6.2444,0.954531,,1001.54,-175.437,36502.3,,-1.50774,-0.214361,1.5229,,-32.9587,14.1456,-27.1221,4.33557,fluid
544,6.14891,0.957786,,1001.46,-207.658,34514.8,,-1.50871,-0.225826,1.52552,,-30.7514,15.5715,-25.1464,5.76154,fluid
545,6.05008,0.958599,,1001.38,-242.097,32549.7,,-1.50317,-0.237961,1.52189,,-28.2543,16.7299,-22.8817,6.91988,fluid
546,5.93906,0.959966,,1001.29,-276.482,30517,,-1.48387,-0.247279,1.50433,,-25.3829,17.7432,-20.2512,7.93324,fluid
547,5.82789,0.962704,,1001.21,-301.831,28709.1,,-1.44934,-0.250032,1.47075,,-22.7314,18.4196,-17.8112,8.60958,fluid
548,5.72043,0.965299,,1001.15,-315.856,27178.5,,-1.42906,-0.246539,1.45017,,-20.4735,18.5836,-15.7279,8.77362,fluid
549,5.61508,0.968325,,1001.1,-317.251,25885.1,,-1.42216,-0.236768,1.44174,,-18.5523,18.1116,-13.9474,8.3016,fluid
550,5.51638,0.973673,,1001.05,-305.52,24856,,-1.41155,-0.219895,1.42858,,-16.9556,17.0777,-12.4545,7.26774,fluid
551,5.42461,0.983345,,1001.02,-280.378,24036.3,,-1.3932,-0.193241,1.40654,,-15.6284,15.4976,-11.2019,5.68761,fluid
552,5.33847,1.00182,,1000.99,-237.536,23356.4,,-1.38156,-0.120927,1.38685,,-14.4654,11.2304,-10.0946,1.42038,fluid
553,5.24381,1.04129,,1000.96,-214.664,22623,,-1.45381,0.389349,1.50504,,-13.3081,6.62467,-8.99804,-3.18533,fluid
554,5.13388,1.09306,,1000.92,-301.377,21612.7,,-1.65612,1.064,1.96846,,-12.4622,12.2358,-8.25622,2.42577,fluid
555,5.00896,1.1559,,1000.86,-461.289,20227.7,,-1.99047,1.56835,2.53411,,-11.431,18.0205,-7.39614,8.21047,fluid
556,4.87213,1.20432,,1000.79,-547.123,18653.2,,-2.17165,1.79974,2.82049,,-10.2809,21.7957,-6.45538,11.9857,fluid
557,4.712,1.23769,,1000.72,-591.096,17076.6,,-2.16299,1.95973,2.91874,,-9.42029,24.0859,-5.79884,14.2759,fluid
558,4.57082,1.25565,,1000.68,-605.18,16023.5,,-2.08309,2.03382,2.9113,,-9.09582,24.6511,-5.59259,14.8411,fluid
559,4.46044,1.26169,,1000.65,-595.395,15431.9,,-1.96295,2.04973,2.83806,,-8.99934,24.3449,-5.54188,14.5349,fluid
560,4.30899,1.27393,,1000.62,-585.236,14691.9,,-1.86471,2.01751,2.74727,,-8.50402,24.2657,-5.09656,14.4557,fluid
561,4.16775,1.27602,,1000.6,-563.135,14270,,-1.74259,1.94849,2.61405,,-8.14902,23.8295,-4.72718,14.0195,fluid
562,4.02778,1.2624,,1000.6,-520.23,14234.9,,-1.55757,1.84443,2.41412,,-8.19664,22.7514,-4.66459,12.9414,fluid
563,3.88741,1.23481,,1000.62,-458.155,14524.7,,-1.32245,1.70754,2.15976,,-8.30625,21.031,-4.5722,11.221,fluid
564,3.68346,1.18917,,1000.64,-359.092,15066.3,,-1.00844,1.44031,1.75825,,-8.23973,18.2156,-4.15206,8.40558,fluid
565,3.40373,1.11463,,1000.67,-196.73,15732.1,,-0.60825,0.93117,1.11223,,-8.21507,12.7812,-3.59614,2.97117,fluid
566,3.08807,1.12957,,1000.66,-305.115,15618,,-0.872566,0.869155,1.23159,,-8.65758,14.2536,-3.60341,4.44357,fluid
567,4.06018,1.24752,,1000.61,-502.915,14477.6,,-1.47244,1.8874,2.39381,,-8.46964,21.7883,-4.90608,11.9783,fluid
568,4.40649,0.942865,,1000.86,48.3075,20386.6,,-0.649618,-0.0491319,0.651474,,-11.5943,0.925544,-6.97176,-8.88446,fluid
569,5.01801,0.729041,,1000.97,-398.662,22788.1,,-1.75407,-0.126502,1.75863,,-10.3509,0.761873,-5.81399,-9.04813,fluid
570,5.8384,0.662336,,1001.09,-346.912,25661.1,,-1.96855,-0.195236,1.97821,,-20.7584,9.48917,-16.3679,-0.320829,fluid
571,7.01247,0.6574,,1002.47,-287.34,58678.7,,-2.25156,-0.153814,2.25681,,-32.171,-24.0087,-23.8238,-33.8187,fluid
572,7.62886,0.694481,,1003.29,-175.324,78206.4,,-2.20403,-0.0795132,2.20546,,-21.4128,-44.1321,-11.195,-53.9421,fluid
573,9.10095,0.735939,,1003.63,-406.344,86359.4,,-3.27186,-0.012469,3.27189,,-15.5069,-36.7455,-6.0521,-46.5555,fluid
574,8.83098,0.710959,,1003.8,-422.129,90499.9,,-3.68299,-0.0717562,3.68368,,-14.7725,-39.0324,-4.56326,-48.8424,fluid
575,8.55512,0.704787,,1003.92,-320.238,93424.4,,-4.02475,-0.15295,4.02766,,-13.7492,-29.7479,-2.87156,-39.5579,fluid
576,8.04176,0.680382,,1003.84,-113.799,91530.7,,-3.19918,-0.167424,3.20356,,-20.0803,-29.1911,-8.74198,-39.0011,fluid
577,9.27574,0.97023,,1003.12,-392.525,74102.9,,-2.29438,1.01254,2.50787,,-4.01072,0.403059,3.95335,-9.40694,fluid
578,9.37715,1.17892,,1002.88,-612.773,68335.5,,-2.42187,2.28435,3.32922,,-1.5086,18.7092,5.75793,8.89916,fluid
579,9.0473,0.868003,,1003.31,-434.841,78808.8,,-2.78221,0.0734537,2.78318,,-10.1921,-23.534,-1.51007,-33.344,fluid
580,8.94117,0.871425,,1003.33,-432.39,79167.7,,-3.00612,0.018073,3.00617,,-11.4431,-27.4538,-2.61819,-37.2638,fluid
581,9.09828,1.01326,,1003.06,-391.556,72711.9,,-2.21913,0.955737,2.41619,,-3.8919,-0.711421,4.07554,-10.5214,fluid
582,8.99919,1.00302,,1003.09,-361.686,73310.2,,-2.44742,0.679477,2.53999,,-6.73002,-5.28242,1.39123,-15.0924,fluid
583,9.00169,1.07931,,1002.99,-366.573,71050.9,,-2.3006,1.21577,2.60209,,-4.9513,5.90356,2.91822,-3.90644,fluid
584,8.99275,1.12429,,1002.95,-390.914,70050.7,,-2.27928,1.50039,2.72879,,-4.61989,11.8862,3.14689,2.07624,fluid
585,8.93309,1.15074,,1002.93,-374,69664.1,,-2.37334,1.56588,2.84336,,-6.55286,14.8864,1.22276,5.0764,fluid
586,8.8746,1.20592,,1002.9,-399.457,68915.3,,-2.40049,1.74581,2.9682,,-8.61858,22.0486,-0.875596,12.2386,fluid
587,8.81108,1.26616,,1002.88,-437.952,68400,,-2.37644,1.85402,3.01411,,-11.4034,29.967,-3.6627,20.157,fluid
588,8.72214,1.16442,,1002.93,-288.983,69536.4,,-2.29476,1.36382,2.66944,,-12.0948,17.5841,-4.14567,7.77407,fluid
589,8.6214,1.07085,,1003.02,-194.246,71707.8,,-2.25059,0.758384,2.37493,,-12.5156,2.72561,-4.22319,-7.08439,fluid
590,8.52708,1.02101,,1003.08,-175.607,73222.5,,-2.19438,0.40029,2.23059,,-13.1595,-6.08826,-4.5988,-15.8983,fluid
591,8.44218,0.998511,,1003.1,-169.916,73759.6,,-2.14612,0.231565,2.15858,,-14.1664,-10.3424,-5.45641,-20.1524,fluid
592,8.36505,0.998142,,1003.08,-158.313,73228.5,,-2.08966,0.231218,2.10241,,-15.3395,-10.732,-6.61232,-20.542,fluid
593,8.29268,1.01936,,1003.02,-166.855,71648.9,,-1.98887,0.264011,2.00632,,-16.2967,-7.29615,-7.68262,-17.1061,fluid
594,8.22212,1.06608,,1002.91,-218.534,69187.6,,-1.8505,0.337581,1.88104,,-16.2921,0.362571,-7.90173,-9.44743,fluid
595,8.12506,1.09729,,1002.83,-297.85,67293.3,,-1.79095,0.29709,1.81543,,-15.8853,3.61111,-7.62649,-6.19889,fluid
596,7.99107,1.09408,,1002.78,-352.859,66035.4,,-1.75415,0.121123,1.75833,,-15.9385,-0.933215,-7.69777,-10.7432,fluid
597,7.84107,1.09625,,1002.72,-399.206,64635.7,,-1.68182,-0.000872874,1.68182,,-16.3929,-5.03676,-8.17208,-14.8468,fluid
598,7.6882,1.12673,,1002.67,-423.984,63401.4,,-1.66815,0.0728739,1.66974,,-18.1286,-4.60732,-9.90397,-14.4173,fluid
599,7.54412,1.17582,,1002.67,-417.655,63275.3,,-1.87563,0.396449,1.91707,,-22.8324,-0.220827,-14.4673,-10.0308,fluid
600,7.42559,1.20424,,1002.67,-385.485,63341.3,,-2.09896,0.696143,2.21139,,-29.4918,3.95865,-20.9843,-5.85135,fluid
601,7.32269,1.20644,,1002.63,-327.112,62392.6,,-2.21327,0.874141,2.37964,,-35.4356,6.27402,-26.9375,-3.53598,fluid
602,7.24368,1.20164,,1002.58,-279.298,61144.5,,-2.2793,0.972679,2.47817,,-39.469,7.92395,-31.0496,-1.88605,fluid
603,7.11964,1.21279,,1002.5,-250.662,59410,,-2.4441,1.16796,2.70882,,-45.2684,14.0461,-36.9447,4.2361,fluid
604,6.56865,1.24813,,1001.95,-214.858,46136,,-1.848,1.08143,2.14117,,-46.6315,43.2783,-39.6215,33.4683,fluid
605,6.2742,1.22738,,1001.64,-276.089,38847.1,,-1.77449,0.62949,1.88284,,-33.6258,42.7967,-27.4444,32.9867,fluid
606,6.11844,1.21844,,1001.52,-290.669,35861.3,,-1.85771,0.432693,1.90743,,-27.1529,37.6728,-21.3006,27.8628,fluid
607,5.95157,1.22039,,1001.41,-309.153,33231.6,,-2.05183,0.336222,2.07919,,-21.6234,30.8721,-16.0476,21.0621,fluid
608,5.78964,1.22924,,1001.31,-349.743,31064.7,,-2.3795,0.380296,2.4097,,-17.9124,23.7751,-12.5539,13.9651,fluid
609,5.63832,1.23493,,1001.23,-386.132,29091.8,,-2.64653,0.500812,2.6935,,-15.7274,18.2428,-10.5741,8.43277,fluid
610,5.48919,1.23981,,1001.15,-426.883,27064.1,,-2.87499,0.697702,2.95844,,-14.5972,15.2209,-9.67239,5.41094,fluid
611,5.33332,1.23542,,1001.04,-457.903,24654.9,,-2.94764,0.941799,3.09444,,-13.7176,15.8183,-9.09964,6.00828,fluid
612,5.15273,1.22595,,1000.93,-499.697,21898.5,,-2.81106,1.27488,3.08665,,-12.2595,19.026,-8.01352,9.216,fluid
613,4.86519,1.23369,,1000.78,-572.768,18377.6,,-2.41104,1.77094,2.99155,,-9.98133,23.4774,-6.20691,13.6674,fluid
614,4.68479,1.24162,,1000.71,-595.819,16851.3,,-2.15115,1.98008,2.92372,,-9.33909,24.2838,-5.74464,14.4738,fluid
615,5.90109,1.18809,,1001.36,-269.216,32051.7,,-2.06105,0.231916,2.07406,,-21.5258,27.0698,-16.1017,17.2598,fluid
616,6.34836,0.703107,,1001.6,-299.569,37735.4,,-2.28097,-0.244496,2.29403,,-33.1492,7.35776,-27.2146,-2.45224,fluid
617,5.63125,0.741969,,1001.02,-401.736,24022.2,,-1.87187,-0.189799,1.88146,,-17.3997,7.73912,-13.1381,-2.07088,fluid
618,7.80678,0.69788,,1003.52,-124.294,83676.1,,-2.52883,-0.106867,2.53109,,-20.462,-39.1339,-9.78113,-48.9439,fluid
619,7.90111,0.571778,,1004.17,-86.1555,99371.5,,-2.87397,-0.16416,2.87866,,-20.9862,-28.4842,-8.46147,-38.2942,fluid
620,9.6187,0.679501,,1003.86,-286.149,91980.4,,-3.38573,0.0520826,3.38613,,-15.3811,-20.7047,-5.85525,-30.5147,fluid
621,10.172,0.935153,,1003.79,-479.35,90170.3,,-4.91843,1.65458,5.18928,,-6.02295,18.4202,2.80817,8.61019,fluid
622,9.7537,1.15961,,1002.99,-544.654,71086.9,,-4.03568,2.53386,4.7652,,-6.19672,21.4353,1.06973,11.6253,fluid
623,9.94433,0.781687,,1003.84,-329.017,91438.2,,-4.27531,0.527712,4.30776,,-11.8702,-0.892292,-2.7104,-10.7023,fluid
624,10.2383,1.89209,,1002.73,-371.134,64816.3,,-5.58454,2.74474,6.22259,,-5.19663,8.01637,1.11689,-1.79363,fluid
625,10.6202,2.24341,,1002.58,-484.039,61104.7,,-6.02588,2.62542,6.57298,,-9.84527,10.1084,-4.10643,0.29843,fluid
626,10.1086,1.36083,,1003.11,-524.641,73876,,-5.33879,3.44778,6.3553,,-0.102539,27.6095,7.18306,17.7995,fluid
627,9.79047,0.96563,,1003.32,-363.449,78974.2,,-4.18063,1.52122,4.44879,,-8.58595,12.5774,-0.54621,2.76739,fluid
628,10.1539,1.89439,,1002.64,-441.715,62605.4,,-5.47527,2.58098,6.0531,,-3.42815,8.63611,2.72129,-1.17389,fluid
629,10.2574,1.94255,,1002.68,-486.327,63711.2,,-5.90681,1.88876,6.20143,,-4.9954,8.37226,1.19923,-1.43774,fluid
630,10.0036,1.4439,,1002.9,-543.346,68893.8,,-5.09594,3.52055,6.19378,,-0.308183,25.6,6.55883,15.79,fluid
631,9.9078,1.33606,,1002.91,-603.637,69017.2,,-4.77455,3.19739,5.74627,,-2.49131,25.5749,4.45445,15.7649,fluid
632,9.84078,1.34542,,1002.85,-617.85,67580.6,,-4.66599,3.13549,5.62163,,-3.4016,24.7985,3.44632,14.9885,fluid
633,9.80453,1.38619,,1002.79,-631.596,66258.6,,-4.6437,3.17742,5.62672,,-3.32815,24.3567,3.41101,14.5467,fluid
634,9.83226,1.49619,,1002.73,-624.95,64759.6,,-4.7399,3.39381,5.82963,,-1.38839,22.9535,5.18013,13.1435,fluid
635,9.93614,1.85636,,1002.53,-560.24,60027.6,,-4.64726,3.13131,5.60376,,0.645005,9.30942,6.67109,-0.50058,fluid
636,10.1795,2.33878,,1002.07,-581.723,49070,,-4.4317,3.42316,5.59982,,-6.03793,9.91103,-1.2274,0.101026,fluid
637,10.2241,2.47907,,1001.93,-578.185,45656.2,,-4.47173,3.99512,5.99645,,-6.93139,14.1347,-2.47444,4.3247,fluid
638,10.2168,2.5593,,1001.85,-583.101,43723.2,,-4.48725,4.38039,6.27083,,-7.31831,16.8148,-3.04666,7.00483,fluid
639,10.0259,2.77361,,1001.68,-517.941,39847,,-4.99457,5.77408,7.6345,,-13.3932,22.7909,-9.42552,12.9809,fluid
640,9.89823,2.81454,,1001.69,-571.757,40086.7,,-5.21568,6.23628,8.12985,,-20.0162,26.8918,-15.9731,17.0818,fluid
641,9.8377,2.70631,,1001.76,-621.443,41702.7,,-4.91084,6.20303,7.91163,,-18.8764,28.5081,-14.6448,18.6981,fluid
642,9.7834,2.50608,,1001.95,-514.627,46099.5,,-4.27153,5.62836,7.06571,,-13.17,26.3167,-8.46718,16.5067,fluid
643,9.66868,2.34961,,1002.2,-434.957,52114.2,,-4.0164,5.08828,6.48244,,-11.4618,25.1549,-6.08362,15.3449,fluid
644,9.56907,2.22647,,1002.42,-384.489,57384.4,,-3.96997,4.47151,5.97955,,-11.8273,22.9195,-5.84492,13.1095,fluid
645,9.54509,2.1103,,1002.53,-406.205,60076.7,,-3.50062,3.54436,4.98165,,-8.21304,17.0756,-1.93495,7.26564,fluid
646,9.51538,1.99802,,1002.62,-520.584,62254.7,,-3.14766,2.76274,4.18814,,-6.07088,12.7132,0.454529,2.90324,fluid
647,9.41369,1.89353,,1002.76,-527.081,65411.6,,-3.23481,2.37975,4.01587,,-9.36242,12.6934,-2.43296,2.8834,fluid
648,9.21616,1.82371,,1002.94,-360.738,69807.3,,-3.63579,2.46443,4.39231,,-21.4615,21.2507,-13.9093,11.4407,fluid
649,9.11934,1.8066,,1003.01,-225.631,71581.9,,-3.37491,2.55569,4.23339,,-29.1285,27.8316,-21.3027,18.0216,fluid
650,9.10769,1.77032,,1003.01,-180.596,71412.5,,-2.92701,2.36696,3.76429,,-27.7597,27.909,-19.9423,18.099,fluid
651,8.40301,1.4474,,1002.94,-60.5873,69754.5,,-1.23436,0.0652492,1.23609,,-13.9495,57.3982,-5.67265,47.5882,fluid
652,8.21926,1.3947,,1002.91,-234.666,69089,,-1.47508,-0.305417,1.50637,,-8.44802,52.5504,-0.0666576,42.7404,fluid
653,8.10556,1.37533,,1002.91,-350.832,69192.9,,-1.66692,-0.396164,1.71335,,-6.16166,48.0092,2.35001,38.1992,fluid
654,7.87113,1.36729,,1003,-517.628,71186.3,,-2.08783,-0.310909,2.11085,,-5.26899,35.9291,3.74797,26.1191,fluid
655,7.64135,1.38009,,1003.14,-567.313,74527.4,,-2.61527,0.197512,2.62271,,-13.7913,25.959,-4.06859,16.149,fluid
656,7.48967,1.38036,,1003.16,-557.792,75018.1,,-3.05904,0.688985,3.13567,,-26.5365,24.3912,-16.5518,14.5812,fluid
657,7.20316,1.37285,,1002.99,-456.398,70933.6,,-3.30153,1.41285,3.59113,,-49.8384,29.7877,-40.0201,19.9777,fluid
658,6.84481,1.36081,,1002.48,-349.982,58875.8,,-3.04839,1.59884,3.44223,,-60.63,46.4672,-52.0497,36.6572,fluid
659,6.90428,1.33835,,1002.52,-361.786,59718.9,,-3.07624,1.59131,3.46345,,-58.4895,40.6564,-49.8617,30.8464,fluid
660,6.9699,1.30559,,1002.53,-348.743,60011,,-2.95936,1.53351,3.33308,,-54.9823,33.1033,-46.3941,23.2933,fluid
661,6.56288,1.2648,,1001.95,-233.022,46280.3,,-1.87411,1.11435,2.18038,,-47.1955,46.0004,-40.1574,36.1904,fluid
662,6.35572,1.22352,,1001.71,-245.578,40546.7,,-1.72799,0.722607,1.873,,-37.1561,42.8739,-30.7875,33.0639,fluid
663,7.59229,1.33762,,1003,-577.036,71246.7,,-2.57358,0.418114,2.60733,,-18.2374,20.2268,-8.88139,10.4168,fluid
664,6.74957,0.677757,,1002.1,-292.119,49739.9,,-2.34614,-0.206555,2.35522,,-36.061,-7.77717,-28.707,-17.5872,fluid
665,7.52429,0.641861,,1003.3,-191.348,78359.4,,-2.22395,-0.0934285,2.22591,,-23.1785,-43.61,-12.7986,-53.42,fluid
666,8.69256,0.630178,,1004.16,-385.569,99286.4,,-4.09471,-0.126045,4.09665,,-15.1764,-34.6299,-3.80175,-44.4399,fluid
667,9.74599,0.690683,,1003.9,-295.118,93007.4,,-3.76641,0.0577896,3.76686,,-14.8627,-16.2659,-5.35664,-26.0759,fluid
668,10.5281,0.7525,,1004.58,-551.848,109355,,-5.08516,0.436738,5.10388,,-4.02808,10.4708,6.31145,0.660802,fluid
669,10.7477,1.87128,,1003.36,-274.674,79833.4,,-5.51917,2.78993,6.18425,,-12.4108,4.33388,-5.0077,-5.47612,fluid
670,10.6943,2.13413,,1002.83,-448.103,67289.5,,-5.96803,2.40102,6.4329,,-10.8389,7.89812,-4.56461,-1.91188,fluid
671,10.5095,0.721031,,1004.62,-536.885,110174,,-5.08879,0.229612,5.09397,,-4.85351,6.12504,5.58159,-3.68496,fluid
672,10.9324,2.10105,,1003.03,-519.567,72062.5,,-5.86475,2.00658,6.19852,,-11.3201,7.44778,-4.74836,-2.36222,fluid
673,10.5442,1.71956,,1003.38,-229.757,80290,,-6.13094,3.03031,6.83894,,-9.67637,8.44071,-2.08737,-1.36929,fluid
674,10.4971,1.81695,,1003.17,-229.671,75414.8,,-6.01304,2.96551,6.70454,,-9.89655,6.91639,-2.73493,-2.89361,fluid
675,10.6526,2.03089,,1002.99,-446.952,70965.5,,-6.24906,1.93108,6.54063,,-10.8993,6.41361,-4.25734,-3.39639,fluid
676,10.8312,2.22524,,1002.76,-519.365,65480,,-6.09575,2.46496,6.57527,,-10.2351,10.2496,-4.20623,0.439616,fluid
677,11.1587,2.77784,,1002.12,-558.081,50270.3,,-6.13472,4.23429,7.45413,,-13.8043,15.9751,-9.30879,6.16506,fluid
678,11.0278,2.61799,,1002.24,-617.26,53140.7,,-6.12373,3.90418,7.26242,,-12.3874,16.5322,-7.57933,6.72223,fluid
679,11.0926,2.90282,,1002.02,-537.458,47785.4,,-6.43566,4.67684,7.95554,,-15.3854,16.9811,-11.0862,7.17106,fluid
680,11.1271,3.07154,,1001.94,-508.751,45837.8,,-6.75507,4.80027,8.28695,,-17.1804,15.9339,-13.0689,6.12394,fluid
681,10.9245,2.74598,,1002.08,-611.981,49258.4,,-6.43124,4.46643,7.83006,,-12.5582,18.8919,-8.05856,9.0819,fluid
682,10.7926,2.55333,,1002.22,-581.477,52682,,-6.37853,3.81314,7.4314,,-9.54546,17.4333,-4.67499,7.62329,fluid
683,10.7446,2.52546,,1002.23,-563.173,52870.3,,-6.40003,3.69208,7.38863,,-8.91656,16.9707,-4.00687,7.16068,fluid
684,10.8569,2.85466,,1001.97,-619.172,46651.8,,-6.56818,4.75976,8.11149,,-11.9185,19.6668,-7.62998,9.85681,fluid
685,11.1668,3.16358,,1001.9,-481.038,45027.9,,-6.69799,4.25291,7.93413,,-17.8486,15.9389,-13.8239,6.12894,fluid
686,11.2497,3.3865,,1001.81,-507.611,42870,,-6.91935,3.54031,7.77246,,-18.2596,16.8161,-14.4558,7.00611,fluid
687,11.2517,3.58806,,1001.7,-488.762,40310,,-6.50358,3.68311,7.47408,,-16.9342,17.444,-13.3577,7.63397,fluid
688,11.1797,3.70588,,1001.62,-486.89,38425.2,,-6.09117,3.67835,7.11566,,-14.8936,16.2012,-11.4621,6.39121,fluid
689,11.0378,3.82215,,1001.53,-604.93,36114.3,,-5.87559,3.78429,6.98881,,-9.69166,13.3434,-6.42477,3.53345,fluid
690,10.6939,3.79796,,1001.48,-830.888,34913.5,,-5.62706,4.34291,7.10807,,-0.248429,11.0407,3.01157,1.23068,fluid
691,10.4783,3.7614,,1001.5,-638.537,35564.5,,-6.17314,5.02623,7.96057,,-3.9889,10.5994,-0.599883,0.789439,fluid
692,10.4835,3.62161,,1001.58,-616.014,37368.2,,-5.86999,4.85982,7.62066,,-3.83373,9.62524,-0.274882,-0.184762,fluid
693,10.5111,3.47113,,1001.64,-647.877,38920.5,,-5.5893,4.65241,7.27222,,-2.8252,9.59531,0.871514,-0.214691,fluid
694,10.4523,3.34011,,1001.68,-576.017,39846.2,,-5.76322,4.65229,7.40665,,-4.17708,10.699,-0.371301,0.889044,fluid
695,10.3904,3.15433,,1001.7,-553.856,40313,,-5.87751,4.64835,7.49348,,-5.23857,13.0716,-1.36533,3.26164,fluid
696,10.4333,2.74987,,1001.82,-630.973,43046.8,,-5.54944,4.2127,6.96729,,-5.35416,19.2547,-1.23575,9.4447,fluid
697,10.4392,2.43194,,1002.13,-554.625,50390.8,,-5.3817,3.31056,6.31843,,-6.5167,13.2154,-1.69987,3.40537,fluid
698,10.3422,2.54121,,1001.93,-596.088,45689.5,,-4.81074,4.04086,6.28265,,-6.45453,15.9951,-2.04525,6.1851,fluid
699,9.6645,2.57644,,1001.99,-785.888,47084.3,,-4.94078,6.30252,8.00831,,-22.0042,34.6186,-17.142,24.8086,fluid
700,9.66605,2.36311,,1002.19,-443.797,51863.6,,-4.01604,5.24443,6.6055,,-12.3386,26.1045,-6.98481,16.2945,fluid
701,9.62996,2.32018,,1002.27,-421.924,53756.1,,-4.00022,5.05784,6.44852,,-12.4571,25.4866,-6.88761,15.6766,fluid
702,9.51893,2.29593,,1002.42,-495.063,57411.2,,-4.52041,5.32415,6.98432,,-18.8331,30.3919,-12.8164,20.5819,fluid
703,9.2113,2.11374,,1002.93,-468.526,69701.7,,-5.13343,4.68601,6.9506,,-38.0267,33.8396,-30.4819,24.0296,fluid
704,9.14892,2.0161,,1003.03,-332.727,71895.3,,-4.59673,4.09924,6.15903,,-40.0899,31.7142,-32.2553,21.9042,fluid
705,9.00855,1.84994,,1003.12,-86.1739,74107,,-3.1765,3.19363,4.50438,,-40.8697,36.7962,-32.669,26.9862,fluid
706,8.8324,1.70242,,1003.11,48.688,74027.1,,-1.92117,2.14051,2.87623,,-35.1513,49.1529,-26.7961,39.3429,fluid
707,8.72701,1.63435,,1003.09,46.0567,73327,,-1.60265,1.5426,2.22443,,-30.2171,55.4921,-21.8406,45.6821,fluid
708,8.60928,1.56974,,1003.05,27.8333,72356.7,,-1.40871,0.935787,1.6912,,-24.5208,59.9241,-16.1418,50.1141,fluid
709,8.34022,1.41093,,1002.9,-127.246,68956.2,,-1.28169,-0.0773325,1.28402,,-11.9721,54.2446,-3.7281,44.4346,fluid
710,7.91032,1.35084,,1002.94,-513.681,69786.6,,-1.97713,-0.298951,1.99961,,-5.53552,36.0412,3.26086,26.2312,fluid
711,9.33174,2.06653,,1002.81,-320.052,66635.3,,-4.34959,3.98807,5.90116,,-23.6944,25.0139,-16.5737,15.2039,fluid
712,8.28505,0.772205,,1003.65,-181.47,86914.8,,-3.40064,-0.129356,3.4031,,-17.7663,-31.175,-7.31395,-40.985,fluid
713,8.35176,0.638855,,1004.2,-235.293,100087,,-4.15327,-0.207895,4.15847,,-17.1085,-21.9357,-5.17459,-31.7457,fluid
714,9.55358,0.591677,,1004.1,-264.741,97675.8,,-3.43812,-0.0243841,3.43821,,-18.1608,-26.522,-7.97849,-36.332,fluid
715,10.5615,1.28068,,1003.91,-564.101,93148,,-6.07275,3.13206,6.83287,,-4.33584,26.3375,4.44935,16.5275,fluid
716,11.5021,1.90548,,1003.37,-564.898,80138.5,,-6.63457,1.76845,6.86622,,-16.7501,10.4969,-9.80617,0.686874,fluid
717,11.6149,1.95259,,1003.27,-543.618,77710.4,,-6.29822,2.06725,6.62881,,-13.9812,12.6992,-7.3124,2.8892,fluid
718,11.8749,3.52926,,1001.75,-571.67,41386.4,,-6.13531,3.68495,7.15688,,-4.48196,14.5109,-1.00285,4.70094,fluid
719,12.1685,2.36314,,1002.81,-594.932,66775.1,,-7.0983,2.56784,7.54849,,-3.90724,17.0783,1.56491,7.26832,fluid
720,12.2677,3.16257,,1002.12,-499.385,50245,,-6.47838,3.21209,7.23096,,-2.40544,13.0988,1.68162,3.28885,fluid
721,12.0489,2.62445,,1002.48,-567.683,58752,,-6.94683,2.90799,7.53093,,-5.3865,14.6895,-0.522426,4.87951,fluid
722,11.894,3.69317,,1001.64,-596.399,38902.6,,-6.61476,3.93073,7.69453,,-4.65568,16.4164,-1.39026,6.60642,fluid
723,11.9807,2.32773,,1002.77,-579.279,65724,,-6.71588,2.72822,7.24888,,-7.10477,16.3293,-1.6341,6.51926,fluid
724,11.7316,2.10496,,1003.02,-559.867,71707.3,,-6.19945,2.42778,6.65788,,-10.2763,14.5442,-4.18234,4.73416,fluid
725,11.3518,2.04255,,1003.15,-617.934,74968,,-6.89651,1.65574,7.09249,,-14.783,9.39417,-8.19964,-0.415825,fluid
726,11.6169,2.34718,,1002.66,-601.75,63068.2,,-6.22072,2.73907,6.79705,,-9.28376,15.3905,-3.86915,5.58047,fluid
727,11.8809,2.9308,,1002.15,-568.835,50984.6,,-6.3377,3.0172,7.01926,,-5.62954,11.9086,-1.34745,2.09863,fluid
728,11.7184,2.94627,,1002.1,-577.361,49728.1,,-6.38298,2.92442,7.02101,,-6.98778,10.7478,-2.75307,0.937756,fluid
729,11.36,2.8238,,1002.12,-573.316,50304.3,,-6.86983,3.4046,7.6672,,-10.4682,14.1011,-6.04935,4.29111,fluid
730,11.3973,3.03343,,1002,-529.143,47402.4,,-7.2499,3.34944,7.98622,,-12.3361,12.9744,-8.18531,3.16442,fluid
731,11.6215,3.74592,,1001.63,-673.182,38574.7,,-7.41625,4.65135,8.75419,,-9.81324,17.5472,-6.49938,7.73717,fluid
732,11.5992,4.17113,,1001.45,-698.645,34264,,-8.08534,4.77645,9.39081,,-7.31897,13.9023,-4.36924,4.09228,fluid
733,11.706,4.21535,,1001.42,-676.098,33680.2,,-7.6881,4.64274,8.9812,,-5.94462,14.7697,-3.07156,4.95973,fluid
734,12.0218,4.02531,,1001.45,-601.516,34308.3,,-6.60084,3.81759,7.62529,,-6.06573,14.966,-3.21602,5.15595,fluid
735,12.1977,4.18105,,1001.37,-550.377,32355.5,,-6.40171,3.51474,7.3031,,-6.60895,14.3035,-3.95999,4.49354,fluid
736,12.0864,4.44013,,1001.3,-535.403,30770,,-6.5174,3.48078,7.38866,,-7.25217,17.0331,-4.70965,7.22307,fluid
737,11.8354,4.62966,,1001.3,-500.082,30774.7,,-6.02817,3.30411,6.8743,,-6.16581,18.4997,-3.56897,8.68973,fluid
738,11.6333,4.35713,,1001.4,-482.351,33089.9,,-6.25249,3.43562,7.13422,,-6.87817,17.124,-4.03774,7.31401,fluid
739,11.6042,3.91966,,1001.54,-587.425,36507.1,,-7.06342,3.79921,8.02035,,-9.91776,17.1209,-6.77657,7.31088,fluid
740,11.62,3.59699,,1001.71,-562.909,40569.3,,-6.85564,3.80032,7.83851,,-9.66779,17.665,-6.18243,7.85499,fluid
741,11.6461,3.29731,,1001.88,-517.837,44621.1,,-6.31001,3.11136,7.0354,,-7.54777,13.2367,-3.72357,3.4267,fluid
742,11.6054,3.21707,,1001.93,-516.114,45609.3,,-6.40042,3.00283,7.06982,,-8.55914,12.0209,-4.63669,2.2109,fluid
743,11.5005,3.21342,,1001.92,-501.133,45490.1,,-6.78849,3.13743,7.47844,,-11.8537,12.7542,-7.90579,2.94418,fluid
744,11.4568,3.34646,,1001.85,-511.009,43832.8,,-6.99433,3.42049,7.78591,,-13.8837,15.3158,-10.0649,5.50576,fluid
745,11.4415,3.4391,,1001.8,-530.905,42665.5,,-7.04339,3.64072,7.92869,,-14.4861,16.8468,-10.7638,7.03677,fluid
746,11.42,3.55336,,1001.74,-551.217,41160.9,,-6.97947,3.89507,7.99278,,-14.9157,18.1622,-11.3176,8.35216,fluid
747,10.3442,3.89973,,1001.45,-639.14,34237.4,,-7.5138,5.43515,9.27351,,-10.9944,11.9662,-7.68938,2.15624,fluid
748,10.2817,3.7476,,1001.56,-603.405,36785.6,,-7.78493,5.45288,9.50469,,-16.068,11.4305,-12.4958,1.62049,fluid
749,10.1797,3.68365,,1001.62,-742.066,38373.4,,-8.41779,5.45417,10.0303,,-23.725,12.1908,-19.9615,2.3808,fluid
750,10.1323,3.61567,,1001.67,-784.327,39408.3,,-8.52189,5.44546,10.1131,,-27.013,13.3501,-23.13,3.54009,fluid
751,9.99606,3.40469,,1001.74,-794.93,41235.1,,-8.17779,5.66978,9.95102,,-33.4161,19.2367,-29.2981,9.42671,fluid
752,9.92967,3.27254,,1001.74,-624.149,41238.5,,-7.22105,6.26273,9.55852,,-34.67,21.2394,-30.5242,11.4294,fluid
753,9.87925,3.1558,,1001.73,-525.708,40865.5,,-6.4553,6.45214,9.12694,,-34.0043,23.7379,-29.8749,13.9279,fluid
754,9.83053,3.03423,,1001.72,-521.827,40593.8,,-5.81328,6.49545,8.71694,,-31.9676,27.1564,-27.8453,17.3464,fluid
755,9.75584,2.86875,,1001.75,-673.247,41458.2,,-5.29131,6.51245,8.39106,,-28.8729,32.3882,-24.6307,22.5782,fluid
756,9.71303,2.72854,,1001.83,-790.77,43416.4,,-5.11688,6.46472,8.2447,,-25.5901,34.4378,-21.1284,24.6278,fluid
757,9.23067,2.10408,,1002.91,-439.182,69228.1,,-5.0278,4.57357,6.79679,,-35.7674,32.5173,-28.2894,22.7073,fluid
758,9.321,2.11007,,1002.8,-362.189,66529.5,,-4.60799,4.44508,6.40253,,-26.7783,28.8095,-19.6607,18.9995,fluid
759,10.0415,3.2067,,1001.7,-530.039,40219.5,,-7.18729,5.81805,9.24699,,-24.8038,19.3995,-20.8053,9.58949,fluid
760,9.20488,0.701769,,1003.71,-371.92,88356.8,,-3.34488,-0.0126345,3.3449,,-16.7606,-34.7519,-7.19718,-44.5619,fluid
761,9.39235,0.685476,,1003.77,-316.651,89729.4,,-3.41697,0.00398317,3.41697,,-16.215,-28.5341,-6.69739,-38.3441,fluid
762,10.4263,0.606995,,1004.75,-470.256,113439,,-4.917,-0.01848,4.91704,,-9.07977,-5.69618,1.74888,-15.5062,fluid
763,11.0311,1.55751,,1004.03,-360.884,95987.6,,-5.9569,2.97479,6.65838,,-14.5722,8.69437,-5.90561,-1.11563,fluid
764,11.4843,0.610102,,1005.55,-447.877,132857,,-5.75567,0.243666,5.76083,,-12.3884,13.3922,-0.883581,3.58223,fluid
765,11.6525,1.3736,,1004.21,-593.587,100334,,-6.52776,1.44683,6.68618,,-20.8495,7.24473,-12.2751,-2.56527,fluid
766,11.0075,1.81767,,1003.59,-557.165,85345.3,,-6.81556,1.03773,6.89411,,-12.5434,6.81537,-4.8177,-2.99463,fluid
767,12.1293,1.67301,,1003.7,-563.236,88018.4,,-7.03088,1.45378,7.17961,,-6.04483,13.6728,1.18511,3.86276,fluid
768,11.8379,1.52862,,1003.91,-645.23,93137.9,,-7.32621,1.06747,7.40357,,-13.0389,10.3147,-5.2018,0.504669,fluid
769,11.5238,1.55905,,1003.96,-552.562,94339.4,,-7.06147,1.83116,7.29503,,-21.1955,9.46648,-13.0413,-0.343518,fluid
770,12.4101,2.66433,,1002.64,-554.366,62610.3,,-7.14931,2.81715,7.68433,,-2.35223,14.3419,2.67959,4.53191,fluid
771,11.8053,1.70615,,1003.64,-535.611,86731.8,,-6.8127,1.9029,7.07346,,-13.4305,13.8888,-6.1104,4.07883,fluid
772,12.6699,3.63129,,1001.84,-445.842,43513.5,,-6.6257,3.20459,7.35998,,-3.4168,11.6843,0.0113099,1.87434,fluid
773,12.3247,2.91058,,1002.37,-496.675,56108,,-6.9032,3.04425,7.54464,,-2.33823,13.9533,2.2035,4.14332,fluid
774,12.3671,3.25037,,1002.09,-500.656,49435.4,,-6.59232,2.87057,7.19019,,-1.95714,13.5117,2.03187,3.70173,fluid
775,12.276,3.70637,,1001.66,-559.602,39291.6,,-6.37026,2.97804,7.032,,-2.4736,12.9735,0.721791,3.16347,fluid
776,12.1387,3.51475,,1001.79,-582.211,42263.7,,-6.30009,2.82441,6.90424,,-1.41434,13.4361,2.0612,3.62606,fluid
777,12.1799,2.69703,,1002.48,-548.975,58729.6,,-7.03514,2.86189,7.59498,,-3.25381,14.3001,1.55614,4.49012,fluid
778,11.9889,2.28944,,1002.82,-588.118,66927.1,,-7.01357,2.41841,7.41882,,-6.60616,15.9829,-1.03942,6.17285,fluid
779,12.0437,2.87685,,1002.25,-543.611,53433.2,,-6.72894,2.95104,7.3476,,-4.16715,13.3001,0.259477,3.49005,fluid
780,12.0053,3.5221,,1001.76,-580.37,41673.3,,-6.2838,3.13638,7.02304,,-2.36887,13.8898,1.09628,4.07981,fluid
781,11.4822,4.12058,,1001.47,-763.627,34728,,-9.08657,4.49154,10.1361,,-8.55533,13.4845,-5.53527,3.67453,fluid
782,12.5411,4.58299,,1001.24,-545.226,29391.3,,-6.47175,3.38325,7.30273,,-5.71462,19.1103,-3.37394,9.30032,fluid
783,13.2786,4.2283,,1001.42,-407.54,33691.9,,-6.01228,2.91387,6.68118,,-3.04824,11.9952,-0.514551,2.18519,fluid
784,13.1999,4.51249,,1001.26,-437.238,29873.7,,-5.76861,2.63074,6.34016,,-3.07693,15.5143,-0.816609,5.70431,fluid
785,12.8708,4.4868,,1001.27,-451.984,30104.6,,-5.87327,2.88531,6.54372,,-3.57593,16.3636,-1.23992,6.5536,fluid
786,12.8392,4.3393,,1001.33,-443.57,31508.5,,-5.79411,3.06316,6.55398,,-3.49474,13.3316,-1.04392,3.52161,fluid
787,12.6221,4.01802,,1001.49,-464.171,35304.7,,-6.0776,3.10154,6.82325,,-3.83514,10.858,-1.04226,1.04802,fluid
788,12.664,3.98546,,1001.52,-455.467,36064.7,,-6.0822,3.09048,6.82233,,-3.48356,10.4298,-0.640067,0.619799,fluid
789,12.6152,4.35443,,1001.31,-473.869,30944.9,,-6.06312,3.18893,6.8506,,-5.1205,14.4601,-2.67072,4.65015,fluid
790,12.3777,4.37214,,1001.3,-524.42,30622.2,,-6.47727,3.39587,7.31348,,-6.21127,15.5936,-3.7405,5.78364,fluid
791,12.4066,3.97795,,1001.48,-521.951,35081.2,,-6.20077,3.11234,6.93803,,-4.59996,12.0626,-1.77652,2.25258,fluid
792,12.3571,3.93818,,1001.5,-537.073,35551.5,,-6.20887,3.1204,6.94888,,-4.63438,12.222,-1.76168,2.41204,fluid
793,12.2138,4.45352,,1001.28,-522.551,30337,,-6.33099,3.44466,7.20744,,-7.09557,17.1753,-4.61493,7.36533,fluid
794,11.6094,4.73386,,1001.31,-557.287,31039.5,,-6.32054,3.40864,7.18109,,-4.3277,17.9182,-1.65753,8.10819,fluid
795,11.5106,4.32529,,1001.42,-478.605,33505.2,,-6.50104,3.32315,7.30115,,-8.05795,16.3195,-5.15127,6.50948,fluid
796,11.2152,4.31867,,1001.39,-555.812,32950.4,,-6.55656,3.35882,7.36683,,-7.36408,11.8399,-4.43015,2.02992,fluid
797,10.8178,4.61683,,1001.27,-685.87,29898.6,,-7.25399,4.73708,8.66374,,-6.15943,14.6393,-3.39909,4.82929,fluid
798,10.715,4.64839,,1001.23,-742.553,29065.6,,-7.44976,5.11601,9.03728,,-7.92583,16.1276,-5.21656,6.31758,fluid
799,10.4851,4.64085,,1001.17,-860.146,27602.2,,-7.76863,5.69253,9.63102,,-8.55225,17.7721,-5.9228,7.96208,fluid
800,10.3332,4.51009,,1001.18,-888.476,27951.6,,-7.98826,5.89681,9.92898,,-8.81834,17.2448,-6.11652,7.43478,fluid
801,10.2167,4.33407,,1001.27,-867.548,30061.2,,-8.50527,5.6672,10.2204,,-12.2876,14.4837,-9.34902,4.67367,fluid
802,10.0918,4.11131,,1001.46,-917.015,34437,,-9.08311,4.96059,10.3494,,-22.3139,9.59942,-18.9065,-0.210585,fluid
803,10.1426,4.00863,,1001.47,-890.828,34831.4,,-8.88913,5.16394,10.2802,,-22.0298,9.94456,-18.6007,0.134565,fluid
804,10.4712,3.84887,,1001.45,-665.301,34345.6,,-6.31901,5.30931,8.25341,,-4.36496,11.3835,-1.0897,1.57354,fluid
805,10.16,3.34807,,1001.7,-484.83,40190.2,,-7.48486,5.49391,9.28473,,-20.0437,16.0033,-16.0947,6.19327,fluid
806,10.1897,3.23571,,1001.69,-419.09,40021.4,,-6.92854,5.31929,8.73496,,-15.3641,15.6201,-11.4431,5.81011,fluid
807,10.1573,4.19553,,1001.37,-876.945,32285.9,,-8.84175,5.30134,10.3093,,-17.0858,11.6426,-13.9115,1.83264,fluid
808,9.41233,0.616926,,1003.98,-297.755,94859.8,,-3.57269,-0.0283986,3.57281,,-19.0004,-29.0284,-8.96212,-38.8384,fluid
809,9.8775,0.636576,,1004.15,-301.115,98860.9,,-4.04971,-0.00774458,4.04972,,-15.8853,-17.9533,-5.91794,-27.7633,fluid
810,10.9085,0.677389,,1005.14,-506.293,123005,,-5.73884,0.0307215,5.73892,,-8.60611,9.67147,2.61226,-0.138526,fluid
811,11.9036,0.67885,,1005.27,-462.693,126075,,-5.953,0.331108,5.9622,,-16.1713,12.0603,-5.63555,2.2503,fluid
812,12.8957,0.491148,,1005.16,-391.816,123420,,-5.35789,0.0631462,5.35827,,-8.44262,10.5367,1.0789,0.726718,fluid
813,12.089,0.685962,,1005.15,-501.748,123212,,-6.22087,0.0923979,6.22155,,-12.8749,7.70293,-2.73501,-2.10707,fluid
814,11.8877,1.25086,,1004.32,-658.52,102945,,-7.07562,1.03438,7.15082,,-16.4807,10.8264,-7.85813,1.01641,fluid
815,13.2914,3.69701,,1001.89,-487.297,44651,,-6.62453,3.0698,7.30124,,-4.73887,12.5913,-1.38581,2.78129,fluid
816,12.2627,0.763539,,1004.94,-547.156,118114,,-6.39919,0.052303,6.3994,,-9.14743,7.87723,0.437218,-1.93277,fluid
817,12.3483,1.79147,,1003.6,-543.772,85751,,-7.1244,1.40712,7.26203,,-5.80782,13.7729,1.11159,3.96286,fluid
818,13.3351,5.01931,,1001.07,-475.594,25190.4,,-6.10148,3.07983,6.83472,,-3.56896,20.1403,-1.68194,10.3303,fluid
819,12.9036,3.22975,,1002.31,-522.229,54855.3,,-7.02885,2.82587,7.57564,,-4.82067,13.0678,-0.579321,3.25778,fluid
820,13.2607,4.03705,,1001.57,-399.764,37127.7,,-6.37674,3.12173,7.09986,,-3.43595,11.4976,-0.640517,1.68757,fluid
821,12.9982,3.60538,,1001.95,-468.128,46123.5,,-6.95037,3.09301,7.60752,,-5.01901,12.0652,-1.47745,2.2552,fluid
822,13.0408,3.831,,1001.73,-403.753,41001.5,,-6.68092,3.29125,7.44761,,-4.21095,11.2909,-1.07229,1.4809,fluid
823,12.7682,3.21365,,1002.29,-490.773,54272.2,,-7.1396,2.88757,7.70142,,-4.41892,13.1217,-0.17804,3.3117,fluid
824,12.6027,2.94251,,1002.48,-491.999,58888,,-7.08992,3.06728,7.72497,,-3.10477,13.7908,1.55631,3.9808,fluid
825,11.9324,1.67475,,1003.68,-577.108,87620,,-7.15988,1.48147,7.31154,,-8.92859,14.0488,-1.61251,4.23878,fluid
826,12.2303,2.16591,,1003.08,-594.691,73182.6,,-7.32383,1.93479,7.57508,,-4.99213,16.4887,0.973185,6.67874,fluid
827,12.6392,3.40354,,1002.05,-460.074,48644.8,,-6.92011,3.00811,7.54564,,-3.4676,13.0555,0.373225,3.24547,fluid
828,12.8246,4.20252,,1001.41,-428.831,33220.2,,-5.96599,3.07587,6.71223,,-3.21604,11.4353,-0.629335,1.62529,fluid
829,12.8664,4.68292,,1001.22,-495.412,28788,,-6.27781,3.02101,6.96687,,-3.9721,20.4722,-1.73736,10.6622,fluid
830,13.5792,5.05002,,1001.03,-447.61,24270.9,,-5.88192,3.08078,6.63989,,-1.55492,18.9247,0.230604,9.11473,fluid
831,13.9892,4.56321,,1001.28,-379.035,30281.1,,-5.72001,2.40198,6.20387,,-1.31382,18.2346,0.848013,8.42455,fluid
832,14.0072,4.3636,,1001.38,-392.338,32702,,-5.86435,2.44351,6.35306,,-2.68953,15.8011,-0.3581,5.99107,fluid
833,13.8242,4.57932,,1001.25,-401.446,29591.7,,-5.64344,2.41097,6.13687,,-1.12941,17.5734,1.00848,7.76336,fluid
834,13.2378,4.93584,,1001.11,-484.376,26250.1,,-6.15507,2.97924,6.83818,,-4.42797,20.6457,-2.4472,10.8357,fluid
835,13.2858,4.82662,,1001.14,-470.032,26973.5,,-6.02797,2.83662,6.66205,,-3.58991,19.7614,-1.56197,9.95142,fluid
836,13.6012,4.80728,,1001.13,-446.225,26772.2,,-5.61012,2.65599,6.20707,,-0.643638,18.7438,1.3225,8.9338,fluid
837,13.5223,4.73471,,1001.16,-444.006,27483.8,,-5.66295,2.59568,6.22949,,-1.37681,18.1506,0.653313,8.34063,fluid
838,13.5761,4.37878,,1001.34,-420.789,31620.2,,-5.73442,2.71899,6.34637,,-2.31299,13.6554,0.0130103,3.84537,fluid
839,13.5401,4.45727,,1001.29,-429.472,30548.3,,-5.67373,2.63413,6.25539,,-2.14193,14.6721,0.111298,4.86213,fluid
840,13.2211,4.58773,,1001.23,-444.573,29112.7,,-5.7572,2.6926,6.35574,,-3.1659,16.8259,-0.96662,7.01587,fluid
841,12.7917,4.76562,,1001.21,-505.24,28490.5,,-6.19508,3.08708,6.92163,,-4.53087,22.0449,-2.30628,12.2349,fluid
842,12.6014,4.86081,,1001.2,-534.554,28369.8,,-6.34542,3.22945,7.11995,,-5.06777,22.836,-2.81915,13.026,fluid
843,12.4207,4.84526,,1001.21,-565.473,28495.3,,-6.62472,3.32436,7.41204,,-5.40961,22.5409,-3.11819,12.7309,fluid
844,12.2612,4.78101,,1001.22,-531.539,28818.9,,-6.5091,3.18999,7.24876,,-5.71241,21.7169,-3.36485,11.9069,fluid
845,12.0681,4.76102,,1001.23,-494.229,29184.6,,-6.58579,2.87694,7.18676,,-5.36851,20.942,-2.95317,11.132,fluid
846,11.6965,5.07032,,1001.12,-664.485,26365.5,,-7.13035,3.02294,7.74468,,-2.59488,16.8357,-0.343252,7.02571,fluid
847,10.6084,5.50397,,1000.73,-685.202,17244.2,,-9.4042,4.12296,10.2683,,-3.10243,9.94753,-1.47809,0.137532,fluid
848,10.6668,5.35487,,1000.92,-656.5,21651.1,,-9.01705,4.02215,9.87344,,-3.98098,11.1116,-1.95308,1.3016,fluid
849,10.8475,5.12275,,1001.17,-566.715,27556.4,,-8.0925,4.2603,9.14542,,-5.24383,16.5274,-2.70646,6.71741,fluid
850,10.9954,4.84869,,1001.31,-557.286,30967.1,,-7.40736,4.14951,8.49043,,-4.11322,19.1091,-1.30054,9.29905,fluid
851,11.0092,4.5555,,1001.33,-621.488,31378.4,,-6.89673,4.00258,7.97405,,-3.83263,12.5681,-0.986222,2.75807,fluid
852,10.7941,4.54169,,1001.25,-706.674,29631.4,,-6.96368,4.82457,8.47168,,-5.98682,12.4513,-3.24511,2.64127,fluid
853,10.3369,4.3888,,1001.21,-856.786,28550.4,,-7.89821,5.80918,9.8045,,-8.52684,15.4818,-5.7682,5.6718,fluid
854,10.1954,4.23541,,1001.32,-858.813,31280.2,,-8.65191,5.4621,10.2318,,-14.4831,12.7095,-11.4191,2.89951,fluid
855,10.8732,4.75353,,1001.29,-626.121,30447.1,,-7.5734,4.49903,8.80895,,-5.89416,18.1567,-3.09757,8.34666,fluid
856,10.2525,1.13511,,1003.59,-564.486,85451.8,,-5.51833,2.74964,6.16542,,-1.43071,29.0415,6.87423,19.2315,fluid
857,10.1175,0.599507,,1004.45,-351.749,106294,,-4.51777,-0.0252615,4.51784,,-15.3778,-11.831,-4.91842,-21.641,fluid
858,11.4795,0.491086,,1005.77,-406.903,138271,,-6.23668,0.000257074,6.23668,,-14.2293,6.59939,-2.25331,-3.21061,fluid
859,12.6806,0.478226,,1005.24,-407.993,125260,,-5.2849,0.111123,5.28607,,-8.63772,10.3853,1.1889,0.575266,fluid
860,13.5626,2.98138,,1002.65,-428.434,62827.1,,-6.52605,2.1556,6.87284,,-5.2234,14.6208,-0.603263,4.81082,fluid
861,15.3303,3.67348,,1001.87,-394.176,44376,,-5.99376,1.78267,6.25325,,-3.73424,13.733,-0.844994,3.92302,fluid
862,15.6171,3.6172,,1001.94,-397.102,45998.8,,-6.12971,1.76505,6.37877,,-3.98428,14.3312,-1.04459,4.52124,fluid
863,15.3691,4.594,,1001.4,-381.627,33216.4,,-5.60878,2.14843,6.00618,,-1.99018,20.2668,0.168034,10.4568,fluid
864,12.156,1.068,,1004.52,-643.952,107910,,-7.4967,0.639188,7.5239,,-13.5789,17.3751,-4.7418,7.56514,fluid
865,12.4907,1.91293,,1003.51,-563.344,83517.9,,-7.22682,1.07753,7.30671,,-4.37082,14.5622,2.2922,4.75221,fluid
866,15.1698,3.80121,,1001.77,-399.252,41871.5,,-5.83776,1.74882,6.09408,,-3.75288,13.8551,-0.997563,4.0451,fluid
867,13.8937,3.384,,1002.23,-484.812,52896.5,,-6.54689,1.69244,6.76211,,-5.5787,11.7259,-1.77994,1.9159,fluid
868,13.986,3.50682,,1002.1,-477.423,49722.6,,-6.35447,2.05157,6.67744,,-5.19165,12.3668,-1.64393,2.5568,fluid
869,13.861,3.72413,,1001.87,-499.363,44269.9,,-6.16905,2.64922,6.71383,,-3.97147,12.4872,-0.783593,2.67724,fluid
870,13.5653,3.34817,,1002.26,-557.961,53666.2,,-6.54238,1.80787,6.78757,,-3.73995,11.9036,0.207241,2.09361,fluid
871,13.0968,3.20446,,1002.38,-568.17,56412.3,,-6.87078,2.48799,7.30737,,-5.0811,12.5417,-0.783976,2.73167,fluid
872,13.356,3.51326,,1002.08,-546.053,49223,,-6.49817,2.67984,7.02907,,-4.7331,12.5487,-1.05527,2.73873,fluid
873,13.5254,3.82399,,1001.77,-481.854,41829.7,,-6.59843,2.96832,7.23534,,-3.77173,12.5544,-0.684508,2.7444,fluid
874,13.7787,4.09598,,1001.54,-405.662,36378.3,,-6.24012,3.22283,7.02323,,-3.34305,12.1957,-0.706925,2.38573,fluid
875,13.7036,3.82935,,1001.76,-494.752,41760.3,,-6.50518,2.80744,7.08513,,-3.62437,12.5196,-0.582342,2.70956,fluid
876,14.3305,3.72651,,1001.87,-434.621,44164.7,,-6.01966,2.35975,6.46566,,-5.38789,12.2017,-2.31177,2.39165,fluid
877,14.9704,3.90847,,1001.69,-401.632,39991.1,,-5.86434,1.83069,6.14345,,-4.20134,14.1627,-1.53449,4.35266,fluid
878,15.0266,4.15864,,1001.54,-385.723,36534,,-5.74785,1.82272,6.02993,,-3.00201,17.0653,-0.574468,7.25527,fluid
879,14.7502,3.93016,,1001.68,-400.106,39742.7,,-5.83254,2.13883,6.21233,,-4.73067,13.8901,-2.04081,4.0801,fluid
880,14.4181,3.89363,,1001.72,-420.779,40606.4,,-5.84057,2.36623,6.30169,,-4.89357,12.6618,-2.08204,2.8518,fluid
881,14.3382,4.03197,,1001.61,-424.17,38108.6,,-5.9106,2.38882,6.37508,,-4.70484,13.2838,-2.05128,3.47385,fluid
882,14.0019,4.10214,,1001.55,-435.082,36557.8,,-6.19466,2.60979,6.72197,,-3.68362,12.9099,-1.07672,3.09986,fluid
883,14.4243,4.26363,,1001.47,-394.182,34870.9,,-5.81445,2.15892,6.20232,,-3.36158,16.1483,-0.947634,6.33827,fluid
884,15.2019,4.03094,,1001.62,-392.217,38369.8,,-5.60248,1.75459,5.87081,,-2.77094,16.0967,-0.251015,6.28669,fluid
885,14.9155,4.29731,,1001.48,-375.426,34950.7,,-5.72575,1.88256,6.02729,,-2.92442,18.3756,-0.584634,8.56564,fluid
886,14.6282,4.42349,,1001.41,-370.131,33448.5,,-5.63269,2.09453,6.00951,,-2.23892,19.0641,0.0444283,9.25411,fluid
887,14.489,4.39293,,1001.42,-376.919,33533.7,,-5.71476,2.19023,6.1201,,-2.69184,18.4662,-0.380689,8.65615,fluid
888,14.2973,4.39438,,1001.4,-381.071,33111.2,,-5.85614,2.33394,6.3041,,-3.18294,17.8617,-0.870275,8.05166,fluid
889,14.0734,4.68499,,1001.24,-373.465,29250.5,,-5.56274,2.40308,6.05961,,-0.815574,19.5305,1.26028,9.7205,fluid
890,13.6701,5.10061,,1001,-430.7,23608.4,,-5.74,3.11415,6.53035,,-1.14598,18.1262,0.579309,8.31625,fluid
891,13.1953,5.28285,,1000.97,-414.203,22964.3,,-6.19701,3.4346,7.08515,,-4.29255,15.9453,-2.5539,6.13535,fluid
892,12.643,5.29099,,1001.06,-462.414,25135.6,,-7.08919,3.64272,7.97032,,-3.90174,15.401,-1.91575,5.59104,fluid
893,12.4546,5.34967,,1001.01,-424.071,23933.6,,-6.97047,3.66981,7.8775,,-4.05376,14.4329,-2.13404,4.62289,fluid
894,12.2385,5.76964,,1000.58,-375.085,13675.9,,-6.35057,3.36102,7.18514,,-3.06507,9.42328,-1.94826,-0.386722,fluid
895,11.351,5.8409,,1000.35,-957.993,8247.52,,-8.1595,4.21123,9.18215,,-2.54379,11.9154,-1.81745,2.10536,fluid
896,11.857,5.59056,,1000.63,-507.486,14906.9,,-6.70425,4.19101,7.90642,,-1.58183,12.2415,-0.325402,2.43147,fluid
897,11.9253,5.27056,,1000.95,-647.381,22518.8,,-6.71249,3.38832,7.51919,,-0.853104,15.0159,1.03342,5.20588,fluid
898,11.8397,5.09919,,1001.08,-656.162,25615.3,,-6.8784,2.9626,7.48929,,-1.77585,16.9686,0.38532,7.15855,fluid
899,11.2408,5.58239,,1000.64,-621.315,15146.6,,-7.40784,4.61827,8.72953,,-3.81932,10.1148,-2.47272,0.30475,fluid
900,10.6251,5.39697,,1000.86,-679.083,20254.4,,-9.25826,4.01677,10.0921,,-3.82981,10.5294,-1.92517,0.719449,fluid
901,11.2249,4.94106,,1001.29,-565.675,30421.5,,-6.89631,4.01199,7.97842,,-2.49307,18.3207,0.213623,8.51066,fluid
902,11.1763,4.70283,,1001.36,-546.366,32067,,-6.83352,3.62212,7.73413,,-2.51247,16.3298,0.352835,6.51982,fluid
903,10.1192,5.73014,,1000.32,-1494.32,7493.68,,-11.2459,4.25289,12.0232,,-1.98438,11.4462,-1.24408,1.63625,fluid
904,10.3171,0.653333,,1004.53,-436.421,108068,,-5.15727,-0.00612037,5.15728,,-10.0067,-5.81488,0.420758,-15.6249,fluid
905,11.2279,2.30419,,1002.71,-634.707,64353.8,,-6.28667,2.40583,6.73129,,-12.3254,11.7454,-6.60931,1.93536,fluid
906,13.0171,0.437407,,1005.21,-347.505,124585,,-4.90331,0.00395552,4.90331,,-6.605,8.39783,2.91626,-1.41217,fluid
907,13.1368,0.481759,,1005.13,-340.974,122551,,-4.83654,0.000420734,4.83654,,-4.94067,7.7684,4.34063,-2.0416,fluid
908,15.3126,3.32264,,1002.17,-407.345,51395.8,,-6.54205,1.64066,6.74464,,-6.07664,12.7557,-2.72747,2.94574,fluid
909,15.2144,2.57396,,1002.76,-458.612,65496,,-7.46818,1.38443,7.59541,,-5.76433,16.4619,-1.47131,6.65185,fluid
910,15.7609,1.95213,,1002.99,-610.473,71075.5,,-8.9523,0.531537,8.96806,,-9.7659,16.1641,-5.26976,6.35411,fluid
911,15.7209,3.20693,,1002.26,-398.044,53578.1,,-6.4911,1.42306,6.64526,,-5.70856,15.054,-2.30817,5.24403,fluid
912,15.734,3.70073,,1001.9,-397.594,44949,,-6.12474,1.69729,6.35557,,-3.40767,14.8866,-0.556271,5.07663,fluid
913,14.9211,3.33162,,1002.18,-451.287,51669.4,,-6.69988,1.69012,6.90977,,-6.1548,11.4887,-2.69948,1.67873,fluid
914,13.9161,3.02651,,1002.59,-358.351,61512.2,,-7.14578,1.90419,7.39514,,-5.57357,13.9158,-1.16478,4.10582,fluid
915,12.9913,2.31304,,1003.23,-561.945,76696.7,,-7.17704,1.70877,7.37766,,-6.49179,18.0057,-0.607064,8.19575,fluid
916,14.7191,3.52378,,1002.02,-414.66,47939.9,,-6.33041,2.09752,6.66886,,-5.80222,10.936,-2.55181,1.12596,fluid
917,14.2691,3.50533,,1002.09,-431.21,49520.1,,-6.39178,2.16051,6.74704,,-5.14518,12.1758,-1.68198,2.36581,fluid
918,12.6775,2.23688,,1003.22,-592.838,76556.4,,-7.3312,1.68844,7.52312,,-3.25583,18.9546,2.76354,9.14455,fluid
919,12.6748,2.71415,,1002.73,-558.722,64855.9,,-7.55717,2.57346,7.98333,,-3.21928,13.8725,1.88368,4.06249,fluid
920,12.9479,2.76373,,1002.78,-580.287,66088,,-7.37108,2.38282,7.74665,,-5.51429,13.7017,-0.424294,3.89175,fluid
921,13.6234,2.79441,,1002.81,-396.474,66694.6,,-6.96139,2.36965,7.35365,,-5.98239,16.7005,-1.10053,6.89046,fluid
922,15.1531,3.48001,,1002.03,-416.686,48141.5,,-6.33355,1.64353,6.54332,,-5.56225,12.3296,-2.39168,2.51957,fluid
923,15.5728,4.81793,,1001.33,-363.34,31470.2,,-5.40495,2.4484,5.93365,,-1.39749,19.2704,0.620668,9.46045,fluid
924,15.6285,3.24834,,1002.23,-400.457,52846,,-6.56103,1.3638,6.70127,,-6.06489,14.8384,-2.69102,5.0284,fluid
925,15.7751,2.47341,,1002.7,-488.496,64125.6,,-8.12979,1.02083,8.19363,,-9.33378,15.0274,-5.27974,5.21738,fluid
926,15.6602,2.60817,,1002.65,-444.995,62967.5,,-7.96901,1.06364,8.03968,,-9.47352,14.6887,-5.4633,4.87869,fluid
927,15.6634,2.81163,,1002.54,-411.886,60150.3,,-7.45503,0.95391,7.51581,,-8.66505,14.4452,-4.83458,4.63522,fluid
928,15.9917,2.54331,,1002.64,-498.514,62554.9,,-7.99849,0.843188,8.04281,,-7.62354,15.3599,-3.7221,5.54992,fluid
929,16.2208,2.59707,,1002.6,-500.981,61751.1,,-7.82052,0.776561,7.85898,,-6.43873,16.5148,-2.6417,6.70478,fluid
930,16.2083,2.85388,,1002.47,-447.087,58643,,-7.38094,0.772076,7.42121,,-4.88633,16.6965,-1.27717,6.88649,fluid
931,16.1967,2.97114,,1002.41,-434.236,57148.5,,-7.19719,0.843331,7.24643,,-4.48196,17.0462,-0.96204,7.2362,fluid
932,15.9519,2.90988,,1002.45,-418.665,58000.4,,-7.34513,0.470236,7.36017,,-6.72686,16.0625,-3.09978,6.25247,fluid
933,15.9551,3.21633,,1002.25,-410.302,53444.1,,-6.78349,0.833475,6.83451,,-4.71073,16.4382,-1.36861,6.6282,fluid
934,16.0122,3.6933,,1001.95,-402.007,46123.7,,-6.28825,1.34873,6.43127,,-2.82981,15.6263,0.0451222,5.81628,fluid
935,15.8713,4.03512,,1001.73,-377.495,41038.7,,-5.88298,1.88694,6.17819,,-1.7045,17.4156,0.876746,7.60564,fluid
936,15.6545,4.04525,,1001.68,-367.415,39811.6,,-5.87737,1.77292,6.13895,,-2.67077,17.0004,-0.131903,7.19043,fluid
937,15.4675,4.08626,,1001.63,-369.056,38477.7,,-5.67307,1.66805,5.91322,,-2.75562,17.2017,-0.272011,7.39174,fluid
938,15.0721,4.45651,,1001.43,-375.941,33699.8,,-5.67889,2.0075,6.02327,,-2.14841,20.2072,0.0843154,10.3972,fluid
939,14.4861,4.74368,,1001.27,-351.339,30083.5,,-5.70559,2.46321,6.21459,,-2.08352,20.5359,-0.00944055,10.7259,fluid
940,13.9513,5.12692,,1001,-386.424,23555.4,,-5.65627,2.87178,6.34354,,-0.815182,16.6652,0.871544,6.85524,fluid
941,13.0868,5.52717,,1000.83,-376.612,19575.9,,-6.62452,3.38752,7.4404,,-3.81834,11.5208,-2.32372,1.71077,fluid
942,12.9626,5.63553,,1000.76,-462.436,17870,,-6.42095,2.72345,6.97466,,-4.13633,11.4955,-2.75879,1.68549,fluid
943,12.6243,5.45289,,1000.95,-471.649,22391.3,,-7.05362,2.50354,7.48473,,-3.29561,14.4652,-1.52363,4.65521,fluid
944,12.3631,6.32923,,1000.24,-639.528,5570.19,,-7.5158,3.25332,8.18971,,-2.08028,11.0988,-1.62983,1.28876,fluid
945,12.1218,6.30617,,1000.21,-635.905,5009.48,,-8.07832,3.30362,8.72772,,-4.00678,10.7848,-3.59361,0.974823,fluid
946,12.1917,6.21081,,1000.26,-652.94,6132.63,,-7.3652,4.2938,8.52543,,-4.49656,8.31207,-3.99367,-1.49793,fluid
947,11.5484,5.98961,,1000.23,-1046.53,5364.17,,-7.92113,3.89762,8.82813,,-2.34848,12.6691,-1.88409,2.8591,fluid
948,11.8684,5.54877,,1000.68,-523.341,15968.3,,-6.69066,4.09016,7.84183,,-1.33996,12.3782,0.00457305,2.5682,fluid
949,11.6945,5.43108,,1000.77,-621.601,18265.3,,-7.07976,4.05953,8.16105,,-2.04765,12.8945,-0.486985,3.08453,fluid
950,11.3983,5.64968,,1000.54,-655.022,12668.1,,-7.19131,4.70188,8.59201,,-2.9464,10.5458,-1.8356,0.735804,fluid
951,10.0937,5.9403,,1000.15,-1022.73,3550.01,,-10.3034,2.34998,10.568,,-3.35579,15.3001,-3.00413,5.49008,fluid
952,11.4005,2.48842,,1002.45,-641.706,58220.7,,-6.15851,2.99928,6.85003,,-9.97147,15.1931,-4.8771,5.38307,fluid
953,11.3833,1.37491,,1004.3,-500.15,102631,,-5.99022,2.3231,6.42491,,-22.9704,8.5877,-13.9932,-1.2223,fluid
954,12.9678,1.92925,,1003.61,-493.88,85866.4,,-7.4966,1.04412,7.56896,,-7.9808,16.7341,-1.38308,6.92415,fluid
955,12.5872,2.09175,,1003.34,-574.834,79501.7,,-7.3233,1.33208,7.44347,,-3.57974,16.9972,2.71529,7.18723,fluid
956,14.4036,2.63338,,1002.8,-615.476,66576.3,,-7.9836,2.43527,8.34676,,-5.8143,18.1987,-1.20502,8.38873,fluid
957,14.8823,2.48143,,1002.87,-557.85,68106.4,,-7.63077,1.66432,7.81016,,-6.34446,17.3265,-1.7812,7.51652,fluid
958,14.8259,1.93893,,1003.25,-481.843,77255.6,,-9.07804,0.926293,9.12517,,-4.44592,16.2716,0.748062,6.46161,fluid
959,14.3639,3.02232,,1002.54,-438.16,60222.6,,-7.78733,2.0301,8.0476,,-5.58868,13.4521,-1.40667,3.64209,fluid
960,12.3011,0.962341,,1004.64,-593.435,110796,,-7.0492,0.253577,7.05376,,-8.61704,14.7018,0.348379,4.89185,fluid
961,13.3578,3.32055,,1002.28,-552.607,54128.4,,-6.57105,2.40441,6.99713,,-4.7624,11.6163,-0.719436,1.80632,fluid
962,13.2897,2.17479,,1003.34,-539.883,79317.4,,-8.11368,1.52967,8.25661,,-9.73433,19.2705,-3.78585,9.46051,fluid
963,15.2724,3.10906,,1002.35,-431.409,55791,,-6.76161,1.31035,6.88741,,-7.72699,12.6141,-4.08251,2.8041,fluid
964,15.5368,3.00079,,1002.42,-404.341,57436.9,,-7.01655,1.20223,7.1188,,-8.1847,13.4474,-4.4968,3.63742,fluid
965,14.1168,2.65032,,1002.83,-545.794,67262.1,,-7.9727,2.8178,8.456,,-5.6456,19.864,-0.894371,10.054,fluid
966,15.1136,2.6503,,1002.72,-489.154,64607.5,,-7.58308,1.58548,7.74705,,-6.01275,16.9241,-1.74956,7.11407,fluid
967,15.2091,2.35346,,1002.9,-477.414,68790.2,,-8.1511,1.17378,8.23518,,-5.42744,16.6214,-0.917527,6.81138,fluid
968,15.2389,2.09164,,1003.03,-515.764,72030.5,,-8.72913,1.28596,8.82334,,-5.61594,16.8745,-0.903487,7.06453,fluid
969,17.2105,1.39961,,1003.34,-590.924,79332.1,,-8.90507,0.436914,8.91578,,-9.66939,16.3311,-5.0752,6.52115,fluid
970,16.8566,1.48658,,1003.26,-563.909,77579.8,,-9.383,0.413619,9.39211,,-8.1298,12.8926,-3.54242,3.08265,fluid
971,16.5288,1.38919,,1003.36,-473.673,79828,,-9.12442,0.276095,9.1286,,-5.22846,10.4917,-0.414992,0.681715,fluid
972,15.956,1.47587,,1003.35,-473.874,79746.4,,-8.47218,0.555893,8.4904,,-3.79458,15.4852,1.18662,5.67517,fluid
973,15.4358,1.7261,,1003.16,-695.808,75167.5,,-9.51118,1.18654,9.5849,,-8.24115,15.9484,-3.3868,6.13843,fluid
974,15.8696,1.6577,,1003.2,-574.084,76120.4,,-9.16612,0.346832,9.17268,,-7.99721,17.3543,-3.2159,7.54429,fluid
975,16.4654,1.90152,,1003.04,-508.967,72279.4,,-8.55742,0.0614744,8.55764,,-6.04074,12.2633,-1.66427,2.45334,fluid
976,15.55,2.05338,,1002.96,-568.543,70423,,-8.72768,0.902632,8.77423,,-9.03307,16.5444,-4.51764,6.73443,fluid
977,16.0177,1.75101,,1003.14,-529.278,74528.1,,-8.62098,0.0392788,8.62107,,-6.23693,15.8434,-1.5986,6.03342,fluid
978,16.8946,1.99568,,1003.05,-490.884,72528.3,,-8.43238,0.0443658,8.4325,,-7.53028,11.3813,-3.25036,1.57129,fluid
979,16.7892,2.20739,,1002.92,-507.45,69303.7,,-8.18687,0.491989,8.20164,,-7.41915,14.246,-3.30329,4.43599,fluid
980,16.5155,2.13388,,1002.9,-536.673,68848.8,,-8.26375,0.256453,8.26773,,-7.28356,13.9293,-3.12687,4.11926,fluid
981,15.9664,2.09607,,1002.89,-589.617,68572.4,,-8.65121,0.51862,8.66674,,-8.30811,15.936,-4.02568,6.12604,fluid
982,15.798,2.24818,,1002.81,-564.378,66822.1,,-8.65818,0.858936,8.70068,,-9.42751,15.9581,-5.20959,6.14808,fluid
983,16.2241,1.98573,,1002.97,-551.332,70466.2,,-8.5277,0.134437,8.52876,,-7.58191,14.5831,-3.25146,4.77312,fluid
984,16.472,2.30325,,1002.79,-548.271,66249.3,,-8.12979,0.544432,8.148,,-7.50825,16.1891,-3.49751,6.3791,fluid
985,16.3644,2.47388,,1002.68,-533.016,63575.3,,-7.9638,0.67079,7.992,,-6.92412,16.9627,-3.04953,7.15267,fluid
986,16.3205,3.26056,,1002.26,-424.667,53586.7,,-6.68087,1.05731,6.76402,,-3.75076,17.0182,-0.474769,7.20823,fluid
987,16.0935,3.69469,,1001.96,-406.092,46450.9,,-6.17402,1.31377,6.31225,,-2.46301,15.9869,0.417657,6.17685,fluid
988,15.8141,4.15684,,1001.67,-366.644,39430.5,,-5.73877,1.93372,6.0558,,-1.90287,18.9231,0.58636,9.1131,fluid
989,14.8521,4.66507,,1001.34,-362.638,31573.2,,-5.42209,2.21573,5.85734,,-1.82001,20.8191,0.303001,11.0091,fluid
990,14.1107,5.23126,,1000.95,-362.362,22452.3,,-5.30788,2.45912,5.84986,,-0.719545,15.64,0.870092,5.83005,fluid
991,14.1311,5.08014,,1001.05,-364.252,24701.5,,-5.30664,2.46685,5.85199,,-0.359326,16.7599,1.38687,6.94992,fluid
992,13.4484,5.66265,,1000.67,-417.215,15843.5,,-5.76613,2.5368,6.29949,,-2.69538,11.3828,-1.51807,1.57276,fluid
993,13.1336,5.91922,,1000.5,-681.728,11825.1,,-6.5365,3.18944,7.27312,,-2.85699,11.8962,-1.95708,2.08624,fluid
994,12.742,6.2177,,1000.3,-635.176,7133.86,,-7.12846,2.30113,7.49067,,-0.54218,11.9911,0.0175211,2.18108,fluid
995,12.4764,6.3174,,1000.25,-636.949,5845.33,,-7.42291,3.00204,8.00698,,-1.16196,11.3146,-0.693566,1.50462,fluid
996,11.2634,6.00376,,1000.25,-835.375,5789.37,,-9.16762,1.94267,9.37119,,-2.00276,15.2705,-1.48889,5.46054,fluid
997,11.4243,6.09127,,1000.18,-815.389,4151.7,,-8.95765,2.40338,9.27446,,-1.46086,14.7062,-1.09752,4.89619,fluid
998,10.2525,5.93209,,1000.19,-1038.71,4540.75,,-10.4775,1.8429,10.6383,,-2.42127,14.5125,-1.97847,4.70245,fluid
999,10.2983,6.15643,,1000.11,-1023.05,2565.62,,-11.0018,1.83373,11.1535,,-2.40274,13.4237,-2.15364,3.61369,fluid
1000,10.8014,1.34855,,1004.15,-557.026,98918.3,,-6.23428,2.83697,6.84942,,-7.63692,19.4262,1.48314,9.61615,fluid
1001,14.7372,3.61961,,1001.93,-400.635,45795.4,,-6.18135,2.21708,6.56693,,-5.45899,11.6613,-2.35751,1.85135,fluid
1002,14.6349,0.511946,,1004.59,-302.076,109465,,-5.19936,-0.0320407,5.19946,,-5.94038,-0.65488,1.50517,-10.4649,fluid
1003,15.8157,0.556476,,1004.12,-267.728,98313.7,,-3.95796,-0.10829,3.95944,,-2.49665,3.52905,3.69401,-6.28095,fluid
1004,15.6503,0.67176,,1004,-308.315,95203.2,,-4.83184,-0.121999,4.83338,,-1.19742,3.24948,4.86152,-6.56052,fluid
1005,14.748,2.17978,,1003.1,-539.523,73724.7,,-8.02425,1.2418,8.11977,,-6.1361,18.6351,-1.1526,8.82511,fluid
1006,14.3771,1.52344,,1003.64,-453.585,86602.4,,-8.43466,1.14579,8.51213,,-4.02555,12.6157,1.97627,2.80569,fluid
1007,13.1236,1.06723,,1004.44,-521.113,105907,,-7.75147,0.334769,7.75869,,-5.69939,13.4422,2.33495,3.63216,fluid
1008,13.7834,0.794182,,1004.53,-446.296,108232,,-6.02235,-0.0222746,6.02239,,-8.6026,4.11046,-0.785713,-5.69954,fluid
1009,12.5931,1.06869,,1004.49,-529.138,107146,,-6.76229,0.38256,6.7731,,-5.8702,15.9387,2.60005,6.12869,fluid
1010,12.8267,1.00614,,1004.55,-490.553,108621,,-6.83935,0.222438,6.84297,,-4.5511,13.7534,3.87889,3.94341,fluid
1011,13.2234,1.38251,,1004.09,-562.421,97407.8,,-8.0809,0.593473,8.10267,,-9.07252,11.384,-1.7362,1.57404,fluid
1012,12.5716,1.49718,,1004.02,-518.883,95822.6,,-7.27334,0.887142,7.32724,,-6.65943,15.0368,0.932212,5.22681,fluid
1013,12.8704,1.53258,,1004.02,-482.256,95776,,-7.87854,0.574828,7.89948,,-7.13883,15.2597,0.272932,5.44969,fluid
1014,14.4434,1.91468,,1003.34,-517.492,79321.2,,-8.28626,0.614285,8.309,,-6.82294,18.2154,-1.34932,8.4054,fluid
1015,15.7085,1.09371,,1003.62,-455.116,86269.7,,-7.85634,0.0770026,7.85672,,-4.09972,12.9817,1.37237,3.17174,fluid
1016,16.3469,1.17772,,1003.54,-413.919,84135.6,,-8.6906,0.00802977,8.6906,,-1.52977,9.31602,3.59899,-0.493977,fluid
1017,15.2673,1.53705,,1003.3,-747.654,78397.6,,-9.2845,1.29737,9.37471,,-9.6158,15.0821,-4.49767,5.27206,fluid
1018,14.8964,1.5739,,1003.42,-546.605,81384,,-9.41689,1.31883,9.50879,,-4.94341,11.0722,0.501291,1.26223,fluid
1019,14.5937,1.80302,,1003.4,-454.843,80810.2,,-8.85939,0.794145,8.89491,,-3.69079,14.7356,1.82779,4.92565,fluid
1020,15.0235,1.74471,,1003.28,-558.03,78040.4,,-9.43608,1.22661,9.51547,,-5.18244,12.8768,-0.00487742,3.06678,fluid
1021,15.158,1.90419,,1003.15,-544.546,74933.5,,-8.97978,1.20035,9.05965,,-5.50601,15.5474,-0.578034,5.73736,fluid
1022,15.7565,1.40881,,1003.39,-588.681,80512.4,,-9.04352,0.851582,9.08353,,-8.58426,18.6573,-3.49171,8.84734,fluid
1023,16.9893,1.17658,,1003.36,-632.152,79813.3,,-8.61683,0.0635263,8.61706,,-11.9539,14.4092,-7.27181,4.59923,fluid
1024,18.0504,1.25251,,1003.7,-423.779,87984.6,,-8.16367,-0.0429501,8.16378,,-8.71701,11.2254,-3.86057,1.41535,fluid
1025,18.0457,1.5793,,1003.57,-462.231,84978.2,,-8.73786,0.124324,8.73874,,-11.9087,11.9316,-7.21642,2.12159,fluid
1026,17.8259,1.43289,,1003.57,-470.904,84957.8,,-8.7236,0.255408,8.72733,,-10.3765,14.9244,-5.62742,5.11436,fluid
1027,17.2777,1.59455,,1003.3,-537.843,78512.2,,-8.8459,0.656508,8.87023,,-9.05368,14.3975,-4.52451,4.58745,fluid
1028,16.5205,1.58994,,1003.24,-464.449,77111.6,,-8.99261,0.104916,8.99322,,-4.88886,11.0102,-0.236319,1.20024,fluid
1029,16.3857,1.69913,,1003.18,-470.306,75582.6,,-8.92947,-0.0609438,8.92968,,-5.30729,11.763,-0.709186,1.95301,fluid
1030,16.892,1.74708,,1003.17,-501.618,75240.7,,-8.95848,0.153145,8.95979,,-7.18267,11.0389,-2.7425,1.22887,fluid
1031,17.3049,1.98389,,1003.15,-455.46,74927.5,,-8.55435,0.125232,8.55527,,-7.98607,11.8648,-3.66985,2.05481,fluid
1032,17.0684,1.97588,,1003.1,-475.602,73698,,-8.57419,0.031455,8.57425,,-6.97846,11.3272,-2.674,1.51717,fluid
1033,17.3788,2.21809,,1003.04,-442.366,72255.9,,-8.26836,0.406193,8.27833,,-8.48724,12.5697,-4.34214,2.75968,fluid
1034,17.0531,2.36248,,1002.91,-469.651,69016.2,,-8.09622,0.768004,8.13256,,-7.65703,15.0708,-3.62162,5.26081,fluid
1035,16.7065,2.65792,,1002.66,-488.483,63113.3,,-7.67795,0.934422,7.7346,,-7.28521,18.5968,-3.51746,8.78678,fluid
1036,16.5734,3.12055,,1002.39,-425.489,56640.8,,-7.13681,0.971399,7.20262,,-4.78151,17.2664,-1.37208,7.45639,fluid
1037,16.2714,3.35671,,1002.2,-420.267,52048.5,,-6.61346,1.12688,6.70878,,-3.64796,17.1912,-0.456208,7.38119,fluid
1038,15.9597,4.40141,,1001.6,-331.192,37858.7,,-5.35853,1.96054,5.70592,,-2.10159,20.4684,0.26677,10.6584,fluid
1039,15.4798,4.68427,,1001.38,-365.121,32708.5,,-5.22943,2.04033,5.61337,,-1.78046,20.128,0.329606,10.318,fluid
1040,15.3667,4.42312,,1001.47,-356.216,34730.3,,-5.36501,1.6755,5.62055,,-2.0057,19.7294,0.251083,9.91938,fluid
1041,14.6846,4.831,,1001.25,-338.973,29624.1,,-5.28125,2.33676,5.77512,,-2.03657,20.4311,-0.021741,10.6211,fluid
1042,13.3276,6.02362,,1000.44,-551.448,10442.5,,-7.21834,2.23256,7.55571,,-1.15991,15.1781,-0.376733,5.36812,fluid
1043,13.0898,6.09273,,1000.39,-605.081,9117.63,,-7.43831,2.3494,7.80053,,-0.898269,14.3329,-0.201994,4.52285,fluid
1044,11.6137,6.09384,,1000.18,-722.506,4209.86,,-9.08018,2.53778,9.42815,,-1.0408,14.492,-0.678374,4.68202,fluid
1045,12.411,6.34045,,1000.24,-619.944,5559.72,,-7.6806,3.10311,8.28377,,-1.45322,11.4705,-1.00536,1.66048,fluid
1046,10.6682,6.05471,,1000.26,-949.885,6019.71,,-10.2474,1.70652,10.3885,,-1.91362,13.8081,-1.3495,3.99814,fluid
1047,9.73327,5.67664,,1000.48,-1173.36,11352.2,,-11.6802,0.75659,11.7046,,-8.29285,23.3328,-7.12708,13.5228,fluid
1048,10.7867,0.530771,,1005.29,-453.102,126539,,-4.73235,-0.024904,4.73242,,-11.8869,0.764945,-0.217635,-9.04506,fluid
1049,13.2612,0.491874,,1005.09,-328.867,121647,,-5.05255,-0.00717833,5.05256,,-2.89266,7.489,6.23402,-2.321,fluid
1050,18.0449,0.33593,,1003.55,-172.353,84560.1,,-2.36153,-0.121848,2.36467,,-10.9939,14.2161,-6.32442,4.40606,fluid
1051,16.5825,0.372069,,1003.98,-257.058,94941.2,,-4.33513,-0.0560083,4.33549,,-10.5615,4.49971,-4.85881,-5.31029,fluid
1052,16.8953,0.46239,,1003.73,-196.474,88760.9,,-3.57405,-0.0853691,3.57507,,-6.84735,4.19084,-1.61328,-5.61916,fluid
1053,13.6812,2.05547,,1003.3,-682.842,78568.5,,-8.68518,1.22717,8.77145,,-8.83312,16.3825,-3.10924,6.57251,fluid
1054,13.3769,1.55077,,1003.86,-600.423,91897.7,,-7.86086,0.66995,7.88936,,-9.26022,11.5812,-2.41672,1.77118,fluid
1055,14.5562,0.549234,,1004.58,-329.525,109275,,-5.7487,-0.0262172,5.74876,,-8.94265,0.21657,-1.46973,-9.59343,fluid
1056,15.1119,0.577417,,1004.18,-333.082,99661.9,,-4.80364,-0.0511468,4.80391,,-11.3579,-3.82032,-4.79044,-13.6303,fluid
1057,14.1892,0.680236,,1004.56,-319.126,108895,,-4.60647,-0.032424,4.60658,,-9.64126,1.59014,-2.00162,-8.21986,fluid
1058,15.1833,0.652469,,1004.05,-371.735,96518.7,,-5.37236,-0.0485234,5.37258,,-10.4694,-2.02359,-4.13814,-11.8336,fluid
1059,14.65,3.04531,,1002.47,-477.674,58634.7,,-7.36225,2.13387,7.66525,,-5.61022,14.1354,-1.61773,4.32543,fluid
1060,13.8554,2.27305,,1003.11,-683.251,73844.5,,-8.90845,1.87788,9.10423,,-7.51229,18.1311,-2.19916,8.32111,fluid
1061,14.2488,1.71295,,1003.51,-530.704,83458.2,,-8.19986,0.767707,8.23572,,-8.41139,16.6522,-2.57464,6.84216,fluid
1062,13.6096,1.75755,,1003.57,-663.634,84994.8,,-8.07168,0.689918,8.10111,,-7.73061,14.5392,-1.50761,4.72919,fluid
1063,14.0168,1.59163,,1003.63,-611.956,86378.3,,-8.34021,1.09711,8.41206,,-11.1282,15.9966,-4.98802,6.18661,fluid
1064,17.2058,0.936545,,1003.46,-470.213,82212,,-7.03843,-0.0894423,7.039,,-8.23996,11.209,-3.47825,1.39896,fluid
1065,18.3386,1.05049,,1003.75,-379.927,89408.1,,-7.51716,-0.247783,7.52125,,-7.32428,12.3212,-2.46712,2.51117,fluid
1066,16.7971,1.04953,,1003.43,-645.225,81513,,-8.56115,-0.0255907,8.56119,,-13.3645,11.0781,-8.52831,1.26815,fluid
1067,15.7359,0.95451,,1003.74,-385.034,89108.1,,-6.78022,-0.0832558,6.78073,,-0.306038,8.60748,5.33556,-1.20252,fluid
1068,15.2394,1.05429,,1003.61,-733.115,86034.1,,-8.29114,0.483422,8.30522,,-14.5102,17.0481,-8.88503,7.23806,fluid
1069,16.2607,0.971242,,1003.7,-395.121,88097.6,,-7.6151,-0.0936293,7.61567,,-0.796422,9.35272,4.60144,-0.457283,fluid
1070,15.9499,1.14526,,1003.62,-381.933,86043.8,,-7.74076,-0.00803886,7.74077,,1.70818,10.5305,7.08336,0.720519,fluid
1071,17.9951,1.0184,,1003.71,-369.39,88287.2,,-7.25514,-0.185747,7.25751,,-6.71041,11.9402,-1.82235,2.13016,fluid
1072,18.638,1.09282,,1003.81,-421.982,90624.1,,-7.44022,-0.360774,7.44897,,-9.05111,12.8506,-4.20721,3.04065,fluid
1073,18.6302,1.20224,,1003.83,-435.162,91108,,-7.73039,-0.359873,7.73876,,-10.6962,11.8595,-5.82447,2.04948,fluid
1074,17.3324,1.17749,,1003.43,-529.343,81687.3,,-8.45546,0.0321391,8.45552,,-7.94521,14.2485,-3.24835,4.43846,fluid
1075,17.6994,1.27406,,1003.57,-459.268,85024.3,,-8.46948,0.126451,8.47043,,-8.88001,13.8172,-4.09333,4.00721,fluid
1076,18.6427,1.58165,,1003.78,-478.352,90099.6,,-8.47019,-0.527609,8.4866,,-15.2867,6.96917,-10.472,-2.84083,fluid
1077,18.3964,1.40675,,1003.74,-451.52,89133.6,,-8.48043,-0.267519,8.48465,,-12.8843,11.5097,-8.05718,1.69971,fluid
1078,18.1958,1.80336,,1003.48,-466.833,82696.9,,-8.81472,0.0981072,8.81527,,-14.6915,7.95109,-10.1624,-1.85891,fluid
1079,17.7043,2.03273,,1003.2,-471.5,75983.1,,-8.86276,0.142185,8.8639,,-12.5269,11.5153,-8.24882,1.70535,fluid
1080,17.7187,1.80506,,1003.35,-472.479,79575.7,,-8.9728,0.19426,8.9749,,-11.619,11.8547,-7.14296,2.04465,fluid
1081,17.4636,1.74717,,1003.3,-479.789,78573.5,,-8.9274,0.397126,8.93623,,-9.24658,12.9957,-4.76212,3.18568,fluid
1082,17.7834,2.32646,,1003,-483.724,71199.9,,-8.51898,0.373418,8.52716,,-15.0907,11.6481,-11.0989,1.83809,fluid
1083,17.3002,2.45924,,1002.9,-436.095,68776.2,,-8.16741,0.812044,8.20768,,-8.2889,15.4294,-4.32493,5.61944,fluid
1084,16.9662,2.56696,,1002.78,-470.05,65946.5,,-7.7615,0.949417,7.81935,,-8.4839,18.3518,-4.60773,8.54182,fluid
1085,16.9613,3.22298,,1002.42,-423.571,57299.4,,-7.27335,1.18278,7.3689,,-8.09705,16.7207,-4.72695,6.91067,fluid
1086,16.6594,2.81436,,1002.57,-464.495,60930.8,,-7.55271,1.0386,7.62379,,-6.32107,19.0885,-2.67299,9.27853,fluid
1087,16.6659,3.69021,,1002.07,-392.986,49111.1,,-6.58422,1.52175,6.75779,,-5.43075,16.9325,-2.49005,7.12249,fluid
1088,16.3896,3.78819,,1001.97,-386.817,46556.8,,-6.12197,1.55313,6.31591,,-3.08109,17.4304,-0.246041,7.62045,fluid
1089,16.1944,3.98747,,1001.82,-380.708,43179.6,,-5.80568,1.71366,6.05331,,-1.58107,18.4275,1.0804,8.61751,fluid
1090,15.1115,5.00972,,1001.18,-338.984,27858.9,,-5.45295,2.44363,5.97544,,-2.14352,18.2623,-0.302136,8.45231,fluid
1091,14.8611,5.05058,,1001.14,-313.502,27042.6,,-5.08863,2.35045,5.60524,,-2.36487,18.3911,-0.547261,8.58109,fluid
1092,13.9524,5.66668,,1000.67,-433.537,15688.9,,-5.8339,2.37218,6.29775,,-1.03248,12.2774,0.0912266,2.46736,fluid
1093,12.1947,6.37746,,1000.2,-706.687,4803.27,,-8.87509,3.06475,9.38935,,-3.05651,11.9922,-2.66271,2.18221,fluid
1094,10.4382,6.08793,,1000.18,-1085.61,4213.75,,-11.5217,1.60111,11.6324,,-1.59762,14.076,-1.19401,4.26598,fluid
1095,9.59488,5.32884,,1001.09,-1214.45,25825.8,,-12.0112,0.730663,12.0334,,-14.4081,25.0528,-11.7194,15.2428,fluid
1096,11.0728,0.731778,,1005.2,-538.323,124287,,-5.85161,0.25047,5.85697,,-9.22357,17.3849,1.94297,7.57486,fluid
1097,16.2278,0.414791,,1004.17,-202.137,99361.4,,-3.2176,-0.0614678,3.21819,,-9.93025,6.02805,-3.83276,-3.78195,fluid
1098,18.5708,0.255406,,1003.32,-98.7855,78976.9,,-2.31914,-0.104516,2.32149,,-2.97882,16.342,1.25985,6.53205,fluid
1099,20.4238,0.27634,,1003.21,-47.8014,76385.1,,-1.31963,-0.149461,1.32807,,-0.332641,17.3631,3.39539,7.55306,fluid
1100,19.3036,0.478791,,1003.41,-189.145,81226.9,,-3.13591,-0.199764,3.14227,,-4.0337,20.2797,0.159841,10.4697,fluid
1101,14.0803,1.27166,,1003.91,-521.392,93083,,-7.48443,0.719468,7.51893,,-8.54886,13.8533,-1.96371,4.04327,fluid
1102,15.5071,0.746852,,1003.91,-362.356,93024.4,,-6.27355,-0.102207,6.27439,,-4.87609,4.36935,1.0994,-5.44065,fluid
1103,17.147,0.487786,,1003.64,-190.676,86521.9,,-3.19118,-0.118475,3.19337,,-3.21526,4.91726,1.81237,-4.89274,fluid
1104,17.2079,0.534979,,1003.61,-211.491,85812.8,,-3.70672,-0.128589,3.70895,,-2.72844,6.39555,2.24047,-3.41445,fluid
1105,14.6622,2.66108,,1002.76,-596.025,65485.9,,-7.6478,2.38159,8.01004,,-5.94216,17.1304,-1.48813,7.32042,fluid
1106,14.2822,2.27499,,1003.06,-686.72,72625.8,,-8.21966,1.46701,8.34955,,-4.66606,18.7966,0.403515,8.98659,fluid
1107,14.9328,2.97998,,1002.49,-479.318,59018.6,,-6.91918,1.86955,7.16731,,-6.16138,14.3678,-2.21892,4.55777,fluid
1108,13.9893,2.32361,,1003.05,-664.222,72461.1,,-8.07984,1.75674,8.26861,,-5.81254,19.6323,-0.648523,9.8223,fluid
1109,18.3114,0.836059,,1003.7,-345.243,88205,,-6.15884,-0.253296,6.16405,,-5.14252,14.2353,-0.343353,4.42529,fluid
1110,19.3568,1.00147,,1004.02,-345.893,95853,,-6.6672,-0.438524,6.6816,,-12.3052,17.0108,-7.37315,7.20085,fluid
1111,19.3928,1.35712,,1004.25,-379.968,101418,,-7.86505,-0.702428,7.89635,,-15.0257,11.4885,-9.81813,1.6785,fluid
1112,19.5678,1.15798,,1004.24,-310.458,101127,,-6.79957,-0.578855,6.82416,,-9.71211,13.0165,-4.5659,3.2065,fluid
1113,19.3947,0.915789,,1003.96,-309.878,94254.7,,-6.1671,-0.415074,6.18106,,-9.4688,19.2307,-4.62813,9.4207,fluid
1114,17.5736,0.998809,,1003.57,-376.285,85058.1,,-7.80277,-0.13255,7.8039,,-4.73004,12.7662,0.0928166,2.95621,fluid
1115,17.0491,0.818241,,1003.48,-470.672,82891.3,,-6.68261,-0.0820957,6.68312,,-10.8598,7.95624,-6.01472,-1.85376,fluid
1116,14.5884,1.18625,,1003.81,-486.765,90660,,-7.77865,1.18945,7.86907,,-4.68506,14.3588,1.50588,4.5488,fluid
1117,17.9297,0.811498,,1003.69,-324.097,87742.6,,-6.48034,-0.215984,6.48394,,-4.69076,14.3956,0.184962,4.58557,fluid
1118,19.9739,1.05532,,1004.27,-273.88,101717,,-5.98782,-0.567312,6.01463,,-6.65001,14.9612,-1.57914,5.15123,fluid
1119,19.74,1.31303,,1004.4,-271.748,104992,,-6.49997,-1.13098,6.59763,,-8.92436,14.7311,-3.62892,4.92106,fluid
1120,19.2632,1.71375,,1004.12,-368.374,98312.5,,-8.26928,-0.310068,8.27509,,-13.1107,7.38349,-8.02807,-2.42651,fluid
1121,18.9805,1.36344,,1004,-461.255,95350.7,,-8.11846,-0.59338,8.14011,,-14.1011,9.91746,-9.09746,0.107457,fluid
1122,19.0239,1.18286,,1003.98,-459.337,94805.9,,-7.9868,-0.471181,8.00069,,-13.729,12.0939,-8.76526,2.28385,fluid
1123,19.13,2.03929,,1003.82,-349.395,91075.2,,-8.02327,-0.28835,8.02845,,-12.3988,9.60694,-7.65608,-0.203063,fluid
1124,17.8353,2.92823,,1002.61,-433.186,61868.6,,-7.92923,0.890828,7.97912,,-15.3961,17.9973,-11.9362,8.18726,fluid
1125,17.4572,2.89322,,1002.64,-420.593,62743.1,,-8.01767,0.717048,8.04967,,-11.5355,17.665,-7.95091,7.85497,fluid
1126,17.926,2.69969,,1002.76,-476.043,65407.7,,-8.16789,0.785024,8.20553,,-16.1939,15.6816,-12.5552,5.87159,fluid
1127,18.6284,2.00209,,1003.53,-446.782,84110.1,,-8.35496,-0.26716,8.35923,,-15.9938,6.25236,-11.4945,-3.55764,fluid
1128,18.1196,2.21167,,1003.14,-501.528,74593,,-8.37508,-0.212794,8.37779,,-17.4353,8.92317,-13.3315,-0.886833,fluid
1129,18.6711,1.80573,,1003.69,-463.632,87814.2,,-8.31196,-0.365767,8.32,,-15.8032,4.62172,-11.1173,-5.18828,fluid
1130,19.0209,1.66711,,1003.98,-433.818,94845.8,,-7.82517,-0.189047,7.82745,,-14.5853,5.8852,-9.6187,-3.9248,fluid
1131,18.012,1.90579,,1003.35,-473.256,79616.6,,-8.57957,0.0131546,8.57958,,-15.1059,9.43964,-10.7005,-0.370359,fluid
1132,17.6107,2.54073,,1002.85,-452.871,67737.9,,-8.4378,0.688865,8.46587,,-12.6921,14.5427,-8.8566,4.73265,fluid
1133,17.1998,2.72911,,1002.73,-433.371,64903.5,,-7.94157,0.99423,8.00357,,-9.00411,18.3688,-5.24088,8.55878,fluid
1134,17.321,3.22646,,1002.44,-409.54,57907.1,,-7.50029,1.22613,7.59985,,-9.66208,17.3049,-6.32705,7.49489,fluid
1135,17.0891,3.02556,,1002.55,-420.188,60560,,-7.44471,0.968552,7.50745,,-9.39092,17.6874,-5.85616,7.87743,fluid
1136,16.8239,3.88189,,1001.97,-384.251,46577,,-6.39247,2.02101,6.70434,,-5.29985,18.1755,-2.53678,8.36551,fluid
1137,16.7639,3.38294,,1002.28,-420.471,54091.5,,-7.18163,1.2699,7.29304,,-6.30896,16.3328,-3.08963,6.52277,fluid
1138,16.3971,4.40259,,1001.65,-324.279,39107,,-5.783,2.06532,6.14074,,-2.12691,19.464,0.25415,9.654,fluid
1139,16.1833,4.43388,,1001.62,-320.587,38407.9,,-5.73339,2.18192,6.13453,,-1.32404,19.9664,1.04542,10.1564,fluid
1140,15.6718,4.94904,,1001.26,-333.3,29876.7,,-4.97897,2.22024,5.45157,,-1.63974,18.663,0.264253,8.85298,fluid
1141,14.4355,5.66744,,1000.69,-407.771,16340.3,,-5.46794,2.3818,5.96418,,-0.540983,12.4069,0.590183,2.5969,fluid
1142,13.524,6.01248,,1000.47,-500.629,10994.1,,-7.01376,2.17556,7.34342,,-1.38863,15.4384,-0.576073,5.62837,fluid
1143,9.69041,5.39188,,1000.91,-1162.05,21462.8,,-11.5864,0.31132,11.5906,,-8.10101,23.8348,-5.88817,14.0248,fluid
1144,11.3216,0.670963,,1005.42,-488.779,129748,,-5.72452,0.259355,5.73039,,-12.5032,15.4132,-1.10478,5.60321,fluid
1145,13.6506,2.46463,,1003.04,-534.313,72139.8,,-8.2145,2.35953,8.54666,,-9.17909,20.1291,-3.91036,10.3191,fluid
1146,20.3181,0.224995,,1003.13,-40.3824,74360.9,,-1.33837,-0.137341,1.3454,,-1.98369,17.7233,1.66474,7.91327,fluid
1147,20.8302,0.279865,,1003.21,-54.875,76217.1,,-2.04214,-0.155359,2.04804,,-4.17948,17.7228,-0.532198,7.91285,fluid
1148,20.2729,0.35963,,1003.34,-73.209,79396.6,,-2.209,-0.163368,2.21503,,-5.1414,18.1859,-1.23804,8.37595,fluid
1149,16.2098,0.749456,,1003.88,-385.174,92425.1,,-6.79334,-0.0994905,6.79407,,-2.46541,7.97583,3.21437,-1.83417,fluid
1150,17.413,0.613104,,1003.59,-234.418,85448.9,,-4.17804,-0.15822,4.18104,,-2.40889,9.79119,2.48074,-0.0188067,fluid
1151,17.5632,0.519931,,1003.62,-216.647,86261.5,,-3.43198,-0.168784,3.43613,,-1.61137,10.4501,3.28238,0.640063,fluid
1152,13.992,1.07567,,1004.13,-529.909,98399,,-7.05387,0.124528,7.05497,,-8.26404,9.71574,-1.26045,-0.0942623,fluid
1153,15.4898,0.938871,,1003.72,-485.847,88481.7,,-7.04575,-0.00837477,7.04576,,-9.58122,6.67669,-3.89011,-3.13331,fluid
1154,14.9346,0.90335,,1003.86,-685.85,91867.2,,-8.27978,0.216847,8.28262,,-10.5923,9.71005,-4.46465,-0.0999479,fluid
1155,21.4618,0.682753,,1003.94,-105.935,93986.8,,-2.64611,-0.349288,2.66906,,-2.22747,21.9456,2.1346,12.1356,fluid
1156,20.8922,0.780439,,1004.04,-213.55,96378.8,,-3.8995,-0.426085,3.9227,,-7.79878,17.8714,-3.20421,8.06138,fluid
1157,20.6671,0.981391,,1004.28,-288.489,102150,,-4.73357,-0.619507,4.77394,,-13.2975,17.0382,-8.37594,7.22815,fluid
1158,21.1282,1.13701,,1004.57,-198.014,109199,,-3.18777,-0.943719,3.32452,,-2.46629,18.0239,2.67855,8.21388,fluid
1159,20.7162,1.13836,,1004.48,-312.965,106835,,-5.16635,-0.903363,5.24473,,-14.8666,17.1187,-9.73253,7.30868,fluid
1160,19.6679,0.856204,,1003.98,-276.743,94760.1,,-4.97624,-0.417996,4.99377,,-4.6767,19.5822,0.122234,9.7722,fluid
1161,18.9292,0.785696,,1003.69,-382.347,87871.4,,-6.39651,-0.265132,6.402,,-11.476,17.7462,-6.85095,7.93624,fluid
1162,19.2704,0.731014,,1003.72,-275.893,88459.1,,-5.59482,-0.298841,5.6028,,-8.50944,21.4707,-3.93601,11.6607,fluid
1163,18.4579,0.863182,,1003.71,-359.568,88355.4,,-6.69669,-0.272587,6.70223,,-4.53011,14.6562,0.239049,4.8462,fluid
1164,20.4183,1.10718,,1004.38,-361.551,104548,,-6.0003,-0.726926,6.04417,,-13.7405,16.2392,-8.64253,6.42923,fluid
1165,20.236,1.23599,,1004.47,-319.336,106679,,-6.52289,-1.00671,6.60012,,-10.5015,16.1686,-5.2532,6.35858,fluid
1166,20.8926,1.37129,,1004.75,-193.926,113407,,-5.10336,-2.21243,5.56229,,-9.68002,16.1954,-4.27759,6.38537,fluid
1167,19.8981,1.80248,,1004.46,-310.07,106379,,-8.05068,-1.25467,8.14786,,-20.7059,4.7534,-15.3835,-5.0566,fluid
1168,19.3379,1.93507,,1004.03,-331.584,96049.9,,-8.02607,-0.449371,8.03864,,-12.2612,8.59294,-7.31421,-1.21706,fluid
1169,19.9624,1.59099,,1004.54,-241.666,108436,,-7.00944,-1.97833,7.28328,,-12.4615,0.178766,-7.05404,-9.63123,fluid
1170,18.6257,2.30392,,1003.32,-446.378,78990.1,,-8.35721,-0.5996,8.37869,,-14.7449,12.4252,-10.518,2.61516,fluid
1171,17.4556,4.55593,,1001.44,-370.913,34115.9,,-6.0278,2.3473,6.46871,,-6.3522,18.8551,-4.40057,9.04509,fluid
1172,17.0901,4.67389,,1001.41,-380.005,33384.8,,-5.76217,2.34253,6.22013,,-6.06678,18.6913,-4.11607,8.88127,fluid
1173,17.6425,4.5058,,1001.46,-377.472,34570,,-6.23989,2.60867,6.76324,,-4.6938,19.0941,-2.73718,9.28408,fluid
1174,17.7062,4.25456,,1001.64,-386.916,38731.3,,-6.69854,2.12736,7.02824,,-5.85947,18.0925,-3.6756,8.28251,fluid
1175,17.9681,3.09204,,1002.52,-419.084,59802.4,,-7.67945,0.874749,7.72911,,-13.674,21.4212,-10.3541,11.6112,fluid
1176,18.8608,2.07907,,1003.63,-421.559,86290,,-7.68731,-0.420682,7.69881,,-12.049,9.0517,-7.49042,-0.758296,fluid
1177,18.1586,2.33836,,1003.05,-502.879,72581.8,,-8.24774,-0.113906,8.24853,,-17.283,11.0827,-13.2981,1.27266,fluid
1178,18.5366,2.04441,,1003.45,-464.34,82118.8,,-8.70091,-0.424548,8.71126,,-17.791,7.3068,-13.3761,-2.5032,fluid
1179,18.1307,2.58906,,1002.87,-503.775,68192.4,,-8.3201,0.232448,8.32335,,-16.3102,15.5319,-12.5598,5.72194,fluid
1180,17.7282,3.63422,,1002.13,-382.874,50476.9,,-7.15578,1.75019,7.36671,,-8.14061,20.3749,-5.29939,10.5649,fluid
1181,16.8142,4.28884,,1001.7,-363.926,40227.6,,-6.09699,1.95052,6.40139,,-4.53224,19.5708,-2.14383,9.76082,fluid
1182,17.6966,3.29752,,1002.37,-388.378,56315.1,,-7.39921,1.19145,7.49453,,-11.7619,19.5617,-8.58723,9.75173,fluid
1183,17.3445,4.14317,,1001.75,-387.614,41406,,-6.4938,1.98943,6.79171,,-6.78305,18.1505,-4.39995,8.34046,fluid
1184,17.1581,4.01512,,1001.87,-371.074,44170.9,,-6.24819,2.18177,6.61816,,-6.27808,18.5468,-3.70852,8.73675,fluid
1185,17.2866,3.52042,,1002.24,-375.299,53096.7,,-6.6849,1.71037,6.90023,,-9.0005,18.308,-5.9358,8.49799,fluid
1186,17,3.61906,,1002.16,-393.491,51201.8,,-6.58636,1.78276,6.82337,,-6.77983,17.6182,-3.77445,7.8082,fluid
1187,16.604,4.58713,,1001.54,-367.718,36431.4,,-5.84048,2.37741,6.30581,,-3.37202,19.694,-1.18127,9.88403,fluid
1188,16.7566,4.06625,,1001.84,-372.544,43648,,-6.1212,2.19944,6.50435,,-5.15721,18.9074,-2.55717,9.09736,fluid
1189,16.0229,4.77421,,1001.43,-287.612,33783.3,,-5.29396,1.98567,5.6541,,-1.79837,19.4519,0.307066,9.64185,fluid
1190,15.1321,5.38585,,1000.9,-341.743,21280.5,,-5.79909,2.13194,6.17856,,-2.16886,14.4076,-0.763802,4.59761,fluid
1191,10.6655,6.22278,,1000.19,-997.62,4496.92,,-10.9466,1.99349,11.1267,,-1.83887,13.2153,-1.41732,3.40532,fluid
1192,11.8116,0.436803,,1005.79,-369.493,138639,,-5.19341,0.146154,5.19547,,-12.6574,8.65781,-0.987378,-1.15219,fluid
1193,14.2643,3.22264,,1002.38,-406.437,56372.3,,-7.12388,1.83801,7.35717,,-5.68812,12.3787,-1.74549,2.56871,fluid
1194,19.0132,0.259216,,1003.18,-85.3891,75605,,-2.14052,-0.129755,2.14444,,-4.79518,17.9913,-0.831354,8.18134,fluid
1195,21.235,0.275609,,1003.16,-78.6649,75210.5,,-1.6522,-0.158279,1.65976,,-5.84063,19.2323,-2.30999,9.42234,fluid
1196,19.6309,0.562603,,1003.58,-219.268,85086.9,,-4.05916,-0.244079,4.06649,,-1.7725,21.3837,2.54639,11.5737,fluid
1197,18.8737,0.666861,,1003.59,-330.215,85356.2,,-5.47689,-0.221905,5.48138,,-11.2867,17.416,-6.78038,7.60604,fluid
1198,17.6622,0.632437,,1003.63,-229.373,86441.1,,-5.76596,-0.197666,5.76935,,0.250837,16.436,5.12726,6.62602,fluid
1199,13.3285,1.7887,,1003.66,-581.72,87054.9,,-8.32358,0.889917,8.37101,,-10.5666,16.861,-4.05891,7.05096,fluid
1200,16.7408,0.792701,,1003.58,-540.539,85102.3,,-7.08195,-0.0518804,7.08214,,-14.5215,5.28194,-9.4561,-4.52806,fluid
1201,18.0382,0.699649,,1003.67,-328.532,87422,,-5.69607,-0.211211,5.69999,,-4.33921,14.65,0.489552,4.83998,fluid
1202,20.4772,0.670867,,1003.84,-151.068,91386.2,,-4.02999,-0.294375,4.04073,,-6.94474,17.5891,-2.49898,7.77914,fluid
1203,22.6353,0.773594,,1004.06,-85.9973,96776.3,,-0.977787,-0.432244,1.06907,,-2.14814,19.6995,2.11003,9.8895,fluid
1204,22.5916,1.01871,,1004.44,-85.8382,105823,,-0.617092,-0.682629,0.920209,,-1.3887,19.5625,3.2748,9.75246,fluid
1205,22.1484,1.06612,,1004.55,-125.858,108520,,-2.90344,-0.799365,3.01147,,-10.6548,19.1526,-5.77731,9.34261,fluid
1206,22.5122,1.15752,,1004.62,-68.1351,110182,,-0.742867,-1.01452,1.25742,,-1.2928,21.5948,3.57906,11.7848,fluid
1207,21.3471,1.04867,,1004.51,-125.33,107629,,-2.69492,-0.72273,2.79015,,-0.162555,17.9578,4.85669,8.14781,fluid
1208,20.013,0.957243,,1004.17,-271.76,99325.2,,-5.7894,-0.500099,5.81096,,-6.36227,16.5624,-1.41984,6.7524,fluid
1209,20.0978,0.858619,,1004.06,-270.706,96710.9,,-5.43451,-0.423859,5.45102,,-6.52585,17.4655,-1.73328,7.65553,fluid
1210,21.7413,1.13868,,1004.65,-66.9555,111132,,-2.97141,-0.829516,3.08502,,0.544577,17.5351,5.63245,7.72507,fluid
1211,22.3057,1.19266,,1004.68,-75.8865,111718,,-2.05312,-1.35702,2.46106,,-9.11412,24.9241,-4.12894,15.1141,fluid
1212,22.977,1.47182,,1004.79,91.8868,114313,,0.372912,-1.93327,1.96891,,-4.78582,11.1972,0.165599,1.38721,fluid
1213,21.7669,1.61254,,1004.93,-105.73,117852,,-3.51821,-2.84647,4.52551,,-1.32807,-5.49766,4.05964,-15.3077,fluid
1214,20.6778,1.866,,1004.88,-307.803,116695,,-5.82555,-1.15658,5.93926,,-9.63374,-0.0831237,-4.01768,-9.89312,fluid
1215,21.488,1.28369,,1004.79,-7.22717,114295,,-3.16817,-2.36552,3.95386,,2.50259,36.0424,7.79628,26.2324,fluid
1216,20.7977,1.26484,,1004.63,-270.411,110496,,-5.51511,-1.65708,5.75868,,-13.2284,23.8192,-7.93998,14.0092,fluid
1217,17.9217,4.01007,,1001.83,-405.09,43291.8,,-6.96054,1.60906,7.1441,,-4.48708,18.9997,-2.07588,9.18966,fluid
1218,17.5567,5.29468,,1000.92,-211.682,21683.3,,-4.61762,2.49859,5.25027,,-1.52264,17.701,-0.288726,7.89097,fluid
1219,18.8825,2.51517,,1003.37,-392.825,80221.7,,-8.23574,-0.776353,8.27226,,-12.0238,14.132,-7.78957,4.32196,fluid
1220,18.5382,3.04773,,1002.86,-492.624,67886.7,,-8.55354,0.479361,8.56697,,-14.1312,25.2234,-10.4797,15.4134,fluid
1221,17.5511,5.14527,,1001.04,-234.313,24463,,-4.8628,2.48577,5.4613,,-2.83716,18.166,-1.44478,8.35595,fluid
1222,17.7833,4.91111,,1001.18,-298.875,27854.8,,-5.18711,2.71701,5.85562,,-2.18969,19.729,-0.625185,9.91902,fluid
1223,17.8266,4.26057,,1001.63,-377.285,38594.3,,-6.58762,2.17253,6.93661,,-3.96862,18.9768,-1.80717,9.16683,fluid
1224,17.9294,3.52139,,1002.22,-395.259,52692.7,,-7.34135,1.08471,7.42105,,-7.4695,21.9912,-4.53712,12.1812,fluid
1225,18.0932,3.11724,,1002.54,-429.389,60179.6,,-7.78403,0.762339,7.82127,,-12.4117,23.2014,-9.09407,13.3914,fluid
1226,17.2544,4.75659,,1001.34,-345.032,31589.5,,-5.55696,2.54341,6.11137,,-5.86671,19.1558,-4.03835,9.34582,fluid
1227,17.75,4.88888,,1001.2,-303.048,28295.6,,-5.25819,2.67707,5.90044,,-2.78726,19.4807,-1.19505,9.67066,fluid
1228,16.8101,5.90839,,1000.49,-304.484,11560.5,,-4.87273,2.20809,5.34969,,-1.27838,16.2957,-0.591001,6.48571,fluid
1229,17.5103,5.65736,,1000.63,-240.86,14845.7,,-3.8625,2.52936,4.61698,,-0.857605,15.5684,-0.0103161,5.75844,fluid
1230,16.0229,5.86008,,1000.52,-336.877,12377.4,,-5.3965,2.03936,5.76898,,-0.466504,15.4868,0.305575,5.6768,fluid
1231,14.9675,5.89166,,1000.57,-395.533,13423,,-6.14863,2.43901,6.61471,,-0.918147,15.8844,-0.0218475,6.0744,fluid
1232,17.3072,5.37697,,1000.88,-165.351,20746.1,,-4.13996,2.85436,5.02858,,-2.88269,15.7026,-1.68504,5.89255,fluid
1233,16.4351,5.27426,,1001.01,-316.585,23940.7,,-5.17077,2.41142,5.70542,,-1.80579,14.8745,-0.350582,5.06454,fluid
1234,17.4979,3.66908,,1002.12,-372.982,50160.8,,-6.92838,1.99167,7.20896,,-8.61071,19.6703,-5.75009,9.86032,fluid
1235,17.0491,5.19449,,1001.05,-246.658,24754.6,,-4.94637,2.86884,5.71811,,-4.01199,15.2733,-2.56154,5.46332,fluid
1236,16.8136,4.69488,,1001.44,-389.121,34097.8,,-5.61126,2.58907,6.17977,,-4.72855,19.2779,-2.70348,9.4679,fluid
1237,16.3405,4.92723,,1001.33,-316.332,31453.3,,-5.48094,2.37068,5.97167,,-1.53349,17.621,0.388816,7.811,fluid
1238,16.0726,5.1649,,1001.13,-301.386,26582,,-5.29547,2.30354,5.77479,,-1.79889,15.8816,-0.146885,6.07156,fluid
1239,7.98356,3.68526,,1005.22,-1190.16,124734,,-9.99827,-0.245063,10.0013,,4.35412,37.1212,19.8969,27.3112,fluid
1240,12.4418,0.388023,,1005.48,-376.594,131259,,-4.96568,0.309923,4.97535,,-11.4282,11.5632,-0.935951,1.75319,fluid
1241,14.5265,0.406746,,1004.83,-207.538,115496,,-4.42693,-0.0372516,4.42709,,-9.01359,1.81674,-1.10113,-7.99326,fluid
1242,18.2306,0.302746,,1003.48,-201.212,82802.6,,-3.34031,-0.109131,3.34209,,-6.62814,15.248,-2.10192,5.43803,fluid
1243,22.6245,0.283545,,1003.14,-14.217,74715.1,,-1.13549,-0.160314,1.14675,,-3.74513,19.6328,-0.453077,9.82285,fluid
1244,18.9604,0.393419,,1003.33,-152.307,79085.1,,-3.0641,-0.153897,3.06796,,-8.03097,18.0941,-3.87373,8.28407,fluid
1245,22.244,0.734405,,1004.02,-106.238,95865.5,,-2.35133,-0.384204,2.38251,,-6.1707,21.0611,-1.87824,11.2511,fluid
1246,21.6421,0.562336,,1003.72,-99.427,88565.9,,-2.13031,-0.276651,2.1482,,-0.701669,22.247,3.37545,12.437,fluid
1247,13.7354,0.998481,,1004.3,-579.507,102457,,-7.49718,0.153124,7.49874,,-13.871,11.8544,-6.4436,2.04442,fluid
1248,14.5747,0.994272,,1003.98,-507.931,94875.6,,-7.60741,0.463556,7.62152,,-7.22236,9.31041,-0.738581,-0.499594,fluid
1249,21.1986,0.744926,,1004.03,-157.592,96005.3,,-3.06853,-0.401212,3.09465,,-4.5507,20.0348,-0.0400207,10.2248,fluid
1250,21.0355,0.909281,,1004.26,-222.546,101526,,-3.20895,-0.562816,3.25793,,-6.13072,18.3801,-1.32475,8.57014,fluid
1251,23.5318,1.475,,1004.64,54.0538,110740,,0.120805,-0.660041,0.671005,,-6.8638,14.3317,-2.17954,4.52172,fluid
1252,23.112,1.70459,,1004.77,66.2722,113904,,-0.0446581,-2.05749,2.05797,,6.40529,9.35369,11.3103,-0.456313,fluid
1253,22.5454,1.99624,,1004.75,-29.6099,113340,,-0.826859,-1.06967,1.352,,3.77617,7.43497,8.77961,-2.37503,fluid
1254,22.1967,1.804,,1004.9,-115.015,117014,,-2.3642,-1.64733,2.88152,,-5.71116,0.593598,-0.465169,-9.2164,fluid
1255,23.5238,1.97835,,1004.58,-60.3906,109226,,0.0938437,-0.00693755,0.0940998,,-0.260435,12.1072,4.36163,2.29723,fluid
1256,22.9415,1.10053,,1004.5,-14.3552,107438,,0.341098,-0.747913,0.822023,,-3.56565,18.4511,1.09651,8.64107,fluid
1257,23.0626,1.29694,,1004.67,87.7073,111587,,0.288583,-1.2703,1.30266,,-5.61982,18.0376,-0.803864,8.22761,fluid
1258,19.549,2.34564,,1003.84,-463.715,91403.5,,-7.8923,-1.94427,8.12825,,-15.3224,12.2123,-10.6647,2.40229,fluid
1259,19.6409,2.94592,,1003.79,-717.918,90219.1,,-7.82918,-0.423576,7.84063,,-11.9708,29.8352,-7.39472,20.0252,fluid
1260,20.0036,1.79545,,1004.52,-307.659,107912,,-7.62536,-1.77046,7.82819,,-17.1918,2.26992,-11.8214,-7.54008,fluid
1261,22.3421,1.38394,,1004.84,7.37913,115502,,-1.38013,-3.02595,3.32582,,-4.90451,23.5415,0.240327,13.7315,fluid
1262,21.2645,1.73,,1004.96,-165.184,118456,,-4.41797,-1.90122,4.80969,,-3.04627,0.127048,2.49685,-9.68295,fluid
1263,19.3101,2.62371,,1003.59,-393.356,85371.7,,-8.3068,-1.17983,8.39017,,-14.3223,13.275,-9.91696,3.46496,fluid
1264,18.1266,3.76754,,1002.06,-418.101,48912.6,,-7.57526,1.28235,7.68303,,-3.61957,22.1091,-0.926729,12.2991,fluid
1265,19.6135,1.54718,,1004.39,-275.812,104704,,-7.70513,-1.40023,7.83133,,-14.6881,9.87641,-9.37312,0.0664127,fluid
1266,19.328,2.16217,,1003.84,-351.357,91543,,-7.98643,-1.10413,8.0624,,-12.552,11.9245,-7.83381,2.11454,fluid
1267,18.9775,2.66293,,1003.38,-370.797,80459.5,,-8.38198,-0.493104,8.39648,,-12.6311,16.707,-8.40562,6.897,fluid
1268,18.4838,2.58226,,1003.06,-480.982,72637.5,,-8.48482,-0.510881,8.50019,,-15.5165,16.2327,-11.5987,6.42271,fluid
1269,18.5983,2.83065,,1003.02,-475.039,71659.9,,-8.30072,-0.247898,8.30442,,-14.3775,20.5891,-10.5361,10.7791,fluid
1270,18.3111,3.14822,,1002.62,-450.097,62259.3,,-8.32631,0.604677,8.34824,,-12.0798,26.3395,-8.68857,16.5295,fluid
1271,18.0224,4.03201,,1001.82,-416.702,43109.4,,-6.80161,1.75695,7.02487,,-2.63782,19.6998,-0.25018,9.88979,fluid
1272,18.1354,4.59633,,1001.4,-295.33,32994.9,,-5.86486,2.83088,6.51233,,-0.475759,20.9507,1.34107,11.1407,fluid
1273,18.1047,5.04642,,1001.05,-267.778,24760,,-4.9855,2.70964,5.67427,,1.83072,20.6809,3.19688,10.8709,fluid
1274,18.7872,3.23615,,1003.01,-455.074,71504.8,,-8.19603,0.0897248,8.19652,,-13.8304,29.3535,-10.0358,19.5435,fluid
1275,17.8076,5.94885,,1000.42,-304.823,9838.2,,-4.52609,2.12564,5.00038,,-0.306807,15.3591,0.245436,5.5491,fluid
1276,17.2988,5.97213,,1000.44,-256.199,10449.7,,-4.436,2.11566,4.91468,,-0.777871,16.8508,-0.174069,7.04081,fluid
1277,18.0238,5.32606,,1000.83,-225.328,19667,,-4.66597,2.6007,5.34181,,0.827874,18.5238,1.91813,8.71378,fluid
1278,15.6319,5.94956,,1000.49,-355.192,11546.9,,-5.54469,2.18468,5.95957,,-0.491641,16.3533,0.246674,6.54335,fluid
1279,9.60805,5.00121,,1001.56,-1160.91,37013.6,,-12.1381,0.219505,12.1401,,-9.86683,12.6397,-6.0205,2.82972,fluid
1280,12.7362,6.43395,,1000.21,-606.394,5064.28,,-7.49014,2.66108,7.94881,,0.659832,13.0949,1.05738,3.28493,fluid
1281,16.51,5.67404,,1000.65,-345.598,15276.4,,-5.05595,2.67949,5.72209,,-1.4835,13.6456,-0.558817,3.83558,fluid
1282,17.096,5.54715,,1000.75,-194.182,17698.3,,-4.25288,2.82971,5.10826,,-2.66142,14.5547,-1.62697,4.74474,fluid
1283,15.4393,5.63715,,1000.69,-368.319,16335.5,,-5.45059,2.29828,5.91532,,-1.42739,13.0083,-0.370074,3.19831,fluid
1284,16.7795,5.16841,,1001.09,-310.649,25739.1,,-5.19327,2.61762,5.81567,,-3.77676,15.3256,-2.24447,5.51559,fluid
1285,16.0447,5.33128,,1000.97,-298.327,22804.7,,-5.34274,2.49928,5.89841,,-1.76547,14.8584,-0.34552,5.04844,fluid
1286,15.4657,5.19815,,1001.06,-343.76,24924.9,,-5.26696,1.87645,5.59124,,-1.90065,16.4331,-0.29072,6.62312,fluid
1287,7.39969,3.85242,,1017.64,-684.151,437959,,-7.33475,6.75902,9.97411,,-19.4136,56.8407,38.7465,47.0307,fluid
1288,13.9407,0.35248,,1005.17,-236.431,123655,,-3.66749,-0.00643493,3.6675,,-4.90243,1.97456,3.92198,-7.83544,fluid
1289,16.1155,0.294168,,1004.34,-257.587,103602,,-5.24315,-0.0510094,5.2434,,-9.63053,8.23881,-3.22963,-1.57119,fluid
1290,19.8583,0.276865,,1003.17,-150.633,75445.7,,-2.46899,-0.139379,2.47292,,-6.7115,19.078,-2.92431,9.26805,fluid
1291,21.4305,0.292933,,1003.18,-87.1623,75699.5,,-1.57615,-0.166806,1.58495,,-2.30379,20.2121,1.21732,10.4021,fluid
1292,22.2638,0.354496,,1003.29,-15.8868,78142.1,,-1.06572,-0.184737,1.08161,,-1.42945,20.7823,2.06888,10.9723,fluid
1293,21.8082,0.833575,,1004.22,-87.1278,100678,,-2.49263,-0.462765,2.53522,,0.0256692,21.252,4.62277,11.442,fluid
1294,22.8911,0.678575,,1003.88,-38.6021,92446.9,,-0.635748,-0.342972,0.722361,,1.03136,20.0775,5.05429,10.2675,fluid
1295,20.478,0.586085,,1003.71,-110.373,88314.1,,-3.50224,-0.255651,3.51156,,-4.94513,17.9989,-0.648439,8.18895,fluid
1296,22.1838,0.627751,,1003.83,-78.8473,91211.6,,-2.03265,-0.311162,2.05633,,-5.18841,21.5061,-1.09246,11.6961,fluid
1297,23.7677,0.626138,,1003.67,-3.64508,87464.6,,0.0443814,-0.300754,0.304011,,-5.63614,20.5649,-1.96964,10.7549,fluid
1298,23.535,2.41237,,1004.25,30.7155,101358,,0.064924,-0.929492,0.931757,,9.01699,15.8145,13.3055,6.00453,fluid
1299,22.848,1.9398,,1004.71,-26.1984,112383,,-0.57208,-2.5698,2.63271,,10.8411,7.33745,15.7367,-2.47255,fluid
1300,21.0622,2.78192,,1004.8,-145.053,114698,,-3.72083,-3.93863,5.41824,,-2.61469,22.7112,2.80496,12.9012,fluid
1301,21.8496,2.0823,,1004.78,-178.4,114120,,-2.73082,-2.76383,3.88537,,3.51629,9.77914,8.71442,-0.0308647,fluid
1302,23.6147,3.45732,,1002.76,97.2733,65475.4,,0.447789,3.81978,3.84593,,8.33644,36.0856,11.1015,26.2756,fluid
1303,23.4634,2.5745,,1004.04,48.9113,96359.4,,0.0596991,-0.779657,0.781939,,12.5772,20.5382,16.6675,10.7282,fluid
1304,22.3036,1.43445,,1004.87,0.186033,116268,,-1.76248,-3.41038,3.83889,,-6.54558,17.9048,-1.35784,8.09484,fluid
1305,22.4967,2.44799,,1004.33,8.26774,103159,,-2.40053,-4.32113,4.94314,,-0.0795117,21.5191,4.48628,11.7091,fluid
1306,22.8974,2.3213,,1004.28,-117.001,101991,,-0.97105,-4.21996,4.33024,,9.99575,15.1635,14.4311,5.35348,fluid
1307,22.2392,2.029,,1004.79,-62.2385,114296,,-3.08256,-3.14348,4.40269,,-1.95136,14.6752,3.16357,4.86519,fluid
1308,19.7189,2.83857,,1003.84,-708.566,91351.4,,-7.23081,-1.5255,7.38998,,-11.8215,23.6632,-7.20656,13.8532,fluid
1309,22.3212,3.21905,,1003.68,252.07,87677.3,,3.61316,-0.829071,3.70706,,7.15331,24.579,11.0669,14.769,fluid
1310,20.5737,2.63285,,1004.81,-212.539,114928,,-5.07923,-3.70713,6.2882,,-9.09687,20.2253,-3.53745,10.4153,fluid
1311,21.1612,2.20473,,1004.88,-257.745,116660,,-5.44952,-2.75988,6.10853,,-8.93674,16.7885,-3.45062,6.97847,fluid
1312,21.7522,2.03143,,1004.81,-207.146,114929,,-3.07526,-2.68086,4.07974,,0.499443,5.59022,5.75771,-4.21978,fluid
1313,21.6488,1.94862,,1004.86,-218.487,116119,,-3.61713,-3.09514,4.76062,,-2.21475,1.25007,3.12308,-8.55993,fluid
1314,21.3662,1.91095,,1004.92,-212.213,117542,,-4.77205,-2.87658,5.572,,-5.24863,5.88361,0.225723,-3.92639,fluid
1315,20.8031,2.01909,,1004.93,-225.008,117729,,-5.47626,-2.15087,5.88351,,-4.48044,8.81425,1.15103,-0.995754,fluid
1316,20.4175,2.04661,,1004.73,-327.974,112998,,-5.91833,-2.75052,6.52625,,-13.5729,6.39875,-8.06458,-3.41125,fluid
1317,21.2375,1.65028,,1004.95,-90.4341,118281,,-4.42108,-3.37657,5.56302,,-1.84293,0.258896,3.6991,-9.5511,fluid
1318,22.323,1.79257,,1004.89,-76.7724,116880,,-1.72717,-2.26865,2.8513,,-1.4944,2.0682,3.71597,-7.7418,fluid
1319,20.9051,1.59976,,1004.89,-177.169,116856,,-5.32571,-2.81606,6.0244,,-10.418,4.04432,-4.85538,-5.76568,fluid
1320,19.8573,2.16995,,1004.19,-425.877,99970.3,,-7.76388,-2.55054,8.17209,,-23.0091,14.1626,-17.9957,4.35256,fluid
1321,20.6688,2.35831,,1004.87,-180.688,116238,,-3.94943,-3.10294,5.02257,,-4.03166,13.5077,1.56496,3.69771,fluid
1322,20.6946,2.90403,,1004.84,-300.987,115581,,-4.5272,-2.96531,5.41189,,-3.80064,27.5908,1.75752,17.7808,fluid
1323,19.4221,2.81929,,1003.63,-451.163,86457.1,,-7.87202,-1.03825,7.94019,,-15.0417,20.3459,-10.6063,10.5359,fluid
1324,18.7815,3.32847,,1002.94,-486.923,69910.2,,-8.27671,0.413692,8.28704,,-13.9577,31.8804,-10.2463,22.0704,fluid
1325,16.9373,6.0288,,1000.43,-288.473,10082.8,,-4.842,2.15942,5.30171,,-0.923821,17.7344,-0.328774,7.92441,fluid
1326,15.023,6.02098,,1000.51,-404.573,12010.7,,-5.9871,2.44021,6.46529,,-1.06858,18.6927,-0.2695,8.88266,fluid
1327,13.7812,6.07734,,1000.47,-479.206,10991.9,,-6.72703,2.26127,7.09692,,-0.367524,16.7066,0.429705,6.89658,fluid
1328,16.3147,5.95671,,1000.47,-327.407,10966.7,,-5.27446,2.08598,5.67197,,-0.934765,16.7813,-0.26288,6.97133,fluid
1329,13.8135,6.08249,,1000.47,-483.721,11029.3,,-6.7558,2.29695,7.1356,,0.0112507,16.859,0.809325,7.04899,fluid
1330,11.0176,6.27788,,1000.18,-864.144,4216.32,,-9.73837,2.08111,9.95826,,-1.08321,13.0385,-0.700589,3.2285,fluid
1331,12.9288,6.30323,,1000.27,-605.871,6367.27,,-7.5111,2.48183,7.9105,,0.527031,13.9128,1.01938,4.10276,fluid
1332,8.08155,3.86483,,1005.07,-1304.78,121315,,-11.7049,0.578414,11.7191,,16.9033,93.7905,31.8389,83.9805,fluid
1333,14.4316,5.8712,,1000.59,-419.42,13861.9,,-6.05995,2.39327,6.51543,,0.0849521,15.4788,1.04491,5.66881,fluid
1334,14.5005,5.25511,,1000.98,-326.788,23127.3,,-5.18363,1.82355,5.49503,,-0.748261,15.603,0.845108,5.79295,fluid
1335,6.45664,4.16229,,1068.72,-547.674,1.9926e+06,,-4.54631,20.3007,20.8036,,-159.86,222.052,128.908,212.242,fluid
1336,13.2159,2.7509,,1002.84,-552.51,67502.2,,-7.07839,1.87684,7.32299,,-6.10574,14.5136,-1.01256,4.70357,fluid
1337,18.3107,0.222776,,1003.41,-121.856,81098.7,,-2.40767,-0.096401,2.4096,,-5.13247,15.7036,-0.718488,5.89356,fluid
1338,19.3173,0.29893,,1003.19,-136.88,75728.1,,-1.55243,-0.14854,1.55952,,-2.16256,17.9183,1.74521,8.10825,fluid
1339,22.9245,0.334868,,1003.23,-12.969,76890,,-0.951605,-0.169224,0.966534,,-2.61417,19.829,0.729074,10.019,fluid
1340,23.5017,1.19161,,1004.48,85.3293,106914,,-0.0135265,-0.574414,0.574573,,-3.86779,14.7598,0.66115,4.94985,fluid
1341,23.5658,0.834766,,1004.05,5.42441,96444.2,,-0.668332,-0.427171,0.793185,,-8.72722,20.1779,-4.65117,10.3679,fluid
1342,22.6443,0.869295,,1004.21,-88.1173,100477,,-0.847512,-0.51353,0.990954,,-1.23929,19.7326,3.17929,9.92263,fluid
1343,23.6824,1.26439,,1004.47,49.6834,106754,,0.151896,-0.440475,0.465929,,-7.94497,14.3657,-3.45731,4.55572,fluid
1344,23.6837,0.937996,,1004.15,37.6123,98956.2,,0.0773027,-0.444074,0.450752,,-6.87301,18.5459,-2.71204,8.73588,fluid
1345,23.7027,2.04869,,1004.54,-29.7738,108371,,0.127646,0.465218,0.482412,,1.32434,12.9771,5.87576,3.16708,fluid
1346,21.9878,3.26496,,1003.97,101.133,94525,,0.452928,-2.18335,2.22984,,2.2411,28.906,6.52309,19.096,fluid
1347,22.6366,4.06083,,1002.41,299.039,57123,,3.00769,-4.2724,5.2249,,7.23236,34.949,9.74978,25.139,fluid
1348,23.027,4.23661,,1001.69,-13.082,39884.7,,2.03401,-1.77706,2.70096,,-23.8585,61.4647,-22.1294,51.6547,fluid
1349,23.0868,1.83868,,1004.72,38.61,112741,,-0.21184,-3.71855,3.72458,,8.06954,14.1788,12.93,4.36877,fluid
1350,22.5702,1.93635,,1004.78,-18.3658,114211,,-1.48401,-3.74977,4.03274,,6.40007,8.30088,11.4362,-1.50912,fluid
1351,20.4096,2.95546,,1004.67,-300.678,111385,,-6.42231,-4.92743,8.09479,,-20.5695,33.985,-15.1374,24.175,fluid
1352,23.1788,4.16527,,1001.57,76.531,37208.7,,1.23587,-1.2145,1.73274,,-15.147,50.4339,-13.5442,40.6239,fluid
1353,23.2802,4.28701,,1001.35,-38.0138,31982,,0.708908,-0.682124,0.983791,,-1.6282,59.8245,-0.256271,50.0145,fluid
1354,19.2818,3.75349,,1003.17,-457.222,75365.1,,-10.3785,0.418056,10.3869,,-2.27298,49.7496,1.62328,39.9396,fluid
1355,22.8491,3.06029,,1003.28,-107.332,77992.5,,-0.444113,-6.05066,6.06694,,-5.23055,29.9177,-1.82833,20.1077,fluid
1356,22.0447,3.02036,,1004.16,-4.10647,99077.2,,-0.772173,-4.26525,4.33458,,6.43998,26.6728,10.9158,16.8628,fluid
1357,21.5571,2.87832,,1004.48,-225.085,107019,,-2.27246,-5.31193,5.7776,,-6.11263,24.8829,-1.17035,15.0729,fluid
1358,20.804,2.65916,,1004.89,14.3544,116847,,-3.82043,-6.55728,7.58905,,0.871169,25.1344,6.4604,15.3244,fluid
1359,20.0799,2.84258,,1004.26,-496.533,101521,,-7.59716,-4.66428,8.91473,,-19.0925,33.1892,-14.0581,23.3792,fluid
1360,19.6677,2.98071,,1003.82,-344.618,90900.4,,-8.39665,-2.96949,8.90627,,-9.34351,35.7709,-4.73927,25.9609,fluid
1361,19.2747,3.1795,,1003.56,-85.3428,84701.1,,-8.86881,-2.02813,9.09776,,-8.70733,35.4169,-4.32849,25.6069,fluid
1362,18.9838,4.00385,,1002.4,-671.305,56833.5,,-8.90367,1.53833,9.03559,,4.99857,41.945,7.9852,32.135,fluid
1363,18.8677,4.6047,,1001.52,-387.303,36042.6,,-7.48526,4.3024,8.63364,,29.2551,40.1765,31.1625,30.3665,fluid
1364,18.786,5.07086,,1001.01,-241.919,23966.4,,-5.09181,5.1694,7.25598,,29.3349,20.5819,30.6093,10.7719,fluid
1365,21.6382,3.28091,,1004.16,-257.632,99061.7,,-1.79972,-1.53691,2.36666,,-1.65326,30.2266,2.90589,20.4166,fluid
1366,23.0817,2.8194,,1003.56,-82.7808,84682.1,,-0.431253,-3.99617,4.01937,,3.74862,23.7152,7.40441,13.9052,fluid
1367,23.0937,2.71748,,1003.7,-102.883,88182.1,,-0.53881,-3.72277,3.76156,,4.81788,19.6322,8.62224,9.82221,fluid
1368,22.7784,2.5704,,1004,-78.9264,95271.1,,-1.37552,-4.06966,4.29583,,2.66322,22.4367,6.82909,12.6267,fluid
1369,22.7431,2.26799,,1004.4,-26.5472,105026,,-1.49598,-4.25635,4.5116,,6.79351,16.7272,11.3912,6.91725,fluid
1370,21.4268,2.24588,,1004.78,-264.998,114128,,-4.17135,-3.62536,5.52661,,-9.24065,17.992,-3.93957,8.18199,fluid
1371,19.1156,3.06546,,1003.43,-343.113,81556.8,,-7.56677,-0.88383,7.61821,,-13.9399,27.0351,-9.688,17.2251,fluid
1372,20.3906,2.38795,,1004.66,-306.154,111201,,-5.36666,-3.44194,6.37558,,-17.363,15.4658,-11.9348,5.65578,fluid
1373,18.2737,4.74081,,1001.29,-298.344,30384.8,,-5.37706,2.75959,6.04385,,3.28202,23.221,4.94265,13.411,fluid
1374,17.7309,6.13116,,1000.35,-263.886,8140.69,,-4.72083,2.01852,5.13426,,-0.503123,16.6684,-0.0441577,6.85836,fluid
1375,16.3424,6.08153,,1000.41,-325.811,9605.86,,-5.30768,2.1239,5.71685,,-0.747716,18.1962,-0.160167,8.38623,fluid
1376,15.6906,6.0604,,1000.44,-355.174,10324.6,,-5.54109,2.21511,5.96745,,-0.225644,18.3583,0.43208,8.54835,fluid
1377,13.8045,6.15162,,1000.44,-481.118,10482.4,,-6.6452,2.26462,7.02048,,-0.0931774,18.305,0.665831,8.49498,fluid
1378,14.4107,5.94641,,1000.56,-432.133,13120.3,,-6.12123,2.4004,6.57505,,0.179292,17.0694,1.08924,7.25941,fluid
1379,9.45261,4.51434,,1002.5,-1393.92,59391.9,,-12.1487,-0.698965,12.1687,,-11.6898,1.93884,-5.42238,-7.87116,fluid
1380,8.7066,2.93941,,1002.48,-486.377,58811.5,,-8.10452,-3.92524,9.00504,,37.885,-1.47087,44.6231,-11.2809,fluid
1381,10.0153,5.95457,,1000.14,-1283.47,3189.43,,-12.5441,0.263976,12.5468,,-2.74665,16.9185,-2.42824,7.10851,fluid
1382,8.21348,3.11557,,1003.27,-1713.57,77666,,-7.18502,-1.62868,7.3673,,42.402,-21.0046,51.8271,-30.8146,fluid
1383,5.56898,2.98307,,1140.26,-232.543,5.06621e+06,,6.0867,3.55064,7.04662,,-99.5227,-109.049,698.295,-118.859,fluid
1384,15.2306,0.394689,,1004.42,-164.519,105335,,-2.99167,-0.061878,2.99231,,-4.64757,-2.37128,2.23801,-12.1813,fluid
1385,20.0008,0.17188,,1003.03,-73.34,71957.6,,-1.61031,-0.120995,1.61484,,-5.83895,18.4648,-2.25207,8.6548,fluid
1386,21.9401,0.248371,,1003.07,-38.6863,73038.7,,-0.834911,-0.150353,0.848341,,-3.23414,20.9783,0.0846552,11.1683,fluid
1387,23.3525,0.328936,,1003.2,-4.14377,76072.3,,-0.947248,-0.174199,0.963133,,-4.1128,21.0512,-0.865633,11.2412,fluid
1388,23.6712,0.608375,,1003.67,-7.67589,87294.2,,-0.428739,-0.299782,0.523151,,-5.61849,21.0828,-1.94419,11.2728,fluid
1389,23.7038,2.34856,,1004.37,52.8574,104268,,0.150474,-0.246857,0.289104,,5.73116,18.0938,10.1108,8.2838,fluid
1390,23.5719,1.83471,,1004.63,-37.3987,110505,,0.122325,-0.665522,0.676671,,-2.87364,13.3592,1.79276,3.54916,fluid
1391,20.1205,2.03441,,1004.5,-416.367,107337,,-7.32014,-1.74688,7.52569,,-19.9794,8.4809,-14.6686,-1.3291,fluid
1392,23.3095,4.29156,,1001.32,-40.3378,31285.8,,0.6227,-0.552967,0.832783,,1.46476,58.9809,2.80518,49.1709,fluid
1393,20.9462,3.7841,,1004.01,-378.795,95601.8,,-3.291,-12.4517,12.8793,,8.6591,30.0559,13.205,20.2459,fluid
1394,21.3477,3.2981,,1004.33,14.4597,103180,,-2.19674,-3.72117,4.32119,,0.401988,22.5205,5.21447,12.7105,fluid
1395,21.9883,3.32147,,1003.9,272.784,92856.1,,-2.95677,-8.8072,9.29028,,3.74839,40.9325,7.95497,31.1225,fluid
1396,22.2876,2.63744,,1004.28,15.7909,102029,,-2.12008,-5.54541,5.93686,,1.8855,22.7175,6.44385,12.9075,fluid
1397,20.3809,1.73251,,1004.73,-340.324,113024,,-6.3922,-2.50969,6.86723,,-13.6622,-4.43621,-8.14267,-14.2462,fluid
1398,22.1208,3.62675,,1003.34,-295.28,79477.8,,-1.93321,-9.17411,9.37558,,-0.593982,22.5344,2.98696,12.7244,fluid
1399,21.8267,4.4812,,1002.62,148.204,62154.1,,0.13792,-9.63677,9.63776,,10.0117,24.8919,12.8519,15.0819,fluid
1400,21.691,4.73927,,1002.45,85.318,58181.9,,0.669195,-10.2213,10.2432,,17.3772,38.1218,20.053,28.3118,fluid
1401,21.6268,4.5793,,1002.5,-496.613,59415.5,,-0.545349,-10.4112,10.4254,,-1.23381,18.6313,1.50663,8.82131,fluid
1402,21.9032,4.31178,,1002.73,-34.1276,64690.3,,-0.424063,-9.48215,9.49162,,2.29387,17.3341,5.2393,7.52411,fluid
1403,21.8965,4.03405,,1002.93,-749.64,69583.2,,-1.14889,-10.4315,10.4946,,-10.8291,10.1309,-7.66053,0.320905,fluid
1404,22.2686,4.07223,,1002.81,210.19,66746.5,,1.54976,-8.8512,8.98585,,4.33152,23.0808,7.32046,13.2708,fluid
1405,22.4741,4.12301,,1002.6,556.029,61775,,3.88606,-6.84241,7.86893,,10.5305,40.099,13.2721,30.289,fluid
1406,22.4353,3.93941,,1002.74,110.666,65126.3,,2.8679,-9.46057,9.8857,,4.16626,18.411,7.06117,8.60104,fluid
1407,20.966,3.59589,,1004.24,-218.796,101018,,-2.43946,-10.624,10.9005,,4.01585,19.5899,8.81371,9.77988,fluid
1408,20.4316,3.86124,,1004.08,-470.193,97226.4,,-8.46569,-6.82772,10.8759,,-38.9356,35.6144,-34.1963,25.8044,fluid
1409,20.0035,3.75365,,1003.89,-742.588,92744.6,,-11.3598,-6.01203,12.8526,,-37.4313,47.3949,-32.8128,37.5849,fluid
1410,20.5314,3.59855,,1004.35,-330.387,103645,,-6.77587,-8.70117,11.0283,,-21.7387,11.4872,-16.7124,1.6772,fluid
1411,21.466,3.61119,,1003.82,-119.988,90918.4,,-3.95565,-7.95442,8.88369,,8.80269,34.3161,13.022,24.5061,fluid
1412,21.1131,3.43018,,1004.34,106.411,103601,,-2.92423,-8.44894,8.94068,,3.87303,19.4043,8.75876,9.59426,fluid
1413,22.7945,3.58061,,1002.62,-202.989,62247.5,,1.12888,-7.38871,7.47445,,-8.2227,21.2727,-5.49903,11.4627,fluid
1414,23.2349,4.27401,,1001.41,-33.9539,33274.5,,0.870265,-0.874428,1.23369,,-6.55634,60.3461,-5.12627,50.5361,fluid
1415,23.3289,3.96892,,1001.74,285.283,41207.2,,0.935367,-1.12395,1.46225,,-11.2859,37.2371,-9.52265,27.4271,fluid
1416,22.9625,3.19409,,1003.03,-138.997,71980.8,,0.0950302,-5.81019,5.81097,,-4.28412,29.5784,-1.15888,19.7684,fluid
1417,22.1645,2.91589,,1004.15,23.3081,98862.4,,-0.703499,-5.28753,5.33412,,8.48344,25.6308,12.9254,15.8208,fluid
1418,23.361,3.34086,,1002.85,101.232,67646.6,,0.384469,-2.40445,2.435,,9.89381,35.3622,12.7813,25.5522,fluid
1419,21.795,2.38616,,1004.62,-128.45,110275,,-2.47875,-5.39633,5.9384,,2.70585,23.8046,7.74223,13.9946,fluid
1420,21.5288,2.43382,,1004.67,-225.897,111461,,-2.84561,-4.26047,5.12338,,-7.21004,22.6444,-2.05683,12.8344,fluid
1421,18.43,4.30804,,1001.68,-217.991,39858.9,,-7.48862,2.86237,8.01702,,0.280307,22.8464,2.43939,13.0364,fluid
1422,18.3699,3.60329,,1002.32,-425.45,55063.4,,-8.37399,0.774611,8.40974,,-6.98961,27.1599,-3.99908,17.3499,fluid
1423,18.4444,5.3718,,1000.76,-146.524,18036.3,,-3.76617,3.81616,5.36163,,9.59656,17.1556,10.5737,7.3456,fluid
1424,18.1392,6.10211,,1000.36,-217.959,8484.97,,-4.03155,2.56671,4.77927,,0.922853,15.8178,1.39046,6.00776,fluid
1425,16.7542,6.09699,,1000.4,-305.3,9405.67,,-5.07375,2.1448,5.50846,,-1.03441,18.4822,-0.473241,8.67224,fluid
1426,15.4592,6.08072,,1000.45,-378.747,10537,,-5.81557,2.2915,6.25074,,-1.08946,19.0906,-0.408165,9.28063,fluid
1427,12.1395,6.5573,,1000.16,-740.791,3830.21,,-9.20622,2.98943,9.67942,,-3.27698,12.0641,-2.96152,2.25409,fluid
1428,9.45807,5.18292,,1001.49,-1353.69,35253.2,,-12.8772,-0.26335,12.8799,,-26.1692,24.1076,-22.4474,14.2976,fluid
1429,8.58523,3.53648,,1002.77,-1004.31,65663.7,,-9.94884,-3.58522,10.5751,,60.6016,-0.190022,68.229,-10,fluid
1430,8.61521,2.68265,,1003.24,-231.779,77148,,-6.09285,-4.36701,7.49624,,19.1238,-11.7318,28.0496,-21.5418,fluid
1431,7.55093,2.32629,,1014.43,-1238.98,354710,,-12.3999,2.69825,12.6901,,-40.7658,-31.9237,5.54172,-41.7337,fluid
1432,13.5584,0.587298,,1004.89,-360.299,116819,,-5.62561,-0.0232287,5.62566,,-5.69025,5.5287,2.8838,-4.2813,fluid
1433,21.1953,0.1703,,1002.97,-53.6051,70635.4,,-1.35794,-0.135909,1.36472,,-6.05973,18.6018,-2.73702,8.79179,fluid
1434,23.7268,0.292358,,1003.09,-1.76211,73398.1,,-0.201866,-0.177684,0.268926,,-2.73237,20.4785,0.351576,10.6685,fluid
1435,23.9679,0.780615,,1003.85,-14.1048,91731.2,,0.113068,-0.330325,0.349141,,-5.38449,19.2035,-1.57192,9.39349,fluid
1436,23.0054,0.94644,,1004.3,-10.1913,102521,,-0.259944,-0.573339,0.629515,,2.44525,19.4461,6.88255,9.63608,fluid
1437,23.6576,2.47091,,1004.26,58.7886,101488,,0.156541,-0.0176667,0.157535,,8.51138,23.2192,12.783,13.4092,fluid
1438,18.7591,4.25745,,1001.87,-407.149,44369.1,,-8.10797,2.87251,8.60177,,7.62144,34.3245,9.98222,24.5145,fluid
1439,22.1081,4.34729,,1002.74,397.242,65026.1,,1.33268,-7.82009,7.93284,,20.6357,39.7849,23.569,29.9749,fluid
1440,21.8581,4.71642,,1002.55,313.407,60384.7,,1.76538,-9.61873,9.77939,,37.0091,53.9631,39.7646,44.1531,fluid
1441,21.4382,6.00299,,1001.08,-31.5121,25591.2,,0.252761,-15.3239,15.326,,39.2859,19.0883,40.4784,9.27832,fluid
1442,21.1979,5.41926,,1001.77,375.706,41815.7,,-0.223266,-15.6827,15.6843,,-0.626633,29.5365,1.34252,19.7265,fluid
1443,21.7363,4.82447,,1002.45,247.706,57999.7,,1.43401,-10.413,10.5112,,31.08,52.5032,33.7418,42.6932,fluid
1444,20.8958,5.52123,,1001.52,-322.709,35927.7,,-2.10571,-15.3666,15.5102,,-43.4028,21.3692,-41.686,11.5592,fluid
1445,21.2672,6.1383,,1000.9,-11.9754,21134.4,,0.0206369,-15.4869,15.4869,,18.6793,18.2998,19.6721,8.48977,fluid
1446,20.8621,6.30495,,1000.7,-135.145,16445.8,,-1.36119,-16.3647,16.4212,,-23.576,17.0505,-22.7882,7.24047,fluid
1447,21.0701,6.57212,,1000.56,28.7461,13285.8,,-0.338604,-15.9719,15.9755,,0.0562276,24.0039,0.686426,14.1939,fluid
1448,21.178,6.50747,,1000.59,-17.7752,13891.4,,-0.0859864,-16.163,16.1632,,8.40478,25.0257,9.06033,15.2157,fluid
1449,21.1838,6.47924,,1000.6,-21.4803,14244.1,,-0.0939434,-16.1334,16.1337,,8.82028,24.5305,9.49228,14.7205,fluid
1450,21.2053,6.42894,,1000.63,-29.5446,14951.1,,-0.103027,-16.0997,16.1,,10.7629,23.7161,11.4675,13.9061,fluid
1451,20.9419,6.06854,,1000.92,-157.687,21629.7,,-1.62591,-15.6916,15.7756,,-22.7395,15.0315,-21.7076,5.22151,fluid
1452,21.0381,5.90957,,1001.12,100.161,26560.9,,-1.67467,-15.7672,15.8559,,-14.2055,15.8451,-12.9444,6.03513,fluid
1453,21.2392,6.31488,,1000.72,-35.8319,16964.9,,-0.122556,-15.9241,15.9246,,14.4188,21.5447,15.217,11.7347,fluid
1454,21.1519,5.98376,,1001.06,291.11,25096.1,,-0.279939,-15.6365,15.639,,3.25615,16.8397,4.44136,7.02968,fluid
1455,21.0885,5.68723,,1001.42,287.345,33493.7,,-1.45004,-15.9293,15.9952,,-10.933,20.2875,-9.34701,10.4775,fluid
1456,21.0793,5.50864,,1001.62,100.998,38265.3,,-1.84074,-15.8712,15.9776,,-16.8049,23.9642,-14.9925,14.1542,fluid
1457,21.0305,5.18013,,1001.92,-656.718,45520.1,,-2.32618,-15.5866,15.7592,,-28.2247,30.0301,-26.0644,20.2201,fluid
1458,20.7518,4.66678,,1002.73,-385.101,64746.3,,-4.33678,-14.5189,15.1527,,-38.9794,47.9612,-35.8679,38.1512,fluid
1459,20.6996,4.56142,,1002.97,-225.517,70436,,-5.62139,-14.1259,15.2034,,-42.9417,48.2269,-39.549,38.4169,fluid
1460,20.6334,4.45097,,1003.23,-145.765,76683.3,,-7.30436,-13.4816,15.3332,,-49.1094,50.7048,-45.4049,40.8948,fluid
1461,20.6066,4.27332,,1003.56,-29.8646,84741.7,,-8.73391,-12.4143,15.1788,,-41.8311,49.9385,-37.7334,40.1285,fluid
1462,22.2639,4.21408,,1002.75,400.286,65267.6,,2.09107,-7.41214,7.70146,,14.2909,39.0685,17.2144,29.2585,fluid
1463,20.6046,3.80088,,1004.16,-140.646,99235.6,,-6.24691,-8.23562,10.3368,,-18.5039,22.4809,-13.7077,12.6709,fluid
1464,21.2188,3.77119,,1003.78,-505.518,89914.9,,-3.36259,-7.73926,8.4382,,15.7109,29.4391,19.9325,19.6291,fluid
1465,22.868,4.21362,,1001.94,-88.0843,46043.1,,3.0094,-2.30013,3.78776,,-16.5869,60.0446,-14.5774,50.2346,fluid
1466,23.3618,4.21829,,1001.37,-26.8731,32355.6,,0.590785,-0.167378,0.614038,,4.24186,51.1592,5.62494,41.3492,fluid
1467,23.3262,3.75748,,1002.1,277.059,49718.4,,0.790993,-2.07962,2.22497,,-6.28567,34.5166,-4.15869,24.7066,fluid
1468,23.2824,3.42266,,1002.68,111.461,63594,,0.376805,-2.43341,2.46242,,7.42646,35.0068,10.1506,25.1968,fluid
1469,22.5438,2.8395,,1003.85,20.0191,91779.4,,-1.19612,-5.18148,5.31774,,2.77791,30.6374,6.83345,20.8274,fluid
1470,21.9061,2.91687,,1004.31,-87.263,102701,,0.452094,-3.85074,3.87719,,-1.76571,21.4636,2.9024,11.6536,fluid
1471,18.9182,3.64174,,1002.81,-547.439,66803.6,,-8.36094,0.265115,8.36515,,-10.6282,34.4901,-7.10691,24.6801,fluid
1472,18.5353,5.08559,,1000.99,-275.682,23444.7,,-4.60326,3.82954,5.98794,,15.1191,20.6592,16.3827,10.8492,fluid
1473,18.4104,6.05215,,1000.39,-140.71,9227.14,,-3.27464,2.94556,4.4045,,6.02997,15.9528,6.53096,6.14281,fluid
1474,17.4424,6.20295,,1000.34,-248.44,7933.89,,-4.74011,2.01722,5.15149,,-0.810101,17.7519,-0.355393,7.94191,fluid
1475,15.8285,6.12864,,1000.41,-339.691,9557.72,,-5.41391,2.18909,5.83974,,0.145516,19.1126,0.7491,9.3026,fluid
1476,14.697,6.02967,,1000.53,-405.3,12389.8,,-5.81205,2.44685,6.30611,,-0.112447,19.0449,0.730129,9.23486,fluid
1477,10.8706,6.34914,,1000.18,-907.595,4130.67,,-10.134,2.16478,10.3626,,-1.29569,12.6387,-0.915775,2.8287,fluid
1478,8.78445,3.84173,,1003.65,-928.873,86764.3,,-10.248,-1.6996,10.388,,55.959,25.582,65.8002,15.772,fluid
1479,7.39937,2.64642,,1015.91,-1971.24,392979,,-15.3453,-2.83205,15.6044,,-183.231,60.0862,-130.953,50.2762,fluid
1480,16.7522,0.363176,,1003.88,-177.935,92451.8,,-3.4682,-0.0689395,3.46888,,-7.1825,4.67167,-1.68504,-5.13833,fluid
1481,22.8878,0.122065,,1002.84,16.6112,67411.3,,-0.611449,-0.12193,0.623488,,-3.72747,19.1857,-0.790512,9.37569,fluid
1482,21.6585,0.965392,,1004.43,-72.1815,105667,,-2.89303,-0.583912,2.95137,,0.344356,19.2077,5.20161,9.39769,fluid
1483,23.7644,1.61777,,1004.59,-29.4995,109614,,0.150639,-0.20405,0.253631,,-5.60795,15.2898,-1.01651,5.47978,fluid
1484,23.4889,2.84747,,1003.72,82.7341,88583,,0.186932,-0.685382,0.710417,,15.2984,30.1449,19.0557,20.3349,fluid
1485,21.3947,2.85479,,1004.58,-140.45,109416,,-2.97448,-6.02445,6.71874,,-9.45823,25.5795,-4.3674,15.7695,fluid
1486,21.9856,4.54984,,1002.65,363.586,62941.5,,1.71195,-8.49727,8.66801,,33.5545,49.5396,36.4098,39.7296,fluid
1487,20.6203,6.7812,,1000.49,-106.766,11604,,-1.86334,-17.2813,17.3814,,-17.95,10.4901,-17.3875,0.68005,fluid
1488,20.5062,7.5958,,1000.19,-10.5617,4367.7,,-1.21291,-17.3975,17.4397,,-0.797355,3.14114,-0.584401,-6.66886,fluid
1489,20.5717,7.91317,,1000.11,-63.7722,2632.31,,-1.06266,-17.223,17.2557,,2.0182,3.61314,2.14615,-6.19686,fluid
1490,20.6104,7.99464,,1000.1,-64.4002,2370.33,,-1.05605,-17.2601,17.2924,,2.69447,3.64547,2.80946,-6.16453,fluid
1491,20.6454,7.74086,,1000.16,-71.6961,3741.51,,-1.05769,-17.2035,17.236,,3.16285,4.07337,3.34405,-5.73663,fluid
1492,20.3624,8.48911,,1000.07,-31.846,1724.06,,-0.848564,-17.3936,17.4143,,0.80615,1.94685,0.890812,-7.86315,fluid
1493,20.3885,7.53026,,1000.19,-93.074,4436.3,,-1.6825,-17.3138,17.3954,,-4.08216,1.60933,-3.86462,-8.20067,fluid
1494,20.1187,8.59769,,1000.07,-18.9969,1711.7,,-1.18216,-17.4712,17.5111,,-1.14881,1.09142,-1.06374,-8.71858,fluid
1495,20.2408,8.71608,,1000.07,-26.4153,1673.93,,-0.863463,-17.3737,17.3951,,0.302773,1.48507,0.385468,-8.32493,fluid
1496,20.1602,8.24351,,1000.07,-40.0191,1733.82,,-1.38569,-17.4665,17.5214,,-2.12853,1.78842,-2.04254,-8.02158,fluid
1497,20.5481,7.80359,,1000.13,-56.1295,3121.48,,-1.06178,-17.2012,17.2339,,1.32883,3.52772,1.48072,-6.28228,fluid
1498,20.2679,8.86337,,1000.07,-47.992,1573.6,,-0.888888,-17.3434,17.3661,,0.89841,1.69822,0.976045,-8.11178,fluid
1499,20.0735,9.13649,,1000.05,-50.4458,1241.03,,-0.919655,-17.2978,17.3222,,0.247326,1.57772,0.309148,-8.23228,fluid
1500,20.3288,8.70998,,1000.07,-44.3587,1672.97,,-0.852251,-17.44,17.4608,,1.0832,1.75311,1.16549,-8.05689,fluid
1501,20.0583,9.13798,,1000.05,-50.0012,1231.69,,-0.91641,-17.2988,17.323,,0.161696,1.54403,0.223098,-8.26597,fluid
1502,20.12,8.97856,,1000.06,-46.1586,1426.09,,-0.948582,-17.2652,17.2913,,0.164825,1.36634,0.2357,-8.44366,fluid
1503,20.2308,7.91146,,1000.09,-74.5469,2131.44,,-1.51012,-17.1033,17.1698,,-3.10421,1.71768,-2.99886,-8.09232,fluid
1504,20.3127,7.64658,,1000.14,-99.4319,3401.76,,-1.61766,-17.1848,17.2608,,-4.14889,1.51057,-3.98145,-8.29943,fluid
1505,20.3522,7.4877,,1000.2,-113.393,4622.64,,-1.71565,-17.2315,17.3167,,-5.3632,0.967179,-5.13611,-8.84282,fluid
1506,20.5291,7.2167,,1000.33,-31.7318,7857.35,,-1.62398,-17.7097,17.784,,-6.73574,4.25784,-6.35313,-5.55216,fluid
1507,20.7796,6.83333,,1000.49,170.525,11650.9,,-1.61862,-16.3526,16.4325,,-9.20041,14.1117,-8.64,4.30174,fluid
1508,21.2015,6.61723,,1000.54,-5.02752,12723.9,,0.0510869,-16.4289,16.429,,10.6968,26.9647,11.2966,17.1547,fluid
1509,21.45,5.17245,,1002.11,255.658,50076.5,,1.79734,-14.4177,14.5293,,19.6667,48.5,21.9963,38.69,fluid
1510,21.5011,5.18102,,1002.14,299.59,50613.6,,2.08187,-14.2671,14.4182,,27.5198,53.457,29.8688,43.647,fluid
1511,21.5961,4.97636,,1002.31,318.64,54761.5,,2.17981,-12.956,13.1381,,22.8647,55.0743,25.3946,45.2643,fluid
1512,20.8275,4.055,,1003.75,-130.292,89289.1,,-5.14148,-12.1369,13.181,,0.600012,34.8941,4.87108,25.0841,fluid
1513,20.2206,3.82861,,1003.99,-882.813,95097.9,,-10.1207,-6.28757,11.9148,,-46.3157,45.4881,-41.6314,35.6781,fluid
1514,22.6414,4.21853,,1002.32,180.699,55079.8,,4.69886,-4.32956,6.3894,,2.67145,60.0573,5.09852,50.2473,fluid
1515,23.176,4.20165,,1001.54,23.2424,36359.8,,1.20095,-1.15042,1.66305,,-14.2392,54.415,-12.6727,44.605,fluid
1516,23.3353,4.27527,,1001.32,-41.7987,31216.8,,0.577097,-0.400418,0.702408,,3.7303,56.6082,5.06628,46.7982,fluid
1517,19.0594,4.11399,,1002.32,-706.23,55015.2,,-9.25473,2.18747,9.50973,,15.6283,50.4889,18.5081,40.6789,fluid
1518,23.387,3.32865,,1002.88,104.786,68458.6,,0.402683,-2.29094,2.32606,,10.0372,35.6271,12.956,25.8171,fluid
1519,20.0559,2.57986,,1004.23,-536.005,100853,,-6.98244,-3.97058,8.03243,,-21.3786,20.4274,-16.3712,10.6174,fluid
1520,18.7383,4.48894,,1001.6,-369.433,37925.7,,-7.48791,4.09263,8.53337,,17.318,35.7454,19.3387,25.9354,fluid
1521,18.606,5.81912,,1000.48,-155.847,11401.1,,-3.069,3.6462,4.76587,,13.213,14.1391,13.8254,4.32905,fluid
1522,18.4865,6.0149,,1000.41,-134.983,9591.26,,-3.10397,3.00618,4.32108,,8.34594,15.8849,8.86456,6.07487,fluid
1523,18.0796,6.2438,,1000.32,-211.161,7538.67,,-4.19168,2.42267,4.84143,,0.368708,17.0677,0.785547,7.25766,fluid
1524,17.1065,6.16913,,1000.37,-266.239,8623.51,,-4.75357,2.10922,5.20051,,-0.823736,18.618,-0.319814,8.80802,fluid
1525,15.2327,6.1039,,1000.46,-386.314,10839.1,,-5.81786,2.37307,6.28323,,-1.34144,19.865,-0.630201,10.055,fluid
1526,12.4059,6.64174,,1000.17,-648.489,3949.92,,-8.16403,3.17185,8.75854,,-0.982353,12.4286,-0.664016,2.61859,fluid
1527,8.89699,4.42571,,1004.3,-1320.91,102536,,-13.4838,1.45832,13.5625,,-21.4094,51.4192,-9.93394,41.6092,fluid
1528,21.98,0.0900187,,1002.77,-2.51611,65748.3,,-0.225916,-0.120937,0.25625,,-2.70868,19.7906,0.274329,9.98061,fluid
1529,23.2568,0.177021,,1002.92,8.24044,69417.2,,-0.0516166,-0.135422,0.144925,,-2.58125,19.8442,0.394868,10.0342,fluid
1530,23.5947,1.02895,,1004.29,62.3437,102267,,0.0398374,-0.500076,0.501661,,-6.59225,17.2316,-2.27642,7.42156,fluid
1531,23.5309,2.93489,,1003.63,86.2527,86395.7,,0.253603,0.597656,0.649236,,15.6625,32.6066,19.3208,22.7966,fluid
1532,23.2361,3.27666,,1002.91,8.91156,69002.4,,0.171238,-3.55184,3.55597,,9.95281,31.0898,12.9138,21.2798,fluid
1533,21.8253,4.90624,,1002.47,246.597,58572.4,,2.54798,-10.7583,11.0559,,49.2795,70.9589,51.9566,61.1489,fluid
1534,21.4846,6.36765,,1000.68,-13.9376,16020.4,,-0.124432,-16.313,16.3135,,32.958,22.1677,33.7032,12.3577,fluid
1535,20.4717,8.84504,,1000.07,-51.7486,1582.76,,-0.918598,-17.3305,17.3549,,2.28089,1.91909,2.3582,-7.89091,fluid
1536,19.8862,9.52899,,1000.03,-46.4819,812.31,,-0.881907,-17.3131,17.3355,,0.108015,1.69433,0.148861,-8.11567,fluid
1537,19.1169,9.51019,,1000.03,-42.477,620.092,,-0.960764,-17.3979,17.4244,,-0.604699,0.519459,-0.572263,-9.29054,fluid
1538,17.6356,9.21173,,1000,-60.7398,20.2515,,-1.07752,-17.3979,17.4313,,-0.137951,-0.0488536,-0.136803,-9.85885,fluid
1539,17.6488,9.33318,,1000,-62.1105,15.5535,,-1.11317,-17.3542,17.3899,,-0.125533,-0.0185507,-0.124651,-9.82855,fluid
1540,17.6937,9.37988,,1000,-61.9508,14.4481,,-1.11775,-17.2998,17.3359,,-0.121946,-0.0236931,-0.121129,-9.83369,fluid
1541,17.774,9.37506,,1000,-60.9186,18.3159,,-1.1126,-17.3318,17.3674,,-0.142004,-0.0291173,-0.140974,-9.83912,fluid
1542,19.8102,9.39196,,1000.04,-46.0737,876.639,,-0.865863,-17.3161,17.3377,,-0.323962,1.40806,-0.279712,-8.40194,fluid
1543,19.5197,9.14618,,1000.04,-57.2131,889.098,,-1.00374,-17.2915,17.3206,,-1.22728,0.143986,-1.18174,-9.66601,fluid
1544,17.7372,9.22159,,1000,-63.3431,22.1389,,-1.13571,-17.3365,17.3736,,-0.0930154,-0.0629166,-0.0917673,-9.87292,fluid
1545,18.088,9.23949,,1000,-63.0116,59.5036,,-1.13412,-17.3535,17.3905,,-0.159376,-0.121185,-0.156086,-9.93118,fluid
1546,18.5115,9.37435,,1000.01,-64.3557,230.383,,-1.14905,-17.3863,17.4242,,-0.238437,-0.156242,-0.225992,-9.96624,fluid
1547,18.6317,9.65863,,1000.01,-51.4506,312.098,,-0.975019,-17.3429,17.3703,,-0.269665,0.268945,-0.252914,-9.54105,fluid
1548,18.4999,9.77107,,1000.01,-51.3242,225.138,,-0.941209,-17.3283,17.3538,,-0.253589,0.319422,-0.24142,-9.49058,fluid
1549,18.3143,9.80751,,1000.01,-52.0992,127.286,,-0.95205,-17.311,17.3372,,-0.24164,0.224596,-0.23469,-9.5854,fluid
1550,18.3085,9.80689,,1000.01,-50.6355,124.779,,-0.923132,-17.3122,17.3368,,-0.270812,0.23274,-0.263996,-9.57726,fluid
1551,17.6772,9.5514,,1000,-56.3158,3.173,,-0.974602,-17.1277,17.1554,,-0.152846,-0.001268,-0.152666,-9.81127,fluid
1552,19.2958,9.52596,,1000.03,-42.7302,681.739,,-0.887443,-17.3399,17.3626,,-0.596056,0.82284,-0.560726,-8.98716,fluid
1553,19.8009,9.49861,,1000.03,-43.3315,804.963,,-0.816874,-17.3304,17.3497,,-0.210419,1.58342,-0.169767,-8.22658,fluid
1554,18.7769,9.52769,,1000.02,-53.4164,412.249,,-1.05731,-17.2631,17.2955,,-0.196386,0.0307696,-0.174431,-9.77923,fluid
1555,19.2799,9.26793,,1000.03,-56.1694,708.938,,-1.04001,-17.2128,17.2442,,-0.888538,-0.057336,-0.851768,-9.86734,fluid
1556,19.681,8.70266,,1000.06,-65.6772,1361.2,,-1.12934,-17.3012,17.3381,,-2.50394,-0.3133,-2.43478,-10.1233,fluid
1557,20.0746,7.71856,,1000.1,-89.0055,2427.72,,-1.42219,-17.297,17.3554,,-6.10517,0.739091,-5.98425,-9.07091,fluid
1558,20.7444,7.25289,,1000.36,49.863,8414.97,,-0.406359,-17.1987,17.2035,,0.80152,8.96185,1.20702,-0.848145,fluid
1559,20.6334,6.11514,,1000.79,-81.3829,18662.7,,-1.25399,-16.3082,16.3564,,-43.2467,10.7042,-42.343,0.894223,fluid
1560,20.6665,4.92527,,1002.3,-228.091,54608.7,,-3.8253,-14.9547,15.4362,,-63.7924,57.0322,-61.1561,47.2222,fluid
1561,20.6337,4.77671,,1002.59,-243.465,61386.5,,-4.98593,-14.5773,15.4064,,-64.9656,59.7982,-61.9983,49.9882,fluid
1562,20.6133,4.74191,,1002.66,-247.825,63234.6,,-5.41443,-14.4371,15.4191,,-67.5799,60.3121,-64.5204,50.5021,fluid
1563,19.9261,3.90159,,1003.71,-869.892,88272.4,,-11.9133,-4.90143,12.8821,,-39.6075,73.3898,-35.1939,63.5798,fluid
1564,19.6333,3.66016,,1003.7,165.112,88074.5,,-12.668,-4.36467,13.3988,,-14.0148,50.1424,-9.54534,40.3324,fluid
1565,20.4805,2.97257,,1004.72,81.9874,112780,,-6.17005,-7.79356,9.94027,,-15.4598,38.3957,-9.97895,28.5857,fluid
1566,19.6527,3.7964,,1003.58,-776.148,85256.4,,-12.0552,-1.38928,12.1349,,-18.498,63.8852,-14.1753,54.0752,fluid
1567,19.0844,4.26565,,1002.13,-550.268,50413.3,,-10.1181,3.71059,10.7771,,26.7126,55.5917,29.3486,45.7817,fluid
1568,18.8591,5.18095,,1000.92,-233.252,21733.3,,-4.66296,5.06857,6.88721,,31.6313,18.5219,32.7827,8.71187,fluid
1569,18.7737,5.53963,,1000.64,-180.213,15109.8,,-3.46392,5.09347,6.15972,,23.2559,12.1461,24.0602,2.33608,fluid
1570,18.7703,5.78821,,1000.5,-156.323,11853.7,,-3.09702,3.80153,4.90338,,19.2004,14.0548,19.8316,4.24481,fluid
1571,18.4861,6.24967,,1000.35,-155.83,8289.25,,-3.49168,3.07714,4.65409,,7.74005,17.2988,8.18829,7.48879,fluid
1572,18.4169,6.28203,,1000.34,-132.211,8020.02,,-3.15488,2.69376,4.14845,,5.4871,18.2003,5.92242,8.39026,fluid
1573,17.5796,6.36818,,1000.29,-221.944,6745.01,,-4.46877,2.05071,4.91684,,-0.881702,17.4594,-0.498128,7.64945,fluid
1574,16.3617,6.32094,,1000.33,-299.064,7785.97,,-5.18652,2.16258,5.61932,,-0.542038,19.1781,-0.0663284,9.36806,fluid
1575,14.0933,6.47143,,1000.41,-401.346,9628.59,,-5.77853,2.28102,6.21244,,1.29911,20.5592,1.98203,10.7492,fluid
