h/dp :,2
L2norm Pressure,KE,dp,Nparticles
36967.5,24995.1,0.5,448

t,19.79
ID,x,y,,rho,drhodt,pressure,,u,v,,du_rdt,du_zdt,Type
0,-1.25,-0.25,,1004.11,0,32687.8,,0,0,,0,0,boundary
1,-0.75,-0.25,,1004.16,0,33090.7,,0,0,,0,0,boundary
2,-0.25,-0.25,,1004.22,0,33538.3,,0,0,,0,0,boundary
3,0.25,-0.25,,1004.26,0,33824.6,,0,0,,0,0,boundary
4,0.75,-0.25,,1004.26,0,33851.9,,0,0,,0,0,boundary
5,1.25,-0.25,,1004.31,0,34281.7,,0,0,,0,0,boundary
6,1.75,-0.25,,1004.41,0,35081.3,,0,0,,0,0,boundary
7,2.25,-0.25,,1004.46,0,35484.2,,0,0,,0,0,boundary
8,2.75,-0.25,,1004.49,0,35700.4,,0,0,,0,0,boundary
9,3.25,-0.25,,1004.55,0,36171,,0,0,,0,0,boundary
10,3.75,-0.25,,1004.64,0,36913.7,,0,0,,0,0,boundary
11,4.25,-0.25,,1004.72,0,37575.6,,0,0,,0,0,boundary
12,4.75,-0.25,,1004.8,0,38232.3,,0,0,,0,0,boundary
13,5.25,-0.25,,1004.89,0,38931,,0,0,,0,0,boundary
14,5.75,-0.25,,1004.98,0,39663.9,,0,0,,0,0,boundary
15,6.25,-0.25,,1005.09,0,40547.9,,0,0,,0,0,boundary
16,6.75,-0.25,,1005.17,0,41247,,0,0,,0,0,boundary
17,7.25,-0.25,,1005.28,0,42088,,0,0,,0,0,boundary
18,7.75,-0.25,,1005.41,0,43151.1,,0,0,,0,0,boundary
19,8.25,-0.25,,1005.53,0,44136.7,,0,0,,0,0,boundary
20,8.75,-0.25,,1005.66,0,45184.6,,0,0,,0,0,boundary
21,9.25,-0.25,,1005.8,0,46308.9,,0,0,,0,0,boundary
22,9.75,-0.25,,1005.9,0,47144.7,,0,0,,0,0,boundary
23,10.25,-0.25,,1005.94,0,47426.1,,0,0,,0,0,boundary
24,10.75,-0.25,,1005.95,0,47534,,0,0,,0,0,boundary
25,11.25,-0.25,,1005.99,0,47854.9,,0,0,,0,0,boundary
26,11.75,-0.25,,1006.05,0,48378.4,,0,0,,0,0,boundary
27,12.25,-0.25,,1006.12,0,48954.1,,0,0,,0,0,boundary
28,12.75,-0.25,,1006.2,0,49594.1,,0,0,,0,0,boundary
29,13.25,-0.25,,1006.28,0,50189.3,,0,0,,0,0,boundary
30,13.75,-0.25,,1006.33,0,50610.6,,0,0,,0,0,boundary
31,14.25,-0.25,,1006.38,0,51030,,0,0,,0,0,boundary
32,14.75,-0.25,,1006.44,0,51533.6,,0,0,,0,0,boundary
33,15.25,-0.25,,1006.49,0,51904.1,,0,0,,0,0,boundary
34,15.75,-0.25,,1006.52,0,52141.1,,0,0,,0,0,boundary
35,16.25,-0.25,,1006.56,0,52506.3,,0,0,,0,0,boundary
36,16.75,-0.25,,1006.6,0,52830.9,,0,0,,0,0,boundary
37,17.25,-0.25,,1006.62,0,52958.2,,0,0,,0,0,boundary
38,17.75,-0.25,,1006.64,0,53197.9,,0,0,,0,0,boundary
39,18.25,-0.25,,1006.7,0,53614.3,,0,0,,0,0,boundary
40,18.75,-0.25,,1006.73,0,53928,,0,0,,0,0,boundary
41,19.25,-0.25,,1006.73,0,53896.8,,0,0,,0,0,boundary
42,19.75,-0.25,,1006.72,0,53844.3,,0,0,,0,0,boundary
43,20.25,-0.25,,1006.76,0,54101.5,,0,0,,0,0,boundary
44,20.75,-0.25,,1006.82,0,54662.6,,0,0,,0,0,boundary
45,21.25,-0.25,,1006.82,0,54633.3,,0,0,,0,0,boundary
46,21.75,-0.25,,1006.78,0,54301.1,,0,0,,0,0,boundary
47,22.25,-0.25,,1006.76,0,54172.8,,0,0,,0,0,boundary
48,22.75,-0.25,,1006.74,0,54013.2,,0,0,,0,0,boundary
49,23.25,-0.25,,1006.68,0,53504.6,,0,0,,0,0,boundary
50,23.75,-0.25,,1006.59,0,52712.2,,0,0,,0,0,boundary
51,24.25,-0.25,,1006.51,0,52109.2,,0,0,,0,0,boundary
52,24.75,-0.25,,1006.48,0,51828.3,,0,0,,0,0,boundary
53,25.25,-0.25,,1006.43,0,51422.3,,0,0,,0,0,boundary
54,25.75,-0.25,,1006.4,0,51198.1,,0,0,,0,0,boundary
55,26.25,-0.25,,1006.39,0,51090.6,,0,0,,0,0,boundary
56,-1.25,-0.75,,1004.72,0,37554.5,,0,0,,0,0,boundary
57,-0.75,-0.75,,1004.7,0,37423.4,,0,0,,0,0,boundary
58,-0.25,-0.75,,1004.77,0,37975.3,,0,0,,0,0,boundary
59,0.25,-0.75,,1004.83,0,38480.4,,0,0,,0,0,boundary
60,0.75,-0.75,,1004.83,0,38486.7,,0,0,,0,0,boundary
61,1.25,-0.75,,1004.86,0,38670.7,,0,0,,0,0,boundary
62,1.75,-0.75,,1004.93,0,39256.5,,0,0,,0,0,boundary
63,2.25,-0.75,,1004.99,0,39736.8,,0,0,,0,0,boundary
64,2.75,-0.75,,1005.02,0,39976.2,,0,0,,0,0,boundary
65,3.25,-0.75,,1005.07,0,40387.9,,0,0,,0,0,boundary
66,3.75,-0.75,,1005.15,0,41007.3,,0,0,,0,0,boundary
67,4.25,-0.75,,1005.23,0,41698.3,,0,0,,0,0,boundary
68,4.75,-0.75,,1005.33,0,42536,,0,0,,0,0,boundary
69,5.25,-0.75,,1005.43,0,43310.1,,0,0,,0,0,boundary
70,5.75,-0.75,,1005.52,0,44070.8,,0,0,,0,0,boundary
71,6.25,-0.75,,1005.61,0,44790.5,,0,0,,0,0,boundary
72,6.75,-0.75,,1005.7,0,45516.8,,0,0,,0,0,boundary
73,7.25,-0.75,,1005.84,0,46611.4,,0,0,,0,0,boundary
74,7.75,-0.75,,1005.99,0,47837.7,,0,0,,0,0,boundary
75,8.25,-0.75,,1006.13,0,49005.6,,0,0,,0,0,boundary
76,8.75,-0.75,,1006.26,0,50091.8,,0,0,,0,0,boundary
77,9.25,-0.75,,1006.41,0,51289.3,,0,0,,0,0,boundary
78,9.75,-0.75,,1006.52,0,52221.2,,0,0,,0,0,boundary
79,10.25,-0.75,,1006.58,0,52660.9,,0,0,,0,0,boundary
80,10.75,-0.75,,1006.62,0,52984.5,,0,0,,0,0,boundary
81,11.25,-0.75,,1006.67,0,53394,,0,0,,0,0,boundary
82,11.75,-0.75,,1006.74,0,54011,,0,0,,0,0,boundary
83,12.25,-0.75,,1006.83,0,54675.8,,0,0,,0,0,boundary
84,12.75,-0.75,,1006.89,0,55204.6,,0,0,,0,0,boundary
85,13.25,-0.75,,1006.94,0,55626.8,,0,0,,0,0,boundary
86,13.75,-0.75,,1006.98,0,55912.5,,0,0,,0,0,boundary
87,14.25,-0.75,,1007.02,0,56248.4,,0,0,,0,0,boundary
88,14.75,-0.75,,1007.07,0,56645.3,,0,0,,0,0,boundary
89,15.25,-0.75,,1007.08,0,56776.5,,0,0,,0,0,boundary
90,15.75,-0.75,,1007.11,0,57031,,0,0,,0,0,boundary
91,16.25,-0.75,,1007.19,0,57630.5,,0,0,,0,0,boundary
92,16.75,-0.75,,1007.24,0,58065.1,,0,0,,0,0,boundary
93,17.25,-0.75,,1007.27,0,58291.7,,0,0,,0,0,boundary
94,17.75,-0.75,,1007.29,0,58448.4,,0,0,,0,0,boundary
95,18.25,-0.75,,1007.28,0,58416,,0,0,,0,0,boundary
96,18.75,-0.75,,1007.28,0,58376.8,,0,0,,0,0,boundary
97,19.25,-0.75,,1007.28,0,58419.3,,0,0,,0,0,boundary
98,19.75,-0.75,,1007.32,0,58736.8,,0,0,,0,0,boundary
99,20.25,-0.75,,1007.36,0,59017.6,,0,0,,0,0,boundary
100,20.75,-0.75,,1007.37,0,59117.2,,0,0,,0,0,boundary
101,21.25,-0.75,,1007.33,0,58830.9,,0,0,,0,0,boundary
102,21.75,-0.75,,1007.29,0,58481,,0,0,,0,0,boundary
103,22.25,-0.75,,1007.26,0,58226.8,,0,0,,0,0,boundary
104,22.75,-0.75,,1007.23,0,57955.3,,0,0,,0,0,boundary
105,23.25,-0.75,,1007.15,0,57358.9,,0,0,,0,0,boundary
106,23.75,-0.75,,1007.07,0,56696.2,,0,0,,0,0,boundary
107,24.25,-0.75,,1007.02,0,56259.1,,0,0,,0,0,boundary
108,24.75,-0.75,,1006.95,0,55731.6,,0,0,,0,0,boundary
109,25.25,-0.75,,1006.89,0,55222.6,,0,0,,0,0,boundary
110,25.75,-0.75,,1006.92,0,55478.6,,0,0,,0,0,boundary
111,26.25,-0.75,,1006.95,0,55685.7,,0,0,,0,0,boundary
112,-1.25,-1.25,,1005.41,0,43152.3,,0,0,,0,0,boundary
113,-0.75,-1.25,,1005.39,0,42956.8,,0,0,,0,0,boundary
114,-0.25,-1.25,,1005.4,0,43097.7,,0,0,,0,0,boundary
115,0.25,-1.25,,1005.48,0,43731.2,,0,0,,0,0,boundary
116,0.75,-1.25,,1005.55,0,44306.4,,0,0,,0,0,boundary
117,1.25,-1.25,,1005.56,0,44376.7,,0,0,,0,0,boundary
118,1.75,-1.25,,1005.57,0,44437.9,,0,0,,0,0,boundary
119,2.25,-1.25,,1005.57,0,44489.6,,0,0,,0,0,boundary
120,2.75,-1.25,,1005.64,0,45035.5,,0,0,,0,0,boundary
121,3.25,-1.25,,1005.74,0,45838.1,,0,0,,0,0,boundary
122,3.75,-1.25,,1005.81,0,46429.5,,0,0,,0,0,boundary
123,4.25,-1.25,,1005.9,0,47103.3,,0,0,,0,0,boundary
124,4.75,-1.25,,1006.06,0,48398.8,,0,0,,0,0,boundary
125,5.25,-1.25,,1006.16,0,49219.7,,0,0,,0,0,boundary
126,5.75,-1.25,,1006.21,0,49674.8,,0,0,,0,0,boundary
127,6.25,-1.25,,1006.27,0,50137.6,,0,0,,0,0,boundary
128,6.75,-1.25,,1006.35,0,50828.8,,0,0,,0,0,boundary
129,7.25,-1.25,,1006.52,0,52174.4,,0,0,,0,0,boundary
130,7.75,-1.25,,1006.7,0,53639.7,,0,0,,0,0,boundary
131,8.25,-1.25,,1006.81,0,54556.6,,0,0,,0,0,boundary
132,8.75,-1.25,,1006.92,0,55455.4,,0,0,,0,0,boundary
133,9.25,-1.25,,1007.04,0,56460.4,,0,0,,0,0,boundary
134,9.75,-1.25,,1007.17,0,57528.3,,0,0,,0,0,boundary
135,10.25,-1.25,,1007.27,0,58320.3,,0,0,,0,0,boundary
136,10.75,-1.25,,1007.33,0,58797.7,,0,0,,0,0,boundary
137,11.25,-1.25,,1007.39,0,59311.3,,0,0,,0,0,boundary
138,11.75,-1.25,,1007.49,0,60080,,0,0,,0,0,boundary
139,12.25,-1.25,,1007.57,0,60778.4,,0,0,,0,0,boundary
140,12.75,-1.25,,1007.61,0,61097.1,,0,0,,0,0,boundary
141,13.25,-1.25,,1007.64,0,61340.3,,0,0,,0,0,boundary
142,13.75,-1.25,,1007.67,0,61567.2,,0,0,,0,0,boundary
143,14.25,-1.25,,1007.72,0,62024.9,,0,0,,0,0,boundary
144,14.75,-1.25,,1007.76,0,62361.2,,0,0,,0,0,boundary
145,15.25,-1.25,,1007.73,0,62073.6,,0,0,,0,0,boundary
146,15.75,-1.25,,1007.78,0,62490,,0,0,,0,0,boundary
147,16.25,-1.25,,1007.88,0,63285.5,,0,0,,0,0,boundary
148,16.75,-1.25,,1007.92,0,63662.2,,0,0,,0,0,boundary
149,17.25,-1.25,,1007.92,0,63637.1,,0,0,,0,0,boundary
150,17.75,-1.25,,1007.89,0,63374.1,,0,0,,0,0,boundary
151,18.25,-1.25,,1007.84,0,62959.6,,0,0,,0,0,boundary
152,18.75,-1.25,,1007.79,0,62568.7,,0,0,,0,0,boundary
153,19.25,-1.25,,1007.81,0,62768.6,,0,0,,0,0,boundary
154,19.75,-1.25,,1007.88,0,63349,,0,0,,0,0,boundary
155,20.25,-1.25,,1007.88,0,63358.8,,0,0,,0,0,boundary
156,20.75,-1.25,,1007.87,0,63238.7,,0,0,,0,0,boundary
157,21.25,-1.25,,1007.86,0,63176.2,,0,0,,0,0,boundary
158,21.75,-1.25,,1007.83,0,62937.1,,0,0,,0,0,boundary
159,22.25,-1.25,,1007.76,0,62318,,0,0,,0,0,boundary
160,22.75,-1.25,,1007.7,0,61816.6,,0,0,,0,0,boundary
161,23.25,-1.25,,1007.68,0,61664.1,,0,0,,0,0,boundary
162,23.75,-1.25,,1007.65,0,61418.5,,0,0,,0,0,boundary
163,24.25,-1.25,,1007.59,0,60965.6,,0,0,,0,0,boundary
164,24.75,-1.25,,1007.51,0,60295.1,,0,0,,0,0,boundary
165,25.25,-1.25,,1007.46,0,59877.4,,0,0,,0,0,boundary
166,25.75,-1.25,,1007.52,0,60367.6,,0,0,,0,0,boundary
167,26.25,-1.25,,1007.55,0,60631.9,,0,0,,0,0,boundary
168,-0.25,0.25,,1003.73,0,29616,,0,0,,0,0,boundary
169,-0.25,0.75,,1003.2,0,25321.6,,0,0,,0,0,boundary
170,-0.25,1.25,,1002.63,0,20809.2,,0,0,,0,0,boundary
171,-0.25,1.75,,1002.12,0,16707.2,,0,0,,0,0,boundary
172,-0.25,2.25,,1001.66,0,13065.9,,0,0,,0,0,boundary
173,-0.25,2.75,,1001.18,0,9256.42,,0,0,,0,0,boundary
174,-0.25,3.25,,1000.58,0,4546.84,,0,0,,0,0,boundary
175,-0.25,3.75,,1000.75,0,5883.4,,0,0,,0,0,boundary
176,-0.25,4.25,,1000.64,0,5056.1,,0,0,,0,0,boundary
177,-0.25,4.75,,1000.59,0,4616.44,,0,0,,0,0,boundary
178,-0.25,5.25,,1000,0,0,,0,0,,0,0,boundary
179,-0.25,5.75,,1000,0,0,,0,0,,0,0,boundary
180,-0.25,6.25,,1000,0,0,,0,0,,0,0,boundary
181,-0.25,6.75,,1000,0,0,,0,0,,0,0,boundary
182,-0.25,7.25,,1000,0,0,,0,0,,0,0,boundary
183,-0.25,7.75,,1000,0,0,,0,0,,0,0,boundary
184,-0.25,8.25,,1000,0,0,,0,0,,0,0,boundary
185,-0.25,8.75,,1000,0,0,,0,0,,0,0,boundary
186,-0.25,9.25,,1000,0,0,,0,0,,0,0,boundary
187,-0.25,9.75,,1000,0,0,,0,0,,0,0,boundary
188,-0.75,0.25,,1003.7,0,29331.4,,0,0,,0,0,boundary
189,-0.75,0.75,,1003.18,0,25227.1,,0,0,,0,0,boundary
190,-0.75,1.25,,1002.62,0,20708.2,,0,0,,0,0,boundary
191,-0.75,1.75,,1002.09,0,16511.1,,0,0,,0,0,boundary
192,-0.75,2.25,,1001.63,0,12820,,0,0,,0,0,boundary
193,-0.75,2.75,,1001.11,0,8704.29,,0,0,,0,0,boundary
194,-0.75,3.25,,1000.5,0,3966.87,,0,0,,0,0,boundary
195,-0.75,3.75,,1000.71,0,5615.13,,0,0,,0,0,boundary
196,-0.75,4.25,,1000.61,0,4815.08,,0,0,,0,0,boundary
197,-0.75,4.75,,1000.56,0,4395.56,,0,0,,0,0,boundary
198,-0.75,5.25,,1000,0,0,,0,0,,0,0,boundary
199,-0.75,5.75,,1000,0,0,,0,0,,0,0,boundary
200,-0.75,6.25,,1000,0,0,,0,0,,0,0,boundary
201,-0.75,6.75,,1000,0,0,,0,0,,0,0,boundary
202,-0.75,7.25,,1000,0,0,,0,0,,0,0,boundary
203,-0.75,7.75,,1000,0,0,,0,0,,0,0,boundary
204,-0.75,8.25,,1000,0,0,,0,0,,0,0,boundary
205,-0.75,8.75,,1000,0,0,,0,0,,0,0,boundary
206,-0.75,9.25,,1000,0,0,,0,0,,0,0,boundary
207,-0.75,9.75,,1000,0,0,,0,0,,0,0,boundary
208,-1.25,0.25,,1003.63,0,28829.1,,0,0,,0,0,boundary
209,-1.25,0.75,,1003.21,0,25447.1,,0,0,,0,0,boundary
210,-1.25,1.25,,1002.68,0,21176.1,,0,0,,0,0,boundary
211,-1.25,1.75,,1002.11,0,16669.6,,0,0,,0,0,boundary
212,-1.25,2.25,,1001.61,0,12690.4,,0,0,,0,0,boundary
213,-1.25,2.75,,1001.15,0,9052.86,,0,0,,0,0,boundary
214,-1.25,3.25,,1000.56,0,4435.88,,0,0,,0,0,boundary
215,-1.25,3.75,,1000.71,0,5614.49,,0,0,,0,0,boundary
216,-1.25,4.25,,1000.61,0,4773.72,,0,0,,0,0,boundary
217,-1.25,4.75,,1000.55,0,4296.99,,0,0,,0,0,boundary
218,-1.25,5.25,,1000.53,0,4174.48,,0,0,,0,0,boundary
219,-1.25,5.75,,1000,0,0,,0,0,,0,0,boundary
220,-1.25,6.25,,1000,0,0,,0,0,,0,0,boundary
221,-1.25,6.75,,1000,0,0,,0,0,,0,0,boundary
222,-1.25,7.25,,1000,0,0,,0,0,,0,0,boundary
223,-1.25,7.75,,1000,0,0,,0,0,,0,0,boundary
224,-1.25,8.25,,1000,0,0,,0,0,,0,0,boundary
225,-1.25,8.75,,1000,0,0,,0,0,,0,0,boundary
226,-1.25,9.25,,1000,0,0,,0,0,,0,0,boundary
227,-1.25,9.75,,1000,0,0,,0,0,,0,0,boundary
228,25.25,0.25,,1005.84,0,46647.6,,0,0,,0,0,boundary
229,25.25,0.75,,1005.24,0,41784.6,,0,0,,0,0,boundary
230,25.25,1.25,,1004.71,0,37498.7,,0,0,,0,0,boundary
231,25.25,1.75,,1004.2,0,33348.8,,0,0,,0,0,boundary
232,25.25,2.25,,1003.7,0,29336.8,,0,0,,0,0,boundary
233,25.25,2.75,,1003.23,0,25590,,0,0,,0,0,boundary
234,25.25,3.25,,1002.85,0,22597.3,,0,0,,0,0,boundary
235,25.25,3.75,,1002.61,0,20624.9,,0,0,,0,0,boundary
236,25.25,4.25,,1002.33,0,18444.6,,0,0,,0,0,boundary
237,25.25,4.75,,1001.98,0,15598.2,,0,0,,0,0,boundary
238,25.25,5.25,,1001.69,0,13322.8,,0,0,,0,0,boundary
239,25.25,5.75,,1001.37,0,10781,,0,0,,0,0,boundary
240,25.25,6.25,,1000.93,0,7327.86,,0,0,,0,0,boundary
241,25.25,6.75,,1000.36,0,2817.97,,0,0,,0,0,boundary
242,25.25,7.25,,1000.24,0,1911.19,,0,0,,0,0,boundary
243,25.25,7.75,,1000.16,0,1231.39,,0,0,,0,0,boundary
244,25.25,8.25,,1000.03,0,230.435,,0,0,,0,0,boundary
245,25.25,8.75,,999.929,0,-560.251,,0,0,,0,0,boundary
246,25.25,9.25,,1000,0,0,,0,0,,0,0,boundary
247,25.25,9.75,,1000,0,0,,0,0,,0,0,boundary
248,25.75,0.25,,1005.82,0,46484.8,,0,0,,0,0,boundary
249,25.75,0.75,,1005.26,0,41972.1,,0,0,,0,0,boundary
250,25.75,1.25,,1004.73,0,37687,,0,0,,0,0,boundary
251,25.75,1.75,,1004.21,0,33485.8,,0,0,,0,0,boundary
252,25.75,2.25,,1003.71,0,29427.5,,0,0,,0,0,boundary
253,25.75,2.75,,1003.2,0,25376.8,,0,0,,0,0,boundary
254,25.75,3.25,,1002.81,0,22223.3,,0,0,,0,0,boundary
255,25.75,3.75,,1002.64,0,20858,,0,0,,0,0,boundary
256,25.75,4.25,,1002.38,0,18802.5,,0,0,,0,0,boundary
257,25.75,4.75,,1001.95,0,15405.7,,0,0,,0,0,boundary
258,25.75,5.25,,1001.69,0,13297.7,,0,0,,0,0,boundary
259,25.75,5.75,,1001.63,0,12834.6,,0,0,,0,0,boundary
260,25.75,6.25,,1001.28,0,10058.5,,0,0,,0,0,boundary
261,25.75,6.75,,1000.64,0,5026.86,,0,0,,0,0,boundary
262,25.75,7.25,,1000.3,0,2380.65,,0,0,,0,0,boundary
263,25.75,7.75,,1000.22,0,1729.47,,0,0,,0,0,boundary
264,25.75,8.25,,1000.11,0,881.129,,0,0,,0,0,boundary
265,25.75,8.75,,999.929,0,-557.443,,0,0,,0,0,boundary
266,25.75,9.25,,1000,0,0,,0,0,,0,0,boundary
267,25.75,9.75,,1000,0,0,,0,0,,0,0,boundary
268,26.25,0.25,,1005.78,0,46188.4,,0,0,,0,0,boundary
269,26.25,0.75,,1005.26,0,41977.8,,0,0,,0,0,boundary
270,26.25,1.25,,1004.73,0,37675.3,,0,0,,0,0,boundary
271,26.25,1.75,,1004.22,0,33511.1,,0,0,,0,0,boundary
272,26.25,2.25,,1003.7,0,29337.1,,0,0,,0,0,boundary
273,26.25,2.75,,1003.13,0,24757.7,,0,0,,0,0,boundary
274,26.25,3.25,,1002.62,0,20761.4,,0,0,,0,0,boundary
275,26.25,3.75,,1002.41,0,19067.7,,0,0,,0,0,boundary
276,26.25,4.25,,1002.19,0,17329.4,,0,0,,0,0,boundary
277,26.25,4.75,,1001.71,0,13459.8,,0,0,,0,0,boundary
278,26.25,5.25,,1001.46,0,11491.1,,0,0,,0,0,boundary
279,26.25,5.75,,1001.57,0,12352.5,,0,0,,0,0,boundary
280,26.25,6.25,,1001.5,0,11813.3,,0,0,,0,0,boundary
281,26.25,6.75,,1001,0,7909.44,,0,0,,0,0,boundary
282,26.25,7.25,,1000.35,0,2726.54,,0,0,,0,0,boundary
283,26.25,7.75,,1000.29,0,2244.9,,0,0,,0,0,boundary
284,26.25,8.25,,1000.2,0,1609.64,,0,0,,0,0,boundary
285,26.25,8.75,,999.937,0,-497.236,,0,0,,0,0,boundary
286,26.25,9.25,,1000,0,0,,0,0,,0,0,boundary
287,26.25,9.75,,1000,0,0,,0,0,,0,0,boundary
288,0.844708,0.900673,,1003.33,-19.2547,26435.8,,-0.0831782,-0.00554919,,-0.421919,9.76762,fluid
289,0.285865,1.15306,,1002.79,-18.8435,22105.4,,0.121814,0.094847,,-0.344666,9.70271,fluid
290,0.246922,2.01005,,1001.91,-14.0056,15081.2,,-0.033329,0.41897,,-0.377702,9.67075,fluid
291,0.215287,0.187896,,1003.83,-21.1051,30389.4,,0.0438487,0.0288497,,-0.155205,9.04389,fluid
292,0.669098,0.439189,,1003.61,-20.3776,28672.9,,-0.137692,0.0379143,,-0.224685,9.37321,fluid
293,0.366233,1.63051,,1002.24,-16.9435,17733,,-0.141269,0.298276,,-0.509542,9.10219,fluid
294,1.95974,2.69814,,1001.48,-8.45807,11689.8,,-0.460353,0.519373,,-0.260127,10.164,fluid
295,0.798796,1.52385,,1002.54,-17.4811,20081.2,,-0.162993,0.107376,,-0.174498,9.21697,fluid
296,0.584923,2.36172,,1001.57,-10.924,12354.1,,-0.155369,0.245756,,-0.0769347,9.47661,fluid
297,3.13856,1.72689,,1002.58,-15.0798,20387.1,,-0.661998,0.376455,,-0.976421,9.98299,fluid
298,0.325566,2.77465,,1001.27,-9.2559,9979.23,,0.149614,0.372019,,-0.283262,9.11502,fluid
299,1.47045,2.29864,,1001.59,-11.1148,12547.7,,-0.485342,0.34194,,-0.145687,9.65732,fluid
300,2.0736,2.08401,,1001.68,-12.3582,13283.9,,-0.594192,0.339966,,-0.683424,9.83187,fluid
301,1.80259,2.99756,,1000.77,-8.06304,6077.37,,-0.353217,0.797104,,0.12366,10.5019,fluid
302,2.38534,2.52924,,1001.5,-9.68362,11818.8,,-0.565954,0.297922,,-0.31645,9.80245,fluid
303,3.52161,2.96314,,1001.01,-5.76218,7942.07,,-0.732118,0.531144,,-0.688242,10.3207,fluid
304,1.01035,0.175207,,1003.83,-19.1923,30438.9,,-0.00337215,-0.0689481,,-0.418272,9.10629,fluid
305,0.254429,0.750341,,1003.3,-20.6891,26153.7,,-0.0499436,0.191748,,-0.249056,9.23877,fluid
306,1.7172,0.853201,,1003.22,-18.92,25507.7,,-0.0963005,0.00481708,,-0.407738,9.57777,fluid
307,1.80328,0.182287,,1004.05,-18.3795,32180.5,,-0.173194,-0.0209205,,-0.584177,9.73958,fluid
308,2.12285,0.649709,,1003.54,-17.6399,28110,,-0.0779241,-0.0177304,,-0.724559,9.53995,fluid
309,1.27339,0.949578,,1003.14,-19.124,24890.3,,-0.22528,0.161904,,-0.653535,9.50358,fluid
310,1.39188,0.421458,,1003.62,-18.9914,28690.1,,0.0432383,0.0908612,,-0.594821,9.41664,fluid
311,2.98347,2.56606,,1001.3,-8.45123,10217.2,,-0.727703,0.206656,,-0.409435,9.9235,fluid
312,0.896892,2.06068,,1001.72,-13.9804,13553.8,,-0.12186,0.435529,,-0.0488572,9.6126,fluid
313,1.46213,1.95454,,1001.89,-13.8472,14899.7,,-0.279247,0.445703,,-0.207638,9.63832,fluid
314,2.0998,1.60147,,1002.61,-15.7809,20604.5,,-0.345284,0.15696,,-0.65524,9.8932,fluid
315,4.1229,2.9759,,1000.98,-5.65464,7746.27,,-1.02393,0.419649,,-0.695073,10.3626,fluid
316,5.25045,3.02677,,1000.89,-5.75062,7023.81,,-0.924828,0.279834,,-0.755375,10.9059,fluid
317,3.43098,2.27375,,1001.74,-10.6217,13715.7,,-0.782068,0.327288,,-0.783943,10.2875,fluid
318,4.50596,3.12765,,1000.7,-5.11521,5486.27,,-0.966273,0.355623,,-0.542948,10.4249,fluid
319,4.73363,3.45591,,1000.64,-3.76545,5044.39,,-0.896049,0.333099,,-0.432038,10.5748,fluid
320,2.40862,0.180423,,1004,-18.8677,31804.9,,-0.00263936,0.0631999,,-0.979481,9.74077,fluid
321,5.56806,0.182728,,1004.45,-18.0194,35359.7,,-0.587416,0.172113,,-1.33402,9.93946,fluid
322,7.08344,0.203973,,1004.75,-17.7061,37780.7,,-0.874723,0.102556,,-1.12963,10.3254,fluid
323,1.7466,1.38943,,1002.76,-17.4686,21843,,-0.492958,0.157399,,-0.386115,9.5447,fluid
324,2.32381,1.08094,,1002.98,-18.2656,23563,,-0.366014,0.236415,,-0.547019,9.6853,fluid
325,3.01225,0.201583,,1004.02,-18.3175,31899.8,,-0.217388,0.0689838,,-0.74826,9.46533,fluid
326,2.54677,1.73211,,1002.55,-14.643,20135.5,,-0.670492,0.298109,,-0.564744,9.84797,fluid
327,2.7829,1.2402,,1002.96,-17.157,23448.8,,-0.298887,0.158266,,-0.896205,9.72062,fluid
328,4.18647,0.642271,,1003.73,-17.4672,29626,,-0.464475,0.167617,,-1.32177,9.79403,fluid
329,1.25085,1.52965,,1002.71,-16.7935,21460.5,,-0.172934,0.0742407,,-0.467103,9.62625,fluid
330,3.97857,1.98127,,1002.3,-13.3343,18197.3,,-0.771536,0.356818,,-0.884475,10.2209,fluid
331,3.58647,1.73065,,1002.67,-15.1917,21133.8,,-0.63298,0.249164,,-0.736997,10.0521,fluid
332,7.67521,3.51946,,1000.63,-3.51869,4978.57,,-0.832597,0.0728349,,-0.962208,11.3545,fluid
333,8.0206,3.35714,,1000.67,-5.19582,5264.52,,-0.660373,0.0933955,,-0.91143,11.411,fluid
334,5.79911,3.17981,,1000.83,-5.19473,6493.68,,-0.923997,0.258673,,-0.832023,11.0307,fluid
335,9.3786,3.72171,,1000.7,-2.42422,5501.45,,-0.402785,-0.0845598,,-0.543266,11.993,fluid
336,9.0866,0.76995,,1004.54,-15.1739,36089.2,,-0.976897,0.252766,,-1.27336,10.7785,fluid
337,9.57982,0.719689,,1004.67,-14.8221,37155.7,,-1.08333,0.144355,,-1.34418,11.1197,fluid
338,8.79485,1.1417,,1004.16,-15.1345,33091.5,,-0.857205,0.170903,,-1.4244,10.6446,fluid
339,6.13764,0.269216,,1004.61,-17.3318,36666.1,,-0.699205,-0.0721056,,-1.34725,9.86067,fluid
340,5.92628,1.45386,,1003.29,-16.4906,26061.7,,-0.7812,0.198906,,-1.34283,10.69,fluid
341,3.90087,0.17446,,1004.28,-17.9173,34013.8,,-0.379617,0.0125792,,-1.09116,9.92934,fluid
342,8.37065,1.42702,,1003.6,-16.0588,28538.8,,-0.996267,0.165747,,-1.3539,11.1855,fluid
343,2.6553,0.608115,,1003.63,-18.0737,28808.9,,-0.282843,0.212245,,-0.766266,9.96526,fluid
344,7.09354,1.21216,,1003.71,-16.7202,29455.5,,-0.800784,0.191011,,-1.66678,10.7216,fluid
345,3.10431,0.778427,,1003.56,-17.7936,28270.4,,-0.325178,0.105528,,-0.985597,9.8852,fluid
346,3.93398,1.2722,,1003.18,-17.0426,25169.9,,-0.582704,0.221599,,-1.16532,10.0888,fluid
347,3.33634,1.1974,,1003.17,-17.6227,25140.5,,-0.481685,0.191478,,-0.788268,9.9776,fluid
348,2.40733,3.21685,,1000.58,-4.27211,4584.98,,-0.594487,0.719649,,-0.368118,10.5187,fluid
349,3.98461,3.25705,,1000.56,-3.99862,4421.77,,-0.845664,0.508932,,-0.710011,10.1949,fluid
350,1.08269,3.26739,,1000.53,-5.7151,4174.48,,-0.156461,0.776559,,0.273841,9.50542,fluid
351,3.06651,3.04471,,1000.73,-5.07226,5771.39,,-0.598073,0.571674,,-0.795794,10.2919,fluid
352,9.48897,1.33162,,1003.95,-14.8735,31362.9,,-0.942846,0.206082,,-1.34965,10.6727,fluid
353,9.1175,0.250158,,1005.14,-16.7906,40996.2,,-0.920198,-0.0236443,,-1.58968,10.2603,fluid
354,8.41109,0.822098,,1004.39,-15.4655,34913.5,,-0.732337,0.113636,,-1.47942,10.4725,fluid
355,9.97115,1.81681,,1003.15,-13.9729,24941.5,,-0.844138,0.34291,,-1.28334,11.6123,fluid
356,7.33806,0.651622,,1004.43,-16.3643,35266.6,,-0.716387,0.0375954,,-1.48186,10.2726,fluid
357,8.67515,0.366465,,1004.94,-16.4953,39356.7,,-0.887216,-0.00153221,,-1.45903,10.4104,fluid
358,10.5037,1.75535,,1003.31,-13.0792,26213.3,,-0.814981,0.0615471,,-0.861239,11.9843,fluid
359,4.45726,0.249191,,1004.19,-17.9229,33333.4,,-0.461761,0.130799,,-0.920282,9.91198,fluid
360,3.46254,0.358899,,1004,-17.6366,31790.2,,-0.177964,0.0745863,,-1.12807,9.54547,fluid
361,5.11286,1.13591,,1003.55,-17.7122,28193.2,,-0.663239,0.198594,,-1.25727,10.2405,fluid
362,3.6927,0.817891,,1003.56,-17.6691,28216.8,,-0.412166,0.217705,,-0.916712,9.86854,fluid
363,6.83883,0.768045,,1004.12,-16.7269,32744.1,,-0.695867,0.177391,,-1.62699,10.3463,fluid
364,13.1994,3.67061,,1000.87,-3.23456,6852.01,,-0.0591045,-0.207886,,-0.807867,12.9808,fluid
365,1.57641,3.23095,,1000.56,-5.93638,4397.73,,-0.296742,0.837633,,0.341777,10.0835,fluid
366,11.3399,3.65866,,1000.71,-3.0295,5558.69,,0.0612739,-0.207411,,-0.717066,12.6361,fluid
367,20.3749,5.16088,,1000.77,2.41631,6063.98,,-0.221586,0.084927,,-2.75423,9.86258,fluid
368,14.6921,2.52494,,1003.02,-4.07536,23943.2,,0.115621,-0.295107,,-0.506803,12.3355,fluid
369,15.4827,1.71302,,1004.15,-4.44232,32963,,-0.451946,-0.0747293,,-0.808462,11.9281,fluid
370,7.57471,1.07312,,1004.08,-16.183,32432.1,,-0.801328,0.0501831,,-1.38641,10.6141,fluid
371,9.52514,1.95181,,1003.15,-12.7075,24961.2,,-0.759381,0.237353,,-0.794195,11.6517,fluid
372,15.4021,2.16199,,1003.68,-3.52357,29163.1,,-0.117902,-0.182929,,-1.34261,12.4394,fluid
373,15.8536,2.27297,,1003.43,-3.5263,27209.1,,-0.123143,0.0500511,,-0.993966,12.2819,fluid
374,13.8767,2.48021,,1002.81,-4.84564,22249.3,,-0.0557478,-0.0910829,,-0.418338,12.4596,fluid
375,11.7567,3.43251,,1001.02,-4.39597,8064.78,,-0.175386,-0.203395,,-0.902574,13.1404,fluid
376,7.65981,0.240261,,1004.91,-17.385,39137.8,,-0.793851,-0.0449445,,-1.53579,10.2804,fluid
377,4.40976,2.19586,,1002.04,-11.615,16139.6,,-0.748152,0.367643,,-1.05537,10.6919,fluid
378,12.4494,3.49348,,1000.93,-3.80209,7344.61,,-0.0966225,-0.346124,,-1.35331,12.7106,fluid
379,6.31791,0.802545,,1003.99,-16.5443,31689.6,,-0.677541,0.138657,,-1.42328,9.96726,fluid
380,4.73436,2.80571,,1001.26,-6.34718,9889.78,,-0.871718,0.197482,,-0.758822,10.5204,fluid
381,6.98934,3.45859,,1000.64,-3.51557,5052.66,,-0.802058,0.156723,,-0.859416,11.3785,fluid
382,10.143,3.67625,,1000.66,-2.75235,5195.64,,-0.349508,-0.1337,,-0.745575,12.1849,fluid
383,16.4573,4.28175,,1000.87,-1.0058,6850.66,,0.239935,0.0257932,,-2.15461,12.9597,fluid
384,19.3273,3.21526,,1002.65,4.02033,20981.2,,-0.114015,0.058433,,-1.19832,10.7909,fluid
385,12.5798,2.11891,,1003.15,-8.02347,24985.7,,-0.491835,-0.15276,,-1.30433,12.0426,fluid
386,10.0982,0.666985,,1004.73,-14.913,37685.7,,-1.02991,0.334318,,-1.42224,11.0444,fluid
387,16.8214,1.49546,,1004.44,-1.07101,35287.8,,-0.580459,-0.0981048,,-0.450571,11.4366,fluid
388,10.955,2.12439,,1002.93,-9.37694,23228.2,,-0.671471,0.0256555,,-1.35788,11.5082,fluid
389,16.7301,1.89294,,1003.87,-1.60834,30744.6,,-0.504093,-0.0156974,,-0.383712,11.7618,fluid
390,16.8001,2.41691,,1003.43,-0.0965692,27203.1,,-0.112799,-0.164429,,-1.17414,11.4946,fluid
391,13.6946,3.10969,,1001.94,-3.68221,15317.5,,0.133079,-0.194004,,-1.1399,12.8749,fluid
392,15.2611,2.59679,,1003.05,-1.74249,24133.5,,0.102401,-0.0218612,,-1.48846,12.5973,fluid
393,13.9474,2.03082,,1003.52,-6.98954,27936.5,,-0.479478,-0.165919,,-1.04583,13.0627,fluid
394,10.3254,3.44599,,1000.74,-4.98552,5852.97,,-0.25262,-0.109489,,-0.640587,12.266,fluid
395,4.4136,1.03761,,1003.32,-17.9294,26351.1,,-0.455099,0.336786,,-1.31349,10.4424,fluid
396,4.77807,0.853111,,1003.94,-17.349,31290.3,,-0.593478,-0.0877455,,-1.25097,9.73001,fluid
397,16.1263,3.6491,,1001.62,-0.547067,12747.6,,0.263873,0.0373089,,-1.7004,12.4111,fluid
398,8.52237,3.69544,,1000.7,-2.67841,5537.97,,-0.670165,-0.024049,,-0.560398,11.6288,fluid
399,3.39487,3.37616,,1000.62,-4.06559,4842.66,,-0.895943,0.580748,,-0.636617,10.353,fluid
400,12.7135,2.53204,,1002.81,-6.07354,22268.5,,-0.290579,-0.132705,,-0.621534,12.3906,fluid
401,12.8121,-476.924,,971.109,0,-208004,,0.0507704,-96.4541,,0,0,fluid
402,7.71139,2.26435,,1002.58,-11.6248,20389.9,,-0.794142,0.334292,,-1.35654,11.444,fluid
403,14.5547,2.12275,,1003.35,-5.3416,26561.3,,-0.44879,-0.242808,,-1.89628,11.8674,fluid
404,8.36741,2.07258,,1003.01,-12.4104,23829.3,,-0.821149,0.149161,,-1.19333,11.2482,fluid
405,5.44382,1.92431,,1002.69,-14.0302,21251.2,,-0.797644,0.204667,,-1.08199,10.7936,fluid
406,10.837,1.44447,,1003.91,-12.2235,31035.8,,-0.875997,-0.14364,,-1.25608,11.279,fluid
407,16.5502,3.52312,,1001.96,-1.34654,15494.1,,0.127906,-0.0384156,,-1.50849,12.2275,fluid
408,10.1837,0.226534,,1005.35,-15.9823,42638.5,,-1.35256,-0.019683,,-1.25416,10.3592,fluid
409,14.8522,1.4996,,1004.33,-6.45491,34425.7,,-0.766395,-0.180034,,-0.596827,11.392,fluid
410,17.9737,4.24995,,1001.43,2.09122,11281.4,,0.192565,0.114222,,-2.84907,11.7372,fluid
411,5.3222,2.50905,,1001.67,-9.01374,13139.9,,-0.869168,0.270972,,-0.724872,10.7405,fluid
412,14.1903,3.79435,,1001.02,-2.38071,8029.46,,0.00341636,-0.406926,,-1.93365,13.6087,fluid
413,18.8194,3.90218,,1001.99,1.96541,15733.7,,0.11503,0.117905,,-2.03266,11.1801,fluid
414,16.7994,4.09601,,1001.09,-0.141125,8567.35,,0.307476,-0.00591454,,-2.11547,12.7916,fluid
415,3.91802,2.47377,,1001.58,-9.34646,12486.6,,-0.841898,0.235225,,-0.788235,10.3262,fluid
416,11.9692,2.26123,,1002.9,-7.69771,22997.6,,-0.556167,-0.107064,,-1.04441,12.1039,fluid
417,13.8768,3.44772,,1001.21,-3.51082,9497.46,,0.0857233,-0.242098,,-1.5115,13.6232,fluid
418,13.2021,2.19327,,1003.21,-6.66183,25469.5,,-0.403057,-0.0176322,,-1.03313,12.0211,fluid
419,13.2255,1.23828,,1004.45,-9.51997,35426.2,,-1.07185,-0.0567075,,-0.792135,11.6022,fluid
420,14.8781,1.90458,,1003.62,-5.97839,28749.1,,-0.26831,-0.119721,,-0.776969,11.9623,fluid
421,14.0125,1.71909,,1003.94,-7.78164,31262,,-0.617829,-0.134154,,-0.849527,11.618,fluid
422,16.1103,1.81018,,1003.9,-3.87329,30937.3,,-0.470679,-0.0131349,,-1.21378,11.3074,fluid
423,19.2659,2.61232,,1003.44,4.01668,27253,,-0.217452,-0.164554,,-1.13122,10.4668,fluid
424,7.87497,1.85589,,1003.02,-14.2044,23894.8,,-1.09306,0.0684783,,-1.14529,10.8355,fluid
425,10.7107,3.37674,,1000.82,-4.59482,6488.61,,-0.374869,-0.179911,,-0.791965,12.255,fluid
426,18.5707,2.18769,,1003.83,3.87885,30368.2,,-0.194592,-0.124576,,-0.748978,10.9566,fluid
427,15.2175,3.72049,,1001.13,-2.40856,8871.21,,0.231769,-0.11982,,-1.59911,12.851,fluid
428,5.36815,3.33765,,1000.66,-4.00604,5228.79,,-0.916285,0.28357,,-0.793682,10.8522,fluid
429,8.87125,2.4756,,1002.55,-9.57098,20171.6,,-0.978078,0.117348,,-1.33649,11.6079,fluid
430,21.0638,5.4787,,1000.61,2.10966,4829.45,,-0.506125,-0.0520894,,-2.99586,8.47157,fluid
431,12.5087,3.96625,,1000.93,-1.61414,7307.38,,0.0697755,-0.306017,,-1.16123,12.9214,fluid
432,16.2912,2.26912,,1003.31,-3.01033,26268.6,,-0.06929,0.0411281,,-0.852401,11.9216,fluid
433,10.6374,0.323566,,1005.24,-15.2622,41771.4,,-1.2109,-0.0729341,,-1.08163,10.3906,fluid
434,11.5916,1.79918,,1003.37,-11.2542,26692.4,,-0.88967,0.069665,,-0.827481,11.6757,fluid
435,21.7607,4.46829,,1001.74,6.68879,13738.8,,-0.0555935,-0.446729,,-1.00336,8.21905,fluid
436,17.3855,1.69092,,1004.19,0.469138,33323.7,,-0.686799,-0.020832,,-1.33926,10.7898,fluid
437,17.9682,1.67797,,1004.17,0.949519,33148,,-0.646998,0.0309405,,-0.667658,10.9249,fluid
438,5.90813,1.98082,,1002.68,-13.2053,21219.7,,-0.891488,0.274003,,-1.02897,10.6301,fluid
439,20.1401,3.78487,,1002.38,4.26466,18815.2,,0.0757398,0.0622221,,-1.4192,10.1139,fluid
440,15.5193,1.35776,,1004.67,-4.24995,37177.8,,-0.824226,-0.146414,,-0.966611,11.2288,fluid
441,9.47587,2.61186,,1002.4,-8.5141,18956.3,,-0.803385,0.0964669,,-0.658264,11.8275,fluid
442,5.2149,1.53629,,1003.18,-16.721,25189.5,,-0.806631,0.189179,,-1.25442,10.6019,fluid
443,8.82181,2.9301,,1001.53,-7.58189,12088,,-0.791311,0.0970905,,-0.891233,11.8934,fluid
444,9.44147,3.35111,,1000.83,-5.52415,6502.14,,-0.559817,-0.0400874,,-0.795754,12.0729,fluid
445,0.529445,3.10926,,1000.69,-7.7362,5448.1,,-0.026114,0.639157,,0.0358264,9.03529,fluid
446,1.1699,2.76734,,1001.47,-8.21008,11624.5,,-0.12916,0.534478,,-0.157413,9.67573,fluid
447,0.710278,3.20471,,1000.55,-6.24178,4301.84,,-0.129496,0.704099,,0.33126,9.04694,fluid
448,13.4047,1.7299,,1003.69,-8.7679,29304.1,,-0.777587,0.0244326,,-0.816252,11.8166,fluid
449,11.1924,1.3915,,1003.94,-12.6412,31328.1,,-0.991376,0.00144325,,-1.19317,11.2853,fluid
450,12.8888,1.73937,,1003.68,-9.94172,29162.1,,-0.797126,-0.0859551,,-0.92977,11.8184,fluid
451,14.3378,1.38152,,1004.44,-7.19251,35285.7,,-0.826502,0.0227299,,-1.05941,11.2517,fluid
452,12.171,1.79308,,1003.41,-10.5985,27037.3,,-0.923851,0.0210125,,-1.17796,12.2119,fluid
453,20.4219,3.32517,,1002.75,6.17192,21760.4,,-0.313827,-0.14605,,-1.11581,9.6344,fluid
454,19.5565,2.37046,,1003.8,5.5079,30184.4,,-0.0913337,-0.169965,,-0.86028,9.74691,fluid
455,5.80416,0.634195,,1004.13,-17.3199,32821.7,,-0.515836,0.0805215,,-1.53616,10.5508,fluid
456,8.11747,2.93909,,1001.43,-7.99446,11293.4,,-0.851479,0.316632,,-1.02452,11.4516,fluid
457,6.96939,2.58168,,1001.89,-8.99596,14921.2,,-1.00081,0.163448,,-1.28002,11.3354,fluid
458,20.9207,3.57317,,1002.44,8.06717,19256.4,,-0.17482,-0.0936172,,-0.90622,8.96676,fluid
459,19.846,3.42508,,1002.49,5.36718,19726.5,,-0.0444498,0.121603,,-1.38597,9.89919,fluid
460,19.4309,4.32638,,1001.53,1.25628,12070.4,,-0.155659,0.201719,,-2.46611,10.4548,fluid
461,11.9374,3.58709,,1000.81,-3.94988,6410.66,,-0.0467977,-0.251833,,-0.764457,13.0444,fluid
462,7.46525,3.34903,,1000.78,-4.84722,6156.41,,-0.86844,0.0911193,,-1.24654,11.4745,fluid
463,13.4663,3.94057,,1000.96,-2.01506,7560.22,,0.00677296,-0.265908,,-0.870582,13.5877,fluid
464,12.7109,1.25356,,1004.32,-10.3147,34385.2,,-0.989477,-0.0482043,,-0.954632,11.3062,fluid
465,10.3118,1.27475,,1004.1,-13.8975,32596.9,,-1.04379,0.27166,,-0.964714,10.7165,fluid
466,12.769,0.783542,,1004.94,-10.2191,39346.8,,-1.21736,-0.0790461,,-1.29585,10.938,fluid
467,17.0496,1.10021,,1005.04,-1.09897,40130.4,,-0.852464,-0.0804317,,-0.744777,11.3138,fluid
468,13.7683,1.26303,,1004.39,-8.56401,34932.4,,-1.10401,-0.048795,,-1.0275,11.7088,fluid
469,17.491,2.04931,,1003.93,0.120236,31212.5,,-0.31089,-0.12094,,-0.687086,11.5032,fluid
470,20.6695,3.8986,,1002.36,5.63721,18665.1,,0.0441314,0.185853,,-1.42448,9.59766,fluid
471,19.7996,2.87856,,1002.95,3.12971,23348.8,,-0.37039,0.0566528,,-0.918463,10.688,fluid
472,21.3893,5.45287,,1000.71,2.9123,5570.32,,-0.46639,-0.183072,,-2.62087,7.99361,fluid
473,20.0435,4.98796,,1000.78,2.37814,6110.49,,-0.171039,0.0697423,,-2.70522,10.1505,fluid
474,11.5062,2.58461,,1002.76,-7.22598,21802.1,,-0.382356,0.0369817,,-0.877386,12.2646,fluid
475,6.35999,2.03591,,1002.66,-12.3951,21015.5,,-0.853122,0.0876577,,-1.25,11.0106,fluid
476,18.102,3.14091,,1002.44,1.48362,19251.7,,0.217123,0.214203,,-1.45293,11.3485,fluid
477,18.4266,2.73664,,1003.17,2.77817,25152.6,,-0.0407259,0.0116972,,-1.15396,11.1433,fluid
478,18.3854,3.54726,,1002.13,0.29126,16794.9,,0.173727,0.1666,,-1.74699,11.7301,fluid
479,15.0124,4.15297,,1001.11,-1.21354,8715.49,,0.573512,-0.210251,,-1.63802,13.583,fluid
480,11.359,2.138,,1002.93,-9.57325,23203.9,,-0.727216,0.127306,,-1.01965,11.9384,fluid
481,11.713,1.30985,,1004.1,-12.5215,32599.2,,-0.828241,0.125836,,-0.596944,11.8243,fluid
482,12.3048,1.41846,,1004.09,-10.6074,32496.8,,-0.978479,-0.148843,,-1.2749,11.1718,fluid
483,14.669,1.0372,,1004.96,-6.43248,39476,,-1.11287,-0.10709,,-0.978384,11.2642,fluid
484,13.2862,0.768362,,1005.07,-9.22532,40364,,-1.10753,0.0118139,,-0.637529,10.8371,fluid
485,15.8707,1.09249,,1004.93,-3.31062,39266.7,,-0.805717,0.0938145,,-0.154621,11.3419,fluid
486,18.4164,1.61427,,1004.36,2.57519,34634.6,,-0.660696,-0.0482284,,-0.61253,10.7775,fluid
487,18.4517,1.02048,,1005.18,3.79341,41270.2,,-0.720284,0.0287964,,0.129901,10.6267,fluid
488,16.3078,1.44039,,1004.5,-2.57972,35792.6,,-0.714973,-0.186407,,-1.22483,11.1699,fluid
489,10.2716,2.22599,,1002.85,-9.36557,22574.7,,-0.602453,0.191248,,-0.967821,11.4227,fluid
490,6.59834,0.261033,,1004.6,-17.5873,36632.8,,-0.647215,0.132636,,-1.46404,10.2068,fluid
491,14.4947,2.78906,,1002.68,-4.36466,21204.9,,0.0578097,-0.368177,,-1.24032,12.6517,fluid
492,17.2438,2.38273,,1003.44,0.258909,27297.9,,-0.0120823,0.00699712,,-1.04258,11.5324,fluid
493,13.4362,2.52058,,1002.87,-5.36843,22717.8,,-0.210651,-0.255855,,-0.99515,12.4044,fluid
494,6.61555,3.1626,,1000.77,-5.64486,6064.12,,-0.80126,0.228137,,-1.29176,11.214,fluid
495,15.4788,3.18377,,1002.02,-3.93812,15976.3,,0.245955,-0.0534485,,-1.02998,12.9648,fluid
496,11.1012,0.207774,,1005.4,-14.7537,43094.6,,-1.29943,-0.00112585,,-1.09265,10.5467,fluid
497,11.5175,0.525952,,1005.04,-12.9759,40148.2,,-1.34168,0.0523722,,-1.18945,10.6372,fluid
498,10.6082,0.863583,,1004.62,-12.6054,36800.5,,-1.18438,0.0137987,,-1.23761,11.0443,fluid
499,17.5458,0.729872,,1005.54,0.578548,44233.7,,-0.809218,0.124411,,-0.319898,10.0071,fluid
500,12.1759,0.509358,,1005.24,-11.9834,41763.4,,-1.28745,-0.107971,,-1.07831,10.786,fluid
501,19.9968,1.53897,,1004.3,5.26834,34149.6,,-0.687579,0.00264445,,-0.603975,10.451,fluid
502,17.5591,1.23151,,1004.82,0.771671,38387.2,,-0.886899,-0.199607,,-0.64624,11.2559,fluid
503,19.0175,0.887613,,1005.27,5.2536,42019.1,,-0.897982,-0.198277,,-0.395649,10.4366,fluid
504,18.864,1.43235,,1004.65,3.58367,36989.9,,-0.618446,-0.212412,,-1.11667,10.3597,fluid
505,4.34499,1.57236,,1002.96,-15.5166,23434.2,,-0.70601,0.215862,,-0.82219,10.0863,fluid
506,20.0711,4.56844,,1001.21,3.08397,9504.97,,-0.1524,-0.0753977,,-1.9855,9.48922,fluid
507,6.64224,1.53668,,1003.34,-15.7972,26508.4,,-0.833725,0.125428,,-1.19134,10.677,fluid
508,5.81359,2.51711,,1001.83,-8.99146,14422.5,,-0.837755,0.231777,,-1.06672,10.9743,fluid
509,18.0721,2.1677,,1003.74,1.55116,29720.4,,-0.213515,-0.122109,,-0.747817,10.9356,fluid
510,4.76085,1.8036,,1002.76,-14.3467,21813,,-0.779986,0.262731,,-1.05491,10.0599,fluid
511,9.23056,2.22164,,1002.87,-10.9561,22757.4,,-0.734962,0.155457,,-1.13987,11.5181,fluid
512,12.182,0.889432,,1004.8,-10.6739,38208,,-1.23794,-0.0425205,,-1.00539,11.5585,fluid
513,11.5783,0.972951,,1004.55,-12.2073,36186.5,,-1.09101,-0.0261495,,-1.3376,10.4649,fluid
514,11.0365,0.755174,,1004.78,-12.5635,38065.6,,-1.17794,0.0431119,,-1.26142,11.2736,fluid
515,15.9478,0.637146,,1005.47,-4.23433,43659.9,,-1.13615,-0.0311017,,-0.460131,10.8275,fluid
516,13.4188,0.204463,,1005.77,-10.6412,46059.8,,-1.13676,-0.0394225,,-0.792187,10.96,fluid
517,16.4489,0.975992,,1005.09,-2.33879,40535.5,,-0.947791,-0.0264322,,-0.812525,11.1529,fluid
518,19.6576,1.21857,,1005.03,6.67658,40071.4,,-0.571746,-0.127809,,-0.157628,9.63614,fluid
519,18.0288,0.586812,,1005.6,2.09185,44692.3,,-0.915267,0.0260944,,-0.286971,10.6247,fluid
520,19.2593,1.37964,,1004.76,4.57108,37886.4,,-0.515645,-0.233359,,-0.0951438,10.3888,fluid
521,19.4505,1.86313,,1004,5.95305,31789.2,,-0.65449,-0.256559,,-0.526493,10.6352,fluid
522,18.9158,1.94292,,1004.16,4.12335,33056.6,,-0.396004,-0.151324,,-0.0907688,11.4194,fluid
523,21.039,4.62169,,1001.33,2.34573,10479.2,,0.0262908,0.0131521,,-1.88274,8.5444,fluid
524,7.96683,0.637029,,1004.53,-16.136,36066.2,,-0.861703,0.0702001,,-1.58232,10.6765,fluid
525,10.9877,2.8823,,1002.04,-7.57191,16123.6,,-0.355919,-0.0668831,,-0.869332,11.9793,fluid
526,17.4465,3.67602,,1002.05,1.95404,16182.5,,0.215305,-0.354093,,-1.72312,12.0376,fluid
527,16.9878,3.35577,,1002.09,-1.01039,16485.6,,0.203113,-0.0904028,,-1.36581,12.2442,fluid
528,11.7818,0.156722,,1005.55,-14.0929,44297,,-1.14054,0.0130318,,-1.02912,11.0926,fluid
529,12.4943,0.194684,,1005.6,-12.6012,44694,,-1.14657,-0.0306907,,-0.761505,10.8567,fluid
530,12.9585,0.318163,,1005.52,-11.4519,44047.8,,-1.06816,0.0791573,,-1.02691,10.6748,fluid
531,18.0065,0.169444,,1006.14,1.24428,49052,,-0.829647,-0.0972643,,-0.228167,10.6795,fluid
532,15.4251,0.628067,,1005.36,-6.00216,42743.8,,-1.10998,-0.10239,,-0.769733,10.6817,fluid
533,16.5257,0.544103,,1005.58,-2.45188,44538.7,,-1.05558,-0.03286,,-0.70288,10.3073,fluid
534,18.5638,0.545315,,1005.64,3.87949,44980.6,,-1.00028,-0.0209395,,-0.200144,10.6148,fluid
535,17.0237,0.663192,,1005.51,-0.884085,43985.2,,-0.825697,-0.171305,,-0.287874,10.3318,fluid
536,19.933,2.06932,,1003.76,6.99633,29879.4,,-0.349847,0.215649,,-0.309675,10.0169,fluid
537,20.4404,2.46011,,1003.58,7.66031,28430.1,,-0.325764,-0.331706,,-0.863126,9.06762,fluid
538,18.0155,1.12995,,1004.91,1.57255,39116.8,,-0.662069,-0.0490481,,-0.349076,10.758,fluid
539,21.2787,3.15099,,1002.73,7.35181,21598.9,,-0.345939,-0.355351,,-1.01591,9.68162,fluid
540,20.561,4.36499,,1001.8,3.66944,14199.7,,-0.189927,-0.19122,,-1.73967,9.47892,fluid
541,10.0833,2.5309,,1002.74,-8.18419,21704.3,,-0.676062,0.246923,,-1.51862,11.7327,fluid
542,16.1785,2.92869,,1002.48,-2.01523,19622.2,,0.0737766,0.093266,,-1.06592,12.2862,fluid
543,17.878,3.52598,,1002.06,1.05389,16264.1,,0.184215,-0.0149952,,-1.81352,11.7731,fluid
544,14.2442,0.703285,,1005.2,-7.92898,41417.3,,-1.1594,0.0513781,,-0.628309,11.2072,fluid
545,13.8236,0.864092,,1004.96,-8.14576,39502.6,,-1.10976,-0.0329949,,-1.22549,10.8207,fluid
546,16.1667,0.186217,,1006.03,-3.82695,48193.7,,-0.911923,0.0918023,,-0.335274,10.5825,fluid
547,21.3114,0.651065,,1005.43,10.5079,43346.3,,-0.550407,0.0309511,,0.0344105,10.3487,fluid
548,15.1794,0.958768,,1004.91,-5.89681,39115.1,,-1.05519,0.0697682,,-0.808946,11.446,fluid
549,21.3554,1.45486,,1004.67,9.92741,37149.5,,-0.455763,-0.250869,,-0.181085,9.81483,fluid
550,20.5802,0.903182,,1005.23,9.53047,41676.4,,-0.560752,-0.202133,,0.0783576,9.7273,fluid
551,21.1875,2.08196,,1003.76,9.0856,29838,,-0.523347,-0.223864,,-0.376954,9.45867,fluid
552,20.7405,2.96196,,1002.71,5.06079,21453.7,,-0.409163,-0.0688195,,-0.836421,10.1678,fluid
553,20.8408,1.85933,,1004.12,9.36898,32721.2,,-0.559406,-0.400073,,-0.394745,10.0396,fluid
554,20.1379,2.72113,,1003.24,4.70972,25658.5,,-0.290427,-0.034991,,-0.625902,10.2156,fluid
555,22.6045,4.73579,,1001.28,5.34455,10080.1,,-0.16402,-0.461668,,-1.54105,7.30769,fluid
556,4.93118,2.27006,,1002.1,-11.2522,16604.3,,-0.862385,0.296351,,-1.0892,10.521,fluid
557,9.89202,1.21925,,1004.15,-14.1629,32994.9,,-1.00139,0.260241,,-1.16822,10.5797,fluid
558,6.87985,1.93355,,1003,-13.9633,23721.5,,-0.824362,0.224804,,-1.37153,10.9029,fluid
559,8.74015,1.82822,,1003.18,-13.7166,25232.6,,-0.955772,0.301471,,-0.894195,11.3553,fluid
560,14.328,0.192499,,1005.84,-8.9698,46650.8,,-1.00903,0.0383113,,-0.592415,10.665,fluid
561,14.9632,0.174643,,1005.98,-6.51039,47801.7,,-1.03125,0.0176815,,-0.223021,10.8137,fluid
562,18.7007,0.16896,,1006.29,4.06043,50311.9,,-0.795537,-0.124013,,0.431055,10.3064,fluid
563,22.4539,0.810584,,1005.19,13.4577,41343.6,,-0.458333,-0.213493,,0.2337,10.1679,fluid
564,14.773,0.56336,,1005.5,-6.67251,43915.7,,-1.04206,-0.125243,,-0.804892,10.79,fluid
565,22.5913,2.88523,,1003.22,10.05,25480,,-0.365549,-0.501107,,-0.262124,8.1741,fluid
566,22.1639,1.25819,,1004.9,12.6727,39063.5,,-0.416741,-0.137836,,0.247021,8.45637,fluid
567,16.8723,0.153742,,1006.14,-1.94655,49116.8,,-0.896981,0.0338827,,-0.36121,11.1522,fluid
568,20.3586,1.86982,,1004.19,7.34517,33265,,-0.496721,-0.407744,,-0.291894,10.6482,fluid
569,19.6533,0.702677,,1005.54,6.64437,44173.1,,-0.877935,-0.0413444,,-0.0818632,10.4777,fluid
570,21.4696,3.80096,,1002.05,6.0786,16218.9,,-0.304776,-0.279568,,-1.47108,8.72653,fluid
571,21.6805,3.44828,,1002.44,6.85766,19276.5,,-0.14112,-0.463036,,-0.902144,8.54432,fluid
572,21.7014,5.52534,,1000.68,3.02873,5329.88,,-0.370369,-0.325162,,-2.25665,7.60413,fluid
573,7.51546,2.78182,,1001.65,-7.17679,13013.4,,-0.861802,0.101488,,-1.16216,11.5336,fluid
574,19.2086,3.67357,,1002.21,4.38581,17482.5,,0.0513663,0.190869,,-1.57231,10.6937,fluid
575,6.86364,3.12191,,1000.97,-5.55265,7606.64,,-0.960918,0.168811,,-0.741952,11.4629,fluid
576,13.8361,0.322978,,1005.58,-9.80207,44559.3,,-1.09074,-0.058138,,-0.713937,10.713,fluid
577,15.5808,0.200831,,1005.95,-5.44504,47541.6,,-0.865444,0.0112568,,-0.726028,10.4369,fluid
578,23.0452,2.95257,,1003.15,9.20309,24927.4,,-0.268867,-0.319799,,-0.374916,8.00082,fluid
579,20.139,0.194883,,1006.11,7.71164,48831.3,,-0.704886,0.0263465,,0.093891,9.45162,fluid
580,24.0517,1.66439,,1004.37,13.0199,34756.8,,-0.0902939,-0.20094,,0.0265352,9.32426,fluid
581,23.9932,2.5566,,1003.38,11.1924,26811.6,,-0.160518,-0.282024,,0.0684866,7.85992,fluid
582,22.8708,1.65266,,1004.6,9.63406,36621.3,,-0.15729,-0.104255,,-0.214471,9.21238,fluid
583,22.0871,2.29686,,1003.61,10.8565,28618.8,,-0.424672,-0.293969,,-0.00190377,9.38302,fluid
584,20.7205,1.4226,,1004.7,7.80021,37403,,-0.599661,-0.216552,,-0.094655,9.76672,fluid
585,21.9404,0.707433,,1005.41,11.4249,43151.5,,-0.409374,0.0336219,,0.0439992,10.418,fluid
586,22.5798,4.23709,,1002.04,8.71025,16143.4,,0.10245,-0.604515,,-1.60065,7.61045,fluid
587,22.1602,3.68741,,1002.31,7.63476,18226.8,,-0.356914,-0.398821,,-0.478958,8.24169,fluid
588,21.6977,4.82612,,1001.6,4.73268,12625,,-0.123121,-0.532943,,-1.38121,8.31236,fluid
589,6.36353,2.55089,,1001.81,-9.08396,14284.4,,-0.951349,0.199805,,-0.848679,10.845,fluid
590,7.41295,1.61868,,1003.41,-15.8379,27060.1,,-0.826199,0.199905,,-1.40323,11.0679,fluid
591,8.49529,3.35381,,1000.77,-4.91507,6025.25,,-0.687883,0.0320233,,-0.666768,11.6078,fluid
592,21.0868,1.07144,,1005.07,10.2206,40372.1,,-0.556512,-0.123981,,0.110084,9.18315,fluid
593,19.1992,0.498383,,1005.67,5.12892,45299.4,,-0.861943,-0.155383,,-0.580898,9.99855,fluid
594,22.493,1.60091,,1004.46,10.6122,35480.8,,-0.242468,-0.245737,,-0.196652,9.03789,fluid
595,17.4256,0.230321,,1006.01,0.209493,47993.3,,-0.954449,-0.00760972,,0.0175477,10.8835,fluid
596,24.587,2.52835,,1003.42,12.0535,27129,,0.0285777,-0.472577,,0.37699,8.25242,fluid
597,24.3004,2.11141,,1003.83,14.3786,30434.8,,-0.154667,-0.525377,,-0.012196,8.58408,fluid
598,24.2157,3.01601,,1002.95,10.4033,23368.5,,-0.0974188,-0.713921,,-0.131902,8.69617,fluid
599,23.7025,2.15977,,1003.74,14.5658,29703.9,,-0.0649924,-0.473007,,0.147348,8.91262,fluid
600,22.4745,2.26691,,1003.69,11.9722,29247.8,,-0.433547,-0.468586,,-0.296193,9.13472,fluid
601,20.8745,2.52216,,1003.31,7.45594,26209.3,,-0.479074,-0.188315,,-0.510121,9.03778,fluid
602,21.631,1.85781,,1004.05,9.21003,32138.8,,-0.592847,-0.24997,,-0.316148,9.26851,fluid
603,21.9976,4.0887,,1002.07,7.58039,16372,,-0.120673,-0.510271,,-0.738584,8.75971,fluid
604,7.20317,2.19412,,1002.65,-12.0283,20992,,-0.941289,0.131623,,-0.774401,11.2738,fluid
605,18.4958,4.41704,,1001.22,1.77472,9646.8,,-0.0572347,0.265439,,-1.79343,11.2732,fluid
606,11.2102,3.21528,,1000.9,-5.27335,7058.6,,-0.195532,-0.0241865,,-0.524049,12.1445,fluid
607,19.687,3.98098,,1001.94,3.44444,15351.1,,-0.142432,0.022897,,-1.70305,9.99913,fluid
608,23.375,2.59855,,1003.24,12.0788,25662.6,,-0.256523,-0.504788,,-0.414579,7.8935,fluid
609,23.2099,2.05281,,1003.87,13.2466,30688.9,,-0.307276,-0.57145,,0.245706,9.52781,fluid
610,22.8348,2.31692,,1003.41,12.6955,27052.3,,-0.399323,-0.303667,,0.212222,9.22568,fluid
611,19.464,0.174356,,1006.24,6.38012,49902.2,,-0.621492,-0.136161,,0.459166,9.75951,fluid
612,24.3727,1.44864,,1004.58,13.3553,36476.9,,-0.156397,-0.482571,,0.183035,9.21208,fluid
613,24.7043,0.147445,,1006.06,15.117,48465.6,,-0.193326,-0.100731,,1.1399,9.86096,fluid
614,23.3457,0.223816,,1006.13,14.4371,49024.4,,-0.252351,-0.229769,,0.463079,8.80451,fluid
615,24.8513,0.736701,,1005.21,17.6314,41528.7,,-0.0803603,-0.28581,,0.62924,9.28774,fluid
616,22.2408,3.02845,,1003.02,8.28348,23930.1,,-0.318593,-0.351965,,-0.498785,8.81741,fluid
617,20.2207,1.17655,,1004.9,7.79613,38998.3,,-0.744285,-0.346059,,-0.423681,9.47252,fluid
618,22.9569,3.42667,,1002.89,9.08669,22856.5,,-0.477552,-0.594373,,-0.144343,9.52636,fluid
619,20.0525,0.572309,,1005.7,8.17256,45543.1,,-0.695524,0.0771854,,0.147308,10.467,fluid
620,8.22671,2.48712,,1002.54,-9.44152,20125.7,,-0.944157,0.0905934,,-1.05701,11.7263,fluid
621,15.8351,3.8578,,1001.21,-1.36538,9556.61,,0.368583,0.0410819,,-2.11233,12.9761,fluid
622,19.1479,4.76417,,1000.86,0.913661,6755.73,,-0.214013,0.348471,,-2.32053,11.1237,fluid
623,10.1007,2.99444,,1001.75,-7.79883,13767.8,,-0.554185,0.178392,,-0.395232,12.2753,fluid
624,23.1722,1.37557,,1004.76,12.766,37913.2,,-0.324522,-0.579095,,0.391431,8.01184,fluid
625,23.5951,1.63896,,1004.35,11.8891,34582.2,,-0.229665,-0.104086,,0.176996,9.05552,fluid
626,22.8363,0.982684,,1005.11,15.8027,40719,,-0.366794,0.0209722,,0.154089,9.2619,fluid
627,21.9457,0.257424,,1006.12,12.5104,48952.1,,-0.557873,-0.0891698,,0.370585,8.49694,fluid
628,23.6745,1.17683,,1004.97,15.2013,39582.3,,-0.135041,-0.359735,,0.0128268,8.46761,fluid
629,24.8134,1.55672,,1004.4,14.5614,34993.8,,0.0668849,-0.27979,,0.534423,8.9874,fluid
630,24.3771,0.462302,,1005.64,15.3159,45025,,-0.131021,-0.0451562,,-0.0651329,9.68501,fluid
631,23.6699,2.94219,,1003.14,9.31412,24893.9,,-0.353745,-0.61126,,0.267015,8.66782,fluid
632,22.035,1.7157,,1004.21,9.57472,33445.1,,-0.438646,-0.226826,,-0.056543,9.49287,fluid
633,21.6653,1.12939,,1005.09,11.9401,40560,,-0.346312,-0.18713,,0.255591,9.15164,fluid
634,23.8286,4.22819,,1002.11,7.83142,16638.5,,0.0751427,-0.747009,,-0.635086,7.70809,fluid
635,21.8772,2.94097,,1003.23,9.15504,25559.9,,-0.366576,-0.484447,,-0.81505,8.76474,fluid
636,22.0299,5.52256,,1001.05,3.40968,8275.15,,-0.499801,-0.603891,,-1.73256,7.77223,fluid
637,5.66269,1.10092,,1003.58,-16.8898,28422.7,,-0.802673,0.179752,,-1.14882,10.0792,fluid
638,12.6992,3.06377,,1001.65,-5.36294,12997.4,,-0.121692,-0.347844,,-1.16395,12.3437,fluid
639,15.7939,2.90579,,1002.83,-2.11481,22434.5,,-0.0222304,-0.165638,,-0.916538,12.2434,fluid
640,24.0474,0.861242,,1005.27,15.7863,42026,,-0.228934,-0.102779,,0.12931,9.36274,fluid
641,22.8412,0.274326,,1006.13,13.4861,48990.9,,-0.438755,-0.0927067,,0.42897,9.25426,fluid
642,23.6437,0.593236,,1005.44,15.2386,43432.1,,-0.332508,0.0792238,,0.728672,9.72491,fluid
643,20.6564,0.474323,,1005.79,9.36263,46233,,-0.629898,-0.189455,,-0.216471,10.3903,fluid
644,24.6963,2.91149,,1003.06,11.6334,24265.8,,-0.0529889,-0.512355,,1.05058,8.73836,fluid
645,17.5935,2.90416,,1002.8,0.125899,22151.1,,0.266417,-0.0678023,,-1.42234,12.2186,fluid
646,24.818,2.12183,,1003.81,14.2016,30244.5,,-0.0437349,-0.405917,,0.024229,8.5489,fluid
647,24.5323,1.05942,,1005.1,15.0058,40636,,0.059499,-0.192701,,0.460229,8.55646,fluid
648,24.1771,3.4475,,1002.23,11.812,17621.8,,-0.0829122,-0.614961,,-0.297615,7.88922,fluid
649,21.2744,4.22643,,1001.91,4.6113,15040.8,,-0.25127,-0.17396,,-1.70968,8.58662,fluid
650,22.5554,3.57842,,1002.4,8.92587,18964.1,,-0.103766,-0.248417,,-0.277341,8.56462,fluid
651,22.3611,4.92246,,1001.1,6.75696,8623.91,,-0.372915,-0.537589,,-1.83278,7.32221,fluid
652,12.8537,3.40974,,1000.94,-4.46477,7379.82,,0.288022,-0.262959,,-0.890996,12.6771,fluid
653,15.1579,3.18513,,1002.2,-3.3802,17381.6,,-0.137398,-0.182281,,-2.14564,12.7543,fluid
654,17.1195,4.20199,,1001.05,0.0829963,8236.32,,0.238296,-0.00681212,,-2.00675,12.9977,fluid
655,2.67221,3.07193,,1000.68,-4.89517,5327.93,,-0.715658,0.61229,,-0.44034,10.4234,fluid
656,23.9762,0.197802,,1006.03,14.7273,48177.9,,-0.193233,-0.151423,,0.0489833,9.22151,fluid
657,23.3588,3.98555,,1002.05,9.28645,16216.3,,0.0900852,-0.56926,,-1.07881,6.97411,fluid
658,23.2111,0.715814,,1005.39,15.1982,42958.6,,-0.342693,-0.288706,,-0.185241,10.5356,fluid
659,22.4233,0.312371,,1006.04,12.8653,48238.6,,-0.42352,-0.188425,,0.241899,8.81054,fluid
660,23.4295,4.496,,1001.82,6.23727,14360.8,,-0.145543,-0.554908,,-0.345894,8.33778,fluid
661,23.5655,5.3346,,1001.24,5.48454,9736.17,,0.121246,-0.845629,,-1.25279,5.41819,fluid
662,24.0164,4.957,,1001.29,11.9331,10151.7,,0.156604,-1.06103,,-1.0604,6.46199,fluid
663,21.6649,2.39917,,1003.61,9.28156,28606.1,,-0.529542,-0.290701,,-0.0943358,9.34516,fluid
664,23.7418,3.73075,,1002.16,11.1917,17079.2,,-0.13244,-0.830599,,-0.194633,7.1623,fluid
665,24.6522,3.8851,,1002.49,9.15117,19694,,0.0420144,-0.56631,,0.626977,7.43812,fluid
666,-9.06591,-268.786,,968.775,0,-223258,,-3.70661,-72.2463,,0,0,fluid
667,17.892,2.58727,,1003.2,1.00706,25387.3,,0.00654148,-0.0824861,,-1.05674,11.1583,fluid
668,22.6003,5.60194,,1001.37,6.48026,10795.2,,-0.135695,-0.817234,,-2.26829,6.96237,fluid
669,9.13416,1.4942,,1003.64,-15.3863,28900.8,,-1.00776,0.229593,,-1.53386,11.464,fluid
670,4.95152,0.211163,,1004.47,-17.9914,35537.7,,-0.498874,-0.0489632,,-1.33233,10.1849,fluid
671,12.2401,2.66927,,1002.4,-6.04075,18944.8,,-0.0875855,-0.14086,,-1.08458,12.3428,fluid
672,23.0254,4.89122,,1002.34,6.78929,18517.2,,0.00516519,-0.852875,,-0.0743788,8.57161,fluid
673,23.4506,3.34268,,1002.68,10.9918,21230.5,,-0.318216,-0.750739,,0.00454089,8.98705,fluid
674,9.05901,3.32969,,1000.8,-5.46147,6265.14,,-0.558364,-0.0589141,,-0.931039,11.8725,fluid
675,22.9399,4.21543,,1002.07,7.67316,16344.7,,0.0940126,-0.430949,,-0.48609,7.02695,fluid
676,21.4571,0.280431,,1006.1,11.8788,48742.6,,-0.546589,-0.17037,,0.534402,9.12294,fluid
677,24.3322,4.0494,,1002.59,7.52483,20489.5,,-0.0513742,-0.779439,,0.0530053,7.51235,fluid
678,23.1628,6.17545,,1000.37,2.02703,2939.16,,0.00122903,-0.977255,,-1.47674,5.49696,fluid
679,24.6884,4.61147,,1001.95,8.26294,15395.8,,0.216409,-0.644808,,-0.199265,7.54114,fluid
680,24.7135,3.39873,,1002.56,13.2415,20238.8,,-0.0281385,-0.614178,,0.293793,7.98997,fluid
681,23.1984,5.55479,,1001.21,5.25565,9499.98,,-0.451552,-0.703784,,-1.17733,5.48623,fluid
682,24.2514,4.57844,,1001.86,10.0843,14711.7,,-0.0248687,-0.755042,,-0.134774,7.34388,fluid
683,16.577,2.84032,,1002.72,-1.22676,21500.9,,0.165188,0.129423,,-1.26411,12.1897,fluid
684,7.98348,1.26284,,1003.95,-15.9421,31399.3,,-0.81554,0.0170244,,-1.50177,10.9573,fluid
685,18.6933,4.72001,,1000.83,0.334958,6524.22,,0.0339579,0.388875,,-2.08641,11.5016,fluid
686,18.8877,2.66858,,1003.46,4.14294,27435,,-0.0949271,-0.134589,,-1.46718,10.7307,fluid
687,9.60854,0.248233,,1005.36,-16.6797,42732.9,,-0.958701,0.130112,,-1.09583,10.446,fluid
688,21.3145,2.70856,,1003.26,7.52144,25832.7,,-0.453286,-0.2126,,-0.326164,9.33934,fluid
689,20.8039,5.09816,,1000.95,4.12668,7456.1,,-0.251568,0.0862062,,-2.74299,8.93301,fluid
690,14.6283,3.41408,,1001.35,-2.99482,10606.4,,0.39899,-0.295569,,-1.15404,13.0179,fluid
691,20.8907,0.188471,,1006.38,9.6434,51039.2,,-0.510308,-0.0978917,,0.769258,9.84079,fluid
692,5.24081,0.594118,,1004.07,-17.4589,32299.5,,-0.548488,0.134508,,-1.16791,10.1103,fluid
693,23.9591,5.47266,,1001.09,3.26933,8603.64,,-0.0874711,-0.43459,,-0.577408,5.67564,fluid
694,24.5153,6.67767,,1000.45,-4.18584,3539.04,,-0.401817,-0.268431,,0.0912456,3.72129,fluid
695,24.3097,5.605,,1001.56,2.48153,12337.2,,-0.152263,-0.350585,,1.93181,6.50943,fluid
696,24.5171,5.20379,,1001.34,7.8562,10536.1,,-0.0545358,-0.81327,,0.806169,6.80113,fluid
697,9.70347,3.17507,,1000.95,-5.64833,7459.59,,-0.521567,0.080933,,-0.867073,11.9823,fluid
698,23.4175,6.29542,,1000.27,0.608632,2157.51,,0.245381,-1.1411,,-1.14044,5.02863,fluid
699,6.1622,2.96418,,1000.98,-6.47554,7692.88,,-0.903088,0.257522,,-0.96835,11.1428,fluid
700,18.1082,4.49884,,1000.84,-0.369007,6576.89,,0.00400556,0.217981,,-2.67299,11.7606,fluid
701,10.706,2.52516,,1002.66,-8.23618,21044.3,,-0.636743,0.001452,,-0.938275,12.0232,fluid
702,13.2642,2.97974,,1002,-5.03451,15779.9,,0.103548,-0.107508,,-1.29309,12.5728,fluid
703,22.1633,6.07255,,1000.47,2.07034,3700.66,,-0.303715,-0.693973,,-2.30533,7.10395,fluid
704,18.7688,3.27674,,1002.92,2.61512,23114,,0.0508909,-0.0788718,,-1.4589,11.2377,fluid
705,8.23638,0.179727,,1005.06,-17.7154,40283.7,,-0.839313,0.0667574,,-1.26398,10.7828,fluid
706,43.2969,-1266.26,,997.967,-0.00342836,-15857.4,,-0.771984,-155.011,,-16.1707,-9.39975,fluid
707,42.5886,-1266.67,,997.953,-0.00159455,-15967,,1.36952,-158.723,,3.30747,1.74668,fluid
708,-119.536,-990.672,,998.474,-3.28856,-11920.1,,-7.78785,-140.41,,2.66785,3.14215,fluid
709,-118.864,-989.88,,998.247,-1.07849,-13685.7,,-9.91949,-138.583,,-1.27606,-1.52404,fluid
710,24.1969,6.06637,,1001.19,10.6802,9358.19,,0.203594,-1.40103,,0.496905,5.92644,fluid
711,22.8512,6.05185,,1000.4,3.18685,3177.8,,-0.127429,-0.863985,,-1.90831,6.12524,fluid
712,24.1686,6.72072,,1000.43,2.57708,3404.77,,0.492165,-0.618554,,-1.27835,4.34912,fluid
713,24.5505,7.01349,,999.929,6.2879,-560.251,,0.0483234,-0.323171,,-0.33445,2.72152,fluid
714,24.0278,6.80204,,1000.36,2.76377,2864.07,,0.542436,-0.690721,,-1.75377,4.53485,fluid
715,6.37504,1.22104,,1003.64,-16.7189,28920,,-0.869963,0.121483,,-1.4701,10.4369,fluid
716,11.8869,2.95206,,1001.98,-4.92553,15627.4,,-0.269682,-0.177637,,-0.858125,12.5744,fluid
717,14.2671,3.06735,,1001.91,-4.15961,15090.3,,0.0558632,-0.261084,,-1.4911,12.7251,fluid
718,10.9096,3.72006,,1000.68,-2.26605,5332.61,,-0.142057,-0.221788,,-0.716011,12.3113,fluid
719,14.4951,4.01332,,1001.03,-1.47646,8082.23,,0.162893,-0.434312,,-1.82789,13.4217,fluid
720,-165.267,-1321.79,,979.949,0.154908,-148201,,-10.2012,-162.224,,28.4987,32.973,fluid
721,17.1429,2.98579,,1002.9,0.418354,22952.6,,-0.0315738,-0.241236,,-1.11809,12.0712,fluid
722,42.5943,-1266.66,,997.968,-0.308188,-15853.4,,1.34656,-158.665,,2.69702,1.49492,fluid
723,-121.439,-783.101,,970.471,0,-212194,,-10.2059,-123.742,,0,0,fluid
724,42.5883,-1266.67,,997.992,0.129337,-15668,,1.41844,-158.722,,3.28402,2.25869,fluid
725,42.5873,-1266.67,,997.961,0.100444,-15905.5,,1.38822,-158.735,,3.42622,1.94468,fluid
726,42.5871,-1266.67,,997.96,0.112366,-15916.1,,1.38892,-158.738,,3.45602,1.95478,fluid
727,-165.122,-1321.62,,979.941,-0.0338944,-148262,,-13.7761,-159.058,,-40.6417,-45.1612,fluid
728,-165.234,-1321.74,,979.938,-0.0500095,-148279,,-11.1232,-161.495,,12.143,12.1882,fluid
729,-118.861,-989.878,,998.225,-0.926406,-13856.8,,-9.93419,-138.561,,-1.39179,-1.61811,fluid
730,23.2315,6.588,,1000.38,2.19701,2992.5,,-0.137596,-1.25001,,-1.75963,5.48288,fluid
731,19.5627,4.88049,,1000.79,1.48956,6183.25,,-0.317086,0.16662,,-2.441,10.7865,fluid
732,17.524,4.31951,,1001.02,0.153703,8038.27,,0.161912,0.0526139,,-2.73185,12.7535,fluid
733,2.80397,2.09356,,1002.01,-11.8991,15866.7,,-0.65824,0.343923,,-0.688661,10.1278,fluid
734,6.06854,3.64845,,1000.88,-4.39436,6932.47,,-0.929352,0.219736,,-0.505038,11.2834,fluid
735,15.744,4.17633,,1000.89,-1.38702,6979.57,,0.202114,0.0142666,,-1.70967,13.1442,fluid
