h/dp :,2
L2norm Pressure,KE,dp,Nparticles
25229.1,7.16764e+06,0.5,640

t,10.09
ID,x,y,,rho,drhodt,pressure,,u,v,,du_rdt,du_zdt,Type
0,0.25,-0.25,,1005.58,0,44541.8,,0,0,,0,0,boundary
1,0.75,-0.25,,1005.43,0,43311.2,,0,0,,0,0,boundary
2,1.25,-0.25,,1004.92,0,39153.7,,0,0,,0,0,boundary
3,1.75,-0.25,,1004.51,0,35874.5,,0,0,,0,0,boundary
4,2.25,-0.25,,1004.39,0,34917.2,,0,0,,0,0,boundary
5,2.75,-0.25,,1004.47,0,35552.5,,0,0,,0,0,boundary
6,3.25,-0.25,,1004.64,0,36921.5,,0,0,,0,0,boundary
7,3.75,-0.25,,1004.88,0,38871.2,,0,0,,0,0,boundary
8,4.25,-0.25,,1005.15,0,41087.3,,0,0,,0,0,boundary
9,4.75,-0.25,,1005.38,0,42949.2,,0,0,,0,0,boundary
10,5.25,-0.25,,1005.61,0,44781.1,,0,0,,0,0,boundary
11,5.75,-0.25,,1005.92,0,47256.1,,0,0,,0,0,boundary
12,6.25,-0.25,,1006.32,0,50543,,0,0,,0,0,boundary
13,6.75,-0.25,,1006.71,0,53704,,0,0,,0,0,boundary
14,7.25,-0.25,,1006.93,0,55504.5,,0,0,,0,0,boundary
15,7.75,-0.25,,1006.97,0,55839.3,,0,0,,0,0,boundary
16,8.25,-0.25,,1006.88,0,55092.9,,0,0,,0,0,boundary
17,8.75,-0.25,,1006.67,0,53418.3,,0,0,,0,0,boundary
18,9.25,-0.25,,1006.45,0,51581.7,,0,0,,0,0,boundary
19,9.75,-0.25,,1006.27,0,50104.4,,0,0,,0,0,boundary
20,10.25,-0.25,,1006.24,0,49900.9,,0,0,,0,0,boundary
21,10.75,-0.25,,1006.44,0,51502.6,,0,0,,0,0,boundary
22,11.25,-0.25,,1006.71,0,53755.9,,0,0,,0,0,boundary
23,11.75,-0.25,,1006.91,0,55334.6,,0,0,,0,0,boundary
24,12.25,-0.25,,1007.03,0,56312.3,,0,0,,0,0,boundary
25,12.75,-0.25,,1007.15,0,57320.4,,0,0,,0,0,boundary
26,13.25,-0.25,,1007.31,0,58618.4,,0,0,,0,0,boundary
27,13.75,-0.25,,1007.42,0,59578.4,,0,0,,0,0,boundary
28,14.25,-0.25,,1007.49,0,60107.3,,0,0,,0,0,boundary
29,14.75,-0.25,,1007.5,0,60239.8,,0,0,,0,0,boundary
30,15.25,-0.25,,1007.5,0,60194.5,,0,0,,0,0,boundary
31,15.75,-0.25,,1007.48,0,59998.8,,0,0,,0,0,boundary
32,16.25,-0.25,,1007.42,0,59558.7,,0,0,,0,0,boundary
33,16.75,-0.25,,1007.32,0,58742.7,,0,0,,0,0,boundary
34,17.25,-0.25,,1007.2,0,57777.1,,0,0,,0,0,boundary
35,17.75,-0.25,,1007.09,0,56849.7,,0,0,,0,0,boundary
36,18.25,-0.25,,1006.99,0,56000.4,,0,0,,0,0,boundary
37,18.75,-0.25,,1006.89,0,55205,,0,0,,0,0,boundary
38,19.25,-0.25,,1006.81,0,54519,,0,0,,0,0,boundary
39,19.75,-0.25,,1006.74,0,53972.8,,0,0,,0,0,boundary
40,20.25,-0.25,,1006.68,0,53468.7,,0,0,,0,0,boundary
41,20.75,-0.25,,1006.63,0,53058.5,,0,0,,0,0,boundary
42,21.25,-0.25,,1006.59,0,52770.8,,0,0,,0,0,boundary
43,21.75,-0.25,,1006.58,0,52639.6,,0,0,,0,0,boundary
44,22.25,-0.25,,1006.59,0,52790.4,,0,0,,0,0,boundary
45,22.75,-0.25,,1006.64,0,53147.5,,0,0,,0,0,boundary
46,23.25,-0.25,,1006.7,0,53689.4,,0,0,,0,0,boundary
47,23.75,-0.25,,1006.79,0,54351.7,,0,0,,0,0,boundary
48,24.25,-0.25,,1006.88,0,55115.1,,0,0,,0,0,boundary
49,24.75,-0.25,,1006.97,0,55828,,0,0,,0,0,boundary
50,25.25,-0.25,,1007.04,0,56463,,0,0,,0,0,boundary
51,25.75,-0.25,,1007.14,0,57219.9,,0,0,,0,0,boundary
52,26.25,-0.25,,1007.2,0,57705.1,,0,0,,0,0,boundary
53,0.25,-0.75,,1007.38,0,59198.6,,0,0,,0,0,boundary
54,0.75,-0.75,,1006.71,0,53701.6,,0,0,,0,0,boundary
55,1.25,-0.75,,1006.02,0,48137.4,,0,0,,0,0,boundary
56,1.75,-0.75,,1005.68,0,45333.1,,0,0,,0,0,boundary
57,2.25,-0.75,,1005.62,0,44841,,0,0,,0,0,boundary
58,2.75,-0.75,,1005.73,0,45782.9,,0,0,,0,0,boundary
59,3.25,-0.75,,1005.86,0,46810.5,,0,0,,0,0,boundary
60,3.75,-0.75,,1006.01,0,48032.7,,0,0,,0,0,boundary
61,4.25,-0.75,,1006.19,0,49460.7,,0,0,,0,0,boundary
62,4.75,-0.75,,1006.34,0,50748,,0,0,,0,0,boundary
63,5.25,-0.75,,1006.54,0,52305,,0,0,,0,0,boundary
64,5.75,-0.75,,1006.81,0,54550,,0,0,,0,0,boundary
65,6.25,-0.75,,1007.18,0,57566.3,,0,0,,0,0,boundary
66,6.75,-0.75,,1007.51,0,60302.6,,0,0,,0,0,boundary
67,7.25,-0.75,,1007.63,0,61283,,0,0,,0,0,boundary
68,7.75,-0.75,,1007.6,0,61046.1,,0,0,,0,0,boundary
69,8.25,-0.75,,1007.46,0,59855.4,,0,0,,0,0,boundary
70,8.75,-0.75,,1007.22,0,57881.6,,0,0,,0,0,boundary
71,9.25,-0.75,,1007.04,0,56426.8,,0,0,,0,0,boundary
72,9.75,-0.75,,1006.95,0,55687.9,,0,0,,0,0,boundary
73,10.25,-0.75,,1006.93,0,55562.5,,0,0,,0,0,boundary
74,10.75,-0.75,,1007.1,0,56941.1,,0,0,,0,0,boundary
75,11.25,-0.75,,1007.33,0,58792.2,,0,0,,0,0,boundary
76,11.75,-0.75,,1007.49,0,60138.3,,0,0,,0,0,boundary
77,12.25,-0.75,,1007.63,0,61251.5,,0,0,,0,0,boundary
78,12.75,-0.75,,1007.77,0,62416.3,,0,0,,0,0,boundary
79,13.25,-0.75,,1007.9,0,63473.8,,0,0,,0,0,boundary
80,13.75,-0.75,,1008,0,64295.5,,0,0,,0,0,boundary
81,14.25,-0.75,,1008.1,0,65151.9,,0,0,,0,0,boundary
82,14.75,-0.75,,1008.17,0,65747.4,,0,0,,0,0,boundary
83,15.25,-0.75,,1008.19,0,65864.3,,0,0,,0,0,boundary
84,15.75,-0.75,,1008.15,0,65518.6,,0,0,,0,0,boundary
85,16.25,-0.75,,1008.07,0,64928.3,,0,0,,0,0,boundary
86,16.75,-0.75,,1007.98,0,64150.9,,0,0,,0,0,boundary
87,17.25,-0.75,,1007.87,0,63216,,0,0,,0,0,boundary
88,17.75,-0.75,,1007.72,0,62020.3,,0,0,,0,0,boundary
89,18.25,-0.75,,1007.57,0,60801.4,,0,0,,0,0,boundary
90,18.75,-0.75,,1007.43,0,59666.5,,0,0,,0,0,boundary
91,19.25,-0.75,,1007.31,0,58644.2,,0,0,,0,0,boundary
92,19.75,-0.75,,1007.2,0,57765.1,,0,0,,0,0,boundary
93,20.25,-0.75,,1007.14,0,57236.7,,0,0,,0,0,boundary
94,20.75,-0.75,,1007.11,0,56983.9,,0,0,,0,0,boundary
95,21.25,-0.75,,1007.09,0,56830,,0,0,,0,0,boundary
96,21.75,-0.75,,1007.08,0,56744.7,,0,0,,0,0,boundary
97,22.25,-0.75,,1007.1,0,56881.2,,0,0,,0,0,boundary
98,22.75,-0.75,,1007.14,0,57267.2,,0,0,,0,0,boundary
99,23.25,-0.75,,1007.21,0,57832.5,,0,0,,0,0,boundary
100,23.75,-0.75,,1007.31,0,58608.1,,0,0,,0,0,boundary
101,24.25,-0.75,,1007.41,0,59492.6,,0,0,,0,0,boundary
102,24.75,-0.75,,1007.51,0,60304,,0,0,,0,0,boundary
103,25.25,-0.75,,1007.59,0,60920.1,,0,0,,0,0,boundary
104,25.75,-0.75,,1007.65,0,61434.1,,0,0,,0,0,boundary
105,26.25,-0.75,,1007.7,0,61847.2,,0,0,,0,0,boundary
106,0.25,-1.25,,1009.44,0,76235.4,,0,0,,0,0,boundary
107,0.75,-1.25,,1009.03,0,72803.3,,0,0,,0,0,boundary
108,1.25,-1.25,,1008.22,0,66119.7,,0,0,,0,0,boundary
109,1.75,-1.25,,1007.77,0,62381.4,,0,0,,0,0,boundary
110,2.25,-1.25,,1007.64,0,61356.6,,0,0,,0,0,boundary
111,2.75,-1.25,,1007.53,0,60416.8,,0,0,,0,0,boundary
112,3.25,-1.25,,1007.45,0,59795.7,,0,0,,0,0,boundary
113,3.75,-1.25,,1007.35,0,58985.3,,0,0,,0,0,boundary
114,4.25,-1.25,,1007.23,0,57979.5,,0,0,,0,0,boundary
115,4.75,-1.25,,1007.23,0,57952.5,,0,0,,0,0,boundary
116,5.25,-1.25,,1007.28,0,58436.6,,0,0,,0,0,boundary
117,5.75,-1.25,,1007.4,0,59403.2,,0,0,,0,0,boundary
118,6.25,-1.25,,1007.58,0,60862.4,,0,0,,0,0,boundary
119,6.75,-1.25,,1007.72,0,62044.4,,0,0,,0,0,boundary
120,7.25,-1.25,,1007.6,0,61039.4,,0,0,,0,0,boundary
121,7.75,-1.25,,1007.26,0,58200.1,,0,0,,0,0,boundary
122,8.25,-1.25,,1006.89,0,55214.4,,0,0,,0,0,boundary
123,8.75,-1.25,,1006.74,0,53996.8,,0,0,,0,0,boundary
124,9.25,-1.25,,1006.94,0,55592.8,,0,0,,0,0,boundary
125,9.75,-1.25,,1007.33,0,58831.8,,0,0,,0,0,boundary
126,10.25,-1.25,,1007.69,0,61734,,0,0,,0,0,boundary
127,10.75,-1.25,,1007.88,0,63344.2,,0,0,,0,0,boundary
128,11.25,-1.25,,1007.92,0,63621.5,,0,0,,0,0,boundary
129,11.75,-1.25,,1007.91,0,63544.6,,0,0,,0,0,boundary
130,12.25,-1.25,,1007.89,0,63392.3,,0,0,,0,0,boundary
131,12.75,-1.25,,1007.88,0,63354.9,,0,0,,0,0,boundary
132,13.25,-1.25,,1007.92,0,63617.6,,0,0,,0,0,boundary
133,13.75,-1.25,,1008.03,0,64598.5,,0,0,,0,0,boundary
134,14.25,-1.25,,1008.23,0,66181.6,,0,0,,0,0,boundary
135,14.75,-1.25,,1008.38,0,67437.9,,0,0,,0,0,boundary
136,15.25,-1.25,,1008.4,0,67643.2,,0,0,,0,0,boundary
137,15.75,-1.25,,1008.35,0,67210.1,,0,0,,0,0,boundary
138,16.25,-1.25,,1008.28,0,66618.4,,0,0,,0,0,boundary
139,16.75,-1.25,,1008.24,0,66256.5,,0,0,,0,0,boundary
140,17.25,-1.25,,1008.18,0,65800.2,,0,0,,0,0,boundary
141,17.75,-1.25,,1008.09,0,65034,,0,0,,0,0,boundary
142,18.25,-1.25,,1007.97,0,64032.6,,0,0,,0,0,boundary
143,18.75,-1.25,,1007.84,0,62983.7,,0,0,,0,0,boundary
144,19.25,-1.25,,1007.73,0,62124.7,,0,0,,0,0,boundary
145,19.75,-1.25,,1007.7,0,61811.6,,0,0,,0,0,boundary
146,20.25,-1.25,,1007.73,0,62108.1,,0,0,,0,0,boundary
147,20.75,-1.25,,1007.78,0,62538.7,,0,0,,0,0,boundary
148,21.25,-1.25,,1007.79,0,62589.2,,0,0,,0,0,boundary
149,21.75,-1.25,,1007.81,0,62718.4,,0,0,,0,0,boundary
150,22.25,-1.25,,1007.85,0,63074.5,,0,0,,0,0,boundary
151,22.75,-1.25,,1007.9,0,63469.1,,0,0,,0,0,boundary
152,23.25,-1.25,,1007.98,0,64180.2,,0,0,,0,0,boundary
153,23.75,-1.25,,1008.13,0,65361.1,,0,0,,0,0,boundary
154,24.25,-1.25,,1008.28,0,66621.2,,0,0,,0,0,boundary
155,24.75,-1.25,,1008.39,0,67549.4,,0,0,,0,0,boundary
156,25.25,-1.25,,1008.46,0,68100.9,,0,0,,0,0,boundary
157,25.75,-1.25,,1008.48,0,68244.7,,0,0,,0,0,boundary
158,26.25,-1.25,,1008.46,0,68135.6,,0,0,,0,0,boundary
159,25.25,0.25,,1006.59,0,52728.3,,0,0,,0,0,boundary
160,25.25,0.75,,1006.13,0,48964,,0,0,,0,0,boundary
161,25.25,1.25,,1005.59,0,44627.1,,0,0,,0,0,boundary
162,25.25,1.75,,1004.94,0,39342.9,,0,0,,0,0,boundary
163,25.25,2.25,,1004.22,0,33522.8,,0,0,,0,0,boundary
164,25.25,2.75,,1003.57,0,28300.8,,0,0,,0,0,boundary
165,25.25,3.25,,1002.98,0,23618.5,,0,0,,0,0,boundary
166,25.25,3.75,,1002.39,0,18929.2,,0,0,,0,0,boundary
167,25.25,4.25,,1001.8,0,14217.8,,0,0,,0,0,boundary
168,25.25,4.75,,1001.29,0,10147.9,,0,0,,0,0,boundary
169,25.25,5.25,,1001.22,0,9582.16,,0,0,,0,0,boundary
170,25.25,5.75,,1001.04,0,8221.59,,0,0,,0,0,boundary
171,25.25,6.25,,1000.85,0,6660.29,,0,0,,0,0,boundary
172,25.25,6.75,,1000.6,0,4726.52,,0,0,,0,0,boundary
173,25.25,7.25,,1000,0,0,,0,0,,0,0,boundary
174,25.25,7.75,,1000,0,0,,0,0,,0,0,boundary
175,25.25,8.25,,1000,0,0,,0,0,,0,0,boundary
176,25.25,8.75,,1000,0,0,,0,0,,0,0,boundary
177,25.25,9.25,,1000,0,0,,0,0,,0,0,boundary
178,25.25,9.75,,1000,0,0,,0,0,,0,0,boundary
179,25.75,0.25,,1006.68,0,53523.5,,0,0,,0,0,boundary
180,25.75,0.75,,1006.21,0,49648.6,,0,0,,0,0,boundary
181,25.75,1.25,,1005.66,0,45141.8,,0,0,,0,0,boundary
182,25.75,1.75,,1004.97,0,39610.5,,0,0,,0,0,boundary
183,25.75,2.25,,1004.24,0,33664.2,,0,0,,0,0,boundary
184,25.75,2.75,,1003.6,0,28521.5,,0,0,,0,0,boundary
185,25.75,3.25,,1003,0,23717.5,,0,0,,0,0,boundary
186,25.75,3.75,,1002.32,0,18308.3,,0,0,,0,0,boundary
187,25.75,4.25,,1001.64,0,12957.3,,0,0,,0,0,boundary
188,25.75,4.75,,1001.12,0,8793.6,,0,0,,0,0,boundary
189,25.75,5.25,,1000.39,0,3030.18,,0,0,,0,0,boundary
190,25.75,5.75,,1000.89,0,7011.24,,0,0,,0,0,boundary
191,25.75,6.25,,1000.7,0,5490.44,,0,0,,0,0,boundary
192,25.75,6.75,,1000.54,0,4258.44,,0,0,,0,0,boundary
193,25.75,7.25,,1000,0,0,,0,0,,0,0,boundary
194,25.75,7.75,,1000,0,0,,0,0,,0,0,boundary
195,25.75,8.25,,1000,0,0,,0,0,,0,0,boundary
196,25.75,8.75,,1000,0,0,,0,0,,0,0,boundary
197,25.75,9.25,,1000,0,0,,0,0,,0,0,boundary
198,25.75,9.75,,1000,0,0,,0,0,,0,0,boundary
199,26.25,0.25,,1006.75,0,54056.4,,0,0,,0,0,boundary
200,26.25,0.75,,1006.29,0,50281.3,,0,0,,0,0,boundary
201,26.25,1.25,,1005.73,0,45738.2,,0,0,,0,0,boundary
202,26.25,1.75,,1005.01,0,39954.2,,0,0,,0,0,boundary
203,26.25,2.25,,1004.23,0,33645.8,,0,0,,0,0,boundary
204,26.25,2.75,,1003.53,0,28014.4,,0,0,,0,0,boundary
205,26.25,3.25,,1002.83,0,22360.4,,0,0,,0,0,boundary
206,26.25,3.75,,1002.01,0,15855,,0,0,,0,0,boundary
207,26.25,4.25,,1001.25,0,9829.92,,0,0,,0,0,boundary
208,26.25,4.75,,1000.73,0,5761.23,,0,0,,0,0,boundary
209,26.25,5.25,,1000,0,37.1363,,0,0,,0,0,boundary
210,26.25,5.75,,1000,0,0,,0,0,,0,0,boundary
211,26.25,6.25,,1000.61,0,4766.37,,0,0,,0,0,boundary
212,26.25,6.75,,1000.51,0,4046.26,,0,0,,0,0,boundary
213,26.25,7.25,,1000.46,0,3577.3,,0,0,,0,0,boundary
214,26.25,7.75,,1000,0,0,,0,0,,0,0,boundary
215,26.25,8.25,,1000,0,0,,0,0,,0,0,boundary
216,26.25,8.75,,1000,0,0,,0,0,,0,0,boundary
217,26.25,9.25,,1000,0,0,,0,0,,0,0,boundary
218,26.25,9.75,,1000,0,0,,0,0,,0,0,boundary
219,0.221907,2.00055,,1001.83,410.672,14426.2,,0.109906,2.49915,,-67.1788,10.2901,fluid
220,0.282359,2.97554,,1000.59,-164.697,4633.9,,-0.0314779,1.09648,,-15.7542,11.4099,fluid
221,0.360174,3.04628,,1000.51,212.67,4028.94,,0.0839544,0.607506,,-10.2687,11.3197,fluid
222,0.469031,2.88709,,1000.69,504.389,5401.8,,0.235408,0.188555,,-10.2146,12.718,fluid
223,0.525194,2.81044,,1000.76,647.534,5959.15,,0.336142,-0.0830149,,-10.3933,13.2093,fluid
224,0.466839,2.15964,,1001.27,-214.908,9993.47,,-0.0935165,-1.53758,,-25.8816,13.7178,fluid
225,0.323845,1.87698,,1002.09,-924.757,16527.4,,-0.303386,-2.23022,,-51.875,11.873,fluid
226,7.07981,3.14467,,1001.33,-142.914,10449.9,,-1.06592,0.727889,,-2.99935,11.24,fluid
227,0.603812,2.49877,,1000.97,-184.599,7604.37,,-0.113485,1.74841,,-13.4342,10.8858,fluid
228,0.847425,2.14434,,1000.91,239.146,7183.87,,0.245239,1.99357,,-14.7423,11.4234,fluid
229,1.06025,1.84739,,1001.58,690.377,12427.2,,0.769172,2.12947,,-15.8528,11.5521,fluid
230,1.584,1.51655,,1002.72,184.91,21551.2,,0.249951,-0.286162,,-13.3633,11.5839,fluid
231,1.2603,2.02757,,1001.25,333.324,9840.48,,0.447762,0.814828,,-11.4416,11.6302,fluid
232,1.55388,1.98077,,1001.51,262.74,11930.4,,0.405164,0.406718,,-9.7829,11.1512,fluid
233,0.551442,1.67724,,1002.47,666.641,19552.2,,0.359098,1.97923,,-37.3345,10.7195,fluid
234,1.72357,2.0421,,1001.27,207.976,9998.39,,0.379392,0.647215,,-8.11713,11.7772,fluid
235,0.735374,0.0281846,,1005.35,-811.205,42675.8,,-0.616427,1.07764,,-59.074,16.3476,fluid
236,0.937504,0.320995,,1004.52,-843.205,35928.3,,-0.775926,1.00197,,-37.7786,13.4333,fluid
237,0.740566,0.99249,,1004.84,-240.923,38553.3,,-0.244512,2.27204,,-46.9456,16.2162,fluid
238,0.404251,0.694249,,1004.98,-274.902,39632.5,,-0.134158,1.1088,,-96.4813,13.5007,fluid
239,1.21699,0.409353,,1003.84,-745.448,30450.5,,-0.839442,0.398592,,-24.7309,11.6217,fluid
240,0.806936,2.52744,,1000.66,-489.343,5169.51,,-0.370934,2.4475,,-9.00372,10.8049,fluid
241,1.38571,2.54161,,1000.61,7.98452,4760.68,,0.0449669,0.577535,,-4.96292,12.7637,fluid
242,1.11603,2.65748,,1000.59,582.351,4643.64,,0.671423,-0.0562858,,-6.48069,12.9637,fluid
243,1.7499,2.47669,,1000.67,214.074,5279.3,,0.415379,0.073121,,-5.5015,13.5011,fluid
244,2.67693,1.1665,,1003.4,-13.8735,26995,,-0.134343,0.263778,,-10.363,11.1792,fluid
245,4.69727,2.20847,,1001.71,29.2216,13490.4,,0.0779733,-0.258826,,-4.14456,11.619,fluid
246,4.10096,1.56441,,1002.43,38.8847,19214,,0.121295,0.257256,,-6.367,11.0693,fluid
247,4.42285,1.95308,,1001.64,32.1204,12956.5,,0.222047,0.0715047,,-4.60352,11.5125,fluid
248,4.57752,2.25587,,1001.62,21.3205,12812.4,,0.0461208,-0.170594,,-4.03,11.5577,fluid
249,3.83585,2.471,,1001.02,-2.45849,8005.84,,0.0358329,0.370763,,-3.56659,10.4926,fluid
250,4.89007,2.06371,,1001.67,-14.006,13139.1,,-0.00255123,0.585874,,-4.54381,11.5163,fluid
251,1.65494,-0.0349396,,1004.33,-592.605,34410.1,,-0.954796,0.553582,,-22.6025,14.4191,fluid
252,1.98773,0.123214,,1003.81,-551.375,30276.8,,-1.0167,0.488611,,-16.5715,12.4925,fluid
253,1.95009,0.445724,,1004.35,-524.22,34551.1,,-1.09684,1.04374,,-17.3505,12.0935,fluid
254,1.09265,0.988912,,1004.04,-273.066,32084.4,,-0.321101,1.65787,,-25.6289,13.1123,fluid
255,2.25026,0.372447,,1003.7,-442.483,29361.4,,-0.926703,0.276823,,-13.4347,10.2378,fluid
256,1.62833,0.641777,,1003.91,-475.051,31016.5,,-0.771507,0.884878,,-18.2552,11.3801,fluid
257,0.969837,1.64422,,1002.49,721.403,19649.6,,0.692245,2.34519,,-20.9453,11.5016,fluid
258,1.93145,2.25203,,1000.91,105.916,7147.2,,0.243486,0.337235,,-5.63766,12.583,fluid
259,4.70638,1.77675,,1002.11,21.1859,16663.8,,0.0985648,0.199201,,-5.34931,11.3976,fluid
260,4.19295,2.94362,,1000.82,-130.848,6429.64,,-0.484979,0.619068,,-2.96798,12.082,fluid
261,5.55174,1.70506,,1002.48,7.5559,19641.7,,0.00883577,0.184889,,-5.46445,11.425,fluid
262,1.41132,2.13723,,1001.21,191.413,9502.05,,0.274418,-0.374201,,-8.9912,12.7685,fluid
263,5.83701,1.97348,,1002.46,-9.01218,19443.8,,-0.209181,0.42088,,-4.8237,12.7002,fluid
264,5.6128,2.13401,,1002.02,-26.3761,15956.7,,-0.189947,0.367253,,-4.34428,12.0606,fluid
265,5.67752,1.92329,,1002.37,-0.458415,18714.4,,-0.0951567,0.42599,,-4.86729,12.6729,fluid
266,6.18908,2.22048,,1002.1,-78.069,16596,,-0.550474,0.253421,,-4.34062,12.8278,fluid
267,2.66429,-0.0210915,,1004.06,-400.176,32256.4,,-0.990167,0.410497,,-13.8664,12.7439,fluid
268,3.01352,0.299803,,1004.15,-324.912,32988.3,,-0.99448,0.375722,,-11.5117,10.3226,fluid
269,3.348,0.478505,,1004.22,-240.708,33508.7,,-0.882405,0.355887,,-10.4031,10.019,fluid
270,2.875,0.481876,,1004.09,-297.134,32471.1,,-0.898636,0.135001,,-11.815,10.3584,fluid
271,1.29468,2.65692,,1000.59,-398.166,4672.73,,-0.491214,1.33119,,-4.02452,12.9755,fluid
272,2.29985,0.668586,,1004.22,-298.905,33535.9,,-0.788233,0.678006,,-13.4234,11.1761,fluid
273,1.41378,1.09548,,1003.44,-36.6757,27272.8,,-0.047317,1.62126,,-15.6274,13.0782,fluid
274,3.07898,2.2836,,1000.97,157.408,7606.56,,0.548488,-0.156889,,-5.01986,11.3376,fluid
275,2.23853,2.29144,,1000.88,137.569,6897.58,,0.35599,0.0778192,,-4.7116,12.0296,fluid
276,4.15565,2.95636,,1000.8,-145.675,6276.01,,-0.53915,0.644395,,-2.95827,12.0813,fluid
277,4.00274,2.14067,,1001.47,38.2015,11562.4,,0.164104,0.151515,,-4.91306,11.3858,fluid
278,5.38534,2.67832,,1001.26,-82.4769,9952.2,,-0.389097,0.856394,,-3.72058,10.2319,fluid
279,5.30237,3.00688,,1000.92,-162.594,7274.88,,-0.756182,1.252,,-3.90825,11.262,fluid
280,6.36248,2.20591,,1002.19,-54.4007,17309.6,,-0.452362,0.0896353,,-4.10063,13.0628,fluid
281,5.55551,1.69876,,1002.48,2.37065,19573.4,,-0.00964796,0.447084,,-5.44071,11.2149,fluid
282,6.2866,1.08001,,1003.4,-91.0882,26957.1,,-0.506849,0.293474,,-6.43248,10.6664,fluid
283,3.39618,0.051362,,1004.16,-294.807,33052.6,,-0.907733,0.454005,,-10.7397,11.5711,fluid
284,3.88671,0.261143,,1004.31,-216.267,34286.9,,-0.837254,0.190402,,-9.67658,9.31808,fluid
285,4.33619,0.440195,,1004.33,-157.178,34394.7,,-0.741236,0.125764,,-8.84787,10.1606,fluid
286,3.67891,0.487711,,1004.11,-204.382,32686.7,,-0.785297,0.0127323,,-9.72737,9.74519,fluid
287,1.79654,1.83303,,1001.76,298.388,13854.1,,0.534678,0.547984,,-9.46413,10.4317,fluid
288,2.58848,0.792824,,1003.91,-201.436,31020.7,,-0.590228,0.596371,,-10.8792,11.3847,fluid
289,2.4364,2.62716,,1000.83,-9.45822,6552.08,,-0.012525,0.476795,,-4.36857,12.5774,fluid
290,2.06172,2.54266,,1000.67,-108.181,5304.98,,-0.177441,0.600738,,-4.63246,13.0245,fluid
291,3.24295,1.81581,,1001.9,89.1251,14987.7,,0.258772,-0.0236342,,-6.11557,11.4633,fluid
292,4.77796,2.93154,,1000.85,-97.3308,6720.34,,-0.357656,0.7817,,-3.85641,12.1477,fluid
293,3.75182,2.87217,,1000.69,-126.13,5397.48,,-0.396219,0.663263,,-2.75276,11.258,fluid
294,5.99745,2.3883,,1001.75,-90.1674,13769.6,,-0.518126,0.0782311,,-3.75993,11.4133,fluid
295,5.6747,2.36314,,1001.69,-74.4008,13332.3,,-0.397628,0.401467,,-3.7176,10.8239,fluid
296,5.88417,3.00296,,1001.58,-154.105,12454.9,,-1.09248,1.02242,,-3.57038,11.8479,fluid
297,6.23191,2.79768,,1001.54,-149.61,12126.6,,-0.977333,0.21078,,-3.22243,9.52258,fluid
298,5.0405,1.20755,,1003.2,-44.8339,25378.1,,-0.295137,0.493984,,-6.27246,10.1328,fluid
299,4.68754,0.371503,,1004.44,-150.661,35315.7,,-0.741659,-0.0122498,,-8.62942,9.81141,fluid
300,4.30801,0.190421,,1004.54,-178.062,36099.1,,-0.773058,0.29979,,-9.37595,9.22591,fluid
301,5.30802,0.576514,,1004.18,-124.385,33252.2,,-0.642916,0.116473,,-7.2374,10.5419,fluid
302,4.08893,0.652003,,1003.98,-137.223,31641.7,,-0.611603,0.241841,,-8.31684,10.8247,fluid
303,2.07576,1.13414,,1003.76,44.4786,29833.1,,-0.027791,0.537913,,-12.9925,11.3277,fluid
304,2.18329,1.64412,,1001.99,278.085,15716,,0.634381,0.791542,,-8.25299,10.6455,fluid
305,2.60486,2.83389,,1000.82,15.5134,6480.41,,0.0350427,0.51201,,-4.45098,12.8166,fluid
306,2.76278,2.15044,,1001.04,87.7555,8184.81,,0.313239,0.53427,,-5.21396,11.5456,fluid
307,3.3415,2.59887,,1000.93,64.3913,7323.3,,0.221493,0.337572,,-4.36729,10.8539,fluid
308,4.28667,2.23497,,1001.54,26.4063,12165.4,,0.0805464,-0.0779772,,-4.36709,11.9086,fluid
309,4.71864,2.60018,,1001.35,-26.6254,10658.6,,-0.175677,0.31011,,-4.22635,11.0534,fluid
310,5.17596,3.15913,,1000.82,-145.384,6449.26,,-0.645919,1.23919,,-4.14971,11.8616,fluid
311,5.93054,2.84224,,1001.84,-115.718,14497,,-0.950755,0.620879,,-3.34295,10.5162,fluid
312,5.5248,2.7483,,1001.45,-115.591,11394.4,,-0.686583,1.0419,,-3.48255,10.5556,fluid
313,6.75954,2.01858,,1002.02,-49.2046,15973.4,,-0.167552,0.464559,,-3.88345,11.6606,fluid
314,6.68795,1.70366,,1002.37,-29.1277,18712.8,,-0.0434425,0.566478,,-4.1842,10.125,fluid
315,5.40918,0.34554,,1004.67,-130.537,37155.1,,-0.723047,-0.0147154,,-7.95889,9.824,fluid
316,6.52842,0.635377,,1004.67,-89.2147,37159,,-0.699843,0.338871,,-6.94029,10.6879,fluid
317,5.16088,0.7332,,1004.1,-112.551,32560.2,,-0.675909,0.27551,,-7.11948,11.3701,fluid
318,3.71272,0.844242,,1003.9,-93.8575,30999.2,,-0.472027,0.370213,,-8.20719,10.6127,fluid
319,3.13727,0.888514,,1003.78,-110.276,30025.9,,-0.438414,0.497895,,-9.61953,10.7373,fluid
320,2.9358,1.38894,,1002.77,135.265,21945.8,,0.34825,0.665148,,-8.19655,10.1964,fluid
321,3.53894,2.07401,,1001.1,63.9257,8691.83,,0.3588,0.698966,,-4.74675,11.0418,fluid
322,2.72697,1.73516,,1001.87,177.507,14755.2,,0.498467,0.511997,,-7.34544,11.461,fluid
323,3.50971,2.60972,,1000.83,6.55377,6519.24,,0.0715931,0.449559,,-3.4968,10.4657,fluid
324,3.01507,2.99129,,1000.75,-160.39,5871.43,,-0.476549,0.692419,,-3.56541,12.0267,fluid
325,3.46602,3.03835,,1000.59,-231.382,4673.64,,-0.732934,0.77664,,-2.5267,11.2621,fluid
326,4.72296,2.77719,,1001.02,-100.891,8021.72,,-0.418904,0.649101,,-4.08642,11.734,fluid
327,7.14821,1.92512,,1002.3,-41.0034,18198.8,,-0.170483,0.655626,,-4.67746,11.3151,fluid
328,5.63319,3.33817,,1000.77,-256.559,6041.71,,-1.30458,1.43608,,-3.23004,11.9199,fluid
329,5.9341,3.17078,,1001.15,-222.42,9032.79,,-1.30783,1.22508,,-3.13016,12.4682,fluid
330,4.39054,3.42761,,1001.05,-5.66261,8255.47,,-0.100793,0.716167,,-2.70972,12.8923,fluid
331,4.97292,0.248412,,1004.62,-132.556,36759.5,,-0.647694,0.252998,,-8.32606,8.89282,fluid
332,6.20806,0.655093,,1004.35,-106.824,34563.5,,-0.663454,0.247197,,-6.85816,10.8923,fluid
333,5.96058,0.763888,,1004.2,-115.814,33398.9,,-0.774084,0.172506,,-6.79998,11.0685,fluid
334,4.72332,0.759468,,1003.88,-112.057,30797.2,,-0.579248,0.0887705,,-7.39554,10.507,fluid
335,5.70549,0.870296,,1004.1,-119.97,32591.5,,-0.857117,0.0725237,,-6.97298,10.9375,fluid
336,4.56503,1.05033,,1003.4,-58.0442,26980.3,,-0.328345,0.233616,,-6.56577,10.431,fluid
337,3.59746,1.25904,,1003.09,12.2976,24458,,-0.0404917,0.0822021,,-7.52831,10.6519,fluid
338,3.53378,1.73124,,1001.85,97.7475,14598.7,,0.392125,0.411977,,-5.80079,11.0827,fluid
339,4.08438,1.54469,,1002.51,42.761,19864.2,,0.116056,0.31997,,-6.56944,10.7927,fluid
340,4.29795,1.9138,,1001.67,34.4895,13174.2,,0.227096,0.604827,,-5.14658,11.0951,fluid
341,4.11992,2.72779,,1001.06,-114.604,8347.57,,-0.48081,0.580534,,-3.14443,11.734,fluid
342,4.94085,2.666,,1001.16,-41.5022,9159.27,,-0.161889,0.551876,,-3.62161,10.7917,fluid
343,5.28702,2.41313,,1001.38,-61.0186,10876.4,,-0.22998,0.573784,,-3.74602,10.134,fluid
344,5.38694,3.45999,,1000.74,-205.98,5820.99,,-1.01221,1.44072,,-3.58483,11.856,fluid
345,7.69261,3.26534,,1001.31,-170.433,10309.6,,-1.39663,0.781586,,-2.87834,12.5426,fluid
346,8.4929,1.01697,,1003.49,-101.217,27687.5,,-0.513406,0.178209,,-5.41094,10.4574,fluid
347,5.70308,0.303524,,1004.84,-107.9,38509.9,,-0.614011,0.247067,,-7.73126,9.46711,fluid
348,7.36234,0.760529,,1004.15,-100.716,32959.8,,-0.591804,0.365068,,-5.96842,10.4968,fluid
349,7.24445,0.935264,,1003.87,-90.0366,30717,,-0.585878,0.437323,,-5.54594,11.0251,fluid
350,7.02746,1.01848,,1003.81,-88.2355,30257.1,,-0.655782,0.355631,,-5.47826,11.1715,fluid
351,4.31783,1.26878,,1002.86,-18.7914,22620.4,,-0.0823122,0.174605,,-6.92492,10.2262,fluid
352,5.22341,1.66785,,1002.36,4.75122,18635.1,,0.0374793,0.509032,,-5.49897,10.5136,fluid
353,5.35748,1.21312,,1003.18,-62.3722,25177.1,,-0.363214,0.405183,,-6.20488,9.81895,fluid
354,4.76087,1.64936,,1002.16,11.5295,17077.3,,0.119556,0.326769,,-5.50972,10.4908,fluid
355,5.07913,1.91585,,1001.86,-7.9505,14676.8,,0.0434389,0.696424,,-4.85436,11.7372,fluid
356,5.73537,1.6506,,1002.5,-4.78529,19782.3,,-0.00455478,0.479866,,-5.17912,10.7108,fluid
357,6.19772,1.67635,,1002.73,-21.0454,21597.8,,-0.226567,0.366591,,-5.28149,10.3834,fluid
358,6.22317,2.02478,,1002.32,-43.8105,18313.9,,-0.34494,0.433597,,-4.83626,12.4439,fluid
359,6.66517,2.16466,,1002.2,-53.2818,17351.9,,-0.417903,0.20148,,-3.69621,12.6043,fluid
360,6.49713,3.22741,,1000.96,-242.951,7553.64,,-1.42601,1.00796,,-3.24621,12.4684,fluid
361,6.52023,2.95506,,1001.54,-171.865,12103.7,,-1.2383,0.425233,,-3.48508,9.89106,fluid
362,9.42259,3.82685,,1000.59,-68.1405,4629.72,,-0.607413,0.325786,,-2.91298,11.5564,fluid
363,6.12503,0.274716,,1005.13,-111.872,40920.8,,-0.711933,-0.00496916,,-7.66354,9.96301,fluid
364,8.36525,1.05616,,1003.68,-99.9949,29219,,-0.720688,0.199918,,-5.60318,10.4458,fluid
365,8.42439,1.46437,,1003.27,-80.0555,25893.3,,-0.614226,0.219085,,-4.97495,11.0257,fluid
366,5.89752,1.29598,,1002.89,-85.2846,22845.6,,-0.387438,0.158991,,-5.49036,9.68214,fluid
367,6.76405,0.993298,,1003.73,-110.018,29632.1,,-0.726907,0.0489152,,-6.26187,10.5124,fluid
368,7.73954,1.666,,1002.9,-50.3763,22944.2,,-0.335428,0.321086,,-4.87435,10.7616,fluid
369,6.63812,1.20904,,1003.25,-84.1847,25774.2,,-0.515318,0.147562,,-5.99305,11.0584,fluid
370,6.41855,1.60683,,1002.32,-34.1725,18329.7,,0.0111274,0.263935,,-4.66956,9.91292,fluid
371,6.7408,2.46579,,1001.62,-138.083,12796.2,,-0.82205,-0.141503,,-2.92646,11.366,fluid
372,7.22275,3.24476,,1001.07,-216.187,8401.59,,-1.46469,0.927441,,-2.54438,12.2076,fluid
373,6.96338,3.166,,1001.21,-197.536,9500.67,,-1.35368,0.844138,,-3.17653,11.7497,fluid
374,11.112,4.08439,,1000.69,-25.7802,5388.59,,-0.225854,0.487956,,-2.78476,11.5538,fluid
375,11.6313,4.04057,,1000.93,3.30277,7339.21,,0.0524685,0.490504,,-2.68482,11.4322,fluid
376,8.54212,3.54504,,1000.73,-162.512,5722.33,,-1.20587,0.403312,,-3.02083,12.2588,fluid
377,7.51239,3.37325,,1000.79,-217.137,6212.07,,-1.36964,0.936083,,-2.44426,12.6965,fluid
378,7.39874,3.37133,,1000.74,-208.025,5790.7,,-1.23879,0.954184,,-2.59891,12.5487,fluid
379,7.84448,0.832214,,1004.19,-104.034,33285,,-0.793802,0.271346,,-5.93652,10.1522,fluid
380,8.00657,1.10129,,1003.31,-100.711,26209.5,,-0.482458,0.174282,,-5.11898,10.6606,fluid
381,8.6574,0.89129,,1003.74,-108.899,29711.9,,-0.600685,0.0470127,,-5.41606,10.1751,fluid
382,8.13637,1.65308,,1002.99,-65.5372,23637.2,,-0.436818,0.260817,,-4.68524,10.8558,fluid
383,8.74261,1.42997,,1003.35,-87.7991,26558.9,,-0.679361,0.252769,,-5.15011,10.736,fluid
384,7.68645,2.06115,,1002.81,-45.1778,22258.5,,-0.507331,0.602977,,-4.70757,11.2814,fluid
385,7.33652,1.88455,,1002.66,-22.582,21056.1,,-0.214838,0.495196,,-4.63007,10.8635,fluid
386,7.21632,2.29439,,1001.9,-120.341,14975.9,,-0.689227,0.798153,,-4.41547,12.5258,fluid
387,7.43694,1.34258,,1003.31,-70.006,26267.8,,-0.561538,0.259951,,-5.88953,10.9093,fluid
388,6.68258,3.18399,,1001.07,-230.693,8399.69,,-1.43826,0.915596,,-3.16402,12.1066,fluid
389,6.98479,1.74192,,1002.37,-27.8399,18751.7,,-0.031095,0.360268,,-4.48262,10.0933,fluid
390,9.85871,4.00299,,1000.52,-79.7084,4057.45,,-0.76284,0.430211,,-2.76958,11.0229,fluid
391,6.0765,3.53745,,1000.63,-210.695,4965.68,,-1.05466,1.28798,,-2.16799,12.151,fluid
392,9.70785,3.94844,,1000.51,-82.421,4045.58,,-0.764251,0.413618,,-2.94365,11.0588,fluid
393,13.224,4.44286,,1000.69,10.3804,5439.46,,0.366733,0.257527,,-1.27174,9.42532,fluid
394,11.9268,4.22542,,1000.67,-51.7323,5236.31,,-0.370457,0.532898,,-2.67237,11.1498,fluid
395,6.63389,0.384723,,1005.22,-101.494,41609.6,,-0.759598,0.0823051,,-7.491,9.40508,fluid
396,7.79922,1.25611,,1003.24,-92.4671,25642.6,,-0.554382,0.202395,,-5.63359,11.0197,fluid
397,8.98569,1.35721,,1003.4,-95.4925,26975.5,,-0.682865,0.332134,,-4.88431,10.0846,fluid
398,7.0905,3.08954,,1001.59,-156.426,12572.6,,-1.32686,0.643001,,-2.74787,10.5137,fluid
399,8.5378,1.98261,,1003.23,-71.6399,25635.2,,-0.809041,0.388085,,-4.57161,10.7656,fluid
400,7.78695,2.56749,,1002.39,-119.954,18917.3,,-1.17918,0.612746,,-4.83656,11.7042,fluid
401,7.77218,2.28816,,1002.64,-75.7703,20886.7,,-0.757316,0.70372,,-4.82465,12.0558,fluid
402,8.21651,3.24045,,1001.3,-136.375,10268.8,,-1.1551,0.450738,,-3.19245,11.7418,fluid
403,7.76321,3.3205,,1001.03,-194.384,8127.92,,-1.40377,0.817581,,-2.64576,12.7969,fluid
404,8.60961,3.66925,,1000.62,-170.526,4858.64,,-1.28382,0.346801,,-2.62869,12.5083,fluid
405,10.0034,4.03406,,1000.52,-68.0446,4074.03,,-0.649565,0.43611,,-2.51003,11.0228,fluid
406,8.53559,3.46345,,1000.91,-154.96,7174.93,,-1.2321,0.37531,,-3.13863,12.1425,fluid
407,11.2027,4.08078,,1000.73,-21.9245,5726.69,,-0.195516,0.485198,,-2.64009,11.5425,fluid
408,11.3215,4.1791,,1000.6,-32.6676,4755.01,,-0.223755,0.512639,,-2.41689,11.4426,fluid
409,12.0425,4.29207,,1000.65,-49.1126,5092.72,,-0.344076,0.468905,,-2.72343,11.0905,fluid
410,10.3283,4.13399,,1000.54,-21.4709,4229.38,,-0.230478,0.438901,,-2.3906,11.1324,fluid
411,7.04132,0.319791,,1005.68,-108.88,45343.9,,-0.981747,0.0866231,,-7.2754,10.5228,fluid
412,8.97716,0.848237,,1004.1,-98.7989,32606.1,,-0.715929,0.0980923,,-5.12907,10.639,fluid
413,8.19282,2.13335,,1002.85,-75.9378,22560.1,,-0.699456,0.602482,,-4.43989,10.971,fluid
414,8.54046,2.45984,,1002.63,-91.3498,20785.8,,-0.845223,0.396392,,-4.48391,11.2386,fluid
415,9.21518,1.67463,,1003.46,-88.8031,27451,,-0.863926,0.262238,,-5.40237,10.5767,fluid
416,8.25073,2.69571,,1002.05,-130.698,16167.2,,-1.05747,0.464108,,-4.03836,10.8704,fluid
417,9.13886,3.60556,,1000.39,-127.92,3052.32,,-0.744544,0.255931,,-2.49826,11.3768,fluid
418,8.986,3.69491,,1000.61,-115.039,4792.82,,-0.896885,0.223101,,-2.36541,12.0232,fluid
419,8.03478,3.28312,,1001.08,-194.232,8527.88,,-1.46419,0.679045,,-3.01607,12.2772,fluid
420,8.65002,3.66186,,1000.63,-161.863,4955.7,,-1.22736,0.331058,,-2.47753,12.4446,fluid
421,10.3476,4.05698,,1000.53,-56.2492,4148.18,,-0.50593,0.459567,,-2.30466,11.1276,fluid
422,12.5755,4.3641,,1000.9,-9.75409,7059.87,,-0.168409,0.207575,,-2.70394,10.253,fluid
423,13.6985,3.66527,,1002.25,55.0588,17739,,0.642062,0.534903,,-2.03679,11.7385,fluid
424,13.5871,3.38388,,1002.55,35.6216,20205.6,,0.557752,0.136046,,-2.64368,11.329,fluid
425,12.6645,4.46758,,1000.74,-18.9866,5831.07,,-0.174951,0.193026,,-2.38094,9.9375,fluid
426,14.2505,3.63226,,1002.67,59.6649,21157.5,,0.402292,0.177056,,-1.34975,11.483,fluid
427,7.50033,0.334125,,1005.46,-110.676,43546.3,,-0.876273,0.0308977,,-7.31943,10.4327,fluid
428,9.30058,1.02477,,1004.01,-97.3415,31855,,-0.786799,0.0839006,,-5.23483,10.3514,fluid
429,9.48849,1.83323,,1003.18,-103.778,25188.7,,-0.775771,0.485436,,-5.06516,10.84,fluid
430,8.8643,2.96621,,1001.94,-108.36,15279.3,,-0.989147,0.5139,,-4.3384,10.8864,fluid
431,9.86496,1.75362,,1003.47,-104.905,27515.9,,-0.905336,0.672595,,-4.05193,9.87093,fluid
432,9.23817,2.97814,,1002.32,-58.9936,18342.8,,-0.751943,0.663613,,-3.74015,10.9653,fluid
433,9.66392,3.09151,,1002.82,-0.0861817,22333.1,,-0.681981,0.879952,,-4.26392,10.7508,fluid
434,9.92484,2.41432,,1003.14,-118.87,24858.6,,-1.1799,0.791071,,-4.20735,11.1395,fluid
435,9.64448,3.68907,,999.534,-197.896,-3652.99,,-0.619876,1.14741,,-3.05442,9.89329,fluid
436,10.5653,4.08386,,1000.5,-65.8221,3922.31,,-0.582283,0.490875,,-2.17548,11.1201,fluid
437,9.31337,3.87334,,1000.57,-116.018,4489.32,,-1.06946,0.250425,,-2.58171,11.5473,fluid
438,11.6795,4.13863,,1000.69,-28.2319,5464.83,,-0.12129,0.558751,,-2.72848,11.3295,fluid
439,11.9649,4.22953,,1000.68,-49.7255,5367.94,,-0.361246,0.51911,,-2.65521,11.1286,fluid
440,11.2332,4.22143,,1000.56,-44.2471,4385.44,,-0.363923,0.515912,,-2.46731,11.4039,fluid
441,13.1677,4.54364,,1000.54,-13.6671,4234.39,,0.139738,0.328746,,-1.16419,9.15153,fluid
442,12.5783,3.80662,,1001.19,13.2676,9373.69,,0.613284,0.498763,,-2.52128,10.4112,fluid
443,7.89403,0.369156,,1005.57,-110.598,44486.5,,-1.07771,-0.00923112,,-6.32784,10.2218,fluid
444,8.89487,1.93746,,1003.2,-84.4093,25366.5,,-0.7899,0.347973,,-4.60186,11.0714,fluid
445,9.27431,2.56324,,1003.36,-55.898,26650.1,,-1.01792,0.741298,,-3.49164,10.3738,fluid
446,8.91896,2.44762,,1003,-82.5821,23780.7,,-0.940647,0.626261,,-4.30018,10.5989,fluid
447,10.2358,1.63718,,1004.22,-94.8884,33559.2,,-1.29296,0.606622,,-4.77118,10.2055,fluid
448,10.1328,2.79471,,1003.15,-68.8054,24990.8,,-1.0025,1.1625,,-3.00116,10.2532,fluid
449,10.9822,1.81179,,1004.1,-115.794,32574.8,,-1.3593,1.15448,,-3.70928,10.5467,fluid
450,11.8029,1.8065,,1004.16,-149.152,33075.3,,-1.77476,0.917192,,-3.60803,10.6728,fluid
451,10.6094,2.284,,1003.1,-133.981,24548,,-1.11341,1.0214,,-4.47235,10.8238,fluid
452,9.89754,2.97646,,1003.29,2.84948,26102.9,,-0.767439,1.07011,,-3.49792,10.1932,fluid
453,11.0157,3.05822,,1003.17,46.5659,25101.4,,-0.000381501,1.33721,,-1.15345,10.5702,fluid
454,9.9174,3.92526,,1000.33,-109.061,2587.33,,-0.79053,0.509632,,-2.52233,10.5439,fluid
455,12.4177,4.08787,,1001.17,22.5684,9243.97,,0.189369,0.245606,,-2.63547,10.3627,fluid
456,10.9109,4.06459,,1000.56,-52.9521,4381.99,,-0.425539,0.522452,,-2.66421,11.4075,fluid
457,13.2146,4.09187,,1000.9,6.39329,7066.44,,0.555639,0.190386,,-1.73092,10.3185,fluid
458,13.9617,4.08789,,1001.6,36.1279,12602.1,,0.458325,0.825173,,-1.49005,10.3481,fluid
459,8.28092,0.413327,,1005.38,-108.554,42940.6,,-1.07192,0.114242,,-6.28399,9.97862,fluid
460,9.55699,1.44207,,1003.44,-108.152,27293.8,,-0.733408,0.522988,,-4.64018,9.53921,fluid
461,10.1423,2.0293,,1002.88,-162.566,22831,,-1.06797,1.25517,,-3.83741,10.4996,fluid
462,9.61699,2.19508,,1003.23,-125.657,25567.4,,-1.20941,0.819152,,-4.66528,11.7998,fluid
463,11.3997,1.18099,,1004.89,-147.16,38977.1,,-1.69592,0.543149,,-4.77658,11.3459,fluid
464,11.1158,1.49985,,1004.47,-139.823,35550.1,,-1.57831,0.980161,,-3.70004,11.0449,fluid
465,11.9561,1.55072,,1004.37,-169.935,34750.7,,-1.95265,0.834731,,-3.57025,11.2498,fluid
466,12.672,1.57106,,1004.25,-170.156,33791,,-2.00006,0.389313,,-3.79165,11.5684,fluid
467,12.3173,1.54267,,1004.37,-161.379,34763.4,,-1.92207,0.437876,,-3.66963,11.6687,fluid
468,11.277,2.34665,,1003.51,-120.762,27831.4,,-1.34263,1.25968,,-2.59711,11.0348,fluid
469,11.4162,1.91135,,1004.31,-114.939,34239.2,,-1.66289,0.860492,,-3.22524,10.6456,fluid
470,10.4818,2.57759,,1002.8,-132.784,22148.7,,-1.0265,1.05739,,-3.76458,10.7635,fluid
471,10.2193,3.4243,,1001.95,16.0898,15429.2,,-0.127601,1.05524,,-3.29262,11.4476,fluid
472,11.9822,3.75269,,1001.01,14.0509,7945.93,,0.676215,0.574662,,-2.76505,10.3955,fluid
473,11.927,3.41662,,1002.17,53.3573,17148.8,,0.484313,0.674922,,-2.74323,10.0791,fluid
474,11.4403,3.64817,,1001.27,39.8512,10009.2,,0.689911,0.855166,,-2.81386,10.1669,fluid
475,8.66381,0.295592,,1005.53,-114.01,44104.9,,-1.09633,0.0046949,,-6.72283,9.86921,fluid
476,9.74421,1.01742,,1004.41,-87.8283,35082,,-0.870686,0.174197,,-5.98309,10.8636,fluid
477,10.3257,0.952836,,1005.1,-88.5662,40660.6,,-1.1728,0.522774,,-4.6972,10.4096,fluid
478,10.5182,1.57267,,1004.17,-114.168,33157.4,,-1.23472,0.804182,,-4.50992,10.9581,fluid
479,11.6132,1.1683,,1004.89,-151.776,38941.1,,-1.74503,0.563602,,-3.98628,11.2818,fluid
480,12.5462,1.21038,,1004.74,-165.713,37718.9,,-2.00881,0.381711,,-3.75048,11.0658,fluid
481,13.0626,1.60167,,1004.08,-177.249,32439.6,,-1.98188,0.441221,,-4.1891,10.6176,fluid
482,13.6358,1.61984,,1004.35,-132.486,34607.3,,-1.8305,0.317602,,-2.92932,11.3161,fluid
483,13.3393,1.64473,,1004.21,-149.286,33428.5,,-1.85404,0.281195,,-3.36866,11.0148,fluid
484,13.0249,2.03644,,1003.99,-117.053,31681.9,,-1.50227,0.447624,,-3.17706,9.87606,fluid
485,12.8038,2.1955,,1003.9,-100.834,30960.8,,-1.30062,0.540017,,-4.36434,9.79766,fluid
486,11.4946,2.6325,,1002.85,-109.435,22549.2,,-0.794011,1.34477,,-2.09048,11.4586,fluid
487,10.6881,3.12045,,1003,2.98548,23718.3,,-0.456284,0.964556,,-4.06168,10.1303,fluid
488,10.7675,3.9579,,999.577,-143.613,-3314.9,,-0.252214,0.892924,,-2.48454,9.29352,fluid
489,10.8554,3.38822,,1002.73,89.8611,21629.1,,0.167683,1.15002,,-2.22472,11.0986,fluid
490,16.4563,5.02162,,1000.7,64.5205,5518.42,,1.11971,0.175083,,-2.22781,10.5079,fluid
491,9.07635,0.326901,,1005.31,-107.96,42339.5,,-0.973443,-0.0116093,,-6.17052,10.0093,fluid
492,9.98754,0.931174,,1004.74,-86.2826,37701.9,,-0.920504,0.440996,,-5.01545,10.358,fluid
493,10.6947,1.22515,,1004.84,-117.399,38512.5,,-1.42682,0.577327,,-4.54612,10.8491,fluid
494,11.96,1.07604,,1004.95,-163.614,39442.3,,-1.87996,0.590231,,-3.8776,11.0994,fluid
495,12.939,1.18109,,1004.68,-177.812,37238.7,,-2.13818,0.249103,,-3.63379,10.3119,fluid
496,14.2663,1.72631,,1004.14,-145.049,32877.8,,-2.0092,0.330577,,-3.55394,11.0536,fluid
497,13.9043,1.61445,,1004.39,-128.168,34888.3,,-1.8653,0.319204,,-2.77421,11.3984,fluid
498,15.0653,2.33044,,1003.52,-113.647,27919,,-1.52797,0.391239,,-2.36228,10.0952,fluid
499,14.3842,2.02633,,1003.61,-136.85,28674.3,,-1.55522,0.354642,,-2.6069,10.9032,fluid
500,14.1902,2.2151,,1003.62,-113.462,28706.5,,-1.36929,0.347969,,-3.04252,10.6927,fluid
501,13.8415,2.2741,,1003.83,-93.8986,30380,,-1.33212,0.407991,,-2.31068,10.6846,fluid
502,12.417,2.03526,,1003.9,-123.506,30981.4,,-1.44739,0.399528,,-3.49551,10.5985,fluid
503,10.8238,2.12228,,1003.39,-119.309,26865.5,,-1.05085,1.11461,,-3.94461,10.6254,fluid
504,11.09,2.77113,,1003.43,-45.8685,27200.7,,-0.86447,1.30996,,-1.81709,10.5655,fluid
505,12.0914,2.70933,,1003.18,-31.5693,25234,,-0.300077,0.254118,,-3.19964,10.5508,fluid
506,19.7398,5.58894,,1000.61,50.7197,4775.62,,1.30367,-0.299656,,-1.35625,8.12977,fluid
507,9.40997,0.435258,,1005.28,-91.8956,42067.7,,-0.96824,0.248871,,-5.28368,10.0626,fluid
508,10.7424,0.710455,,1005.43,-118.955,43328.8,,-1.39908,0.30788,,-5.29764,9.86709,fluid
509,11.0915,0.902664,,1005.15,-135.494,41042.5,,-1.46358,0.432162,,-4.57701,10.1385,fluid
510,12.3278,0.890217,,1005.25,-152.083,41834.7,,-1.87451,0.189691,,-3.77872,10.2465,fluid
511,13.3425,1.15297,,1004.65,-174.095,37027.3,,-2.06552,0.166406,,-4.02144,9.74146,fluid
512,14.5369,1.55755,,1004.25,-142.182,33773.5,,-1.91246,0.283938,,-3.19888,10.6992,fluid
513,13.7002,1.15216,,1004.79,-158.189,38132.6,,-2.05465,0.366747,,-3.90922,10.1789,fluid
514,15.3489,2.18846,,1003.58,-129.695,28361.9,,-1.72417,0.213014,,-3.22728,9.77411,fluid
515,14.8068,1.86303,,1003.94,-136.157,31280,,-1.88646,0.241051,,-2.35593,11.581,fluid
516,14.9749,2.65486,,1003.39,-95.2311,26912.4,,-1.37216,1.07528,,-0.765808,11.746,fluid
517,14.7452,2.41735,,1003.61,-84.6662,28671.3,,-1.26504,0.485967,,-2.09966,9.59975,fluid
518,13.5665,2.13044,,1004.05,-89.8688,32177.9,,-1.38545,0.273495,,-2.45477,10.5603,fluid
519,12.1077,2.1762,,1004.04,-110.792,32072.1,,-1.60107,0.826889,,-2.43174,11.516,fluid
520,11.7835,2.2024,,1003.46,-128.655,27450.2,,-1.19263,1.11308,,-3.54751,11.5319,fluid
521,12.0365,2.91451,,1002.86,-11.4357,22613.6,,-0.0139959,1.07146,,-3.20553,10.4272,fluid
522,14.7492,3.20172,,1002.47,29.0829,19498.2,,1.1121,0.224746,,-1.77629,10.619,fluid
523,9.77122,0.314768,,1005.43,-108.775,43326,,-1.06991,-0.0151662,,-5.58048,9.87579,fluid
524,11.4241,0.544605,,1005.78,-126.846,46196,,-1.54465,0.334835,,-4.52195,10.415,fluid
525,11.9555,0.646222,,1005.51,-148.313,43937.9,,-1.66335,0.259647,,-4.79394,9.77542,fluid
526,14.8014,1.39987,,1004.46,-136.867,35469.2,,-1.88788,0.167175,,-3.03113,10.1809,fluid
527,14.089,1.19488,,1004.77,-146.829,37957.7,,-1.98048,0.325327,,-3.21303,10.4693,fluid
528,15.861,1.80592,,1004.07,-124.165,32299.7,,-1.89043,0.0160216,,-3.25432,10.1478,fluid
529,15.1667,1.76742,,1004.13,-133.178,32795.5,,-2.02678,0.243333,,-2.75758,11.4585,fluid
530,16.5242,2.48818,,1003.56,-80.3359,28245.9,,-1.39239,0.174395,,-2.24602,10.18,fluid
531,15.886,2.1771,,1003.69,-104.195,29302.6,,-1.50489,0.212519,,-2.41076,10.0195,fluid
532,16.1308,2.63167,,1003.44,-75.9177,27278,,-1.25948,0.212861,,-1.99914,10.1899,fluid
533,16.1986,3.21682,,1002.77,-49.7189,21881.7,,-0.381911,0.67898,,-1.88419,10.9396,fluid
534,14.383,2.80715,,1003.44,-27.6156,27263.4,,-0.509605,0.918351,,-2.35381,11.1931,fluid
535,14.2936,3.23878,,1003.05,22.6195,24121.1,,0.144047,0.884203,,-1.16173,11.0445,fluid
536,11.7159,3.16685,,1002.96,38.7133,23474.1,,-0.105315,0.826196,,-3.51131,9.81556,fluid
537,14.5262,3.80035,,1002.02,25.5204,15957,,0.554247,0.536795,,-2.37063,10.942,fluid
538,13.127,4.92683,,1000.51,-30.4663,3999.35,,-0.292402,0.353397,,-0.904283,9.1079,fluid
539,10.174,0.325049,,1005.39,-114.006,42985.9,,-1.01738,0.0645071,,-5.628,10.0278,fluid
540,12.3409,0.297947,,1006.2,-128.156,49592.9,,-1.64032,0.0836594,,-4.78417,10.0171,fluid
541,12.7114,0.690729,,1005.63,-144.108,44904.9,,-1.93562,0.218831,,-4.01822,10.4078,fluid
542,15.5027,1.68668,,1004.12,-136.094,32733.5,,-1.94947,0.256996,,-2.96584,11.0436,fluid
543,15.1321,1.33365,,1004.61,-132.22,36659.6,,-1.92891,0.300347,,-3.02595,10.5411,fluid
544,16.1272,1.71241,,1004.19,-120.918,33325.9,,-1.89768,0.0271067,,-2.73565,10.1254,fluid
545,16.311,2.11424,,1003.94,-103.538,31279.9,,-1.83143,0.18624,,-2.17434,10.5635,fluid
546,16.9985,2.26785,,1003.75,-98.0203,29752,,-1.71919,0.101634,,-2.70029,10.3725,fluid
547,16.9231,2.60564,,1003.5,-82.2549,27753.1,,-1.50198,0.236626,,-2.29101,10.3598,fluid
548,17.0726,2.84878,,1003.25,-60.6189,25766.8,,-1.02382,0.253719,,-2.20389,10.503,fluid
549,15.7029,2.38578,,1003.56,-92.0095,28228.7,,-1.33778,0.223493,,-2.73721,10.1627,fluid
550,15.5621,2.59985,,1003.63,-60.7612,28789.2,,-1.16735,0.139413,,-3.72611,11.147,fluid
551,13.3584,2.36806,,1003.62,-86.5579,28725.5,,-0.933444,0.614104,,-2.34071,10.9318,fluid
552,14.847,3.69878,,1002.32,18.8571,18370.3,,0.30181,0.613736,,-2.5448,9.53702,fluid
553,14.1432,4.36696,,1001.34,25.9095,10521.5,,0.239434,0.388304,,-0.629012,11.0055,fluid
554,17.109,5.1669,,1000.66,47.7014,5156.22,,0.989965,0.468686,,-1.62488,10.1432,fluid
555,10.598,0.240919,,1005.76,-101.131,46025.2,,-1.03079,0.0266187,,-5.27499,10.4656,fluid
556,13.6185,0.452275,,1006,-125.661,47914.4,,-1.66659,0.083037,,-3.8431,10.88,fluid
557,13.1422,0.741798,,1005.37,-150.537,42844.4,,-1.85845,0.141827,,-3.54199,10.6257,fluid
558,15.9126,1.1499,,1004.8,-135.901,38257.2,,-1.96805,-0.00587897,,-3.24018,10.1474,fluid
559,15.6218,1.33999,,1004.62,-134.079,36744.6,,-2.03341,0.188889,,-2.81886,10.4782,fluid
560,17.2623,2.13948,,1003.81,-103.653,30207.6,,-1.73453,0.0597338,,-2.36431,10.4182,fluid
561,16.6005,1.99456,,1003.98,-109.478,31618.7,,-1.85438,0.136905,,-2.35919,10.352,fluid
562,17.7922,2.40837,,1003.53,-95.8939,27998.6,,-1.59137,0.0410844,,-2.19331,9.96458,fluid
563,17.7797,2.74388,,1003.24,-86.2803,25696.2,,-1.41326,0.134402,,-1.90792,10.2924,fluid
564,17.3983,2.6137,,1003.39,-84.0749,26866.7,,-1.39227,0.158809,,-2.18525,10.2436,fluid
565,18.1219,3.60273,,1002.54,-30.7743,20058.9,,-0.178215,0.340577,,-1.74308,10.1589,fluid
566,16.4921,2.81308,,1003.08,-77.066,24379.7,,-0.970526,0.448666,,-1.68596,10.006,fluid
567,14.5829,2.66269,,1003.5,-49.2077,27781.1,,-0.789623,0.898873,,-1.74418,10.8334,fluid
568,13.916,3.54788,,1002.6,56.6269,20544.3,,0.575626,0.93824,,-1.40863,11.1259,fluid
569,15.093,4.52821,,1000.75,-40.9703,5873.31,,0.0536008,0.710813,,-2.04971,11.6654,fluid
570,12.5585,4.62031,,1000.57,-41.0507,4481.75,,-0.334119,0.203832,,-2.87701,9.99681,fluid
571,11.1524,0.230361,,1006.15,-99.7174,49170.8,,-1.23306,0.173498,,-4.99926,10.6914,fluid
572,14.2677,0.630255,,1005.71,-138.592,45562.9,,-1.90928,0.0811346,,-3.76246,10.3991,fluid
573,13.8418,0.788305,,1005.32,-151.554,42418.8,,-1.93577,0.158165,,-3.98521,10.0411,fluid
574,16.1887,1.09878,,1004.93,-131.609,39250.9,,-2.00255,-0.0115907,,-3.04409,10.1153,fluid
575,16.3897,1.53424,,1004.34,-122.182,34542.6,,-1.86354,0.00764317,,-2.58262,10.3331,fluid
576,17.2981,1.72368,,1004.17,-118.216,33168.2,,-1.91256,0.103476,,-2.58751,10.0202,fluid
577,16.8726,1.80433,,1004,-123.173,31789.4,,-1.83756,0.24192,,-2.72385,10.1364,fluid
578,17.9637,2.00519,,1004.01,-95.6513,31870.9,,-1.72998,0.0425753,,-2.15707,10.4708,fluid
579,17.5762,2.04092,,1003.89,-98.6533,30878.9,,-1.64374,0.0198932,,-2.19646,10.4191,fluid
580,18.7288,3.21562,,1003.04,-50.5775,24100,,-0.994716,0.0254573,,-1.13472,10.4292,fluid
581,18.1629,3.20172,,1002.8,-76.0308,22146.8,,-1.05276,0.263745,,-1.6976,10.3902,fluid
582,17.8092,3.24808,,1002.72,-73.7431,21531.4,,-0.89853,0.384711,,-1.45576,10.3891,fluid
583,16.4308,3.14157,,1002.59,-66.3943,20518.3,,-0.334624,0.622604,,-1.38782,10.2786,fluid
584,13.9858,2.78305,,1003.88,-5.2795,30817.1,,-0.710401,0.489031,,-2.36542,10.0855,fluid
585,14.8349,4.12417,,1002.1,78.8695,16609,,0.613727,0.54903,,-2.7567,12.6595,fluid
586,12.8741,4.62566,,1000.57,-8.08433,4520.03,,0.0703482,0.237684,,-1.69932,9.49614,fluid
587,11.8262,0.233944,,1006.26,-117.371,50068.7,,-1.47608,0.0649931,,-4.82592,10.3302,fluid
588,14.7358,0.613412,,1005.82,-132.386,46489.1,,-1.95642,0.0977735,,-3.86792,10.4461,fluid
589,14.4611,1.1001,,1004.91,-144.426,39070.8,,-1.98681,0.220476,,-3.23859,9.86281,fluid
590,16.9318,1.41291,,1004.49,-124.959,35689.2,,-1.94433,0.0463174,,-2.82084,10.2449,fluid
591,16.6133,1.20698,,1004.8,-123.293,38244.4,,-1.96045,0.0923889,,-2.93216,10.2129,fluid
592,18.23,1.70071,,1004.41,-98.2614,35080.9,,-1.85891,0.0612782,,-2.63137,10.5709,fluid
593,17.7807,1.65939,,1004.37,-105.745,34730.7,,-1.8803,0.103477,,-2.52831,10.4281,fluid
594,18.9408,1.97048,,1004.11,-96.9883,32619,,-1.7354,-0.15228,,-2.50247,10.1929,fluid
595,18.4719,2.00207,,1004.07,-94.8277,32296,,-1.74973,-0.0819305,,-2.5097,10.2595,fluid
596,18.5545,2.32266,,1003.69,-94.5751,29295.6,,-1.64556,-0.017714,,-2.18875,9.93779,fluid
597,18.1962,2.42532,,1003.46,-100.555,27404.4,,-1.5613,0.143324,,-2.39381,9.90493,fluid
598,18.1934,2.82118,,1003.12,-87.6142,24750.5,,-1.34761,0.100514,,-2.11356,10.3867,fluid
599,17.5449,3.0743,,1003.24,-42.7566,25688.5,,-1.0215,0.154283,,-1.94031,10.3721,fluid
600,15.629,2.94874,,1003.57,25.6692,28351.9,,-0.114369,0.0169913,,-3.33226,11.0238,fluid
601,12.6975,3.14221,,1003.49,52.0579,27641,,-0.145676,0.549414,,-2.4002,10.1812,fluid
602,13.8009,4.73964,,1000.46,-74.3105,3605.27,,-0.554348,0.687459,,-1.09615,9.52697,fluid
603,12.8,0.266694,,1006.22,-122.913,49750.8,,-1.51954,0.130183,,-4.74966,10.4639,fluid
604,15.3708,0.971149,,1005.16,-133.659,41149.8,,-1.98403,0.108956,,-2.95042,9.90649,fluid
605,15.0132,0.833335,,1005.38,-135.728,42938,,-1.96475,0.0901215,,-3.44573,10.1848,fluid
606,17.2819,1.29461,,1004.66,-123.803,37118.4,,-1.97925,-0.0319396,,-2.78626,9.95426,fluid
607,16.9453,0.910641,,1005.28,-112.995,42125.5,,-1.88283,0.00691283,,-2.92121,10.2067,fluid
608,18.3969,1.33439,,1004.79,-105.389,38118.2,,-1.88885,-0.0295811,,-2.75908,10.069,fluid
609,18.0761,1.22296,,1004.85,-111.588,38610.7,,-1.89069,-0.0300732,,-2.87189,9.83186,fluid
610,19.3193,1.7649,,1004.41,-89.3074,35078.4,,-1.70413,-0.168936,,-2.86275,10.3262,fluid
611,18.6822,1.66715,,1004.49,-96.0657,35676.2,,-1.83444,-0.0324867,,-2.41626,10.6177,fluid
612,19.0204,2.33452,,1003.71,-92.6144,29409,,-1.57322,0.00862315,,-2.50871,9.83668,fluid
613,19.1272,2.67946,,1003.51,-72.1908,27818.1,,-1.3817,0.00745323,,-2.12253,10.8638,fluid
614,20.6009,3.58324,,1002.78,-11.2177,22025.8,,-0.283534,-0.400699,,-2.31979,10.8068,fluid
615,19.2391,3.0665,,1003.29,-59.4218,26104,,-1.38092,-0.333878,,-2.58272,10.3594,fluid
616,19.2548,3.79182,,1002.58,-23.5322,20383.5,,-0.373424,-0.232048,,-2.16877,9.988,fluid
617,14.6085,4.83406,,1000.93,19.9312,7317.27,,0.302216,0.346392,,-0.174246,12.2088,fluid
618,13.5995,4.42541,,1000.79,8.46255,6211.39,,0.379962,0.545513,,-1.56528,9.71698,fluid
619,13.3487,0.256381,,1006.53,-113.361,52262.2,,-1.72563,0.169536,,-4.7718,10.953,fluid
620,16.0811,0.562618,,1005.88,-117.007,46933,,-1.82683,0.00346896,,-3.40373,10.0958,fluid
621,15.6539,0.658326,,1005.77,-128.081,46036.7,,-2.03022,0.0657134,,-3.53249,10.3097,fluid
622,17.6897,1.32632,,1004.64,-118.401,36950.7,,-1.90328,0.0677973,,-3.07024,9.82777,fluid
623,17.4429,0.854358,,1005.36,-109.368,42763.8,,-1.8578,-0.00903592,,-2.97938,10.1381,fluid
624,18.7733,1.17416,,1004.99,-102.447,39712.4,,-1.83846,-0.0260597,,-2.86032,9.85302,fluid
625,19.0672,1.46629,,1004.74,-97.1529,37727.4,,-1.87726,-0.0430607,,-2.59652,10.5545,fluid
626,20.0426,2.07879,,1004.02,-92.4448,31906.1,,-1.61876,-0.302399,,-2.45479,9.6072,fluid
627,19.7719,1.79829,,1004.49,-80.1759,35691,,-1.70902,-0.302195,,-2.20757,10.3282,fluid
628,20.2459,2.38223,,1003.71,-77.7123,29468.2,,-1.30211,-0.241993,,-2.62437,9.8779,fluid
629,19.508,2.05507,,1004.08,-89.6463,32422.5,,-1.6484,-0.208852,,-2.44482,10.193,fluid
630,19.3882,2.40606,,1003.73,-82.362,29642.2,,-1.50778,-0.106794,,-2.24374,10.3437,fluid
631,20.4839,3.3299,,1002.94,-44.7563,23307.3,,-0.834711,-0.487007,,-3.03334,8.95565,fluid
632,20.9682,4.78692,,1000.99,-33.045,7795.31,,0.503981,0.051531,,0.118308,8.46813,fluid
633,15.8935,4.11049,,1002.8,88.8477,22132.1,,0.252337,0.354209,,-3.23766,9.7422,fluid
634,12.5328,3.42841,,1002.25,44.2292,17816,,0.530367,0.423297,,-3.34783,10.8223,fluid
635,14.0824,0.241377,,1006.64,-107.092,53167.1,,-1.71269,0.149861,,-4.03187,11.0874,fluid
636,16.7758,0.37615,,1006.19,-93.2491,49509.8,,-1.552,-0.0222675,,-3.13124,9.91008,fluid
637,16.4927,0.753064,,1005.52,-117.601,44044.2,,-1.86775,0.0224967,,-3.28478,10.04,fluid
638,18.3524,0.827967,,1005.4,-102.198,43081.3,,-1.80292,-0.0436128,,-3.03919,10.0992,fluid
639,17.8149,0.857743,,1005.37,-108.898,42797.1,,-1.896,-0.0317856,,-2.7905,10.1312,fluid
640,19.1687,1.109,,1005.02,-100.572,40015.1,,-1.72514,-0.088905,,-2.69129,9.87702,fluid
641,19.5456,1.38656,,1004.87,-88.9829,38804.4,,-1.76399,-0.0720004,,-2.89415,10.27,fluid
642,21.027,2.32045,,1003.87,-65.8856,30707.8,,-1.1956,-0.224641,,-2.09687,9.95991,fluid
643,20.4122,1.8665,,1004.25,-88.4349,33795.2,,-1.54547,-0.398045,,-2.77217,9.79214,fluid
644,20.6396,2.71787,,1003.68,-44.3554,29204,,-1.20002,-0.642819,,-1.95434,11.2589,fluid
645,19.7896,2.41654,,1003.69,-80.4482,29306.4,,-1.38735,-0.105121,,-2.21689,10.0483,fluid
646,20.056,3.04963,,1003.15,-59.1221,24977.5,,-1.00934,-0.363861,,-1.43988,10.1467,fluid
647,20.918,4.34517,,1001.61,-36.9196,12687.4,,-0.011653,-0.229599,,0.0956183,8.77322,fluid
648,20.8957,3.8289,,1002.61,9.52701,20661,,-0.109017,-0.789867,,-1.49328,10.057,fluid
649,21.4846,4.69492,,1002.24,104.79,17711.4,,1.06781,-1.04411,,-3.2084,9.6411,fluid
650,15.3548,4.46123,,1000.6,-61.745,4712.65,,0.114875,0.965567,,-1.97771,10.3921,fluid
651,14.6925,0.246742,,1006.59,-106.11,52781.5,,-1.66577,0.0252318,,-3.76638,10.4954,fluid
652,17.7005,0.372862,,1006.11,-80.7479,48877.5,,-1.41098,-0.0177683,,-2.85888,9.93134,fluid
653,17.1437,0.555027,,1005.93,-100.155,47345.4,,-1.80721,-0.00854211,,-3.10124,9.92299,fluid
654,19.3429,0.715039,,1005.53,-88.7082,44149.6,,-1.60797,-0.0637353,,-2.86671,10.015,fluid
655,18.7231,0.816619,,1005.39,-96.8553,42998.2,,-1.68759,-0.0741136,,-2.55444,10.0525,fluid
656,19.9093,1.18278,,1005.08,-83.2434,40441.6,,-1.57962,-0.0559322,,-2.97432,9.70059,fluid
657,20.0589,1.51178,,1004.87,-70.3786,38745.8,,-1.60199,-0.182622,,-2.43215,11.0053,fluid
658,21.3256,1.6681,,1004.69,-62.8238,37298.1,,-1.30911,-0.494613,,-2.43025,10.2149,fluid
659,20.7523,1.67776,,1004.57,-74.1652,36389.3,,-1.43831,-0.522706,,-2.7106,10.0621,fluid
660,20.5631,2.2304,,1003.8,-85.0968,30169.3,,-1.31777,-0.240331,,-2.31847,9.55644,fluid
661,21.5054,3.82754,,1002.58,7.08339,20368.5,,-0.0599683,-1.00699,,-1.38991,10.5094,fluid
662,20.2736,2.67206,,1003.67,-51.0448,29084.4,,-1.19733,-0.431938,,-2.1484,11.2782,fluid
663,21.6449,4.20962,,1001.87,-42.0828,14770.4,,-0.293239,-0.826707,,-1.28621,8.57254,fluid
664,22.2722,5.31332,,1000.77,33.3179,6095.08,,1.05249,-1.47513,,-0.0748892,8.49341,fluid
665,16.5978,3.70966,,1003,22.2668,23772.5,,-0.00721689,0.579888,,-2.40766,9.63593,fluid
666,17.0182,3.81341,,1002.65,10.6394,20965.2,,0.21148,0.784005,,-1.19852,10.1746,fluid
667,15.2326,0.303416,,1006.5,-106.474,51996.1,,-1.73952,0.0172195,,-3.77718,10.3739,fluid
668,18.628,0.374725,,1006.03,-70.9189,48203.5,,-1.28744,-0.0248013,,-2.57773,9.93909,fluid
669,18.0824,0.506158,,1005.91,-88.3603,47241.6,,-1.62536,-0.014717,,-3.02423,9.95258,fluid
670,19.9982,0.655462,,1005.58,-80.4814,44568.4,,-1.42796,-0.0899829,,-2.90444,10.0038,fluid
671,19.6135,0.915125,,1005.27,-93.634,42023.9,,-1.63895,-0.105139,,-2.62084,9.95481,fluid
672,20.7447,1.14754,,1005.27,-64.8513,42040.2,,-1.43149,-0.100991,,-2.57275,9.87668,fluid
673,20.4321,1.34875,,1005.1,-66.3748,40606.8,,-1.58164,-0.134299,,-2.48182,10.7633,fluid
674,22.4396,2.15259,,1004.13,-47.0459,32809.3,,-0.88526,-0.544721,,-1.68354,10.0255,fluid
675,20.9549,1.96086,,1004.11,-86.4612,32628.9,,-1.35201,-0.385874,,-2.43729,9.34565,fluid
676,21.4577,2.40385,,1004.01,-40.0275,31869.3,,-1.1134,-0.461386,,-1.77294,11.1785,fluid
677,21.1466,4.09795,,1001.85,-28.5761,14638.9,,0.101879,-0.561284,,-0.696548,9.41013,fluid
678,20.6864,3.33101,,1002.84,-46.8285,22516.7,,-0.720234,-0.27611,,-1.68092,8.85611,fluid
679,21.7741,3.72037,,1002.9,22.8387,22955.4,,-0.12277,-1.15709,,-0.739899,10.8891,fluid
680,20.9522,3.15155,,1003.02,-52.395,23926.6,,-0.922384,-0.610475,,-1.75167,8.75624,fluid
681,21.8982,4.72827,,1001.86,66.9322,14641.7,,1.15634,-0.70019,,-1.07309,9.91156,fluid
682,18.2531,5.26908,,1000.6,26.5717,4699.06,,0.824776,0.37827,,-1.06768,9.26152,fluid
683,15.7337,0.2448,,1006.59,-93.7964,52766.6,,-1.59093,0.0101848,,-3.54251,10.2396,fluid
684,19.6368,0.395785,,1005.88,-67.0607,46960.4,,-1.13675,-0.0412551,,-2.37064,10.0033,fluid
685,19.0497,0.45606,,1005.95,-76.4789,47535.2,,-1.51434,-0.0205348,,-3.18575,9.9424,fluid
686,20.5092,0.687003,,1005.58,-73.5101,44524.8,,-1.31042,-0.0987505,,-2.63528,9.97644,fluid
687,20.257,0.984569,,1005.32,-79.1952,42395.4,,-1.52792,-0.129742,,-2.73399,9.76478,fluid
688,21.7161,1.37039,,1005.15,-49.6864,41055,,-1.2185,-0.300078,,-2.76017,10.3674,fluid
689,21.1175,1.37057,,1005.09,-56.5214,40533.7,,-1.32953,-0.311998,,-2.75588,10.534,fluid
690,22.6311,1.70995,,1004.87,-30.963,38753,,-0.882544,-0.556225,,-2.28725,10.379,fluid
691,22.2203,1.93891,,1004.28,-52.6565,34021.9,,-0.786137,-0.679872,,-1.99126,9.70781,fluid
692,21.4326,2.09192,,1004.15,-63.2833,32967,,-1.18399,-0.427672,,-2.23276,9.6165,fluid
693,21.3212,3.13005,,1002.94,-57.2058,23274.2,,-0.820317,-0.590846,,-1.89253,9.18657,fluid
694,21.296,3.45043,,1002.56,-49.6801,20247,,-0.496584,-0.234846,,-1.53,9.74268,fluid
695,21.5661,5.67119,,1000.45,16.3914,3530.03,,0.856536,-0.845334,,0.138754,7.71242,fluid
696,21.938,5.57225,,1000.55,27.4238,4355.46,,0.904373,-1.17955,,0.608785,7.79155,fluid
697,17.5471,4.26675,,1002.42,70.6666,19128,,0.671838,0.521749,,-2.21575,10.2233,fluid
698,20.2692,5.67824,,1000.55,16.2613,4309.76,,0.893702,-0.237706,,-0.22192,8.60913,fluid
699,16.3875,0.228059,,1006.62,-86.6979,52959.6,,-1.60699,0.03313,,-3.44989,9.93395,fluid
700,20.8798,0.427077,,1005.88,-55.9955,46946.3,,-1.00117,-0.0462907,,-2.62812,9.921,fluid
701,20.3584,0.336927,,1005.94,-58.0054,47439.6,,-0.980459,-0.0444427,,-2.49454,9.93724,fluid
702,21.3572,0.64719,,1005.71,-57.5027,45580.5,,-1.09811,-0.096542,,-2.72248,9.91683,fluid
703,20.9483,0.858954,,1005.51,-64.2481,43969.5,,-1.28635,-0.142687,,-2.35893,9.93239,fluid
704,21.8903,1.10401,,1005.36,-47.4295,42755.7,,-0.984731,-0.230325,,-2.04031,10.0479,fluid
705,21.7786,1.74502,,1004.6,-55.6383,36569.5,,-1.08223,-0.472762,,-2.36594,9.92101,fluid
706,22.9458,1.98066,,1004.51,-30.999,35878.6,,-0.807468,-0.609033,,-1.98191,9.98037,fluid
707,22.6939,2.41838,,1003.85,-43.8977,30533.7,,-0.932389,-0.854039,,-2.06833,10.2695,fluid
708,21.8669,2.14836,,1004.13,-60.5519,32828.9,,-1.20325,-0.497444,,-2.34582,9.97783,fluid
709,21.0024,2.5335,,1003.84,-42.786,30470.7,,-1.10362,-0.492239,,-2.02071,11.7208,fluid
710,21.7775,3.3589,,1002.83,-30.9375,22388.6,,-0.422464,-0.458957,,-1.39685,9.88891,fluid
711,22.2577,3.53926,,1002.94,-3.95683,23300.3,,-0.40169,-0.869439,,-1.4742,10.9118,fluid
712,21.456,5.66254,,1000.4,12.6731,3117.26,,0.962428,-0.717601,,-0.307892,7.51103,fluid
713,20.6317,4.33983,,1001.77,-0.147309,13950.6,,0.539241,-0.457628,,-1.42146,8.72948,fluid
714,15.9484,3.29549,,1002.76,-29.3896,21835.9,,-0.0954685,0.787445,,-2.5506,11.8734,fluid
715,17.3181,0.17016,,1006.52,-75.0468,52207.9,,-1.35589,0.0448701,,-3.30788,10.0314,fluid
716,21.7827,0.422755,,1005.92,-46.1064,47296.5,,-0.821175,-0.0672285,,-2.30441,9.86335,fluid
717,21.4086,0.275958,,1006.04,-43.3708,48302.5,,-0.763171,-0.0536278,,-2.38612,9.88287,fluid
718,21.7909,0.824843,,1005.6,-49.2629,44705.4,,-0.987716,-0.166015,,-2.36138,9.91349,fluid
719,21.3283,1.08264,,1005.34,-56.8906,42594.9,,-1.19001,-0.190963,,-2.44843,9.86212,fluid
720,23.2771,1.23801,,1005.33,-24.9842,42466.1,,-0.383883,-0.344572,,-2.05588,9.98776,fluid
721,22.2368,1.49816,,1005.05,-36.7614,40244.4,,-0.94229,-0.428051,,-2.43071,10.1979,fluid
722,23.5088,2.27403,,1004.08,-23.8212,32410.7,,-0.517821,-0.742541,,-1.91657,9.5549,fluid
723,23.0296,2.30239,,1003.94,-34.8709,31324,,-0.588254,-0.610381,,-1.54425,9.98963,fluid
724,22.3352,2.70281,,1003.39,-46.4564,26906.2,,-0.677264,-0.790075,,-1.47712,9.69259,fluid
725,21.9665,2.88495,,1003.37,-45.3484,26745.9,,-0.976976,-0.924447,,-2.34814,9.42666,fluid
726,21.5152,2.89057,,1003.43,-37.9793,27220.9,,-0.962382,-0.971545,,-2.04452,9.3643,fluid
727,22.1329,3.1209,,1002.99,-43.0228,23687.5,,-0.570842,-0.608086,,-1.46552,10.0599,fluid
728,22.1385,4.52418,,1001.92,10.226,15120.6,,0.314506,-0.589399,,-0.454356,8.91235,fluid
729,19.7369,3.39445,,1002.6,-72.5568,20535.2,,-0.750024,-0.0497642,,-1.53776,9.59324,fluid
730,20.0686,5.36117,,1000.8,50.9746,6262.67,,1.43274,-0.37494,,-0.981964,8.01667,fluid
731,18.2537,0.125347,,1006.48,-61.657,51815.9,,-1.18882,0.0475683,,-2.7677,10.2855,fluid
732,22.8385,0.482655,,1005.99,-31.4727,47831.1,,-0.560173,-0.0820134,,-2.16131,9.8289,fluid
733,22.4901,0.255671,,1006.14,-31.9982,49108.1,,-0.552884,-0.0419241,,-2.33646,9.8061,fluid
734,22.2225,0.592516,,1005.81,-42.0761,46364.4,,-0.752172,-0.102031,,-2.39585,9.86747,fluid
735,22.3358,1.10203,,1005.46,-37.4844,43588.4,,-0.908864,-0.277523,,-2.48888,10.0244,fluid
736,23.6115,1.46572,,1005.28,-11.185,42134.8,,-0.449191,-0.404078,,-1.82094,9.94598,fluid
737,22.707,1.32389,,1005.23,-32.4935,41657,,-0.692803,-0.415027,,-2.17388,9.9757,fluid
738,23.3823,1.85045,,1004.72,-18.8381,37609.1,,-0.533469,-0.527842,,-1.67925,10.0806,fluid
739,23.8387,2.91657,,1003.18,-28.8694,25201,,-0.516062,-0.687837,,-1.09684,9.71184,fluid
740,23.2205,3.16905,,1002.84,-35.6296,22470.3,,-0.530335,-0.867767,,-1.27357,9.72368,fluid
741,21.9991,2.39332,,1003.86,-53.4626,30651.3,,-1.07079,-0.636026,,-2.01835,10.8094,fluid
742,22.8355,2.79257,,1003.34,-36.6277,26440,,-0.637671,-0.801112,,-1.62933,9.90187,fluid
743,22.9146,3.62446,,1002.56,-17.4283,20261.6,,-0.264143,-0.94423,,-1.77836,9.62198,fluid
744,22.3733,4.09465,,1002.29,-3.31974,18103.6,,0.0712455,-1.15416,,-2.29188,8.59952,fluid
745,16.9551,4.25544,,1002.41,80.3865,19024.5,,0.771656,0.637704,,-1.39414,10.5709,fluid
746,19.3306,4.72956,,1001.78,64.0051,14022.6,,0.924564,-0.110501,,-1.90689,8.7164,fluid
747,19.186,0.100754,,1006.38,-48.5216,51075.8,,-0.95853,-0.00012006,,-2.39957,9.91929,fluid
748,23.8719,0.650885,,1006.03,-19.0998,48202.7,,-0.36643,-0.125893,,-2.16531,9.85039,fluid
749,23.4179,0.399617,,1006.12,-23.1793,48913.7,,-0.322901,-0.0756418,,-2.20498,9.81917,fluid
750,22.5687,0.804142,,1005.69,-35.565,45413,,-0.695822,-0.16788,,-2.41099,9.91012,fluid
751,22.9672,0.961247,,1005.61,-32.3913,44748.3,,-0.665102,-0.219234,,-2.24839,10.0004,fluid
752,24.3547,1.6857,,1005.04,0.546309,40144.4,,-0.0685082,-0.341886,,-1.44967,10.065,fluid
753,23.0784,1.5743,,1004.99,-27.087,39750.4,,-0.580748,-0.365936,,-1.97882,9.84983,fluid
754,24.0915,2.43516,,1003.77,-32.1748,29932.1,,-0.473782,-0.930443,,-1.13624,10.699,fluid
755,24.2139,2.73625,,1003.33,-29.1007,26403.9,,-0.282517,-0.682137,,-1.24247,9.76895,fluid
756,23.2735,2.75479,,1003.36,-33.6173,26648.2,,-0.58633,-0.878315,,-1.79186,10.2442,fluid
757,23.5781,4.20715,,1001.82,-5.79249,14386.8,,0.0997766,-0.924244,,0.258738,10.3023,fluid
758,24.3544,4.08428,,1001.59,-39.7978,12554.5,,-0.185866,-1.11327,,-0.998335,10.0598,fluid
759,22.7808,3.14964,,1002.95,-33.3839,23334.4,,-0.504196,-0.77731,,-1.122,9.82837,fluid
760,22.5028,3.29148,,1003.08,-10.4554,24398.2,,-0.456406,-0.986567,,-1.38225,10.6207,fluid
761,21.6902,5.67445,,1000.45,18.982,3533.27,,0.85965,-0.954599,,0.492019,7.69997,fluid
762,23.2649,5.48959,,1000.39,12.4541,3081.87,,1.08506,-0.34089,,1.28556,8.57933,fluid
763,19.9925,0.101566,,1006.4,-40.509,51236.6,,-0.99713,-0.00232133,,-2.55434,9.92398,fluid
764,24.1163,0.357192,,1006.24,-18.2402,49881.7,,-0.103807,-0.0594709,,-2.02701,9.79688,fluid
765,23.617,0.959977,,1005.71,-18.8489,45617,,-0.381868,-0.21095,,-1.95131,9.92753,fluid
766,23.2822,0.716577,,1005.84,-28.1441,46604,,-0.485366,-0.143306,,-2.39182,9.89257,fluid
767,23.9684,1.1964,,1005.56,-10.3503,44365.6,,-0.248008,-0.300071,,-2.16776,9.96869,fluid
768,24.6946,2.55581,,1003.67,-18.8062,29122.3,,-0.166443,-0.588813,,-1.93387,10.2237,fluid
769,23.866,2.08947,,1004.39,-16.8423,34915.7,,-0.414168,-0.504692,,-2.03349,9.70478,fluid
770,24.2573,2.13957,,1004.19,-20.781,33327.6,,-0.165253,-0.669965,,-0.751333,10.1282,fluid
771,24.08,3.33149,,1002.89,-1.52142,22888.3,,-0.331047,-0.870425,,-1.2504,9.4857,fluid
772,23.5527,2.5705,,1003.59,-28.727,28496.6,,-0.441432,-0.749155,,-1.24458,10.2826,fluid
773,23.6644,3.99123,,1001.46,-65.7262,11492.7,,-0.0745448,-0.501892,,0.264753,9.71724,fluid
774,24.6846,4.05301,,1001.74,-19.9826,13700.6,,0.0753288,-1.13331,,-1.04518,9.55206,fluid
775,23.5582,3.71632,,1002.2,-12.6469,17390.6,,0.072128,-0.890155,,-0.66594,9.452,fluid
776,22.6764,5.13957,,1001.15,45.0963,9028.88,,0.939213,-1.20845,,-0.102739,8.64901,fluid
777,21.0258,5.60727,,1000.66,23.9059,5187.68,,0.952098,-0.447416,,-1.57541,8.58245,fluid
778,18.5782,3.38829,,1002.85,-46.571,22571.5,,-0.790047,0.132477,,-1.75593,10.9294,fluid
779,20.9078,0.057391,,1006.37,-34.0018,50987.6,,-0.788535,-0.0101097,,-2.32061,9.87978,fluid
780,23.7394,0.12582,,1006.46,-17.2839,51720.2,,-0.273374,-0.01992,,-2.2844,9.75989,fluid
781,24.7478,1.93739,,1004.7,-2.63554,37400.1,,-0.125577,-0.409283,,-1.82865,9.81245,fluid
782,24.3523,1.27667,,1005.52,-5.12792,44082.2,,-0.123371,-0.344466,,-1.7687,9.98572,fluid
783,23.9497,1.71185,,1004.95,-10.2198,39405.9,,-0.295522,-0.588546,,-1.96656,9.64721,fluid
784,26.7328,-211.463,,1029.8,0,255878,,2.56751,-65.1365,,0,0,fluid
785,24.7983,4.6821,,1001.32,-17.6595,10378.3,,-0.1962,-0.726352,,-0.227347,10.9693,fluid
786,23.6113,3.17231,,1002.89,-25.1093,22875.7,,-0.485786,-0.916647,,-1.14713,10.0584,fluid
787,23.8224,5.28276,,1000.53,-7.61483,4130.72,,0.782953,-0.340402,,1.13463,10.7809,fluid
788,24.6356,3.36339,,1002.8,0.183164,22199,,-0.0089803,-0.896913,,-0.727579,10.5555,fluid
789,24.1393,3.68876,,1002.24,-3.4808,17681.6,,0.194913,-0.880903,,-0.561358,9.93923,fluid
790,24.2554,4.92645,,1001.02,-2.09005,8045.21,,0.419062,-0.585944,,0.851915,11.3206,fluid
791,22.4837,4.1032,,1002.32,-3.72715,18346.9,,-0.0170951,-1.08536,,-1.20399,8.62819,fluid
792,22.7949,5.53989,,1000.64,53.2064,5022.04,,1.3493,-0.952406,,0.154795,9.03881,fluid
793,19.6458,4.75076,,1001.81,64.7493,14244.4,,0.979459,-0.147067,,-1.21671,8.6775,fluid
794,22.703,5.60608,,1000.58,51.8007,4558.26,,1.35905,-1.05596,,-0.0768738,9.04812,fluid
795,22.0174,0.0568289,,1006.33,-30.0484,50607.6,,-0.589604,-0.0127269,,-2.31642,9.81331,fluid
796,24.2402,0.836385,,1005.9,-14.179,47151.8,,-0.199991,-0.186209,,-2.0357,9.90199,fluid
797,24.8019,2.29934,,1004.01,-16.989,31813,,-0.0514137,-0.429006,,-1.797,9.79942,fluid
798,24.7859,1.52112,,1005.34,4.38552,42558.6,,-0.0606574,-0.321086,,-1.65899,9.88007,fluid
799,24.8257,2.95376,,1003.26,-10.9871,25862.3,,-0.143209,-0.728535,,-0.700798,10.1475,fluid
800,24.4497,3.074,,1003.2,-6.04353,25376.2,,-0.349059,-1.08307,,-1.40102,9.87382,fluid
801,24.0154,5.12423,,1000.71,-17.7215,5602.43,,0.408412,-0.378671,,1.1644,11.3805,fluid
802,24.0462,3.81594,,1002.34,11.6033,18531.9,,-0.0604486,-1.33017,,-0.81777,11.1988,fluid
803,24.7918,4.44354,,1001.68,4.62816,13213.2,,-0.067647,-1.16426,,-0.803071,9.6299,fluid
804,23.8225,4.75598,,1001.59,31.0837,12522.5,,0.207534,-1.17519,,-0.104054,8.76589,fluid
805,23.0004,4.36655,,1002.3,39.7895,18213,,0.321735,-0.929476,,0.267154,10.685,fluid
806,23.2154,3.65923,,1002.46,-9.16373,19475.5,,-0.113824,-0.965815,,-1.05552,9.64772,fluid
807,24.4466,4.71335,,1001.57,21.8549,12366.7,,0.062308,-0.780317,,0.0389486,10.6457,fluid
808,22.6312,4.61889,,1002.1,47.2675,16567.1,,0.496591,-1.06348,,-0.473868,10.6428,fluid
809,18.3526,4.23159,,1002.39,37.0494,18914.4,,0.398457,0.518765,,-1.39221,9.95895,fluid
810,18.4515,5.27393,,1000.75,32.2155,5937.29,,0.682545,0.200102,,-0.818614,9.69961,fluid
811,23.022,0.0939484,,1006.36,-23.8125,50908.9,,-0.392312,-0.0159354,,-2.09055,9.76876,fluid
812,24.7892,0.384963,,1006.35,-9.82137,50780.4,,0.0478131,-0.0762407,,-1.94803,9.80689,fluid
813,17.9982,4.95422,,1000.78,45.5977,6156.85,,1.31703,0.695073,,-1.61529,8.71895,fluid
814,15.3684,3.27903,,1003.17,33.9156,25151.7,,0.156393,0.142786,,-3.10346,10.5833,fluid
815,21.2497,5.46961,,1001.25,76.512,9830.06,,0.893708,-0.636632,,-1.84785,8.46978,fluid
816,20.2737,4.21242,,1002.38,13.8429,18801.6,,-0.0397373,-0.889327,,-2.46798,8.90418,fluid
817,17.5605,3.67838,,1002.65,-24.1757,20956.8,,-0.28896,0.655778,,-1.01216,10.1671,fluid
818,16.0332,4.75843,,1000.28,-14.6944,2220.28,,0.799779,0.0874269,,-1.85971,9.83983,fluid
819,14.1944,4.76098,,1000.69,-33.5084,5444.68,,-0.181614,0.517819,,-0.476372,10.7694,fluid
820,15.4697,4.69832,,1001.03,6.57482,8118.15,,0.0458994,0.164474,,-2.23807,13.0749,fluid
821,20.0641,3.62944,,1003.13,10.5795,24788.9,,-0.496374,-0.610012,,-1.90867,10.927,fluid
822,23.3672,5.36739,,1000.58,14.2972,4562.35,,0.921284,-0.197037,,1.53721,9.11659,fluid
823,27.9047,-7.42139,,969.082,0,-221266,,-1.90557,-14.6292,,0,0,fluid
824,24.1865,4.93505,,1001.08,3.25247,8473.12,,0.377142,-0.581198,,0.777746,11.2812,fluid
825,23.486,4.83406,,1001.87,54.111,14726.5,,0.0890748,-0.956282,,-0.552806,9.28125,fluid
826,20.5389,5.43191,,1001.21,66.1045,9568.31,,0.966187,-0.39445,,-0.519855,9.69464,fluid
827,24.483,0.143354,,1006.61,-9.17913,52896.4,,-0.140806,-0.0286199,,-2.09368,9.77312,fluid
828,24.7803,1.08598,,1005.74,-2.40079,45811.8,,0.0642311,-0.209397,,-1.65729,9.85582,fluid
829,19.0405,5.30036,,1000.75,32.6382,5920.74,,0.869317,-0.142772,,-1.79347,9.34443,fluid
830,13.5037,2.97091,,1003.31,1.89936,26266.6,,-0.0972444,0.58024,,-3.30496,10.3353,fluid
831,12.8172,2.63845,,1003.8,-16.7396,30154.2,,-0.527359,0.482759,,-3.55531,11.2401,fluid
832,17.4816,5.04988,,1000.83,51.799,6504.87,,1.03733,0.534861,,-2.08559,9.80851,fluid
833,16.2568,4.01625,,1003.04,97.0916,24037.3,,0.534092,0.768354,,-2.30425,9.75895,fluid
834,21.757,4.59423,,1001.89,15.0151,14910.2,,0.214075,-0.438094,,-1.5203,8.46842,fluid
835,16.7224,5.10489,,1000.57,30.145,4476.88,,0.768039,0.359639,,-1.68945,10.0185,fluid
836,19.6972,2.87616,,1003.44,-53.0448,27244.6,,-1.16695,-0.524314,,-2.33834,10.3476,fluid
837,16.0389,4.97563,,1000.59,47.0254,4649.66,,0.954078,0.0111913,,-2.20709,10.5844,fluid
838,17.8486,5.3004,,1000.52,28.382,4070.11,,0.892809,0.50233,,-1.59823,9.16728,fluid
839,15.2291,3.76902,,1002.32,34.1264,18312.9,,0.522104,1.1726,,-0.976333,10.3197,fluid
840,23.0651,5.55051,,1000.51,39.8164,4008.33,,1.32409,-0.617795,,0.713568,8.95771,fluid
841,24.7949,3.65255,,1002.53,6.3457,20035.3,,-0.0241036,-0.848265,,-0.593312,10.4067,fluid
842,22.1001,5.68388,,1000.41,23.704,3217.75,,0.983068,-1.23507,,0.7003,7.77625,fluid
843,24.6694,0.725095,,1006.12,-8.59353,48880.7,,-0.166339,-0.134565,,-2.22292,9.86538,fluid
844,23.0253,4.23485,,1002.23,25.6913,17625.3,,0.398006,-0.793213,,0.210316,9.2395,fluid
845,19.4127,5.54981,,1000.6,47.1857,4730.54,,1.21216,-0.25569,,-2.05398,8.40405,fluid
846,18.8453,5.03167,,1000.82,46.3627,6433.72,,1.36954,-0.0254082,,-2.0513,8.46929,fluid
847,19.0638,4.2342,,1002.23,6.18719,17586.7,,0.136118,0.262705,,-0.997133,10.0393,fluid
848,19.3272,3.4886,,1002.68,-51.7289,21178.1,,-0.691323,-0.238285,,-2.66407,9.44584,fluid
849,17.9787,4.21475,,1002.49,50.5093,19719.7,,0.422434,0.274742,,-2.13789,9.53382,fluid
850,20.6861,4.7824,,1001.86,73.3468,14712.7,,1.00473,-0.821799,,-1.27947,10.3034,fluid
851,13.1728,3.67084,,1001.91,36.1095,15063.3,,0.544245,0.642348,,-2.26346,10.2381,fluid
852,18.6788,4.0573,,1002.64,33.7629,20901.7,,0.236968,-0.00221433,,-1.6409,9.01052,fluid
853,17.0531,3.29986,,1002.98,-22.6518,23624.2,,-0.382349,0.337675,,-2.16873,9.93697,fluid
854,19.7813,5.73216,,1000.5,35.7647,3898.91,,1.08557,-0.287812,,-0.996111,8.1468,fluid
855,18.659,2.76888,,1003.36,-72.6234,26600.2,,-1.33737,0.0305875,,-1.93694,10.6058,fluid
856,19.6388,4.07237,,1002.32,2.82368,18369.3,,0.212351,-0.237544,,-1.15825,10.1361,fluid
857,16.9335,4.72424,,1000.77,15.7171,6070.29,,1.0159,0.914646,,-1.50422,10.1134,fluid
858,20.1189,4.62857,,1001.96,32.7248,15436.2,,0.421046,-0.536677,,-1.599,9.35186,fluid
