h/dp :,2
L2norm Pressure,KE,dp,Nparticles
26644.8,6.84856e+06,0.5,640

t,10.04
ID,x,y,,rho,drhodt,pressure,,u,v,,du_rdt,du_zdt,Type
0,0.25,-0.25,,1005.35,0,42706.5,,0,0,,0,0,boundary
1,0.75,-0.25,,1005.21,0,41501.2,,0,0,,0,0,boundary
2,1.25,-0.25,,1004.84,0,38536.4,,0,0,,0,0,boundary
3,1.75,-0.25,,1004.53,0,36061.3,,0,0,,0,0,boundary
4,2.25,-0.25,,1004.43,0,35206.2,,0,0,,0,0,boundary
5,2.75,-0.25,,1004.46,0,35510.4,,0,0,,0,0,boundary
6,3.25,-0.25,,1004.57,0,36352.1,,0,0,,0,0,boundary
7,3.75,-0.25,,1004.71,0,37519.8,,0,0,,0,0,boundary
8,4.25,-0.25,,1004.88,0,38900.8,,0,0,,0,0,boundary
9,4.75,-0.25,,1005.05,0,40274.6,,0,0,,0,0,boundary
10,5.25,-0.25,,1005.24,0,41761.8,,0,0,,0,0,boundary
11,5.75,-0.25,,1005.46,0,43546.8,,0,0,,0,0,boundary
12,6.25,-0.25,,1005.7,0,45535.9,,0,0,,0,0,boundary
13,6.75,-0.25,,1005.93,0,47399,,0,0,,0,0,boundary
14,7.25,-0.25,,1006.07,0,48517.3,,0,0,,0,0,boundary
15,7.75,-0.25,,1006.08,0,48590.5,,0,0,,0,0,boundary
16,8.25,-0.25,,1006,0,47984.1,,0,0,,0,0,boundary
17,8.75,-0.25,,1005.9,0,47133.2,,0,0,,0,0,boundary
18,9.25,-0.25,,1005.82,0,46484.2,,0,0,,0,0,boundary
19,9.75,-0.25,,1005.79,0,46220.1,,0,0,,0,0,boundary
20,10.25,-0.25,,1005.85,0,46689.8,,0,0,,0,0,boundary
21,10.75,-0.25,,1005.99,0,47834,,0,0,,0,0,boundary
22,11.25,-0.25,,1006.16,0,49254,,0,0,,0,0,boundary
23,11.75,-0.25,,1006.32,0,50565.1,,0,0,,0,0,boundary
24,12.25,-0.25,,1006.46,0,51685.9,,0,0,,0,0,boundary
25,12.75,-0.25,,1006.59,0,52717,,0,0,,0,0,boundary
26,13.25,-0.25,,1006.71,0,53691.9,,0,0,,0,0,boundary
27,13.75,-0.25,,1006.82,0,54608.9,,0,0,,0,0,boundary
28,14.25,-0.25,,1006.92,0,55437,,0,0,,0,0,boundary
29,14.75,-0.25,,1006.99,0,56021.8,,0,0,,0,0,boundary
30,15.25,-0.25,,1007.03,0,56355.4,,0,0,,0,0,boundary
31,15.75,-0.25,,1007.04,0,56471.2,,0,0,,0,0,boundary
32,16.25,-0.25,,1007.03,0,56358.6,,0,0,,0,0,boundary
33,16.75,-0.25,,1006.99,0,56056.3,,0,0,,0,0,boundary
34,17.25,-0.25,,1006.94,0,55625.8,,0,0,,0,0,boundary
35,17.75,-0.25,,1006.88,0,55113.4,,0,0,,0,0,boundary
36,18.25,-0.25,,1006.81,0,54581.2,,0,0,,0,0,boundary
37,18.75,-0.25,,1006.75,0,54096.5,,0,0,,0,0,boundary
38,19.25,-0.25,,1006.71,0,53692.7,,0,0,,0,0,boundary
39,19.75,-0.25,,1006.67,0,53394.8,,0,0,,0,0,boundary
40,20.25,-0.25,,1006.65,0,53235.8,,0,0,,0,0,boundary
41,20.75,-0.25,,1006.64,0,53193.8,,0,0,,0,0,boundary
42,21.25,-0.25,,1006.66,0,53296,,0,0,,0,0,boundary
43,21.75,-0.25,,1006.68,0,53492.2,,0,0,,0,0,boundary
44,22.25,-0.25,,1006.73,0,53863.3,,0,0,,0,0,boundary
45,22.75,-0.25,,1006.79,0,54418.7,,0,0,,0,0,boundary
46,23.25,-0.25,,1006.88,0,55120.1,,0,0,,0,0,boundary
47,23.75,-0.25,,1006.98,0,55943.5,,0,0,,0,0,boundary
48,24.25,-0.25,,1007.09,0,56831.8,,0,0,,0,0,boundary
49,24.75,-0.25,,1007.2,0,57703.1,,0,0,,0,0,boundary
50,25.25,-0.25,,1007.29,0,58484.4,,0,0,,0,0,boundary
51,25.75,-0.25,,1007.38,0,59190.2,,0,0,,0,0,boundary
52,26.25,-0.25,,1007.46,0,59851,,0,0,,0,0,boundary
53,0.25,-0.75,,1006.95,0,55694.6,,0,0,,0,0,boundary
54,0.75,-0.75,,1006.47,0,51742.5,,0,0,,0,0,boundary
55,1.25,-0.75,,1005.88,0,46995,,0,0,,0,0,boundary
56,1.75,-0.75,,1005.52,0,44040.2,,0,0,,0,0,boundary
57,2.25,-0.75,,1005.39,0,42956,,0,0,,0,0,boundary
58,2.75,-0.75,,1005.42,0,43222.6,,0,0,,0,0,boundary
59,3.25,-0.75,,1005.49,0,43830.9,,0,0,,0,0,boundary
60,3.75,-0.75,,1005.6,0,44713.2,,0,0,,0,0,boundary
61,4.25,-0.75,,1005.72,0,45691.3,,0,0,,0,0,boundary
62,4.75,-0.75,,1005.85,0,46716.1,,0,0,,0,0,boundary
63,5.25,-0.75,,1006.01,0,48008.9,,0,0,,0,0,boundary
64,5.75,-0.75,,1006.21,0,49613.5,,0,0,,0,0,boundary
65,6.25,-0.75,,1006.43,0,51448.8,,0,0,,0,0,boundary
66,6.75,-0.75,,1006.64,0,53125.4,,0,0,,0,0,boundary
67,7.25,-0.75,,1006.73,0,53916.9,,0,0,,0,0,boundary
68,7.75,-0.75,,1006.7,0,53690.2,,0,0,,0,0,boundary
69,8.25,-0.75,,1006.6,0,52801.8,,0,0,,0,0,boundary
70,8.75,-0.75,,1006.46,0,51715.1,,0,0,,0,0,boundary
71,9.25,-0.75,,1006.37,0,50948.6,,0,0,,0,0,boundary
72,9.75,-0.75,,1006.36,0,50879.3,,0,0,,0,0,boundary
73,10.25,-0.75,,1006.43,0,51471,,0,0,,0,0,boundary
74,10.75,-0.75,,1006.58,0,52670.5,,0,0,,0,0,boundary
75,11.25,-0.75,,1006.75,0,54047.8,,0,0,,0,0,boundary
76,11.75,-0.75,,1006.9,0,55284.8,,0,0,,0,0,boundary
77,12.25,-0.75,,1007.03,0,56331.6,,0,0,,0,0,boundary
78,12.75,-0.75,,1007.15,0,57323.8,,0,0,,0,0,boundary
79,13.25,-0.75,,1007.28,0,58358.1,,0,0,,0,0,boundary
80,13.75,-0.75,,1007.41,0,59431.1,,0,0,,0,0,boundary
81,14.25,-0.75,,1007.54,0,60488.7,,0,0,,0,0,boundary
82,14.75,-0.75,,1007.64,0,61311.6,,0,0,,0,0,boundary
83,15.25,-0.75,,1007.69,0,61756.7,,0,0,,0,0,boundary
84,15.75,-0.75,,1007.7,0,61821.1,,0,0,,0,0,boundary
85,16.25,-0.75,,1007.68,0,61643.4,,0,0,,0,0,boundary
86,16.75,-0.75,,1007.63,0,61273,,0,0,,0,0,boundary
87,17.25,-0.75,,1007.57,0,60760.9,,0,0,,0,0,boundary
88,17.75,-0.75,,1007.49,0,60140.2,,0,0,,0,0,boundary
89,18.25,-0.75,,1007.41,0,59437.5,,0,0,,0,0,boundary
90,18.75,-0.75,,1007.32,0,58756.7,,0,0,,0,0,boundary
91,19.25,-0.75,,1007.25,0,58182,,0,0,,0,0,boundary
92,19.75,-0.75,,1007.21,0,57782.8,,0,0,,0,0,boundary
93,20.25,-0.75,,1007.18,0,57590,,0,0,,0,0,boundary
94,20.75,-0.75,,1007.18,0,57564.1,,0,0,,0,0,boundary
95,21.25,-0.75,,1007.19,0,57662.9,,0,0,,0,0,boundary
96,21.75,-0.75,,1007.22,0,57869.2,,0,0,,0,0,boundary
97,22.25,-0.75,,1007.26,0,58253.2,,0,0,,0,0,boundary
98,22.75,-0.75,,1007.33,0,58830.4,,0,0,,0,0,boundary
99,23.25,-0.75,,1007.43,0,59606,,0,0,,0,0,boundary
100,23.75,-0.75,,1007.54,0,60559.9,,0,0,,0,0,boundary
101,24.25,-0.75,,1007.67,0,61572.5,,0,0,,0,0,boundary
102,24.75,-0.75,,1007.78,0,62516.5,,0,0,,0,0,boundary
103,25.25,-0.75,,1007.87,0,63230.9,,0,0,,0,0,boundary
104,25.75,-0.75,,1007.93,0,63770.4,,0,0,,0,0,boundary
105,26.25,-0.75,,1007.99,0,64260.1,,0,0,,0,0,boundary
106,0.25,-1.25,,1008.42,0,67781.3,,0,0,,0,0,boundary
107,0.75,-1.25,,1008.06,0,64821.8,,0,0,,0,0,boundary
108,1.25,-1.25,,1007.5,0,60220.4,,0,0,,0,0,boundary
109,1.75,-1.25,,1007.03,0,56333.1,,0,0,,0,0,boundary
110,2.25,-1.25,,1006.74,0,53959.3,,0,0,,0,0,boundary
111,2.75,-1.25,,1006.61,0,52881.8,,0,0,,0,0,boundary
112,3.25,-1.25,,1006.56,0,52492.9,,0,0,,0,0,boundary
113,3.75,-1.25,,1006.52,0,52192.3,,0,0,,0,0,boundary
114,4.25,-1.25,,1006.49,0,51926.6,,0,0,,0,0,boundary
115,4.75,-1.25,,1006.5,0,52042.4,,0,0,,0,0,boundary
116,5.25,-1.25,,1006.57,0,52600.8,,0,0,,0,0,boundary
117,5.75,-1.25,,1006.7,0,53612.5,,0,0,,0,0,boundary
118,6.25,-1.25,,1006.84,0,54778.5,,0,0,,0,0,boundary
119,6.75,-1.25,,1006.92,0,55488.9,,0,0,,0,0,boundary
120,7.25,-1.25,,1006.91,0,55334.9,,0,0,,0,0,boundary
121,7.75,-1.25,,1006.75,0,54084.4,,0,0,,0,0,boundary
122,8.25,-1.25,,1006.55,0,52410.8,,0,0,,0,0,boundary
123,8.75,-1.25,,1006.43,0,51484.5,,0,0,,0,0,boundary
124,9.25,-1.25,,1006.47,0,51761.3,,0,0,,0,0,boundary
125,9.75,-1.25,,1006.63,0,53085.6,,0,0,,0,0,boundary
126,10.25,-1.25,,1006.86,0,54994.4,,0,0,,0,0,boundary
127,10.75,-1.25,,1007.09,0,56852.8,,0,0,,0,0,boundary
128,11.25,-1.25,,1007.25,0,58156.8,,0,0,,0,0,boundary
129,11.75,-1.25,,1007.33,0,58813.9,,0,0,,0,0,boundary
130,12.25,-1.25,,1007.35,0,58990.7,,0,0,,0,0,boundary
131,12.75,-1.25,,1007.37,0,59147.8,,0,0,,0,0,boundary
132,13.25,-1.25,,1007.44,0,59734.8,,0,0,,0,0,boundary
133,13.75,-1.25,,1007.58,0,60847.8,,0,0,,0,0,boundary
134,14.25,-1.25,,1007.73,0,62128.2,,0,0,,0,0,boundary
135,14.75,-1.25,,1007.87,0,63261.1,,0,0,,0,0,boundary
136,15.25,-1.25,,1007.95,0,63897.5,,0,0,,0,0,boundary
137,15.75,-1.25,,1007.98,0,64133.4,,0,0,,0,0,boundary
138,16.25,-1.25,,1007.97,0,64101.9,,0,0,,0,0,boundary
139,16.75,-1.25,,1007.96,0,63985.5,,0,0,,0,0,boundary
140,17.25,-1.25,,1007.94,0,63813.5,,0,0,,0,0,boundary
141,17.75,-1.25,,1007.9,0,63523.6,,0,0,,0,0,boundary
142,18.25,-1.25,,1007.85,0,63074.6,,0,0,,0,0,boundary
143,18.75,-1.25,,1007.78,0,62538.3,,0,0,,0,0,boundary
144,19.25,-1.25,,1007.73,0,62114.2,,0,0,,0,0,boundary
145,19.75,-1.25,,1007.72,0,61979.1,,0,0,,0,0,boundary
146,20.25,-1.25,,1007.74,0,62153.4,,0,0,,0,0,boundary
147,20.75,-1.25,,1007.78,0,62515.6,,0,0,,0,0,boundary
148,21.25,-1.25,,1007.83,0,62920.2,,0,0,,0,0,boundary
149,21.75,-1.25,,1007.89,0,63407.2,,0,0,,0,0,boundary
150,22.25,-1.25,,1007.97,0,64054.1,,0,0,,0,0,boundary
151,22.75,-1.25,,1008.07,0,64883.1,,0,0,,0,0,boundary
152,23.25,-1.25,,1008.2,0,65953.1,,0,0,,0,0,boundary
153,23.75,-1.25,,1008.35,0,67201.1,,0,0,,0,0,boundary
154,24.25,-1.25,,1008.5,0,68417.9,,0,0,,0,0,boundary
155,24.75,-1.25,,1008.62,0,69446.5,,0,0,,0,0,boundary
156,25.25,-1.25,,1008.7,0,70055.4,,0,0,,0,0,boundary
157,25.75,-1.25,,1008.73,0,70309.8,,0,0,,0,0,boundary
158,26.25,-1.25,,1008.75,0,70458.2,,0,0,,0,0,boundary
159,25.25,0.25,,1006.82,0,54621.8,,0,0,,0,0,boundary
160,25.25,0.75,,1006.33,0,50627.7,,0,0,,0,0,boundary
161,25.25,1.25,,1005.77,0,46046.8,,0,0,,0,0,boundary
162,25.25,1.75,,1005.12,0,40787.9,,0,0,,0,0,boundary
163,25.25,2.25,,1004.43,0,35215.4,,0,0,,0,0,boundary
164,25.25,2.75,,1003.76,0,29811.4,,0,0,,0,0,boundary
165,25.25,3.25,,1003.11,0,24674.1,,0,0,,0,0,boundary
166,25.25,3.75,,1002.49,0,19709.8,,0,0,,0,0,boundary
167,25.25,4.25,,1001.9,0,14966.7,,0,0,,0,0,boundary
168,25.25,4.75,,1001.38,0,10841.1,,0,0,,0,0,boundary
169,25.25,5.25,,1001.35,0,10600,,0,0,,0,0,boundary
170,25.25,5.75,,1001.23,0,9723.5,,0,0,,0,0,boundary
171,25.25,6.25,,1001.14,0,8979.26,,0,0,,0,0,boundary
172,25.25,6.75,,1001.01,0,7983.06,,0,0,,0,0,boundary
173,25.25,7.25,,1000,0,0,,0,0,,0,0,boundary
174,25.25,7.75,,1000,0,0,,0,0,,0,0,boundary
175,25.25,8.25,,1000,0,0,,0,0,,0,0,boundary
176,25.25,8.75,,1000,0,0,,0,0,,0,0,boundary
177,25.25,9.25,,1000,0,0,,0,0,,0,0,boundary
178,25.25,9.75,,1000,0,0,,0,0,,0,0,boundary
179,25.75,0.25,,1006.91,0,55382.7,,0,0,,0,0,boundary
180,25.75,0.75,,1006.42,0,51375.1,,0,0,,0,0,boundary
181,25.75,1.25,,1005.85,0,46707.1,,0,0,,0,0,boundary
182,25.75,1.75,,1005.18,0,41305.3,,0,0,,0,0,boundary
183,25.75,2.25,,1004.47,0,35574.3,,0,0,,0,0,boundary
184,25.75,2.75,,1003.78,0,29984.4,,0,0,,0,0,boundary
185,25.75,3.25,,1003.1,0,24566.9,,0,0,,0,0,boundary
186,25.75,3.75,,1002.43,0,19243.8,,0,0,,0,0,boundary
187,25.75,4.25,,1001.81,0,14259.6,,0,0,,0,0,boundary
188,25.75,4.75,,1001.29,0,10182.5,,0,0,,0,0,boundary
189,25.75,5.25,,1000.84,0,6641.66,,0,0,,0,0,boundary
190,25.75,5.75,,1001.12,0,8809.02,,0,0,,0,0,boundary
191,25.75,6.25,,1001.02,0,8001.75,,0,0,,0,0,boundary
192,25.75,6.75,,1000.92,0,7262.71,,0,0,,0,0,boundary
193,25.75,7.25,,1000,0,0,,0,0,,0,0,boundary
194,25.75,7.75,,1000,0,0,,0,0,,0,0,boundary
195,25.75,8.25,,1000,0,0,,0,0,,0,0,boundary
196,25.75,8.75,,1000,0,0,,0,0,,0,0,boundary
197,25.75,9.25,,1000,0,0,,0,0,,0,0,boundary
198,25.75,9.75,,1000,0,0,,0,0,,0,0,boundary
199,26.25,0.25,,1007,0,56106.9,,0,0,,0,0,boundary
200,26.25,0.75,,1006.51,0,52119.6,,0,0,,0,0,boundary
201,26.25,1.25,,1005.94,0,47420.4,,0,0,,0,0,boundary
202,26.25,1.75,,1005.25,0,41843.1,,0,0,,0,0,boundary
203,26.25,2.25,,1004.49,0,35733.6,,0,0,,0,0,boundary
204,26.25,2.75,,1003.73,0,29604.2,,0,0,,0,0,boundary
205,26.25,3.25,,1002.96,0,23445.3,,0,0,,0,0,boundary
206,26.25,3.75,,1002.2,0,17395.6,,0,0,,0,0,boundary
207,26.25,4.25,,1001.56,0,12307.7,,0,0,,0,0,boundary
208,26.25,4.75,,1001.09,0,8613.09,,0,0,,0,0,boundary
209,26.25,5.25,,1000.69,0,5435.12,,0,0,,0,0,boundary
210,26.25,5.75,,1000.26,0,2075.91,,0,0,,0,0,boundary
211,26.25,6.25,,1000.88,0,6945.87,,0,0,,0,0,boundary
212,26.25,6.75,,1000.8,0,6283.35,,0,0,,0,0,boundary
213,26.25,7.25,,1000.74,0,5815.74,,0,0,,0,0,boundary
214,26.25,7.75,,1000,0,0,,0,0,,0,0,boundary
215,26.25,8.25,,1000,0,0,,0,0,,0,0,boundary
216,26.25,8.75,,1000,0,0,,0,0,,0,0,boundary
217,26.25,9.25,,1000,0,0,,0,0,,0,0,boundary
218,26.25,9.75,,1000,0,0,,0,0,,0,0,boundary
219,0.214051,1.87536,,1001.82,1021.74,14351.7,,0.214516,2.52564,,-73.4916,6.24165,fluid
220,0.286034,2.92242,,1000.61,-377.142,4810.71,,-0.116563,1.03744,,-16.6308,11.6651,fluid
221,0.358279,3.01752,,1000.57,-28.8339,4485.82,,-0.00804122,0.553413,,-10.5915,11.8739,fluid
222,0.459094,2.88075,,1000.61,340.244,4801.27,,0.162737,0.0760942,,-10.3946,12.4947,fluid
223,0.509787,2.81834,,1000.63,537.319,4972.45,,0.27949,-0.223175,,-10.4349,12.8562,fluid
224,0.466285,2.24123,,1001.15,239.083,9032.36,,0.113459,-1.72405,,-23.5061,12.1456,fluid
225,0.334036,1.99191,,1001.58,-255.998,12474.8,,-0.0802947,-2.38725,,-41.1017,12.098,fluid
226,7.13112,3.10972,,1001.13,-132.204,8881.74,,-0.986286,0.678022,,-2.9105,9.95459,fluid
227,0.607624,2.4125,,1000.91,-46.6136,7130.56,,-0.0255529,1.70506,,-14.9467,10.2917,fluid
228,0.827397,2.04661,,1001.4,633.891,11007.9,,0.548741,1.91779,,-16.4342,9.15858,fluid
229,1.01799,1.74276,,1002.05,873.349,16159.9,,0.897566,2.05781,,-16.9891,9.45106,fluid
230,1.57187,1.53227,,1002.36,185.963,18648.8,,0.235324,-0.3306,,-12.7097,9.24495,fluid
231,1.23351,1.9887,,1001.43,493.002,11248.5,,0.620474,0.746698,,-12.142,9.12128,fluid
232,1.53096,1.96175,,1001.43,344.788,11244.9,,0.512489,0.359221,,-10.0947,9.01049,fluid
233,0.532241,1.57883,,1002.56,731.328,20261.4,,0.393754,1.95967,,-39.7522,9.07686,fluid
234,1.70167,2.01187,,1001.32,285.655,10431.5,,0.496695,0.566775,,-8.40493,9.72203,fluid
235,0.764058,-0.0179904,,1004.93,-683.811,39276.9,,-0.524004,0.777976,,-56.4028,15.8057,fluid
236,0.976352,0.275252,,1004.42,-808.19,35112.8,,-0.773025,0.830503,,-36.0669,14.6009,fluid
237,0.757803,0.886684,,1004.08,-531.998,32442.8,,-0.428469,1.96027,,-44.3038,16.8616,fluid
238,0.411933,0.643651,,1004.61,-419.962,36672.3,,-0.158336,0.909602,,-92.1537,15.5716,fluid
239,1.25911,0.391511,,1004.08,-716.849,32395.6,,-0.84745,0.317461,,-22.6562,13.2484,fluid
240,0.820627,2.40577,,1000.87,-215.479,6848.88,,-0.155327,2.4276,,-11.1678,10.2728,fluid
241,1.38148,2.51609,,1000.72,80.7242,5696.68,,0.126181,0.44867,,-5.36373,13.0647,fluid
242,1.08008,2.66442,,1000.64,708.6,5042.53,,0.760905,-0.223139,,-6.82568,13.9038,fluid
243,1.72598,2.47726,,1000.77,300.708,6028.78,,0.541769,-0.0905738,,-5.47264,13.8696,fluid
244,2.68314,1.15464,,1002.99,-30.9927,23643.5,,-0.11377,0.216057,,-9.67633,9.94638,fluid
245,4.69185,2.22325,,1001.42,46.7296,11222.3,,0.136784,-0.324103,,-3.66482,10.5149,fluid
246,4.0928,1.5528,,1002.21,53.2984,17444.3,,0.203221,0.212596,,-6.03165,9.57987,fluid
247,4.40979,1.95133,,1001.67,57.8929,13147,,0.296871,0.00436775,,-4.0994,10.5877,fluid
248,4.57374,2.26618,,1001.36,39.7371,10723.1,,0.103203,-0.233509,,-3.61131,10.4897,fluid
249,3.83229,2.45302,,1001.03,24.1682,8076.46,,0.104862,0.354031,,-3.01361,10.0481,fluid
250,4.88801,2.03623,,1001.66,11.4631,13081.4,,0.0811712,0.520514,,-3.92567,10.6419,fluid
251,1.70036,-0.0573552,,1004.2,-512.053,33393.9,,-0.86399,0.351466,,-21.305,14.2415,fluid
252,2.03694,0.102057,,1003.97,-498.541,31495.1,,-0.954916,0.358722,,-15.2987,14.1375,fluid
253,2.00496,0.396576,,1003.8,-524.244,30152.7,,-1.09494,0.917699,,-15.5517,14.7298,fluid
254,1.11279,0.910153,,1003.78,-429.608,29973.4,,-0.481011,1.48767,,-23.9604,14.7013,fluid
255,2.29621,0.359334,,1003.81,-426.584,30235.5,,-0.91441,0.24348,,-12.123,13.0684,fluid
256,1.66776,0.599567,,1003.74,-491.865,29660.4,,-0.808125,0.800012,,-15.6579,13.7121,fluid
257,0.935855,1.52873,,1002.63,706.242,20825.8,,0.643835,2.27274,,-22.0361,10.6824,fluid
258,1.9167,2.23832,,1001,161.417,7883.11,,0.348055,0.215715,,-5.64483,11.791,fluid
259,4.69929,1.76849,,1001.95,43.6938,15359.3,,0.182193,0.136611,,-4.81309,10.3835,fluid
260,4.21549,2.91522,,1000.88,-109.682,6896.41,,-0.418827,0.523048,,-2.63219,12.3693,fluid
261,5.54893,1.69769,,1002.23,25.5698,17653.3,,0.100494,0.113808,,-4.75106,10.9049,fluid
262,1.3944,2.15938,,1001.11,284.303,8757.45,,0.407525,-0.508462,,-9.07731,11.2648,fluid
263,5.84562,1.95577,,1002.02,4.00013,15910.8,,-0.137326,0.295017,,-4.31289,11.8372,fluid
264,5.62049,2.11809,,1001.79,-17.9746,14115.6,,-0.120057,0.277916,,-3.47427,11.106,fluid
265,5.68039,1.9053,,1002.03,14.5537,16037.4,,-0.0221774,0.300608,,-4.15638,11.8546,fluid
266,6.21446,2.21117,,1001.81,-73.3064,14297.7,,-0.46581,0.129261,,-4.18477,11.8558,fluid
267,2.71171,-0.0381953,,1004.11,-359.85,32641.2,,-0.911007,0.277965,,-12.466,13.0788,fluid
268,3.06244,0.281756,,1003.9,-316.311,30957.7,,-0.964163,0.344046,,-10.3275,12.2298,fluid
269,3.39153,0.460993,,1003.81,-239.994,30228.8,,-0.860688,0.343578,,-9.30764,11.5583,fluid
270,2.91919,0.475846,,1003.76,-296.091,29824.9,,-0.870371,0.10513,,-10.5954,12.2173,fluid
271,1.31858,2.59396,,1000.67,-355.043,5277.87,,-0.461182,1.19388,,-4.6502,13.3072,fluid
272,2.34052,0.636507,,1003.67,-329.019,29102,,-0.837519,0.601872,,-12.1952,13.2125,fluid
273,1.42062,1.01845,,1003.44,-175.389,27317,,-0.230615,1.45533,,-13.8621,14.2084,fluid
274,3.04848,2.29307,,1001.04,213.462,8206.41,,0.668872,-0.217273,,-4.91611,10.8759,fluid
275,2.21862,2.29003,,1000.97,182.198,7616.99,,0.441144,-0.0175024,,-4.56092,11.652,fluid
276,4.1809,2.9267,,1000.86,-123.397,6805.39,,-0.472549,0.547862,,-2.61635,12.4204,fluid
277,3.99209,2.13468,,1001.37,66.8331,10758.1,,0.259598,0.0950451,,-4.26805,10.3281,fluid
278,5.4026,2.63581,,1001.26,-60.4882,9894.02,,-0.304476,0.849093,,-2.8259,9.66493,fluid
279,5.33714,2.94585,,1001.04,-135.551,8208.09,,-0.637998,1.19419,,-3.28158,11.1049,fluid
280,6.38329,2.20512,,1001.83,-48.9257,14413.6,,-0.380764,-0.0475713,,-4.02578,12.0759,fluid
281,5.55362,1.67795,,1002.26,17.9592,17852.7,,0.0828889,0.390924,,-4.78435,10.5239,fluid
282,6.30928,1.06605,,1003.23,-77.5771,25618.3,,-0.403418,0.272071,,-5.91192,9.14439,fluid
283,3.44038,0.0307561,,1004.2,-276.881,33349.2,,-0.864439,0.371962,,-9.28414,12.1303,fluid
284,3.9275,0.251028,,1004.09,-208.354,32513.8,,-0.797545,0.213281,,-8.50341,10.2976,fluid
285,4.37209,0.434279,,1003.96,-150.017,31438.4,,-0.697846,0.111951,,-7.93024,10.5839,fluid
286,3.71713,0.486984,,1003.82,-196.782,30344.2,,-0.747102,0.0159389,,-8.6959,10.9245,fluid
287,1.76767,1.80599,,1001.7,359.521,13443.7,,0.619032,0.539928,,-9.64658,8.06194,fluid
288,2.61919,0.764881,,1003.54,-236.403,28116.8,,-0.637465,0.521609,,-10.0877,12.3984,fluid
289,2.43494,2.60645,,1000.77,32.7857,6081.32,,0.0704998,0.357081,,-4.14188,12.6188,fluid
290,2.06804,2.51628,,1000.77,-47.2886,6068.86,,-0.0755636,0.460931,,-4.47675,13.5008,fluid
291,3.22815,1.81863,,1001.68,116.032,13234.8,,0.332053,-0.0832572,,-5.80744,9.57227,fluid
292,4.79294,2.89514,,1000.98,-68.6874,7694.39,,-0.245246,0.679823,,-3.54014,12.5857,fluid
293,3.77011,2.8406,,1000.8,-100.42,6281.23,,-0.337365,0.604505,,-2.29344,11.8133,fluid
294,6.02144,2.3859,,1001.63,-95.3095,12824.1,,-0.441991,0.0284694,,-3.42069,10.4495,fluid
295,5.69293,2.34397,,1001.59,-66.0168,12534.6,,-0.333754,0.373279,,-2.9279,9.99288,fluid
296,5.937,2.95399,,1001.17,-140.807,9238.86,,-1.02134,0.944496,,-3.07352,9.89213,fluid
297,6.27916,2.78652,,1001.32,-138.046,10363.7,,-0.913696,0.241105,,-3.16463,8.68717,fluid
298,5.0537,1.18303,,1002.89,-37.766,22839.5,,-0.235376,0.490503,,-5.6508,9.23361,fluid
299,4.72325,0.372183,,1004.1,-139.923,32597.9,,-0.690077,-0.014995,,-7.66619,10.2649,fluid
300,4.3454,0.174701,,1004.28,-171.614,34032.2,,-0.726034,0.328728,,-8.19542,9.68075,fluid
301,5.339,0.571459,,1003.94,-116.118,31267.4,,-0.599703,0.0893209,,-6.28642,10.1437,fluid
302,4.11876,0.641049,,1003.67,-137.248,29150.8,,-0.583939,0.198363,,-7.66953,11.0931,fluid
303,2.07888,1.10869,,1003.16,-1.01409,25014.9,,-0.0985784,0.485933,,-11.7235,10.56,fluid
304,2.15047,1.6051,,1002.1,304.229,16618.5,,0.674566,0.775763,,-8.1853,7.93724,fluid
305,2.6007,2.81173,,1000.72,58.2604,5641.19,,0.130513,0.380503,,-4.24861,12.6201,fluid
306,2.74438,2.12556,,1001.2,135.282,9437.51,,0.420811,0.466095,,-5.11324,10.5175,fluid
307,3.32776,2.58305,,1000.85,105.152,6718.71,,0.326547,0.299574,,-4.23005,10.6416,fluid
308,4.28081,2.24107,,1001.32,49.0067,10433.7,,0.152116,-0.157938,,-3.85983,10.8395,fluid
309,4.72506,2.58595,,1001.13,-5.62531,8929.31,,-0.0835172,0.265201,,-3.76159,10.2486,fluid
310,5.20475,3.09953,,1000.94,-113.701,7429.62,,-0.509072,1.14997,,-3.82488,12.1626,fluid
311,5.97692,2.81177,,1001.28,-107.891,10044.9,,-0.904322,0.604338,,-2.95898,8.98744,fluid
312,5.55748,2.69687,,1001.26,-98.0038,9915.27,,-0.623406,1.02061,,-2.63897,9.57483,fluid
313,6.76607,1.99749,,1002.05,-23.7962,16217.7,,-0.0959312,0.385362,,-3.54356,11.3685,fluid
314,6.68846,1.67552,,1002.37,-1.67634,18728.1,,0.020136,0.56477,,-3.93914,9.61776,fluid
315,5.44404,0.346304,,1004.33,-119.866,34402.6,,-0.675397,-0.0150417,,-6.74787,9.72087,fluid
316,6.56185,0.619243,,1004.16,-77.7078,33053.3,,-0.639826,0.31293,,-5.9908,8.9847,fluid
317,5.19363,0.721141,,1003.67,-108.053,29111.4,,-0.636528,0.211884,,-6.36712,10.7957,fluid
318,3.73646,0.826624,,1003.43,-101.076,27210.4,,-0.479267,0.335804,,-7.67967,10.8386,fluid
319,3.15905,0.864657,,1003.39,-126.543,26850.1,,-0.43524,0.457386,,-8.64402,11.0633,fluid
320,2.9176,1.3558,,1002.57,135.782,20311.6,,0.375632,0.665175,,-7.56164,8.43089,fluid
321,3.5183,2.04027,,1001.38,102.761,10850.7,,0.463222,0.656064,,-4.20714,9.80441,fluid
322,2.69969,1.71123,,1001.86,207.789,14682.8,,0.590155,0.450676,,-7.005,9.16199,fluid
323,3.50416,2.5878,,1000.87,36.7456,6850.55,,0.148639,0.43214,,-3.18202,10.4586,fluid
324,3.03688,2.95909,,1000.7,-129.642,5491.79,,-0.39628,0.602351,,-3.6761,12.0586,fluid
325,3.50125,3.0011,,1000.71,-204.444,5557.04,,-0.677827,0.718507,,-2.42556,12.201,fluid
326,4.74106,2.74684,,1001.04,-75.556,8195.18,,-0.308822,0.571175,,-3.67293,11.5256,fluid
327,7.1542,1.89399,,1002.26,-18.106,17858.7,,-0.0728937,0.596135,,-3.59163,11.0366,fluid
328,5.69577,3.26883,,1000.95,-229.12,7474.33,,-1.20031,1.34255,,-3.09192,12.0639,fluid
329,5.99756,3.11251,,1001.08,-202.956,8529.09,,-1.2325,1.11311,,-2.81383,11.1468,fluid
330,4.39466,3.39509,,1000.81,-4.33785,6388.96,,-0.0668297,0.59455,,-2.26563,11.5347,fluid
331,5.00417,0.234596,,1004.37,-122.272,34753.7,,-0.6064,0.300222,,-7.26143,8.97413,fluid
332,6.23963,0.643815,,1004.03,-98.6149,31993.4,,-0.602013,0.210123,,-5.87304,9.44097,fluid
333,5.99774,0.756546,,1003.76,-108.676,29851.9,,-0.714302,0.127533,,-6.073,9.89423,fluid
334,4.75121,0.755737,,1003.55,-105.985,28140.1,,-0.538943,0.0637739,,-6.66532,10.1662,fluid
335,5.74671,0.867765,,1003.52,-113.041,27918,,-0.793485,0.0353285,,-6.2903,9.94305,fluid
336,4.58064,1.03917,,1003.08,-51.4348,24389.7,,-0.298423,0.217197,,-6.09576,9.56894,fluid
337,3.59857,1.25561,,1002.73,16.5476,21607.9,,-0.00535758,0.0607173,,-7.07134,9.15228,fluid
338,3.51214,1.7118,,1001.88,120.873,14832.2,,0.470933,0.372202,,-5.38308,8.92171,fluid
339,4.07645,1.52959,,1002.25,56.739,17742.6,,0.199319,0.289466,,-6.22566,9.29782,fluid
340,4.2841,1.88483,,1001.73,62.4391,13652.6,,0.323921,0.559951,,-4.7527,9.96524,fluid
341,4.14259,2.70085,,1000.95,-97.783,7482.39,,-0.426892,0.503578,,-2.8012,11.156,fluid
342,4.94687,2.63939,,1001.14,-20.7217,8964.22,,-0.0819481,0.51751,,-3.03972,10.3333,fluid
343,5.29657,2.38457,,1001.42,-39.6372,11219.8,,-0.155522,0.574442,,-2.80515,9.49483,fluid
344,5.43444,3.39029,,1000.86,-178.022,6742.82,,-0.889474,1.35246,,-3.61176,12.2442,fluid
345,7.76048,3.22924,,1001.08,-159.543,8532.37,,-1.31817,0.673466,,-2.69687,10.5864,fluid
346,8.51586,1.00862,,1003.53,-71.035,28011,,-0.406186,0.161939,,-5.21756,9.11283,fluid
347,5.73263,0.290663,,1004.52,-97.6392,35972.3,,-0.57279,0.269726,,-6.37327,8.98993,fluid
348,7.39003,0.742813,,1004,-84.8921,31740.8,,-0.517317,0.350507,,-5.58006,8.21105,fluid
349,7.27204,0.914584,,1003.63,-75.3584,28802.1,,-0.518899,0.397069,,-5.27053,9.17198,fluid
350,7.05871,1.00204,,1003.44,-72.2503,27274.4,,-0.595189,0.309521,,-5.18075,9.49892,fluid
351,4.31986,1.26028,,1002.7,-7.78376,21373.1,,-0.00112563,0.170261,,-6.55395,8.92674,fluid
352,5.21919,1.64301,,1002.22,22.1292,17525.1,,0.128416,0.489962,,-4.71829,9.53239,fluid
353,5.37378,1.19263,,1002.92,-49.3101,23102,,-0.291408,0.419033,,-5.59654,8.92106,fluid
354,4.75258,1.6336,,1002.14,31.9925,16890,,0.208766,0.308911,,-4.94516,9.32921,fluid
355,5.07464,1.88311,,1001.88,14.6262,14828.2,,0.132992,0.6198,,-4.0661,10.7857,fluid
356,5.73344,1.62755,,1002.36,11.6019,18634.4,,0.0796945,0.446886,,-4.76766,10.1721,fluid
357,6.20674,1.65859,,1002.37,1.18173,18703,,-0.135452,0.348016,,-5.30821,10.0238,fluid
358,6.23801,2.00615,,1002.01,-25.6485,15872.5,,-0.249656,0.319155,,-4.79119,11.7945,fluid
359,6.68469,2.15782,,1001.89,-37.0778,14919.1,,-0.364522,0.0800031,,-3.4497,11.8644,fluid
360,6.56588,3.18,,1001.07,-219.181,8445.6,,-1.326,0.896708,,-3.24661,12.1104,fluid
361,6.58007,2.93365,,1001.21,-159.238,9552.37,,-1.15618,0.436162,,-3.31219,8.9005,fluid
362,9.44977,3.81242,,1000.55,-51.662,4359.4,,-0.481927,0.262918,,-2.6835,9.93666,fluid
363,6.15946,0.274985,,1004.73,-102.953,37636.8,,-0.669125,-0.00218652,,-6.0944,8.70506,fluid
364,8.3986,1.04673,,1003.46,-69.7906,27445.1,,-0.614321,0.183246,,-5.44982,9.31906,fluid
365,8.45272,1.45484,,1003.01,-53.4932,23865.1,,-0.520555,0.166316,,-4.66688,11.457,fluid
366,5.91491,1.28758,,1002.84,-62.8904,22456.6,,-0.310942,0.182398,,-5.2225,8.71495,fluid
367,6.79803,0.991389,,1003.43,-89.9771,27169.1,,-0.634617,0.0342975,,-5.75487,8.81667,fluid
368,7.75393,1.65101,,1002.7,-28.3296,21351,,-0.24188,0.282604,,-4.38333,11.1895,fluid
369,6.66126,1.20282,,1003.03,-62.8505,23970.4,,-0.412746,0.109164,,-5.56674,9.53852,fluid
370,6.41576,1.59354,,1002.45,-6.03181,19335,,0.0980222,0.272548,,-4.70047,9.32743,fluid
371,6.78049,2.47429,,1001.6,-144.352,12583.2,,-0.765574,-0.186673,,-2.59268,10.2752,fluid
372,7.29425,3.20104,,1001.08,-198.821,8497.22,,-1.396,0.830713,,-2.57819,11.136,fluid
373,7.02879,3.12584,,1001.11,-181.269,8768.45,,-1.26387,0.770992,,-2.99281,10.6285,fluid
374,11.1207,4.06188,,1000.65,-10.2953,5124.5,,-0.119098,0.423142,,-2.38699,9.87092,fluid
375,11.6262,4.01771,,1000.85,18.4563,6686.25,,0.154111,0.433993,,-2.45449,9.72185,fluid
376,8.5994,3.52755,,1000.82,-139.71,6483.04,,-1.08573,0.307414,,-3.48556,10.9545,fluid
377,7.57884,3.32982,,1001.01,-193.661,7941.82,,-1.28902,0.809586,,-2.63524,12.602,fluid
378,7.4584,3.32685,,1001.01,-182.078,7949.02,,-1.14816,0.833139,,-2.91061,12.826,fluid
379,7.88195,0.8187,,1003.85,-78.2483,30552.2,,-0.705576,0.276845,,-5.8026,7.95131,fluid
380,8.02834,1.09336,,1003.36,-72.0542,26628.7,,-0.389405,0.149474,,-5.05755,9.42762,fluid
381,8.68499,0.889119,,1003.75,-78.7841,29755.7,,-0.504643,0.0460002,,-4.98286,8.40447,fluid
382,8.15604,1.64128,,1002.81,-42.492,22247.7,,-0.351795,0.215342,,-4.26072,11.5582,fluid
383,8.77391,1.41839,,1003.12,-62.644,24696.1,,-0.573642,0.214981,,-4.78393,11.0473,fluid
384,7.7096,2.03267,,1002.39,-30.8666,18880.3,,-0.42059,0.542274,,-3.83154,11.1542,fluid
385,7.34515,1.86093,,1002.37,-3.98091,18725,,-0.133307,0.454929,,-3.57743,10.7614,fluid
386,7.24806,2.25763,,1001.96,-91.1163,15438,,-0.585067,0.680492,,-3.13405,11.8994,fluid
387,7.462,1.33069,,1002.96,-48.6767,23452.8,,-0.442175,0.221754,,-5.51954,10.3174,fluid
388,6.75214,3.14072,,1001.1,-210.767,8623.77,,-1.34597,0.824021,,-3.04758,11.4316,fluid
389,6.9842,1.72408,,1002.37,-4.60695,18742,,0.0513486,0.358054,,-3.71231,9.79951,fluid
390,9.89409,3.98283,,1000.49,-65.8032,3841.54,,-0.655124,0.386277,,-2.22515,9.82116,fluid
391,6.1276,3.47589,,1000.91,-186.658,7168.08,,-0.990808,1.17894,,-2.17882,13.1858,fluid
392,9.74304,3.92923,,1000.5,-66.9992,3938.77,,-0.645836,0.365236,,-2.44863,9.86305,fluid
393,13.2046,4.42929,,1000.77,25.6808,6084.86,,0.409498,0.29189,,-1.19513,8.76302,fluid
394,11.9426,4.20024,,1000.79,-33.8087,6205.19,,-0.261178,0.482889,,-2.53113,10.725,fluid
395,6.6704,0.379856,,1004.71,-87.6749,37525.2,,-0.704199,0.11784,,-6.21086,7.75201,fluid
396,7.82394,1.24724,,1003.12,-65.6188,24747.4,,-0.435806,0.158566,,-5.51047,10.3848,fluid
397,9.01745,1.34082,,1003.26,-70.4152,25800.6,,-0.588526,0.328111,,-4.3733,10.0535,fluid
398,7.15555,3.05798,,1001.16,-149.488,9149.7,,-1.27522,0.626361,,-2.49148,8.95324,fluid
399,8.57621,1.96429,,1002.74,-62.6597,21674.9,,-0.727713,0.349902,,-4.21523,11.2198,fluid
400,7.84298,2.5388,,1001.91,-109.365,15066.4,,-1.06475,0.545033,,-3.8723,9.96898,fluid
401,7.80747,2.25548,,1002.23,-62.4993,17606.9,,-0.656878,0.611892,,-3.86417,11.1812,fluid
402,8.27179,3.21991,,1001.13,-122.764,8908.67,,-1.05662,0.380969,,-2.93107,9.67168,fluid
403,7.83137,3.28297,,1001.05,-178.304,8253.62,,-1.32263,0.694062,,-2.6501,11.5243,fluid
404,8.67114,3.65499,,1000.71,-145.096,5596.21,,-1.17746,0.234173,,-3.24665,11.7402,fluid
405,10.0334,4.01354,,1000.49,-54.6508,3874.31,,-0.553824,0.394238,,-2.00801,9.74513,fluid
406,8.59427,3.44715,,1000.9,-135.319,7083.3,,-1.11574,0.288048,,-3.26788,10.208,fluid
407,11.21,4.05836,,1000.68,-7.00261,5378.53,,-0.0937795,0.422682,,-2.28214,9.84346,fluid
408,11.3303,4.1553,,1000.65,-14.7309,5097.08,,-0.126429,0.448175,,-2.09101,10.6172,fluid
409,12.0568,4.27003,,1000.77,-31.0605,6042.71,,-0.231494,0.420209,,-2.63364,10.9049,fluid
410,10.3374,4.1135,,1000.46,-6.49446,3637.24,,-0.133001,0.390376,,-2.28933,9.72993,fluid
411,7.08928,0.316011,,1004.97,-101.242,39621,,-0.937686,0.0720477,,-6.40052,8.41381,fluid
412,9.01111,0.844095,,1003.9,-73.5363,30970.9,,-0.643532,0.0740418,,-4.43807,8.97997,fluid
413,8.22571,2.10449,,1002.53,-67.2961,19971.1,,-0.617708,0.55835,,-3.8485,10.915,fluid
414,8.58019,2.44145,,1002.33,-83.4922,18438.2,,-0.746017,0.348132,,-3.56497,10.1641,fluid
415,9.25524,1.66239,,1003.1,-63.8045,24533.6,,-0.739029,0.231939,,-5.18839,10.9797,fluid
416,8.30105,2.67337,,1001.89,-116.9,14901.9,,-0.957238,0.439802,,-3.27266,8.88775,fluid
417,9.17345,3.5941,,1000.75,-122.767,5901.18,,-0.640923,0.215782,,-2.35063,9.62705,fluid
418,9.02855,3.68608,,1000.65,-97.5157,5131.17,,-0.806236,0.142026,,-2.51179,10.5565,fluid
419,8.10549,3.25174,,1001.09,-186.199,8568.54,,-1.3643,0.588108,,-2.9775,10.6343,fluid
420,8.70893,3.64829,,1000.71,-138.397,5596.55,,-1.12926,0.222591,,-3.02479,11.5204,fluid
421,10.3705,4.03541,,1000.53,-41.3753,4158.91,,-0.411594,0.413165,,-2.18383,9.59718,fluid
422,12.5812,4.35398,,1000.77,5.98181,6037.65,,-0.0610768,0.205852,,-2.75774,9.1014,fluid
423,13.6655,3.64062,,1002.01,57.9696,15890.7,,0.679633,0.459588,,-1.69666,9.89928,fluid
424,13.5578,3.37868,,1002.41,40.0749,19069.6,,0.617382,0.0804754,,-2.4665,9.63721,fluid
425,12.6708,4.45784,,1000.7,-3.65242,5540.38,,-0.0776384,0.204052,,-2.61617,9.24129,fluid
426,14.2303,3.62521,,1002.2,54.7183,17386,,0.41047,0.113069,,-1.93115,10.0185,fluid
427,7.54228,0.332942,,1004.98,-100.55,39631.7,,-0.805174,0.0250491,,-6.34305,7.79565,fluid
428,9.33767,1.02097,,1003.76,-75.6386,29817.5,,-0.698431,0.0748266,,-4.25778,9.14433,fluid
429,9.52425,1.81024,,1003.09,-74.1805,24469.4,,-0.656319,0.4374,,-4.93367,11.4094,fluid
430,8.91071,2.9413,,1001.73,-83.7807,13632.1,,-0.871715,0.494462,,-2.99381,8.17544,fluid
431,9.90873,1.71991,,1003.28,-74.4702,26013.4,,-0.847179,0.681351,,-3.55381,9.24314,fluid
432,9.27377,2.94587,,1001.92,-47.469,15151.4,,-0.675154,0.639009,,-2.52562,8.43576,fluid
433,9.69561,3.04816,,1001.97,3.31525,15515.2,,-0.586707,0.865309,,-3.37062,8.58142,fluid
434,9.98152,2.37635,,1002.86,-121.042,22637.6,,-1.08563,0.733547,,-4.62975,12.0737,fluid
435,9.67144,3.63118,,1000.81,-153.988,6350.85,,-0.46174,1.17447,,-2.63263,8.28917,fluid
436,10.592,4.06084,,1000.53,-51.4953,4161.18,,-0.485881,0.43997,,-2.2414,9.75733,fluid
437,9.36407,3.86264,,1000.51,-99.7872,3990.82,,-0.96029,0.189428,,-2.50975,10.1661,fluid
438,11.6828,4.11234,,1000.79,-10.1515,6184.45,,-0.0105691,0.501925,,-2.49829,10.4806,fluid
439,11.9803,4.20501,,1000.79,-32.0694,6245.18,,-0.253436,0.469879,,-2.50055,10.6691,fluid
440,11.2488,4.19747,,1000.59,-25.6331,4668.9,,-0.26355,0.451167,,-2.1275,10.772,fluid
441,13.1596,4.52625,,1000.7,0.176585,5502.41,,0.182643,0.372444,,-1.18594,9.16777,fluid
442,12.5454,3.78197,,1001.4,31.7338,11007.3,,0.70221,0.497961,,-2.37179,7.98911,fluid
443,7.9469,0.3697,,1004.88,-99.7458,38884.3,,-1.03609,-0.00791203,,-5.93051,7.54704,fluid
444,8.93209,1.92154,,1002.87,-71.3073,22747.9,,-0.69881,0.29373,,-4.39481,11.8194,fluid
445,9.32446,2.5267,,1002.6,-59.9899,20569.5,,-0.988526,0.72611,,-3.10845,10.1806,fluid
446,8.964,2.41709,,1002.55,-77.6509,20181.5,,-0.862744,0.601209,,-3.45882,10.2897,fluid
447,10.2985,1.60702,,1003.59,-74.3216,28461.2,,-1.21777,0.607475,,-4.13263,8.66442,fluid
448,10.182,2.73696,,1002.65,-84.9054,20933.8,,-0.959545,1.15372,,-3.3624,10.7024,fluid
449,11.0493,1.75482,,1003.71,-99.539,29457.6,,-1.32555,1.12877,,-3.18754,9.60937,fluid
450,11.8905,1.76155,,1003.83,-137.183,30404.6,,-1.72679,0.885966,,-3.82314,10.1444,fluid
451,10.6624,2.23411,,1003.09,-111.673,24501.5,,-1.00864,0.979766,,-3.85934,11.1011,fluid
452,9.93466,2.92306,,1002.32,-2.97414,18348.3,,-0.71557,1.07428,,-3.42297,9.3426,fluid
453,11.017,2.99209,,1002.54,38.2563,20102,,-0.0501166,1.31433,,-1.73778,10.1207,fluid
454,9.95422,3.90025,,1000.57,-104.642,4507.99,,-0.684817,0.501718,,-2.04638,9.49641,fluid
455,12.4059,4.07593,,1000.99,36.9104,7753.74,,0.282853,0.241205,,-2.45511,8.75526,fluid
456,10.9297,4.04031,,1000.61,-38.198,4810.76,,-0.325194,0.459117,,-2.32239,9.88663,fluid
457,13.1854,4.08257,,1001.12,18.9896,8831.17,,0.614334,0.191872,,-1.39168,8.43584,fluid
458,13.938,4.04691,,1001.47,43.414,11614.5,,0.490475,0.823042,,-1.29528,8.51889,fluid
459,8.33293,0.407371,,1004.76,-93.7849,37897.2,,-1.00744,0.13264,,-6.27594,7.30254,fluid
460,9.59149,1.41536,,1003.42,-81.5489,27139.6,,-0.648895,0.550694,,-3.72416,8.97595,fluid
461,10.1937,1.96738,,1003.16,-133.075,25016.4,,-0.989737,1.22656,,-3.62808,10.3728,fluid
462,9.6749,2.15663,,1002.94,-110.223,23266.1,,-1.10749,0.723086,,-4.93685,12.6093,fluid
463,11.4827,1.15556,,1004.5,-133.58,35797.8,,-1.62308,0.479412,,-4.87173,10.6601,fluid
464,11.194,1.45221,,1004.11,-130.344,32693.3,,-1.54969,0.930223,,-3.64734,10.2645,fluid
465,12.0527,1.51061,,1004.1,-156.966,32555.4,,-1.9119,0.774773,,-3.91446,10.7154,fluid
466,12.7704,1.5536,,1004.04,-153.752,32061.2,,-1.93266,0.314889,,-4.22298,11.2355,fluid
467,12.4123,1.5229,,1004.08,-146.903,32378,,-1.87176,0.358673,,-4.03834,11.1692,fluid
468,11.3439,2.28503,,1003.24,-105.783,25637.8,,-1.33056,1.21159,,-2.73494,10.6969,fluid
469,11.4989,1.86916,,1003.68,-104.646,29193.8,,-1.64333,0.833203,,-3.3343,9.77217,fluid
470,10.531,2.52578,,1002.88,-126.1,22813.6,,-0.938871,1.02119,,-3.60514,11.8507,fluid
471,10.2236,3.37294,,1001.56,38.411,12312.7,,-0.0460265,1.01205,,-2.53368,8.30735,fluid
472,11.9458,3.72421,,1001.3,31.8055,10206.3,,0.776947,0.5761,,-2.38612,7.90229,fluid
473,11.9011,3.38276,,1001.87,69.2712,14750.1,,0.547079,0.689649,,-2.59302,8.04345,fluid
474,11.4034,3.60536,,1001.35,56.2264,10642.7,,0.785638,0.868588,,-2.85944,7.18348,fluid
475,8.71638,0.295063,,1004.97,-99.8568,39615.6,,-1.00572,0.0237251,,-6.75825,7.56412,fluid
476,9.78485,1.00982,,1004.02,-70.4752,31928.1,,-0.757446,0.13535,,-4.63317,9.94482,fluid
477,10.3833,0.927362,,1004.48,-78.4131,35628.7,,-1.13255,0.499329,,-4.08573,10.1407,fluid
478,10.5783,1.53354,,1003.82,-95.6815,30286.9,,-1.16744,0.769156,,-3.94812,9.35359,fluid
479,11.6995,1.14181,,1004.52,-136.014,35997.4,,-1.70558,0.500872,,-4.27835,10.6522,fluid
480,12.6456,1.19267,,1004.43,-148.762,35227.8,,-1.96264,0.332251,,-4.16551,10.2528,fluid
481,13.1595,1.58056,,1004.02,-152.526,31913.5,,-1.89279,0.406075,,-4.22447,10.6974,fluid
482,13.7269,1.60581,,1004.03,-113.289,32014.6,,-1.81014,0.246743,,-2.88665,11.2257,fluid
483,13.431,1.63218,,1003.99,-123.296,31696.7,,-1.81156,0.223087,,-3.19045,11.1486,fluid
484,13.0991,2.01417,,1003.7,-104.405,29395.3,,-1.46115,0.44469,,-3.24285,10.5043,fluid
485,12.8664,2.16846,,1003.6,-90.4993,28546.7,,-1.20467,0.544155,,-4.15506,10.4305,fluid
486,11.534,2.56719,,1003,-109.63,23774.7,,-0.779241,1.27364,,-2.46618,11.6596,fluid
487,10.7088,3.07234,,1002.37,16.187,18734.5,,-0.370991,0.96706,,-3.51146,9.38255,fluid
488,10.7766,3.91175,,1000.71,-144.821,5620.42,,-0.111835,0.962695,,-2.70385,8.9451,fluid
489,10.8468,3.33192,,1001.87,95.7027,14790.8,,0.179879,1.11141,,-2.35235,8.89561,fluid
490,16.398,5.01366,,1000.69,74.7543,5447.29,,1.2136,0.146887,,-1.98315,9.94816,fluid
491,9.12303,0.327429,,1004.89,-89.5302,38928.8,,-0.894137,-0.00577266,,-6.00393,8.05533,fluid
492,10.0321,0.909725,,1004.3,-70.6511,34195.7,,-0.862219,0.419961,,-3.93198,9.95292,fluid
493,10.7648,1.19731,,1004.32,-109.064,34332,,-1.3737,0.54289,,-4.37115,9.87538,fluid
494,12.0532,1.04801,,1004.64,-144.354,36901.2,,-1.84419,0.535344,,-4.17629,10.4238,fluid
495,13.0448,1.16904,,1004.45,-159.631,35399.7,,-2.08876,0.238683,,-4.00969,9.47283,fluid
496,14.3651,1.71117,,1003.91,-135.293,31070.4,,-1.93632,0.280161,,-4.03314,10.5753,fluid
497,13.9972,1.60039,,1004.04,-117.199,32073.1,,-1.84469,0.246815,,-3.08448,11.1143,fluid
498,15.141,2.31111,,1003.45,-110.478,27370.1,,-1.49268,0.384895,,-2.66007,10.3878,fluid
499,14.461,2.00977,,1003.65,-126.943,28991.5,,-1.51284,0.312789,,-3.22438,10.8655,fluid
500,14.2572,2.1986,,1003.55,-108.286,28150.5,,-1.30419,0.317715,,-3.83163,10.8623,fluid
501,13.9078,2.25462,,1003.55,-94.1755,28193.8,,-1.31481,0.375783,,-2.88006,10.8926,fluid
502,12.488,2.01616,,1003.66,-112.337,29022.1,,-1.3919,0.36815,,-3.54796,10.83,fluid
503,10.8746,2.0674,,1003.31,-94.8768,26214.5,,-0.98435,1.08651,,-3.15864,10.1077,fluid
504,11.1339,2.70652,,1002.88,-48.0182,22787.3,,-0.892533,1.27877,,-2.13684,11.0444,fluid
505,12.1051,2.69738,,1002.96,-18.1663,23444.5,,-0.251817,0.229901,,-2.3472,10.2398,fluid
506,19.6732,5.60191,,1000.76,57.8108,5953.18,,1.36311,-0.219426,,-1.44756,8.38815,fluid
507,9.45727,0.422944,,1004.76,-74.0578,37880.7,,-0.923237,0.248443,,-5.05905,8.88411,fluid
508,10.8107,0.695129,,1004.92,-110.085,39148.2,,-1.33191,0.307477,,-4.94367,9.86655,fluid
509,11.1635,0.881346,,1004.79,-126.228,38128.1,,-1.41398,0.424765,,-4.56995,9.67797,fluid
510,12.421,0.881153,,1004.85,-133.625,38623.6,,-1.85074,0.176529,,-3.95141,9.43853,fluid
511,13.4442,1.14437,,1004.51,-151.392,35846.4,,-1.99974,0.181242,,-3.95295,9.0857,fluid
512,14.6313,1.54432,,1004.09,-125.195,32474.2,,-1.8612,0.249572,,-3.48519,10.0904,fluid
513,13.8014,1.13417,,1004.56,-137.066,36263,,-1.99532,0.355843,,-3.84594,9.66786,fluid
514,15.4333,2.17757,,1003.56,-126.015,28229.3,,-1.64816,0.226856,,-3.30928,9.81451,fluid
515,14.9008,1.853,,1003.78,-120.624,29992.4,,-1.86842,0.165832,,-2.54544,11.134,fluid
516,15.0445,2.60349,,1003.27,-95.9664,25946.1,,-1.40354,0.981639,,-1.54514,12.091,fluid
517,14.8082,2.39282,,1003.4,-71.2708,26950.2,,-1.25271,0.495805,,-2.38372,10.1564,fluid
518,13.6356,2.11763,,1003.65,-86.0571,28972,,-1.374,0.242806,,-2.7084,10.7931,fluid
519,12.1879,2.13691,,1003.52,-93.3294,27894.6,,-1.6043,0.748999,,-2.44579,11.3335,fluid
520,11.8416,2.14872,,1003.44,-108.906,27248.2,,-1.1314,1.04061,,-3.32298,11.0774,fluid
521,12.0356,2.86155,,1002.75,-14.0826,21722.8,,0.0506599,1.05291,,-2.65415,10.014,fluid
522,14.6931,3.19132,,1002.77,34.9368,21929.3,,1.13397,0.197791,,-1.89563,10.0424,fluid
523,9.82313,0.31562,,1004.99,-94.2222,39792.7,,-1.00534,-0.0185073,,-5.51419,9.63581,fluid
524,11.5006,0.528521,,1005.28,-114.774,42125.6,,-1.51247,0.312112,,-4.55735,9.8162,fluid
525,12.0372,0.633069,,1005.19,-131.116,41384.2,,-1.603,0.269805,,-4.82262,9.01521,fluid
526,14.8949,1.39186,,1004.29,-119.512,34087.7,,-1.85064,0.156387,,-3.18367,9.55176,fluid
527,14.1873,1.17933,,1004.53,-128.203,36054.2,,-1.9496,0.299777,,-3.32882,9.90585,fluid
528,15.9538,1.8054,,1003.92,-113.399,31143,,-1.82153,0.00792825,,-3.35431,9.96921,fluid
529,15.2672,1.75712,,1003.89,-124.551,30921.2,,-1.98808,0.174164,,-2.95213,10.919,fluid
530,16.5931,2.47979,,1003.38,-70.997,26836.3,,-1.35965,0.164645,,-2.40977,9.58712,fluid
531,15.9604,2.16665,,1003.61,-93.4544,28669.6,,-1.47077,0.20816,,-2.5464,9.97638,fluid
532,16.1932,2.62137,,1003.26,-63.7181,25875.7,,-1.23307,0.203048,,-2.64084,9.62375,fluid
533,16.2169,3.18431,,1002.91,-48.3216,23049.2,,-0.346084,0.623271,,-2.56677,11.9304,fluid
534,14.4078,2.76286,,1003.19,-18.665,25272.9,,-0.479988,0.857191,,-2.90302,11.0589,fluid
535,14.2868,3.19595,,1002.78,21.4261,21981.6,,0.132437,0.834681,,-2.0145,10.2017,fluid
536,11.7192,3.12529,,1002.3,44.506,18180.4,,-0.0281397,0.843284,,-3.50974,8.90177,fluid
537,14.4968,3.77468,,1002.03,27.0547,16023.5,,0.626091,0.496954,,-2.70498,9.75556,fluid
538,13.1408,4.90814,,1000.53,-23.3371,4185.72,,-0.26114,0.399054,,-1.0726,9.54603,fluid
539,10.2231,0.322031,,1005.1,-98.1043,40638.2,,-0.946609,0.0596126,,-5.09998,9.90084,fluid
540,12.4218,0.29396,,1005.74,-114.243,45799.6,,-1.59441,0.077853,,-4.7662,9.28407,fluid
541,12.8074,0.680411,,1005.16,-130.671,41109.2,,-1.90343,0.19739,,-4.21819,9.39464,fluid
542,15.5989,1.67519,,1004.01,-127.587,31866.5,,-1.89695,0.207288,,-3.16528,10.5818,fluid
543,15.2277,1.31943,,1004.41,-116.736,35086.1,,-1.89123,0.271889,,-3.24996,9.87531,fluid
544,16.2211,1.71135,,1004.04,-110.074,32112.6,,-1.85487,0.018175,,-2.97714,10.0099,fluid
545,16.4021,2.10579,,1003.7,-92.7643,29328.4,,-1.80909,0.154567,,-2.49335,10.3281,fluid
546,17.0831,2.26336,,1003.6,-92.9109,28521.4,,-1.66269,0.0804912,,-3.03111,10.1433,fluid
547,16.9972,2.59437,,1003.32,-76.5993,26327.2,,-1.4606,0.216968,,-2.50306,9.94786,fluid
548,17.1228,2.83691,,1003.15,-50.9096,24978.4,,-0.982918,0.223155,,-2.35928,10.3812,fluid
549,15.7685,2.37493,,1003.45,-80.1472,27376.9,,-1.28732,0.213518,,-2.886,10.1586,fluid
550,15.6181,2.59444,,1003.31,-42.4498,26243.8,,-1.07019,0.0804098,,-3.88327,11.0272,fluid
551,13.4047,2.33866,,1003.52,-78.2016,27926.8,,-0.915701,0.565938,,-2.70989,11.3446,fluid
552,14.8302,3.66759,,1002.23,34.589,17584.5,,0.371649,0.638523,,-2.58263,8.66723,fluid
553,14.1314,4.34868,,1001.16,31.1673,9162.92,,0.236009,0.351895,,-0.564588,9.28375,fluid
554,17.0579,5.14391,,1000.74,53.8005,5823.43,,1.05595,0.451605,,-1.52056,10.4291,fluid
555,10.6484,0.240351,,1005.36,-84.2899,42723.2,,-0.985654,-0.000391995,,-4.50722,10.3517,fluid
556,13.7013,0.449286,,1005.66,-118.243,45204.2,,-1.64389,0.041181,,-3.83512,9.4023,fluid
557,13.2347,0.735482,,1005.09,-142.212,40599.5,,-1.83476,0.116493,,-3.7265,9.24084,fluid
558,16.0098,1.15051,,1004.71,-123.852,37468.1,,-1.91683,-0.015785,,-3.55703,9.55501,fluid
559,15.7227,1.33127,,1004.44,-121.628,35276,,-1.99904,0.162714,,-3.17322,9.96274,fluid
560,17.3481,2.13718,,1003.72,-96.7376,29501.8,,-1.69439,0.0344318,,-2.73854,10.2788,fluid
561,16.6925,1.98833,,1003.82,-103.124,30287.1,,-1.82254,0.114245,,-2.71864,10.3061,fluid
562,17.8708,2.40642,,1003.5,-90.3617,27757.3,,-1.54945,0.0394092,,-2.6624,9.61124,fluid
563,17.8496,2.73769,,1003.22,-78.112,25518.8,,-1.37828,0.115689,,-2.52864,10.0426,fluid
564,17.4669,2.60623,,1003.33,-77.8711,26375.5,,-1.35123,0.14155,,-2.66231,10.0747,fluid
565,18.13,3.58621,,1002.7,-31.3337,21354.5,,-0.140674,0.319787,,-1.99493,11.2345,fluid
566,16.5403,2.79084,,1003.13,-66.5121,24824.6,,-0.955772,0.443229,,-1.81734,9.77974,fluid
567,14.6225,2.61902,,1003.27,-34.9988,25931.7,,-0.792661,0.849744,,-2.17794,11.0799,fluid
568,13.8872,3.50231,,1002.31,59.2639,18274.1,,0.574819,0.892494,,-1.41081,9.55212,fluid
569,15.0881,4.49471,,1001.15,-40.4492,9065.01,,0.142807,0.636343,,-2.80289,11.3601,fluid
570,12.5721,4.61017,,1000.63,-22.5715,4948.39,,-0.208223,0.208364,,-3.25704,10.1025,fluid
571,11.2132,0.222742,,1005.6,-85.4351,44690.7,,-1.1996,0.134261,,-4.57056,10.3229,fluid
572,14.3623,0.626692,,1005.43,-132.108,43343.8,,-1.87147,0.0665187,,-3.90843,9.02804,fluid
573,13.9374,0.780431,,1005.11,-140.265,40687.1,,-1.88379,0.161988,,-3.98099,8.7755,fluid
574,16.2879,1.09964,,1004.8,-119.912,38211.2,,-1.96132,-0.0204078,,-3.37093,9.53508,fluid
575,16.4821,1.5344,,1004.25,-112.888,33799.5,,-1.8293,-0.0112787,,-2.94659,10.1258,fluid
576,17.3927,1.71876,,1004.13,-107.095,32786.6,,-1.87006,0.0940376,,-2.82554,10.0139,fluid
577,16.9632,1.79262,,1004.01,-115.965,31868.1,,-1.78535,0.227761,,-3.12534,10.2158,fluid
578,18.0495,2.00382,,1003.92,-91.2308,31104.1,,-1.69915,0.0147248,,-2.47696,10.0816,fluid
579,17.6577,2.04062,,1003.83,-92.3676,30411.5,,-1.61279,-0.00600004,,-2.49272,10.1952,fluid
580,18.7785,3.21512,,1002.97,-49.3357,23492.5,,-0.993664,-0.00422357,,-1.34138,10.5036,fluid
581,18.2148,3.18932,,1002.91,-67.9428,23058.7,,-1.02254,0.232089,,-1.89737,10.8792,fluid
582,17.8537,3.22961,,1002.88,-67.7078,22833.1,,-0.876814,0.354381,,-2.08358,10.9445,fluid
583,16.4472,3.11106,,1002.94,-61.9061,23265,,-0.320013,0.599125,,-1.76162,11.249,fluid
584,14.0208,2.75888,,1003.23,-2.4279,25565.4,,-0.688103,0.480928,,-2.97297,9.97807,fluid
585,14.8022,4.1,,1001.64,85.3226,12944.9,,0.69586,0.42483,,-2.67818,10.8242,fluid
586,12.8689,4.61326,,1000.63,6.61156,4939.34,,0.140154,0.264089,,-2.04043,9.54843,fluid
587,11.8991,0.231227,,1005.75,-107.64,45914.1,,-1.43878,0.0471194,,-4.77618,9.59726,fluid
588,14.8326,0.6091,,1005.52,-125.191,44056.2,,-1.91328,0.0792322,,-3.98366,9.23024,fluid
589,14.5597,1.089,,1004.69,-127.769,37327.7,,-1.9533,0.226168,,-3.39954,9.12715,fluid
590,17.0279,1.41101,,1004.44,-115.175,35278.9,,-1.89719,0.0325809,,-3.19385,9.85215,fluid
591,16.7103,1.20273,,1004.68,-113.041,37261.8,,-1.91812,0.0808443,,-3.28702,9.65245,fluid
592,18.3219,1.69859,,1004.3,-91.5862,34161.4,,-1.81261,0.0245753,,-2.91097,10.3833,fluid
593,17.8739,1.65501,,1004.27,-95.7933,33928.2,,-1.84246,0.0720151,,-2.69437,10.3658,fluid
594,19.0264,1.97849,,1004.11,-93.855,32646.7,,-1.68424,-0.16594,,-2.87536,9.88752,fluid
595,18.5582,2.00664,,1004,-90.879,31755.7,,-1.70001,-0.0985428,,-2.81694,9.85588,fluid
596,18.6359,2.32365,,1003.69,-86.6214,29265.7,,-1.60535,-0.0210681,,-2.38136,9.68875,fluid
597,18.273,2.41819,,1003.53,-91.9207,27997,,-1.50678,0.143622,,-2.65651,9.54893,fluid
598,18.2597,2.81685,,1003.18,-74.7338,25213.2,,-1.30268,0.0741367,,-2.28431,10.2484,fluid
599,17.5951,3.06725,,1003,-34.6798,23755.1,,-0.984767,0.129592,,-2.65622,10.3003,fluid
600,15.6327,2.94934,,1003.09,40.1558,24448,,-0.0283463,-0.0370862,,-3.90859,10.7498,fluid
601,12.7044,3.11488,,1002.64,52.7834,20898.2,,-0.124596,0.552125,,-2.43835,8.79437,fluid
602,13.8276,4.70497,,1000.76,-61.2598,5954.38,,-0.514249,0.701511,,-0.817703,10.3926,fluid
603,12.8749,0.260924,,1005.86,-108.113,46805.5,,-1.47382,0.103205,,-4.52376,9.49122,fluid
604,15.4695,0.965666,,1004.96,-121.683,39508.9,,-1.96029,0.113575,,-3.30117,9.05737,fluid
605,15.1106,0.82911,,1005.16,-124.67,41127.3,,-1.92736,0.0827219,,-3.64204,9.17548,fluid
606,17.3799,1.29627,,1004.62,-113.738,36737.4,,-1.93452,-0.0314702,,-3.1281,9.49471,fluid
607,17.0387,0.910629,,1005.13,-104.799,40890.8,,-1.84914,-0.00369857,,-3.28316,9.43911,fluid
608,18.4903,1.33618,,1004.74,-96.3196,37695.7,,-1.84363,-0.0413958,,-3.08616,10.0112,fluid
609,18.1696,1.22441,,1004.82,-102.208,38387.1,,-1.84352,-0.0262398,,-3.12901,9.58862,fluid
610,19.403,1.77394,,1004.38,-85.0227,34855.9,,-1.64143,-0.191191,,-3.17436,10.084,fluid
611,18.7731,1.66977,,1004.4,-90.3305,35006.7,,-1.79747,-0.0715575,,-2.79225,10.4613,fluid
612,19.0977,2.33414,,1003.77,-86.492,29900.4,,-1.51506,0.00686126,,-2.79036,9.82954,fluid
613,19.1952,2.68045,,1003.47,-62.9758,27516.8,,-1.33698,-0.0467997,,-2.45978,10.8128,fluid
614,20.6132,3.60462,,1002.76,4.92932,21835.6,,-0.205111,-0.455643,,-3.25696,10.833,fluid
615,19.3063,3.08376,,1003.13,-56.6547,24817.9,,-1.30337,-0.353797,,-3.09238,9.89038,fluid
616,19.2719,3.80367,,1002.59,-16.73,20501.8,,-0.307979,-0.241961,,-2.64572,10.3754,fluid
617,14.5939,4.81959,,1000.89,21.951,6984.87,,0.284918,0.23827,,-0.275641,11.6885,fluid
618,13.5792,4.3978,,1000.9,28.0966,7117.24,,0.432154,0.565527,,-1.15989,8.71606,fluid
619,13.4339,0.249244,,1005.99,-98.6989,47837,,-1.6776,0.119118,,-4.63151,9.7701,fluid
620,16.1716,0.562624,,1005.68,-110.141,45329,,-1.79106,-0.000954774,,-3.77096,8.9885,fluid
621,15.7545,0.655472,,1005.5,-120.737,43903,,-1.98944,0.0524294,,-3.8997,9.22713,fluid
622,17.7835,1.32287,,1004.64,-107.542,36931.2,,-1.84462,0.0718314,,-3.24871,9.54803,fluid
623,17.5349,0.855129,,1005.25,-102.493,41827,,-1.81804,-0.0202955,,-3.3935,9.5743,fluid
624,18.8641,1.17547,,1004.97,-94.0008,39559.8,,-1.78825,-0.0251157,,-3.31139,9.7438,fluid
625,19.16,1.46941,,1004.68,-89.7593,37234.7,,-1.83429,-0.0817119,,-2.98651,10.5777,fluid
626,20.1222,2.0936,,1004.12,-86.8635,32767.8,,-1.56175,-0.288391,,-3.07102,9.34484,fluid
627,19.8566,1.81396,,1004.4,-77.8494,34985.1,,-1.67596,-0.32206,,-2.68799,9.88577,fluid
628,20.3094,2.39454,,1003.84,-65.5015,30510.6,,-1.23452,-0.252463,,-3.03586,10.2456,fluid
629,19.5892,2.06592,,1004.1,-84.171,32597.5,,-1.59779,-0.223735,,-2.88118,9.93991,fluid
630,19.4625,2.4121,,1003.75,-73.0172,29776.3,,-1.46108,-0.135044,,-2.65482,10.3795,fluid
631,20.5231,3.35323,,1002.99,-42.7857,23676.9,,-0.728173,-0.447024,,-3.69571,9.15739,fluid
632,20.9436,4.78272,,1001.6,-48.6734,12619.7,,0.478859,0.115097,,0.0466352,9.34405,fluid
633,15.8786,4.09236,,1002.01,97.0809,15844.4,,0.342205,0.377835,,-2.30048,7.97218,fluid
634,12.5038,3.40802,,1002.04,54.6263,16111.2,,0.630287,0.403953,,-3.04813,8.34807,fluid
635,14.1677,0.23536,,1006.14,-96.0752,49090.3,,-1.69295,0.0944561,,-4.11504,9.86365,fluid
636,16.853,0.377234,,1006,-88.3224,47960.9,,-1.53077,-0.0195727,,-3.55553,8.96772,fluid
637,16.5851,0.752051,,1005.36,-107.945,42766.5,,-1.82708,0.0215602,,-3.58349,9.07989,fluid
638,18.4415,0.830444,,1005.34,-96.1548,42619.4,,-1.75485,-0.0545385,,-3.49461,9.82623,fluid
639,17.909,0.859648,,1005.27,-102.599,41989.2,,-1.86372,-0.0430728,,-3.17765,9.70763,fluid
640,19.254,1.11351,,1005.08,-91.8591,40470.3,,-1.68187,-0.0906223,,-3.12879,9.84011,fluid
641,19.6325,1.39082,,1004.83,-81.5686,38473.5,,-1.70806,-0.0994096,,-3.16785,10.4158,fluid
642,21.0859,2.33204,,1003.98,-57.2802,31594.1,,-1.15848,-0.241209,,-2.22995,10.3078,fluid
643,20.4878,1.88625,,1004.38,-83.7079,34821.1,,-1.47561,-0.388694,,-3.31772,9.19265,fluid
644,20.6988,2.75182,,1003.54,-44.9247,28055.6,,-1.16336,-0.713599,,-2.31936,11.1497,fluid
645,19.8579,2.42218,,1003.78,-70.9361,30032.3,,-1.33951,-0.121216,,-2.717,10.2436,fluid
646,20.1062,3.06826,,1003.23,-59.7833,25603.5,,-0.993032,-0.381252,,-1.62181,10.2641,fluid
647,20.9194,4.35554,,1001.98,-34.883,15652.2,,-0.0426141,-0.187396,,-0.359969,9.30964,fluid
648,20.9003,3.86876,,1002.46,23.2079,19452,,-0.0746769,-0.804276,,-2.15655,9.68874,fluid
649,21.4283,4.747,,1001.67,110.217,13170.1,,1.18295,-1.04039,,-2.39831,9.59212,fluid
650,15.3469,4.41356,,1001.26,-34.6845,9921.21,,0.200525,0.947095,,-2.0652,9.29208,fluid
651,14.7754,0.246105,,1006.19,-98.733,49502,,-1.64879,0.0053933,,-3.96638,9.19177,fluid
652,17.7707,0.37379,,1005.98,-76.4566,47783.1,,-1.39405,-0.0181932,,-3.3124,9.30207,fluid
653,17.2334,0.555476,,1005.7,-93.9547,45529.4,,-1.77637,-0.00796386,,-3.57385,9.15994,fluid
654,19.4223,0.718444,,1005.54,-81.5611,44205.8,,-1.56344,-0.0719599,,-3.40991,9.85541,fluid
655,18.807,0.820564,,1005.38,-91.0799,42902.8,,-1.66056,-0.0827043,,-3.05594,9.80614,fluid
656,19.9869,1.18549,,1005.1,-75.3896,40665.9,,-1.52288,-0.0533932,,-3.18962,9.85082,fluid
657,20.1382,1.52243,,1004.76,-65.8566,37893.3,,-1.56499,-0.242369,,-2.82382,10.7605,fluid
658,21.3901,1.69333,,1004.73,-57.8848,37654.6,,-1.26565,-0.513026,,-2.68034,9.81381,fluid
659,20.8228,1.70409,,1004.63,-70.0994,36844.7,,-1.37807,-0.527222,,-3.088,9.38532,fluid
660,20.6278,2.24223,,1004.02,-72.6931,31901.2,,-1.26721,-0.234839,,-2.62868,9.8609,fluid
661,21.5079,3.87883,,1002.48,11.7838,19599.2,,-0.0360773,-1.04416,,-1.12096,10.3508,fluid
662,20.3324,2.69558,,1003.57,-42.4885,28339,,-1.15199,-0.509283,,-2.518,11.4378,fluid
663,21.6587,4.2495,,1002.17,-48.8677,17151.6,,-0.260484,-0.769851,,-0.85958,9.06564,fluid
664,22.2199,5.38531,,1000.9,33.8895,7067.95,,1.04286,-1.40093,,-0.093674,7.3936,fluid
665,16.5968,3.68045,,1002.71,16.1716,21438.7,,0.0530681,0.589695,,-2.99853,10.3721,fluid
666,17.0075,3.77467,,1002.63,11.0504,20764.4,,0.21663,0.766892,,-1.76407,10.5718,fluid
667,15.3189,0.303026,,1006.13,-100.854,48970,,-1.71044,0.00312509,,-4.05996,9.16476,fluid
668,18.6922,0.376051,,1005.96,-68.1548,47581.2,,-1.27348,-0.0275836,,-3.09353,9.51622,fluid
669,18.163,0.50699,,1005.78,-84.152,46138.7,,-1.59096,-0.0177525,,-3.50024,9.48346,fluid
670,20.0685,0.660184,,1005.66,-74.0753,45149.6,,-1.38098,-0.0985857,,-3.2978,10.0028,fluid
671,19.6947,0.920537,,1005.34,-85.2042,42579.1,,-1.60213,-0.110637,,-3.00505,9.93736,fluid
672,20.8154,1.15275,,1005.26,-59.6783,41930.4,,-1.39252,-0.108392,,-2.92591,9.98243,fluid
673,20.5104,1.35675,,1005,-60.8747,39794.2,,-1.54464,-0.186822,,-2.8716,10.7249,fluid
674,22.4835,2.18015,,1004.26,-39.3691,33855.6,,-0.870635,-0.557941,,-1.75896,9.73195,fluid
675,21.0212,1.97959,,1004.34,-76.0135,34518.8,,-1.3016,-0.362734,,-2.57927,9.16208,fluid
676,21.5128,2.4288,,1003.92,-36.6888,31109.8,,-1.08943,-0.539039,,-2.13797,11.4009,fluid
677,21.1415,4.12567,,1002.2,-23.1476,17342.9,,0.103346,-0.548992,,-0.733024,9.67754,fluid
678,20.7214,3.34364,,1002.98,-43.311,23611.8,,-0.679766,-0.228954,,-2.37592,8.89127,fluid
679,21.7807,3.77958,,1002.62,21.2388,20740.6,,-0.137684,-1.21027,,-0.44075,10.6694,fluid
680,20.9974,3.18073,,1003.12,-50.6754,24713.7,,-0.881389,-0.556539,,-2.29874,8.61044,fluid
681,21.8398,4.76356,,1001.71,83.4631,13490.1,,1.18334,-0.713694,,-1.12229,9.80023,fluid
682,18.2108,5.2496,,1000.78,35.4348,6110.39,,0.870088,0.400488,,-1.26801,9.69622,fluid
683,15.8128,0.244607,,1006.25,-88.2813,49985.2,,-1.56984,0.00149922,,-3.88231,9.08471,fluid
684,19.6934,0.398036,,1005.93,-62.3998,47344.4,,-1.12486,-0.0483526,,-2.85008,9.73926,fluid
685,19.1243,0.457197,,1005.85,-70.779,46721.5,,-1.46549,-0.02459,,-3.6954,9.62207,fluid
686,20.5739,0.692166,,1005.68,-66.204,45346.5,,-1.27526,-0.107825,,-2.98855,10.1628,fluid
687,20.3324,0.991015,,1005.35,-70.7266,42697,,-1.4843,-0.128012,,-3.03982,9.88581,fluid
688,21.7758,1.38618,,1005.15,-44.0365,41008.9,,-1.16495,-0.332403,,-3.07818,10.3206,fluid
689,21.1828,1.38712,,1005.06,-50.8478,40285.9,,-1.27592,-0.349811,,-3.09855,10.3402,fluid
690,22.6744,1.73858,,1004.86,-27.6287,38692.7,,-0.84374,-0.589993,,-2.53375,10.2541,fluid
691,22.2589,1.97277,,1004.5,-47.2254,35793.2,,-0.758289,-0.673312,,-2.11014,9.27278,fluid
692,21.4908,2.11318,,1004.26,-57.7644,33851.9,,-1.14187,-0.42438,,-2.46937,9.70785,fluid
693,21.3611,3.15879,,1003.15,-48.9085,24952.3,,-0.774159,-0.557405,,-2.12363,8.97454,fluid
694,21.3201,3.46229,,1002.86,-33.7649,22604.6,,-0.46433,-0.242338,,-1.6795,10.0752,fluid
695,21.5236,5.71092,,1000.7,18.1868,5472.6,,0.845578,-0.744816,,-0.610893,8.29377,fluid
696,21.8938,5.6287,,1000.69,29.5662,5433.44,,0.863525,-1.07777,,0.498778,7.55735,fluid
697,17.5121,4.24102,,1002.08,67.661,16414.5,,0.731963,0.511896,,-2.2318,9.12634,fluid
698,20.2245,5.68889,,1000.84,21.9218,6594.87,,0.893546,-0.192212,,0.181713,9.79837,fluid
699,16.4674,0.22638,,1006.28,-82.2659,50208,,-1.58293,0.0375724,,-3.87097,8.94118,fluid
700,20.9292,0.429572,,1005.97,-50.0607,47715,,-0.970039,-0.0540622,,-3.04233,10.1713,fluid
701,20.4069,0.339302,,1006.02,-52.5213,48127.1,,-0.957648,-0.0506339,,-3.00885,9.94367,fluid
702,21.4112,0.652219,,1005.81,-51.1893,46426.7,,-1.05532,-0.105357,,-3.19669,10.3076,fluid
703,21.0121,0.866283,,1005.57,-59.0205,44449.6,,-1.261,-0.150769,,-2.75592,10.1652,fluid
704,21.9392,1.11593,,1005.45,-41.5497,43502.2,,-0.970065,-0.247169,,-2.41687,10.2721,fluid
705,21.8317,1.76882,,1004.7,-51.4344,37423.5,,-1.03827,-0.47859,,-2.68354,9.58827,fluid
706,22.9856,2.01141,,1004.54,-26.4436,36116.8,,-0.779972,-0.621549,,-2.12098,9.67443,fluid
707,22.7396,2.46176,,1003.91,-36.4209,31067.3,,-0.889941,-0.882367,,-2.29784,10.0868,fluid
708,21.9258,2.17354,,1004.23,-54.3749,33602.1,,-1.14828,-0.510717,,-2.86925,9.93872,fluid
709,21.0568,2.56061,,1003.74,-35.7269,29721.6,,-1.06839,-0.593356,,-2.23085,11.8343,fluid
710,21.7982,3.38221,,1002.98,-23.4056,23618.7,,-0.40399,-0.477515,,-1.28259,10.5117,fluid
711,22.2771,3.58427,,1002.83,-4.1501,22427.6,,-0.372667,-0.932938,,-1.7441,11.3571,fluid
712,21.4076,5.69566,,1000.74,16.2179,5790.83,,0.978048,-0.608749,,-1.45211,8.36124,fluid
713,20.6036,4.36145,,1002.03,11.5461,16032.1,,0.584151,-0.407336,,-2.4509,8.84558,fluid
714,15.9516,3.25869,,1002.89,-28.475,22848.7,,-0.0301788,0.686869,,-3.19419,12.7326,fluid
715,17.3854,0.168066,,1006.32,-70.3713,50578.8,,-1.32987,0.041385,,-3.76579,9.33919,fluid
716,21.8233,0.426274,,1006.05,-39.0714,48387.8,,-0.802399,-0.0745533,,-2.75322,10.3346,fluid
717,21.4463,0.278796,,1006.15,-36.965,49173.8,,-0.742013,-0.0605931,,-2.95338,10.2302,fluid
718,21.8397,0.833348,,1005.7,-42.7394,45534.4,,-0.961763,-0.17482,,-2.74103,10.2787,fluid
719,21.387,1.09231,,1005.4,-50.545,43077.5,,-1.15562,-0.196282,,-2.84061,9.98881,fluid
720,23.2959,1.25558,,1005.52,-21.2805,44036.5,,-0.367294,-0.359226,,-2.1672,10.2837,fluid
721,22.283,1.52014,,1005.06,-33.5753,40358.8,,-0.902467,-0.451656,,-2.67976,10.0943,fluid
722,23.5339,2.31094,,1004.16,-17.212,33092.8,,-0.484138,-0.734452,,-2.18495,9.18773,fluid
723,23.0587,2.33323,,1004.1,-28.821,32562.6,,-0.574345,-0.624049,,-1.67993,9.64637,fluid
724,22.3686,2.74227,,1003.59,-37.2512,28459.7,,-0.659885,-0.789287,,-1.78429,9.81075,fluid
725,22.0138,2.93074,,1003.41,-37.1082,27008.9,,-0.911621,-0.907175,,-2.77046,9.49312,fluid
726,21.5622,2.93846,,1003.38,-37.842,26807,,-0.915542,-0.941059,,-2.29291,8.91897,fluid
727,22.1609,3.15186,,1003.2,-35.531,25375.8,,-0.546876,-0.633774,,-1.73689,10.7316,fluid
728,22.123,4.55272,,1001.99,7.0741,15677.8,,0.306469,-0.555421,,-0.253759,9.25198,fluid
729,19.7738,3.39677,,1002.93,-67.0559,23192.4,,-0.721987,-0.0442845,,-1.45679,10.1051,fluid
730,19.996,5.37767,,1001,53.5537,7893.38,,1.46941,-0.284455,,-0.810881,7.68767,fluid
731,18.313,0.123457,,1006.32,-57.1261,50553.5,,-1.17892,0.029976,,-3.26527,9.80074,fluid
732,22.8662,0.4869,,1006.14,-22.7513,49100.6,,-0.546387,-0.0890358,,-2.55545,10.3337,fluid
733,22.5173,0.257879,,1006.29,-24.4189,50275.3,,-0.533453,-0.0476517,,-2.75764,10.3082,fluid
734,22.2595,0.597797,,1005.96,-35.8352,47618.7,,-0.72652,-0.110299,,-2.76857,10.3637,fluid
735,22.3804,1.11628,,1005.51,-32.7975,43995.2,,-0.872734,-0.293563,,-2.82003,10.2935,fluid
736,23.6338,1.48622,,1005.32,-9.54029,42443.9,,-0.439294,-0.416736,,-2.05253,10.0733,fluid
737,22.741,1.34493,,1005.33,-28.1401,42525.6,,-0.664448,-0.426943,,-2.57093,10.0687,fluid
738,23.4088,1.87729,,1004.78,-16.3136,38043,,-0.523487,-0.547096,,-1.8729,9.89442,fluid
739,23.8644,2.95101,,1003.31,-22.6885,26230.7,,-0.509836,-0.692718,,-1.15129,9.9455,fluid
740,23.2465,3.21245,,1003,-29.3074,23736,,-0.509419,-0.869964,,-1.62751,9.89682,fluid
741,22.0516,2.4265,,1003.94,-45.0089,31298.1,,-1.02681,-0.692722,,-2.60266,10.8901,fluid
742,22.8667,2.83288,,1003.46,-32.5548,27442.7,,-0.608721,-0.813113,,-1.95337,10.0049,fluid
743,22.9265,3.67165,,1002.65,-9.62704,20947.3,,-0.211552,-0.946986,,-2.50519,10.4357,fluid
744,22.3679,4.15096,,1002.38,-3.78252,18799,,0.147419,-1.0997,,-2.17274,9.12744,fluid
745,16.9161,4.22425,,1002.04,83.6051,16123.8,,0.790032,0.615828,,-1.72984,8.91771,fluid
746,19.2828,4.73368,,1001.61,67.8904,12677.1,,0.987992,-0.0529012,,-1.73515,7.87126,fluid
747,19.234,0.100854,,1006.3,-43.4448,50364.8,,-0.958106,-0.00362843,,-2.92639,9.66102,fluid
748,23.8899,0.657376,,1006.19,-11.2703,49493.7,,-0.35161,-0.135155,,-2.38474,10.4223,fluid
749,23.4337,0.40354,,1006.31,-14.8699,50501.8,,-0.309612,-0.0825079,,-2.44791,10.331,fluid
750,22.6028,0.81277,,1005.82,-29.1872,46507.1,,-0.66536,-0.178302,,-2.81152,10.3449,fluid
751,22.9999,0.972573,,1005.74,-25.6971,45846.5,,-0.63979,-0.23498,,-2.63715,10.4093,fluid
752,24.3583,1.70327,,1005.13,4.45182,40901.7,,-0.0752313,-0.362753,,-1.62175,9.92023,fluid
753,23.107,1.5928,,1005.11,-23.3142,40706.5,,-0.561451,-0.375878,,-2.14067,9.99935,fluid
754,24.1153,2.48292,,1003.96,-28.0151,31421.2,,-0.473469,-0.980934,,-1.42471,10.5459,fluid
755,24.2278,2.77053,,1003.58,-27.5501,28385.7,,-0.273411,-0.692762,,-1.22605,10.218,fluid
756,23.3019,2.79938,,1003.48,-27.9378,27630.5,,-0.548132,-0.906491,,-1.9981,10.1687,fluid
757,23.5741,4.25422,,1001.93,-10.0891,15246.5,,0.0645044,-0.961976,,-0.759533,11.2779,fluid
758,24.363,4.14039,,1001.92,-37.2956,15176.3,,-0.158987,-1.13207,,-0.936273,10.1553,fluid
759,22.8057,3.18866,,1003.1,-30.8783,24526,,-0.492746,-0.785187,,-1.66597,10.2333,fluid
760,22.5251,3.34202,,1003.01,-7.00433,23840.4,,-0.434313,-1.03801,,-1.85513,11.2135,fluid
761,21.648,5.71963,,1000.66,20.7924,5223.99,,0.828755,-0.853569,,0.0475404,8.21616,fluid
762,23.2125,5.50536,,1000.76,13.0333,6010.95,,1.00869,-0.294221,,1.75435,9.78427,fluid
763,20.0421,0.101804,,1006.27,-37.2772,50181.6,,-0.98108,-0.00716206,,-3.16544,9.8031,fluid
764,24.1215,0.360299,,1006.49,-8.89646,51966.3,,-0.100577,-0.0663739,,-2.19111,10.4039,fluid
765,23.636,0.970823,,1005.86,-14.1057,46815.9,,-0.373583,-0.224506,,-2.13883,10.4304,fluid
766,23.3058,0.723972,,1006.01,-20.236,48064.1,,-0.458553,-0.153679,,-2.63017,10.3707,fluid
767,23.9803,1.21174,,1005.69,-7.50199,45430.5,,-0.224939,-0.315077,,-2.36056,10.3155,fluid
768,24.7019,2.58599,,1003.88,-14.8777,30798.4,,-0.124798,-0.621884,,-2.00958,10.6106,fluid
769,23.8859,2.11469,,1004.48,-8.57658,35636.3,,-0.378494,-0.504942,,-2.40663,9.34303,fluid
770,24.2663,2.17354,,1004.42,-14.136,35146.1,,-0.193643,-0.689043,,-0.969757,9.6382,fluid
771,24.0961,3.3748,,1002.81,4.76644,22269.6,,-0.31526,-0.865172,,-0.985872,9.63142,fluid
772,23.5746,2.60867,,1003.75,-21.4042,29727.1,,-0.433464,-0.779085,,-1.4856,10.1066,fluid
773,23.669,4.01653,,1002.11,-62.7552,16651.8,,-0.105798,-0.51487,,-0.517191,10.868,fluid
774,24.6802,4.10946,,1001.99,-18.1798,15706.1,,0.100576,-1.12581,,-0.778407,9.41561,fluid
775,23.5546,3.76059,,1002.38,-5.93738,18820.5,,0.0713991,-0.883812,,-1.11807,9.83827,fluid
776,22.6298,5.19846,,1001.11,46.542,8729.02,,0.923961,-1.14452,,-0.161105,7.27963,fluid
777,20.9764,5.62828,,1000.9,32.5372,7096.45,,1.02952,-0.395293,,-2.47632,9.115,fluid
778,18.6169,3.38309,,1002.84,-42.8227,22483.7,,-0.753138,0.0759297,,-2.04932,11.3794,fluid
779,20.947,0.058021,,1006.34,-28.8593,50701.1,,-0.778629,-0.0155594,,-2.9269,10.0326,fluid
780,23.7528,0.126899,,1006.62,-9.16315,53030.1,,-0.259616,-0.0248309,,-2.56684,10.3246,fluid
781,24.7535,1.95796,,1004.79,2.67864,38148.9,,-0.102911,-0.413822,,-2.12699,9.3796,fluid
782,24.3584,1.29426,,1005.66,-0.321824,45177.9,,-0.120574,-0.360275,,-1.9406,10.2174,fluid
783,23.9639,1.74118,,1005.03,-6.25472,40112.5,,-0.273283,-0.585598,,-2.22317,9.45101,fluid
784,26.6168,-208.218,,1034.29,0,298471,,2.06292,-64.646,,0,0,fluid
785,24.8082,4.72009,,1001.44,-19.1181,11369.2,,-0.19712,-0.796939,,-0.693065,11.3772,fluid
786,23.6353,3.2186,,1002.97,-16.6076,23490.1,,-0.473977,-0.937168,,-1.14482,10.1388,fluid
787,23.785,5.30133,,1000.95,-5.94645,7476.15,,0.714233,-0.408703,,1.49667,12.7358,fluid
788,24.6362,3.4094,,1002.86,3.4988,22626.5,,-0.0152459,-0.947592,,-0.62205,10.88,fluid
789,24.1297,3.7331,,1002.38,2.89329,18825.1,,0.186753,-0.894177,,-0.31449,9.76899,fluid
790,24.236,4.95787,,1001.22,-1.39573,9634.94,,0.357045,-0.674457,,1.12868,12.0152,fluid
791,22.484,4.15612,,1002.37,-2.79092,18771.5,,0.00244401,-1.03342,,-1.08612,9.21515,fluid
792,22.7279,5.58657,,1000.71,50.5707,5589.33,,1.32786,-0.914857,,0.205684,8.95048,fluid
793,19.5962,4.75664,,1001.65,68.336,13033.7,,1.00738,-0.0862825,,-1.17787,7.85601,fluid
794,22.6353,5.65796,,1000.66,51.4205,5221.84,,1.34957,-1.01998,,0.0274053,9.25793,fluid
795,22.0466,0.0575656,,1006.41,-23.475,51260.2,,-0.57438,-0.0178151,,-2.84817,10.213,fluid
796,24.25,0.845951,,1006.1,-7.30188,48718.2,,-0.189387,-0.197734,,-2.21345,10.4302,fluid
797,24.8037,2.32093,,1004.26,-9.70661,33831.1,,-0.0206364,-0.435654,,-1.96332,9.66146,fluid
798,24.7889,1.53742,,1005.4,8.59164,43108.2,,-0.057484,-0.332296,,-1.95273,9.85007,fluid
799,24.8332,2.99082,,1003.39,-7.18358,26903.1,,-0.156075,-0.756949,,-0.778782,10.7514,fluid
800,24.4666,3.12842,,1003.17,-1.47483,25137.6,,-0.328084,-1.09688,,-1.32418,10.3353,fluid
801,23.9967,5.14541,,1001.07,-17.1141,8458.8,,0.335688,-0.47429,,1.45476,12.901,fluid
802,24.0492,3.88438,,1002.2,16.3904,17400.8,,-0.0583264,-1.41054,,-0.593343,11.2021,fluid
803,24.7948,4.50176,,1001.61,10.3856,12709.4,,-0.0503097,-1.16805,,-0.922761,9.73508,fluid
804,23.8125,4.81362,,1001.35,36.4599,10606.9,,0.191042,-1.13314,,-0.77047,8.56105,fluid
805,22.9857,4.41436,,1002.07,39.1559,16340.4,,0.268257,-0.985997,,-0.097357,11.0846,fluid
806,23.2207,3.70755,,1002.53,0.502115,19983.6,,-0.0967473,-0.970894,,-1.79856,10.3402,fluid
807,24.4441,4.75363,,1001.39,20.1527,10940.1,,0.0363997,-0.834775,,0.0315924,10.6325,fluid
808,22.6067,4.67324,,1001.86,46.5704,14686.7,,0.484211,-1.11192,,-0.386799,10.2673,fluid
809,18.332,4.20575,,1002.23,42.0441,17613.5,,0.42545,0.517443,,-1.79847,9.32511,fluid
810,18.4166,5.26384,,1000.8,38.1907,6261.21,,0.713051,0.204033,,-0.994883,9.62985,fluid
811,23.0416,0.0948218,,1006.51,-16.2325,52133,,-0.388098,-0.0204464,,-2.4598,10.273,fluid
812,24.7868,0.388917,,1006.6,-2.0167,52812.6,,0.0480543,-0.0833602,,-2.13271,10.4265,fluid
813,17.9307,4.91805,,1001.06,56.067,8343.13,,1.38417,0.75453,,-1.77836,7.68233,fluid
814,15.3588,3.2726,,1002.81,33.2635,22215.3,,0.229154,0.121679,,-2.80962,9.90331,fluid
815,21.2031,5.49968,,1000.93,83.2278,7313.78,,0.969115,-0.564009,,-1.99372,7.25873,fluid
816,20.2735,4.25568,,1002.21,12.2615,17441.1,,0.0503253,-0.838908,,-3.34885,8.57412,fluid
817,17.575,3.64613,,1002.68,-22.2732,21192.9,,-0.28875,0.634011,,-1.62093,10.953,fluid
818,15.9911,4.7538,,1000.87,-14.731,6854.22,,0.882609,0.104554,,-1.91867,9.18164,fluid
819,14.2034,4.73625,,1000.85,-26.1273,6707.28,,-0.17985,0.475466,,-0.15524,10.9246,fluid
820,15.4652,4.694,,1000.94,19.796,7399.87,,0.138153,0.0148867,,-2.42335,11.5742,fluid
821,20.0879,3.66142,,1002.76,14.4685,21830.3,,-0.454801,-0.669821,,-2.05403,10.9874,fluid
822,23.3234,5.37668,,1000.87,18.4247,6852.05,,0.829727,-0.178414,,1.65937,9.43498,fluid
823,27.9894,-6.70219,,966.148,0,-240165,,-1.47818,-14.1387,,0,0,fluid
824,24.1691,4.96615,,1001.21,2.72699,9528.86,,0.318588,-0.665962,,0.904073,11.7052,fluid
825,23.4815,4.88129,,1001.37,51.7051,10758.5,,0.091568,-0.933682,,-1.10035,8.47272,fluid
826,20.4905,5.45149,,1001.05,62.674,8289.48,,0.971958,-0.38838,,-0.455399,9.03239,fluid
827,24.49,0.14489,,1006.76,-0.66996,54153,,-0.13797,-0.034481,,-2.31494,10.3841,fluid
828,24.7772,1.09666,,1005.93,3.17408,47391.2,,0.0586055,-0.219602,,-1.83141,10.2445,fluid
829,18.9951,5.30693,,1000.87,42.6716,6816.28,,0.94706,-0.118675,,-1.80653,9.19437,fluid
830,13.5068,2.94232,,1003.02,7.17086,23949.1,,-0.0302812,0.569525,,-3.20972,9.56051,fluid
831,12.8419,2.61594,,1003.29,-13.0792,26079.5,,-0.458496,0.423348,,-3.62571,11.1405,fluid
832,17.4276,5.02308,,1000.9,55.635,7051.56,,1.12491,0.539244,,-2.16463,9.2747,fluid
833,16.229,3.97752,,1002.35,97.231,18597.3,,0.581331,0.786066,,-2.41971,8.77443,fluid
834,21.7453,4.61459,,1001.86,14.8011,14668.4,,0.257621,-0.378688,,-1.17113,8.80988,fluid
835,16.6823,5.08718,,1000.7,37.912,5500.55,,0.838816,0.350195,,-1.56266,10.3547,fluid
836,19.7542,2.903,,1003.34,-44.3477,26486.6,,-1.11112,-0.547179,,-2.57163,10.0682,fluid
837,15.9888,4.97595,,1000.65,60.6449,5121.87,,1.04875,-0.0199934,,-2.25665,10.3886,fluid
838,17.8022,5.27462,,1000.72,37.4599,5682.73,,0.966713,0.52754,,-2.03888,10.127,fluid
839,15.2033,3.71089,,1002.27,32.9056,17900.6,,0.511392,1.15634,,-0.567481,9.48745,fluid
840,23.0001,5.58046,,1000.71,37.7096,5576.73,,1.27641,-0.582344,,0.902859,9.58087,fluid
841,24.7963,3.69592,,1002.52,7.74718,19907.6,,-0.0325987,-0.889676,,-0.461128,10.4328,fluid
842,22.052,5.74315,,1000.61,25.5793,4797.61,,0.938609,-1.13669,,0.857122,8.48419,fluid
843,24.6773,0.732042,,1006.27,-0.883121,50168.9,,-0.14939,-0.144831,,-2.39087,10.4517,fluid
844,23.0066,4.274,,1002.18,20.684,17248.1,,0.35003,-0.77576,,-0.325439,9.99846,fluid
845,19.3497,5.56092,,1000.74,57.2937,5853.67,,1.30841,-0.188834,,-2.39889,8.75468,fluid
846,18.7747,5.03114,,1001.07,47.0037,8399.68,,1.45663,0.0495386,,-1.92325,7.69946,fluid
847,19.0568,4.22138,,1002.24,8.67427,17675.1,,0.149947,0.25054,,-1.54192,9.94892,fluid
848,19.3596,3.50009,,1002.81,-44.49,22209.7,,-0.603989,-0.220782,,-3.026,9.72324,fluid
849,17.9562,4.20059,,1002.19,52.9285,17328.6,,0.4815,0.293923,,-2.27229,8.92384,fluid
850,20.6351,4.82419,,1001.61,80.6181,12687.1,,1.0368,-0.849918,,-1.74485,10.1658,fluid
851,13.1442,3.63891,,1001.82,44.5058,14327.4,,0.60096,0.644015,,-2.13267,8.02985,fluid
852,18.6661,4.05643,,1002.41,37.5302,19024.7,,0.272283,0.0373935,,-2.17324,9.04254,fluid
853,17.0712,3.28312,,1002.9,-13.264,22928.7,,-0.338048,0.333323,,-2.37851,10.3947,fluid
854,19.726,5.74462,,1000.68,41.9276,5381.89,,1.1272,-0.212959,,-1.00615,9.15563,fluid
855,18.7251,2.76836,,1003.31,-62.5612,26206.9,,-1.30605,-0.00951572,,-1.93367,10.4957,fluid
856,19.6279,4.08476,,1002.4,4.34912,18933.8,,0.224064,-0.258917,,-1.08115,10.5768,fluid
857,16.8813,4.6788,,1001.22,30.7233,9607.72,,1.07165,0.906811,,-1.36804,8.58277,fluid
858,20.0966,4.65481,,1001.83,36.1545,14451.8,,0.475823,-0.51153,,-2.29184,8.86726,fluid
