h/dp :,2
L2norm Pressure,KE,dp,Nparticles
36686.2,2.01441e+07,0.5,480

t,16.77
ID,x,y,,rho,drhodt,pressure,,u,v,,dudt,dvdt,type
0,-1.25,-0.25,,1006.68,0,53487.9,,0,0,,0,0,boundary
1,-0.75,-0.25,,1006.77,0,54186.8,,0,0,,0,0,boundary
2,-0.25,-0.25,,1006.79,0,54392.9,,0,0,,0,0,boundary
3,0.25,-0.25,,1006.77,0,54233.7,,0,0,,0,0,boundary
4,0.75,-0.25,,1006.74,0,53961.3,,0,0,,0,0,boundary
5,1.25,-0.25,,1006.72,0,53835.3,,0,0,,0,0,boundary
6,1.75,-0.25,,1006.69,0,53588.3,,0,0,,0,0,boundary
7,2.25,-0.25,,1006.63,0,53046.3,,0,0,,0,0,boundary
8,2.75,-0.25,,1006.6,0,52862.9,,0,0,,0,0,boundary
9,3.25,-0.25,,1006.6,0,52830.3,,0,0,,0,0,boundary
10,3.75,-0.25,,1006.57,0,52577.7,,0,0,,0,0,boundary
11,4.25,-0.25,,1006.54,0,52364.4,,0,0,,0,0,boundary
12,4.75,-0.25,,1006.54,0,52382.9,,0,0,,0,0,boundary
13,5.25,-0.25,,1006.56,0,52469,,0,0,,0,0,boundary
14,5.75,-0.25,,1006.49,0,51961.9,,0,0,,0,0,boundary
15,6.25,-0.25,,1006.42,0,51383.9,,0,0,,0,0,boundary
16,6.75,-0.25,,1006.4,0,51178.9,,0,0,,0,0,boundary
17,7.25,-0.25,,1006.37,0,50967.8,,0,0,,0,0,boundary
18,7.75,-0.25,,1006.29,0,50299.8,,0,0,,0,0,boundary
19,8.25,-0.25,,1006.22,0,49736,,0,0,,0,0,boundary
20,8.75,-0.25,,1006.18,0,49444.7,,0,0,,0,0,boundary
21,9.25,-0.25,,1006.14,0,49099.6,,0,0,,0,0,boundary
22,9.75,-0.25,,1006.08,0,48600.6,,0,0,,0,0,boundary
23,10.25,-0.25,,1006.02,0,48118.1,,0,0,,0,0,boundary
24,10.75,-0.25,,1005.99,0,47857.4,,0,0,,0,0,boundary
25,11.25,-0.25,,1005.97,0,47731.2,,0,0,,0,0,boundary
26,11.75,-0.25,,1005.93,0,47365.6,,0,0,,0,0,boundary
27,12.25,-0.25,,1005.89,0,47057.4,,0,0,,0,0,boundary
28,12.75,-0.25,,1005.88,0,46931,,0,0,,0,0,boundary
29,13.25,-0.25,,1005.87,0,46851.6,,0,0,,0,0,boundary
30,13.75,-0.25,,1005.83,0,46522.2,,0,0,,0,0,boundary
31,14.25,-0.25,,1005.78,0,46143.4,,0,0,,0,0,boundary
32,14.75,-0.25,,1005.76,0,46000.7,,0,0,,0,0,boundary
33,15.25,-0.25,,1005.75,0,45895.3,,0,0,,0,0,boundary
34,15.75,-0.25,,1005.73,0,45783.8,,0,0,,0,0,boundary
35,16.25,-0.25,,1005.73,0,45763.7,,0,0,,0,0,boundary
36,16.75,-0.25,,1005.7,0,45492.9,,0,0,,0,0,boundary
37,17.25,-0.25,,1005.64,0,45055.6,,0,0,,0,0,boundary
38,17.75,-0.25,,1005.61,0,44761.6,,0,0,,0,0,boundary
39,18.25,-0.25,,1005.59,0,44604.3,,0,0,,0,0,boundary
40,18.75,-0.25,,1005.57,0,44451,,0,0,,0,0,boundary
41,19.25,-0.25,,1005.55,0,44281.4,,0,0,,0,0,boundary
42,19.75,-0.25,,1005.53,0,44112.3,,0,0,,0,0,boundary
43,20.25,-0.25,,1005.51,0,43965.9,,0,0,,0,0,boundary
44,20.75,-0.25,,1005.5,0,43872.7,,0,0,,0,0,boundary
45,21.25,-0.25,,1005.48,0,43752.3,,0,0,,0,0,boundary
46,21.75,-0.25,,1005.47,0,43635.6,,0,0,,0,0,boundary
47,22.25,-0.25,,1005.44,0,43434.7,,0,0,,0,0,boundary
48,22.75,-0.25,,1005.41,0,43162.8,,0,0,,0,0,boundary
49,23.25,-0.25,,1005.38,0,42924.1,,0,0,,0,0,boundary
50,23.75,-0.25,,1005.37,0,42812.7,,0,0,,0,0,boundary
51,24.25,-0.25,,1005.36,0,42749.2,,0,0,,0,0,boundary
52,24.75,-0.25,,1005.32,0,42446,,0,0,,0,0,boundary
53,25.25,-0.25,,1005.27,0,42049,,0,0,,0,0,boundary
54,25.75,-0.25,,1005.26,0,41947.7,,0,0,,0,0,boundary
55,26.25,-0.25,,1005.24,0,41814.2,,0,0,,0,0,boundary
56,-1.25,-0.75,,1007.2,0,57729.6,,0,0,,0,0,boundary
57,-0.75,-0.75,,1007.29,0,58481.4,,0,0,,0,0,boundary
58,-0.25,-0.75,,1007.34,0,58920.6,,0,0,,0,0,boundary
59,0.25,-0.75,,1007.34,0,58885.4,,0,0,,0,0,boundary
60,0.75,-0.75,,1007.3,0,58532.6,,0,0,,0,0,boundary
61,1.25,-0.75,,1007.27,0,58298,,0,0,,0,0,boundary
62,1.75,-0.75,,1007.25,0,58113.3,,0,0,,0,0,boundary
63,2.25,-0.75,,1007.15,0,57302.2,,0,0,,0,0,boundary
64,2.75,-0.75,,1007.09,0,56846.4,,0,0,,0,0,boundary
65,3.25,-0.75,,1007.09,0,56813.2,,0,0,,0,0,boundary
66,3.75,-0.75,,1007.06,0,56581.6,,0,0,,0,0,boundary
67,4.25,-0.75,,1007,0,56125.5,,0,0,,0,0,boundary
68,4.75,-0.75,,1007.02,0,56280.2,,0,0,,0,0,boundary
69,5.25,-0.75,,1007.05,0,56498.3,,0,0,,0,0,boundary
70,5.75,-0.75,,1006.97,0,55832.4,,0,0,,0,0,boundary
71,6.25,-0.75,,1006.86,0,54971.8,,0,0,,0,0,boundary
72,6.75,-0.75,,1006.86,0,54949,,0,0,,0,0,boundary
73,7.25,-0.75,,1006.85,0,54885.3,,0,0,,0,0,boundary
74,7.75,-0.75,,1006.82,0,54610.8,,0,0,,0,0,boundary
75,8.25,-0.75,,1006.81,0,54535.3,,0,0,,0,0,boundary
76,8.75,-0.75,,1006.77,0,54244.8,,0,0,,0,0,boundary
77,9.25,-0.75,,1006.67,0,53438,,0,0,,0,0,boundary
78,9.75,-0.75,,1006.6,0,52815.7,,0,0,,0,0,boundary
79,10.25,-0.75,,1006.54,0,52338.3,,0,0,,0,0,boundary
80,10.75,-0.75,,1006.51,0,52078,,0,0,,0,0,boundary
81,11.25,-0.75,,1006.48,0,51873.9,,0,0,,0,0,boundary
82,11.75,-0.75,,1006.43,0,51463.2,,0,0,,0,0,boundary
83,12.25,-0.75,,1006.4,0,51203.2,,0,0,,0,0,boundary
84,12.75,-0.75,,1006.39,0,51130.5,,0,0,,0,0,boundary
85,13.25,-0.75,,1006.38,0,51048.6,,0,0,,0,0,boundary
86,13.75,-0.75,,1006.36,0,50865.3,,0,0,,0,0,boundary
87,14.25,-0.75,,1006.36,0,50881.4,,0,0,,0,0,boundary
88,14.75,-0.75,,1006.37,0,50976.9,,0,0,,0,0,boundary
89,15.25,-0.75,,1006.36,0,50866,,0,0,,0,0,boundary
90,15.75,-0.75,,1006.32,0,50557.1,,0,0,,0,0,boundary
91,16.25,-0.75,,1006.3,0,50349.4,,0,0,,0,0,boundary
92,16.75,-0.75,,1006.27,0,50177,,0,0,,0,0,boundary
93,17.25,-0.75,,1006.24,0,49913.7,,0,0,,0,0,boundary
94,17.75,-0.75,,1006.22,0,49771.5,,0,0,,0,0,boundary
95,18.25,-0.75,,1006.21,0,49670.2,,0,0,,0,0,boundary
96,18.75,-0.75,,1006.18,0,49436.5,,0,0,,0,0,boundary
97,19.25,-0.75,,1006.14,0,49115.9,,0,0,,0,0,boundary
98,19.75,-0.75,,1006.1,0,48794.3,,0,0,,0,0,boundary
99,20.25,-0.75,,1006.08,0,48625.6,,0,0,,0,0,boundary
100,20.75,-0.75,,1006.07,0,48517.8,,0,0,,0,0,boundary
101,21.25,-0.75,,1006.05,0,48354.3,,0,0,,0,0,boundary
102,21.75,-0.75,,1006.03,0,48195.6,,0,0,,0,0,boundary
103,22.25,-0.75,,1006.01,0,48054.9,,0,0,,0,0,boundary
104,22.75,-0.75,,1006,0,47921.4,,0,0,,0,0,boundary
105,23.25,-0.75,,1005.98,0,47756.9,,0,0,,0,0,boundary
106,23.75,-0.75,,1005.96,0,47641.7,,0,0,,0,0,boundary
107,24.25,-0.75,,1005.94,0,47470.4,,0,0,,0,0,boundary
108,24.75,-0.75,,1005.89,0,47047,,0,0,,0,0,boundary
109,25.25,-0.75,,1005.84,0,46651.4,,0,0,,0,0,boundary
110,25.75,-0.75,,1005.83,0,46563.3,,0,0,,0,0,boundary
111,26.25,-0.75,,1005.81,0,46403.6,,0,0,,0,0,boundary
112,-1.25,-1.25,,1007.74,0,62132.5,,0,0,,0,0,boundary
113,-0.75,-1.25,,1007.86,0,63169.5,,0,0,,0,0,boundary
114,-0.25,-1.25,,1007.92,0,63690.2,,0,0,,0,0,boundary
115,0.25,-1.25,,1007.93,0,63738.4,,0,0,,0,0,boundary
116,0.75,-1.25,,1007.91,0,63562.8,,0,0,,0,0,boundary
117,1.25,-1.25,,1007.86,0,63165.2,,0,0,,0,0,boundary
118,1.75,-1.25,,1007.8,0,62688.1,,0,0,,0,0,boundary
119,2.25,-1.25,,1007.76,0,62303.4,,0,0,,0,0,boundary
120,2.75,-1.25,,1007.71,0,61958.7,,0,0,,0,0,boundary
121,3.25,-1.25,,1007.73,0,62084.3,,0,0,,0,0,boundary
122,3.75,-1.25,,1007.72,0,61980,,0,0,,0,0,boundary
123,4.25,-1.25,,1007.69,0,61732.8,,0,0,,0,0,boundary
124,4.75,-1.25,,1007.76,0,62357.5,,0,0,,0,0,boundary
125,5.25,-1.25,,1007.85,0,63039.7,,0,0,,0,0,boundary
126,5.75,-1.25,,1007.75,0,62223.9,,0,0,,0,0,boundary
127,6.25,-1.25,,1007.58,0,60890.1,,0,0,,0,0,boundary
128,6.75,-1.25,,1007.47,0,59937.9,,0,0,,0,0,boundary
129,7.25,-1.25,,1007.39,0,59336.6,,0,0,,0,0,boundary
130,7.75,-1.25,,1007.41,0,59429.9,,0,0,,0,0,boundary
131,8.25,-1.25,,1007.41,0,59450.3,,0,0,,0,0,boundary
132,8.75,-1.25,,1007.29,0,58463.1,,0,0,,0,0,boundary
133,9.25,-1.25,,1007.16,0,57449.5,,0,0,,0,0,boundary
134,9.75,-1.25,,1007.1,0,56953.3,,0,0,,0,0,boundary
135,10.25,-1.25,,1007.06,0,56599.2,,0,0,,0,0,boundary
136,10.75,-1.25,,1007,0,56069.9,,0,0,,0,0,boundary
137,11.25,-1.25,,1006.92,0,55428.8,,0,0,,0,0,boundary
138,11.75,-1.25,,1006.88,0,55113.9,,0,0,,0,0,boundary
139,12.25,-1.25,,1006.87,0,55041.8,,0,0,,0,0,boundary
140,12.75,-1.25,,1006.86,0,54941.9,,0,0,,0,0,boundary
141,13.25,-1.25,,1006.82,0,54666.1,,0,0,,0,0,boundary
142,13.75,-1.25,,1006.82,0,54629,,0,0,,0,0,boundary
143,14.25,-1.25,,1006.83,0,54727,,0,0,,0,0,boundary
144,14.75,-1.25,,1006.82,0,54616.9,,0,0,,0,0,boundary
145,15.25,-1.25,,1006.8,0,54478.2,,0,0,,0,0,boundary
146,15.75,-1.25,,1006.8,0,54482.4,,0,0,,0,0,boundary
147,16.25,-1.25,,1006.8,0,54490.8,,0,0,,0,0,boundary
148,16.75,-1.25,,1006.78,0,54326.8,,0,0,,0,0,boundary
149,17.25,-1.25,,1006.76,0,54168.8,,0,0,,0,0,boundary
150,17.75,-1.25,,1006.75,0,54031.9,,0,0,,0,0,boundary
151,18.25,-1.25,,1006.73,0,53893.2,,0,0,,0,0,boundary
152,18.75,-1.25,,1006.69,0,53582.9,,0,0,,0,0,boundary
153,19.25,-1.25,,1006.63,0,53061.7,,0,0,,0,0,boundary
154,19.75,-1.25,,1006.59,0,52764.9,,0,0,,0,0,boundary
155,20.25,-1.25,,1006.58,0,52681.7,,0,0,,0,0,boundary
156,20.75,-1.25,,1006.58,0,52693.2,,0,0,,0,0,boundary
157,21.25,-1.25,,1006.57,0,52584.8,,0,0,,0,0,boundary
158,21.75,-1.25,,1006.55,0,52389.6,,0,0,,0,0,boundary
159,22.25,-1.25,,1006.53,0,52300,,0,0,,0,0,boundary
160,22.75,-1.25,,1006.53,0,52264.9,,0,0,,0,0,boundary
161,23.25,-1.25,,1006.51,0,52120.1,,0,0,,0,0,boundary
162,23.75,-1.25,,1006.48,0,51824.4,,0,0,,0,0,boundary
163,24.25,-1.25,,1006.42,0,51379.2,,0,0,,0,0,boundary
164,24.75,-1.25,,1006.35,0,50829.5,,0,0,,0,0,boundary
165,25.25,-1.25,,1006.31,0,50491.8,,0,0,,0,0,boundary
166,25.75,-1.25,,1006.32,0,50563,,0,0,,0,0,boundary
167,26.25,-1.25,,1006.32,0,50522.4,,0,0,,0,0,boundary
168,-0.25,0.25,,1006.28,0,50258,,0,0,,0,0,boundary
169,-0.25,0.75,,1005.75,0,45903.6,,0,0,,0,0,boundary
170,-0.25,1.25,,1005.19,0,41402.1,,0,0,,0,0,boundary
171,-0.25,1.75,,1004.65,0,36988.5,,0,0,,0,0,boundary
172,-0.25,2.25,,1004.09,0,32455,,0,0,,0,0,boundary
173,-0.25,2.75,,1003.49,0,27669.3,,0,0,,0,0,boundary
174,-0.25,3.25,,1002.88,0,22806.3,,0,0,,0,0,boundary
175,-0.25,3.75,,1002.21,0,17459.6,,0,0,,0,0,boundary
176,-0.25,4.25,,1001.55,0,12195.9,,0,0,,0,0,boundary
177,-0.25,4.75,,1000.8,0,6299.68,,0,0,,0,0,boundary
178,-0.25,5.25,,1000.96,0,7543.92,,0,0,,0,0,boundary
179,-0.25,5.75,,1000.84,0,6642.43,,0,0,,0,0,boundary
180,-0.25,6.25,,1000.8,0,6307.78,,0,0,,0,0,boundary
181,-0.25,6.75,,1000.79,0,6210.75,,0,0,,0,0,boundary
182,-0.25,7.25,,1000,0,0,,0,0,,0,0,boundary
183,-0.25,7.75,,1000,0,0,,0,0,,0,0,boundary
184,-0.25,8.25,,1000,0,0,,0,0,,0,0,boundary
185,-0.25,8.75,,1000,0,0,,0,0,,0,0,boundary
186,-0.25,9.25,,1000,0,0,,0,0,,0,0,boundary
187,-0.25,9.75,,1000,0,0,,0,0,,0,0,boundary
188,-0.75,0.25,,1006.27,0,50131.5,,0,0,,0,0,boundary
189,-0.75,0.75,,1005.73,0,45771.2,,0,0,,0,0,boundary
190,-0.75,1.25,,1005.16,0,41123.9,,0,0,,0,0,boundary
191,-0.75,1.75,,1004.58,0,36414,,0,0,,0,0,boundary
192,-0.75,2.25,,1003.96,0,31440.6,,0,0,,0,0,boundary
193,-0.75,2.75,,1003.34,0,26441.2,,0,0,,0,0,boundary
194,-0.75,3.25,,1002.72,0,21503,,0,0,,0,0,boundary
195,-0.75,3.75,,1002.21,0,17478.5,,0,0,,0,0,boundary
196,-0.75,4.25,,1001.63,0,12855,,0,0,,0,0,boundary
197,-0.75,4.75,,1000.85,0,6656.59,,0,0,,0,0,boundary
198,-0.75,5.25,,1000.16,0,1262.61,,0,0,,0,0,boundary
199,-0.75,5.75,,1000.86,0,6752.18,,0,0,,0,0,boundary
200,-0.75,6.25,,1000.83,0,6510.24,,0,0,,0,0,boundary
201,-0.75,6.75,,1000.83,0,6526.59,,0,0,,0,0,boundary
202,-0.75,7.25,,1000,0,0,,0,0,,0,0,boundary
203,-0.75,7.75,,1000,0,0,,0,0,,0,0,boundary
204,-0.75,8.25,,1000,0,0,,0,0,,0,0,boundary
205,-0.75,8.75,,1000,0,0,,0,0,,0,0,boundary
206,-0.75,9.25,,1000,0,0,,0,0,,0,0,boundary
207,-0.75,9.75,,1000,0,0,,0,0,,0,0,boundary
208,-1.25,0.25,,1006.19,0,49511.1,,0,0,,0,0,boundary
209,-1.25,0.75,,1005.67,0,45302.4,,0,0,,0,0,boundary
210,-1.25,1.25,,1005.1,0,40652.7,,0,0,,0,0,boundary
211,-1.25,1.75,,1004.48,0,35599.2,,0,0,,0,0,boundary
212,-1.25,2.25,,1003.88,0,30789.9,,0,0,,0,0,boundary
213,-1.25,2.75,,1003.3,0,26182.6,,0,0,,0,0,boundary
214,-1.25,3.25,,1002.8,0,22189.5,,0,0,,0,0,boundary
215,-1.25,3.75,,1002.39,0,18877,,0,0,,0,0,boundary
216,-1.25,4.25,,1001.83,0,14438.4,,0,0,,0,0,boundary
217,-1.25,4.75,,1001.09,0,8607.52,,0,0,,0,0,boundary
218,-1.25,5.25,,1000.52,0,4090.13,,0,0,,0,0,boundary
219,-1.25,5.75,,1000.86,0,6783.92,,0,0,,0,0,boundary
220,-1.25,6.25,,1000.87,0,6818.31,,0,0,,0,0,boundary
221,-1.25,6.75,,1000.91,0,7193.13,,0,0,,0,0,boundary
222,-1.25,7.25,,1000,0,0,,0,0,,0,0,boundary
223,-1.25,7.75,,1000,0,0,,0,0,,0,0,boundary
224,-1.25,8.25,,1000,0,0,,0,0,,0,0,boundary
225,-1.25,8.75,,1000,0,0,,0,0,,0,0,boundary
226,-1.25,9.25,,1000,0,0,,0,0,,0,0,boundary
227,-1.25,9.75,,1000,0,0,,0,0,,0,0,boundary
228,25.25,0.25,,1004.6,0,36608,,0,0,,0,0,boundary
229,25.25,0.75,,1003.93,0,31228.5,,0,0,,0,0,boundary
230,25.25,1.25,,1003.32,0,26347.9,,0,0,,0,0,boundary
231,25.25,1.75,,1002.77,0,21885.1,,0,0,,0,0,boundary
232,25.25,2.25,,1002.2,0,17390.5,,0,0,,0,0,boundary
233,25.25,2.75,,1001.66,0,13062.8,,0,0,,0,0,boundary
234,25.25,3.25,,1001.17,0,9211.21,,0,0,,0,0,boundary
235,25.25,3.75,,1000.71,0,5597.61,,0,0,,0,0,boundary
236,25.25,4.25,,1000.78,0,6167.97,,0,0,,0,0,boundary
237,25.25,4.75,,1000.71,0,5582.96,,0,0,,0,0,boundary
238,25.25,5.25,,1000.68,0,5330.76,,0,0,,0,0,boundary
239,25.25,5.75,,1000.65,0,5075.66,,0,0,,0,0,boundary
240,25.25,6.25,,1000,0,0,,0,0,,0,0,boundary
241,25.25,6.75,,1000,0,0,,0,0,,0,0,boundary
242,25.25,7.25,,1000,0,0,,0,0,,0,0,boundary
243,25.25,7.75,,1000,0,0,,0,0,,0,0,boundary
244,25.25,8.25,,1000,0,0,,0,0,,0,0,boundary
245,25.25,8.75,,1000,0,0,,0,0,,0,0,boundary
246,25.25,9.25,,1000,0,0,,0,0,,0,0,boundary
247,25.25,9.75,,1000,0,0,,0,0,,0,0,boundary
248,25.75,0.25,,1004.59,0,36553.6,,0,0,,0,0,boundary
249,25.75,0.75,,1003.92,0,31101.5,,0,0,,0,0,boundary
250,25.75,1.25,,1003.31,0,26203,,0,0,,0,0,boundary
251,25.75,1.75,,1002.74,0,21671.4,,0,0,,0,0,boundary
252,25.75,2.25,,1002.18,0,17200.9,,0,0,,0,0,boundary
253,25.75,2.75,,1001.65,0,12973.9,,0,0,,0,0,boundary
254,25.75,3.25,,1001.16,0,9161.5,,0,0,,0,0,boundary
255,25.75,3.75,,1000.68,0,5310.02,,0,0,,0,0,boundary
256,25.75,4.25,,1000.21,0,1638.56,,0,0,,0,0,boundary
257,25.75,4.75,,1000.67,0,5280.95,,0,0,,0,0,boundary
258,25.75,5.25,,1000.64,0,5022.74,,0,0,,0,0,boundary
259,25.75,5.75,,1000.61,0,4815.56,,0,0,,0,0,boundary
260,25.75,6.25,,1000,0,0,,0,0,,0,0,boundary
261,25.75,6.75,,1000,0,0,,0,0,,0,0,boundary
262,25.75,7.25,,1000,0,0,,0,0,,0,0,boundary
263,25.75,7.75,,1000,0,0,,0,0,,0,0,boundary
264,25.75,8.25,,1000,0,0,,0,0,,0,0,boundary
265,25.75,8.75,,1000,0,0,,0,0,,0,0,boundary
266,25.75,9.25,,1000,0,0,,0,0,,0,0,boundary
267,25.75,9.75,,1000,0,0,,0,0,,0,0,boundary
268,26.25,0.25,,1004.59,0,36522.1,,0,0,,0,0,boundary
269,26.25,0.75,,1003.91,0,31039.1,,0,0,,0,0,boundary
270,26.25,1.25,,1003.28,0,25983.6,,0,0,,0,0,boundary
271,26.25,1.75,,1002.71,0,21419,,0,0,,0,0,boundary
272,26.25,2.25,,1002.17,0,17102.5,,0,0,,0,0,boundary
273,26.25,2.75,,1001.64,0,12966.2,,0,0,,0,0,boundary
274,26.25,3.25,,1001.1,0,8637.76,,0,0,,0,0,boundary
275,26.25,3.75,,1000.56,0,4388.59,,0,0,,0,0,boundary
276,26.25,4.25,,1000.13,0,1006.37,,0,0,,0,0,boundary
277,26.25,4.75,,1000.66,0,5173.79,,0,0,,0,0,boundary
278,26.25,5.25,,1000.62,0,4844.76,,0,0,,0,0,boundary
279,26.25,5.75,,1000.6,0,4687.28,,0,0,,0,0,boundary
280,26.25,6.25,,1000,0,0,,0,0,,0,0,boundary
281,26.25,6.75,,1000,0,0,,0,0,,0,0,boundary
282,26.25,7.25,,1000,0,0,,0,0,,0,0,boundary
283,26.25,7.75,,1000,0,0,,0,0,,0,0,boundary
284,26.25,8.25,,1000,0,0,,0,0,,0,0,boundary
285,26.25,8.75,,1000,0,0,,0,0,,0,0,boundary
286,26.25,9.25,,1000,0,0,,0,0,,0,0,boundary
287,26.25,9.75,,1000,0,0,,0,0,,0,0,boundary
288,1.70114,3.94512,,1002.43,1.6428,19224.4,,0.436007,-1.60716,,-0.366789,11.0046,fluid
289,0.364426,0.528492,,1006.02,5.26632,48083.9,,0.209633,-0.312767,,0.25312,10.1995,fluid
290,0.299568,0.159738,,1006.35,5.21966,50780.7,,0.227193,-0.0391633,,-0.0517662,9.99927,fluid
291,0.418034,1.69945,,1004.69,5.0429,37360.4,,0.191338,-0.678103,,0.0600295,10.2876,fluid
292,5.5585,4.38977,,1000.59,1.14591,4657.31,,2.67143,-0.634757,,0.632775,10.3385,fluid
293,0.247162,2.95944,,1003.38,3.82147,26815.1,,-0.12673,-1.0308,,0.492944,10.4908,fluid
294,2.78201,3.46674,,1002.79,4.96687,22061.8,,0.8519,-1.07058,,-0.733757,10.0572,fluid
295,1.25992,3.25293,,1002.75,3.84788,21778.9,,0.347612,-1.39853,,0.0291326,10.3216,fluid
296,1.99137,3.65227,,1002.28,2.77013,17976.7,,0.988065,-1.46627,,0.760853,10.8548,fluid
297,4.91417,4.07875,,1001.79,-1.31102,14114.7,,2.38923,-0.558328,,1.23592,10.6831,fluid
298,2.66941,2.89047,,1003.67,3.56683,29114.1,,1.00037,-0.866161,,0.388828,10.1514,fluid
299,0.248802,1.30226,,1005.13,5.49371,40857.7,,0.0540474,-0.679208,,-0.196714,10.5296,fluid
300,3.60009,4.51892,,1000.65,0.542965,5083.19,,2.05778,-1.57045,,0.451924,10.4471,fluid
301,3.51223,2.54727,,1003.97,3.01943,31544.4,,1.07696,-0.430606,,0.625127,10.5451,fluid
302,0.759135,3.78589,,1002.66,4.33172,21081.9,,0.535797,-1.55609,,-0.340011,11.1938,fluid
303,0.876266,4.93799,,1000.78,0.300713,6172.24,,0.491233,-2.20814,,1.04527,11.7394,fluid
304,0.267844,2.1179,,1004.32,6.21849,34377.3,,-0.00636918,-1.0212,,-0.269515,10.666,fluid
305,0.351003,0.909945,,1005.58,5.30256,44522,,0.276314,-0.415132,,0.19668,9.89602,fluid
306,0.631563,3.24039,,1002.35,1.9415,18548.1,,0.220505,-1.26749,,8.4787e-05,10.2611,fluid
307,0.419676,2.49846,,1003.75,4.7023,29786.6,,0.0136804,-1.00582,,0.0517258,10.7365,fluid
308,1.21684,3.65239,,1002.71,6.14579,21469.7,,0.402466,-1.2561,,0.208966,11.3644,fluid
309,0.298412,3.5427,,1002.53,5.9024,20034.4,,-0.216852,-1.33731,,-0.367154,11.5953,fluid
310,0.871186,1.27471,,1005.24,4.88088,41746.8,,0.288139,-0.530685,,0.174954,10.2471,fluid
311,1.70352,0.153233,,1006.35,4.72238,50780.8,,0.837504,-0.119735,,0.147514,10.5135,fluid
312,2.87317,3.83281,,1002.86,3.54826,22645.9,,1.18066,-1.17153,,0.114565,10.8683,fluid
313,1.91265,3.30156,,1002.64,2.05303,20861.4,,0.481411,-1.42296,,-0.0212248,10.2517,fluid
314,2.28303,1.97901,,1004.54,4.06141,36110.6,,0.584777,-0.702053,,0.45279,9.73407,fluid
315,7.13402,4.60532,,1000.8,0.35952,6314.33,,3.08881,-0.587202,,0.122831,10.4169,fluid
316,0.378057,4.16965,,1001.79,-0.202922,14143.2,,-0.326708,-1.46657,,-1.14765,10.5385,fluid
317,5.89457,4.72879,,1000.73,-0.562737,5746.85,,3.17059,-0.757324,,0.27847,11.3385,fluid
318,2.45446,4.15731,,1002.31,2.40688,18249.5,,1.13106,-1.44289,,-0.241288,10.298,fluid
319,3.69438,3.17813,,1002.78,0.260672,22019,,1.4403,-0.727104,,0.0694723,10.0854,fluid
320,1.01621,0.177928,,1006.28,4.34898,50215.7,,0.347484,-0.108774,,0.010343,9.64758,fluid
321,1.77438,0.55478,,1006.08,5.54325,48559.5,,0.875878,-0.413422,,0.0353758,9.9356,fluid
322,0.995624,0.847512,,1005.71,5.08259,45575.4,,0.443011,-0.336483,,0.360881,10.4231,fluid
323,0.927748,2.792,,1003.49,3.29993,27665.7,,0.10076,-1.1847,,-1.19529e-05,10.6378,fluid
324,7.98485,0.532961,,1005.41,1.21675,43172.5,,1.5213,0.107345,,0.5917,9.97372,fluid
325,1.53484,2.85209,,1003.6,3.45581,28525.2,,0.386899,-1.05261,,0.120319,10.2053,fluid
326,0.970196,2.35274,,1004.07,5.28638,32300,,0.338848,-0.961559,,0.304444,10.2418,fluid
327,1.93775,2.58929,,1003.8,3.46743,30186.1,,0.519522,-1.07424,,0.369861,10.1224,fluid
328,1.48696,2.30114,,1004.26,5.74913,33850.7,,0.351582,-0.845084,,0.073369,10.324,fluid
329,3.92207,3.65693,,1002.74,5.8135,21657.2,,2.03342,-0.958988,,1.12798,10.8091,fluid
330,1.28083,1.64047,,1004.76,4.51313,37904.5,,0.571311,-0.769923,,0.369209,10.3954,fluid
331,2.10153,4.60948,,1000.62,1.33792,4907.39,,1.11551,-2.05659,,-0.0213878,10.3481,fluid
332,3.66369,4.87339,,1000.71,0.690315,5564.51,,2.30709,-1.81637,,0.871949,11.3467,fluid
333,5.54336,3.52198,,1002.68,1.58053,21235.3,,1.88228,-0.62611,,0.147372,10.5398,fluid
334,4.54376,4.23252,,1002.12,-2.60639,16749.4,,2.38092,-0.765854,,0.102512,11.2214,fluid
335,4.21468,4.81789,,1000.68,-0.0661368,5330.25,,2.58398,-1.37595,,0.372464,11.6684,fluid
336,1.09012,0.506268,,1005.9,4.2624,47131.6,,0.728728,-0.184997,,1.29823,10.2942,fluid
337,8.37085,0.839256,,1005.15,1.79555,41046.4,,1.59817,0.207972,,0.710458,9.71897,fluid
338,2.39418,0.173785,,1006.17,3.82667,49299.8,,1.22967,0.0417145,,1.01977,9.65243,fluid
339,0.881573,1.88611,,1004.41,4.66123,35032.7,,0.371253,-0.825198,,0.250336,10.3372,fluid
340,5.38902,0.223856,,1006.28,2.63983,50253.4,,1.57223,-0.183698,,0.529916,9.89439,fluid
341,2.35669,0.566484,,1005.91,3.31669,47194.2,,1.02072,-0.112055,,1.26869,9.88414,fluid
342,6.54579,0.22094,,1005.98,1.11541,47789.7,,1.57746,0.0640594,,0.421221,9.85271,fluid
343,1.47187,1.21277,,1005.27,5.36523,41981.1,,0.548422,-0.692122,,0.0482546,9.995,fluid
344,1.76118,0.957506,,1005.51,4.78285,43979,,0.835666,-0.421798,,0.732152,9.97222,fluid
345,2.39582,2.38099,,1004.08,3.09073,32411.2,,0.908859,-0.716831,,0.244044,10.2352,fluid
346,3.15005,2.88438,,1003.54,1.1741,28110.4,,0.983786,-0.463586,,0.848853,9.76691,fluid
347,3.0007,0.250095,,1006.24,3.59495,49898.6,,1.1568,-0.200044,,0.0728472,9.77568,fluid
348,6.2353,3.7977,,1002.75,0.37721,21748.6,,2.29149,-0.18433,,0.401232,10.2,fluid
349,0.457409,4.81424,,1000.82,1.73467,6434.87,,0.0441482,-2.11228,,-0.177271,10.7111,fluid
350,7.78482,4.74617,,1000.53,0.306619,4150.82,,3.49853,-0.60352,,0.491012,9.90567,fluid
351,3.16305,4.20221,,1001.28,-4.44511,10122,,1.59647,-1.05957,,0.53043,11.2,fluid
352,11.1662,3.16902,,1001.85,2.92959,14575.8,,2.53315,0.260326,,-0.23619,8.38145,fluid
353,8.47734,1.42829,,1004.15,1.86646,33016.9,,1.50052,0.17779,,0.690144,9.65834,fluid
354,2.95948,0.666444,,1005.7,3.63208,45502.1,,1.4036,-0.0764728,,0.559046,10.0654,fluid
355,11.6856,3.18725,,1002.37,2.44667,18738.7,,2.36361,0.322656,,0.0332135,8.06081,fluid
356,8.40496,0.209086,,1005.66,1.94321,45218.8,,1.22175,-0.00618764,,0.350648,9.3611,fluid
357,9.12041,0.20414,,1005.62,2.12353,44874.8,,1.29911,-0.00452103,,0.071137,9.59088,fluid
358,8.04821,2.62022,,1003.21,0.236374,25409.4,,2.07681,0.147898,,0.479221,9.40428,fluid
359,7.7152,0.196246,,1005.84,2.07204,46638.3,,1.37512,-0.0127764,,0.233117,9.43891,fluid
360,6.97352,0.9624,,1005.21,1.04934,41557.5,,1.63104,0.122957,,0.599803,9.98167,fluid
361,7.93984,1.09501,,1004.99,1.7127,39729.4,,1.64665,-0.0182948,,0.201278,9.30694,fluid
362,2.33972,0.99539,,1005.63,3.60035,44965.1,,0.939635,-0.321284,,0.759762,10.1305,fluid
363,7.41112,0.573605,,1005.44,1.29486,43382.4,,1.5164,0.12699,,0.609314,9.95693,fluid
364,1.70284,1.92599,,1004.62,4.8152,36780.7,,0.564886,-0.847957,,0.792988,10.2958,fluid
365,0.729388,4.68503,,1000.77,2.02796,6073.72,,0.243992,-1.96201,,0.335515,10.7203,fluid
366,8.41432,4.79194,,1000.6,0.845735,4709.98,,3.67642,-0.477306,,0.0882893,9.97586,fluid
367,3.72676,3.96615,,1002.57,2.36507,20351.3,,1.65322,-0.98113,,0.711402,10.8176,fluid
368,10.1644,2.47174,,1003.13,1.4681,24821.9,,2.05092,0.0343475,,-0.102401,8.54139,fluid
369,9.58833,2.55652,,1002.56,2.03296,20228.8,,2.08586,0.141494,,0.288838,8.88574,fluid
370,8.71385,2.04607,,1003.72,1.21518,29516.1,,1.66446,0.0835381,,0.338484,9.24663,fluid
371,12.766,3.21723,,1002.01,5.23232,15855.2,,2.13681,0.616163,,0.572572,8.27599,fluid
372,11.2679,2.58022,,1003.04,5.90963,24086.9,,1.95279,0.245828,,0.570944,9.83592,fluid
373,9.0691,2.44485,,1003.26,3.3695,25801.9,,1.94633,-0.143081,,0.848197,9.75156,fluid
374,8.50938,2.4993,,1003.15,0.849462,24927.2,,1.96561,0.323521,,1.12542,9.84491,fluid
375,5.95309,0.222366,,1006.1,1.22312,48735,,1.69508,0.00276502,,0.229617,9.99276,fluid
376,4.1423,0.237661,,1006.16,2.93385,49261.7,,1.45606,0.060005,,0.28103,9.34122,fluid
377,7.06879,0.252493,,1005.99,1.61846,47882.6,,1.60617,0.000988137,,0.388274,9.65041,fluid
378,4.71403,0.210647,,1006.19,1.96753,49474.7,,1.13401,-0.00352182,,0.643225,9.888,fluid
379,7.41063,1.09386,,1004.93,1.58371,39262.6,,1.60312,0.226955,,1.22315,9.48242,fluid
380,2.90555,2.31487,,1004.44,4.0315,35323.2,,0.946356,-0.550996,,0.955617,10.2103,fluid
381,9.9732,4.32584,,1001.11,2.6165,8706.85,,3.63395,0.00150704,,0.246267,10.2944,fluid
382,6.6365,4.82024,,1000.61,0.45464,4824.21,,3.2135,-0.684794,,-0.231804,10.3821,fluid
383,12.9694,4.85422,,1000.6,1.37146,4722.3,,2.9749,1.59498,,-1.03098,8.85419,fluid
384,9.42053,1.40254,,1004.35,1.64209,34556.8,,1.61529,0.197781,,0.523662,9.611,fluid
385,9.66213,1.13069,,1004.49,2.50223,35692.2,,1.40387,0.158562,,0.540316,8.82984,fluid
386,10.1038,1.91749,,1003.43,3.96739,27229.1,,1.76089,0.112287,,0.293095,9.45246,fluid
387,7.02813,1.53807,,1004.63,0.61988,36833.2,,1.6232,0.286466,,0.851286,9.49467,fluid
388,11.9286,2.09921,,1003.26,5.86717,25862.4,,1.60851,0.326186,,0.626443,9.40067,fluid
389,7.85208,3.67701,,1002.23,0.654841,17641.3,,2.43501,-0.107581,,-0.257485,9.3812,fluid
390,12.4876,3.32606,,1002.14,4.03245,16941.1,,2.50679,0.594169,,0.109739,9.17943,fluid
391,10.6554,2.28172,,1003.27,2.63274,25910.8,,1.78818,0.297039,,0.583901,8.86116,fluid
392,9.26521,1.9355,,1003.88,2.42495,30784.6,,1.69416,0.173426,,0.780391,9.73787,fluid
393,8.7813,0.509459,,1005.36,2.53284,42712,,1.37372,0.00283063,,0.295152,9.75293,fluid
394,3.53083,0.185091,,1006.23,2.41204,49851.7,,1.34829,0.0210766,,0.877362,10.2129,fluid
395,3.29262,1.4801,,1005.07,2.63088,40363.4,,1.10264,-0.111883,,0.404195,10.0094,fluid
396,13.2741,3.59604,,1001.7,4.56742,13425.2,,2.47397,0.90647,,-0.0452491,9.58552,fluid
397,6.93111,4.07371,,1001.84,0.718554,14545.5,,2.89824,-0.440008,,0.634814,10.2203,fluid
398,9.60982,4.60717,,1000.76,1.00353,6005.4,,3.68456,-0.0482849,,0.47689,10.1188,fluid
399,6.44511,4.407,,1000.49,-0.560462,3831.21,,2.59382,-0.378487,,0.397453,9.68968,fluid
400,8.95269,1.53115,,1004,1.16367,31739.3,,1.50157,0.15252,,0.222556,9.36782,fluid
401,9.61316,0.298898,,1005.49,3.24584,43801.5,,1.18635,0.0392307,,0.384979,10.21,fluid
402,11.572,2.3801,,1003.19,6.10356,25286.3,,1.7629,0.263321,,0.907197,9.60213,fluid
403,12.579,1.67958,,1003.66,7.90208,29066.4,,1.27014,0.116085,,0.0186223,8.7663,fluid
404,11.1192,1.96439,,1003.46,3.73015,27424,,1.58408,0.419029,,0.112565,9.00349,fluid
405,10.0692,1.47644,,1004.2,4.13038,33368.2,,1.58997,-0.00364022,,0.564511,9.55899,fluid
406,13.299,2.38804,,1002.89,10.7888,22856.1,,1.73818,0.695938,,0.979392,10.0914,fluid
407,14.1482,3.72037,,1001.77,7.76837,13988.2,,2.10345,0.617812,,0.146363,10.3465,fluid
408,7.70097,2.1507,,1003.75,1.73887,29775,,1.77561,0.174038,,0.74889,9.62582,fluid
409,5.99163,1.56994,,1005.18,1.78752,41295.1,,1.709,-0.187318,,0.519001,9.76618,fluid
410,12.8948,2.41723,,1003.04,9.09769,24076.3,,1.69271,0.316693,,0.681559,9.54943,fluid
411,3.37773,2.03386,,1004.56,3.10885,36299.3,,1.181,-0.27076,,0.58968,10.0036,fluid
412,10.5275,4.23271,,1001.09,1.14347,8591.51,,3.75812,0.292532,,0.410999,10.1016,fluid
413,13.266,4.72427,,1001.06,1.92737,8343.57,,2.66301,1.55358,,-0.42554,8.92252,fluid
414,13.5284,4.73413,,1001.03,2.03064,8133.48,,2.62858,1.55323,,0.100674,8.86634,fluid
415,1.55913,4.2842,,1001.27,0.71933,10006.5,,0.190206,-1.65682,,-0.579636,11.2374,fluid
416,9.94962,0.856315,,1004.66,4.02291,37057.1,,1.33018,-0.144651,,0.707255,8.94968,fluid
417,8.857,1.05382,,1004.63,3.44852,36848.2,,1.51353,-0.0898882,,0.948553,9.2546,fluid
418,10.5933,1.35472,,1004.32,5.86837,34318.1,,1.31018,0.0344826,,0.559766,9.84856,fluid
419,10.8395,0.42591,,1005.21,5.25286,41534.3,,1.33515,0.0413976,,0.559154,9.66898,fluid
420,11.413,1.7567,,1003.71,4.75868,29417.6,,1.49037,0.141451,,0.713012,8.60285,fluid
421,12.5507,2.12027,,1003.24,6.04372,25713.2,,1.53866,0.412943,,0.415494,8.80256,fluid
422,14.6047,3.27872,,1002.03,9.19273,16051.3,,1.82408,0.689947,,0.406476,7.92427,fluid
423,3.51997,1.044,,1005.7,4.00613,45472.1,,1.01448,-0.134589,,0.878841,9.75776,fluid
424,14.8481,3.01665,,1002.04,8.63137,16076.4,,1.60415,0.39789,,0.360684,6.97651,fluid
425,13.8724,2.76158,,1002.28,9.4664,18014.7,,1.70093,0.00101055,,-0.00911906,8.12942,fluid
426,8.09736,3.481,,1002.61,1.00756,20629.3,,2.52794,-0.291471,,1.44461,9.83508,fluid
427,8.05745,1.57663,,1004.22,2.06495,33547.9,,1.43819,0.194054,,1.11661,9.9327,fluid
428,13.531,3.30192,,1002.46,4.20622,19435.6,,1.93447,0.781723,,0.129381,8.38705,fluid
429,11.5607,4.469,,1001.42,2.8806,11199.4,,3.39084,0.499485,,-1.28549,9.42186,fluid
430,2.26072,4.9786,,1000.72,0.638562,5644.7,,1.58377,-2.24772,,0.549415,11.4529,fluid
431,11.4455,4.73539,,1000.74,1.651,5819.61,,3.54822,0.65253,,-1.11603,9.7335,fluid
432,10.4593,0.249982,,1005.41,5.14216,43150.2,,1.29909,-0.0278931,,0.596356,9.24863,fluid
433,10.0173,0.288971,,1005.44,4.58224,43401.8,,1.19711,-0.105806,,0.561009,9.93299,fluid
434,10.4018,0.844433,,1004.73,3.82136,37688.7,,1.31562,-0.18616,,0.367371,9.36054,fluid
435,11.2917,1.28504,,1004.09,6.64304,32471.1,,1.30978,0.420534,,0.512589,9.83386,fluid
436,11.966,1.68081,,1003.75,7.10932,29792.8,,1.49018,0.12542,,0.411535,9.09832,fluid
437,14.095,1.8989,,1003.32,10.7627,26340.7,,1.14292,0.302397,,0.707263,8.09053,fluid
438,15.043,2.50108,,1002.62,13.2415,20704.7,,1.0645,0.0500383,,0.290739,9.52903,fluid
439,15.8604,3.36928,,1001.79,9.97419,14116.7,,1.45078,0.752943,,0.575622,8.12885,fluid
440,11.2789,3.70767,,1001.47,2.64777,11567.5,,3.10744,0.611936,,0.135932,10.1923,fluid
441,8.79422,3.97836,,1002.08,1.40578,16426.2,,3.05069,-0.299968,,0.156933,9.96409,fluid
442,5.56551,0.731766,,1005.97,1.88986,47661.6,,1.4333,-0.223236,,0.70482,9.64332,fluid
443,9.71158,3.88908,,1001.15,2.30408,9022.09,,3.16855,0.0381829,,1.46407,9.22216,fluid
444,5.23832,3.15909,,1003.14,2.38633,24854.7,,1.65304,-0.649143,,0.423663,10.3654,fluid
445,3.35686,4.83853,,1000.74,0.890741,5803.8,,1.77784,-1.93957,,0.00906463,11.1743,fluid
446,5.44506,4.58572,,1000.69,0.701058,5402.12,,2.65008,-0.849788,,0.428442,10.8428,fluid
447,3.26482,3.45304,,1002.37,0.829458,18769,,1.15792,-0.754484,,1.16324,10.1821,fluid
448,11.2373,0.173039,,1005.52,6.42378,44029.8,,1.22174,0.0422743,,0.430239,9.48625,fluid
449,11.9902,0.230289,,1005.36,8.54952,42768.8,,1.09466,-0.0239247,,0.60101,9.40743,fluid
450,11.2963,0.776626,,1004.69,6.02065,37310.7,,1.17357,0.25311,,0.605074,9.41385,fluid
451,14.5746,1.96124,,1003.3,11.6694,26121.9,,1.06009,0.100342,,0.4326,8.37976,fluid
452,12.9252,1.54492,,1003.78,9.28961,29993.3,,1.14455,0.176143,,0.758326,8.83849,fluid
453,14.2284,1.34547,,1003.83,14.2104,30385.3,,0.886534,-0.0254559,,0.165123,9.42847,fluid
454,15.9006,2.19349,,1002.84,14.7336,22509.3,,0.848606,0.299174,,0.659287,8.48958,fluid
455,16.9122,3.38088,,1001.91,12.5701,15086,,1.03955,0.34915,,0.521754,9.93977,fluid
456,13.7663,2.02287,,1003.36,9.85464,26671.8,,1.14138,0.396179,,0.204415,9.06024,fluid
457,13.3426,1.97911,,1003.38,8.53328,26790.3,,1.20456,0.148072,,0.0119609,8.77394,fluid
458,14.0821,2.50911,,1002.73,11.8606,21609,,1.5057,0.204789,,0.51037,9.12917,fluid
459,7.03642,3.57848,,1002.19,2.05025,17294.4,,2.3787,-0.0902422,,1.52346,10.1966,fluid
460,5.81754,2.36325,,1004.04,2.47084,32087.6,,1.38979,-0.515124,,0.513952,10.0293,fluid
461,4.81536,4.7894,,1000.61,0.92452,4761.36,,2.32616,-1.03437,,0.411906,10.8749,fluid
462,7.228,4.92756,,1000.64,0.231391,5063.97,,3.26618,-0.658421,,0.335014,10.2702,fluid
463,10.937,4.77172,,1000.88,1.31878,6954.29,,3.69508,0.509456,,-0.880136,10.542,fluid
464,10.8534,1.03762,,1004.54,5.40486,36096.9,,1.33912,0.134945,,0.909874,9.36428,fluid
465,12.4878,0.231782,,1005.33,9.97553,42474.4,,1.02414,-0.052808,,0.511267,9.44109,fluid
466,11.6584,0.470387,,1005.06,6.9054,40288,,1.10661,-0.0131879,,0.662285,9.75518,fluid
467,15.8053,2.5322,,1002.46,12.3092,19477.5,,1.13834,0.557947,,0.565814,9.21503,fluid
468,16.3275,2.68858,,1002.35,13.1401,18568,,0.763197,0.281952,,0.581376,8.93783,fluid
469,15.0116,2.03619,,1003.36,13.3606,26672.4,,1.11586,0.390961,,0.341954,8.33962,fluid
470,16.1603,3.28122,,1001.7,11.6108,13431.7,,1.29642,0.642296,,0.917382,7.82225,fluid
471,17.1226,3.18225,,1001.82,14.1709,14352.6,,1.00465,0.453072,,0.468864,8.79718,fluid
472,15.6397,4.54818,,1000.81,6.18096,6344.07,,1.43837,1.11092,,1.37736,8.38984,fluid
473,14.1623,4.55468,,1001.25,4.17644,9825.93,,2.25418,1.25249,,0.400288,7.825,fluid
474,14.4946,2.42601,,1002.64,11.3715,20883.7,,1.4742,0.375442,,0.592029,9.95147,fluid
475,16.4249,3.368,,1001.34,12.0529,10577.8,,1.3132,0.663673,,1.16399,8.31369,fluid
476,15.5196,3.61297,,1001.71,8.60943,13500.5,,1.69293,0.726675,,0.100239,9.32047,fluid
477,12.1638,3.77681,,1001.5,6.54768,11796.1,,2.86073,0.234113,,-0.325635,10.0503,fluid
478,8.1401,4.54307,,1000.54,1.39015,4206.08,,3.43206,-0.539217,,0.547459,9.46213,fluid
479,9.48346,4.84578,,1000.69,0.637872,5426.94,,3.77234,-0.112858,,0.331499,10.234,fluid
480,15.0648,1.40145,,1003.57,16.4166,28327.8,,0.752195,0.0362125,,0.197307,9.32511,fluid
481,11.7398,1.08285,,1004.42,7.4334,35113.4,,1.17027,0.0120367,,0.381775,9.47762,fluid
482,15.383,2.03027,,1003.28,14.7968,26033.2,,0.958796,0.315792,,1.16839,8.33317,fluid
483,17.2479,2.44019,,1002.4,15.8038,18944.3,,0.566463,0.0115707,,0.81626,9.19893,fluid
484,15.4345,1.27333,,1003.8,17.4263,30170.6,,0.905159,0.091867,,0.464023,9.22271,fluid
485,16.1636,1.77995,,1003.25,18.2376,25782.7,,0.732286,0.0966297,,0.605849,8.93917,fluid
486,16.4957,2.23589,,1002.71,15.6491,21411.2,,0.675199,0.416874,,0.763294,8.67991,fluid
487,7.23628,3.1984,,1002.49,1.34665,19667.8,,1.96354,-0.096769,,0.93171,10.073,fluid
488,8.83643,3.16745,,1002.38,1.14304,18813.5,,2.59655,-0.0462223,,0.446607,9.54876,fluid
489,9.02243,2.89119,,1002.64,1.09429,20896.3,,2.51399,0.00380979,,0.939758,9.17421,fluid
490,6.65252,0.711173,,1005.63,1.79249,44961.5,,1.69366,-0.00246852,,0.365423,9.68965,fluid
491,4.53288,0.934526,,1005.64,2.38626,45040.3,,1.53804,-0.0352562,,1.22898,9.21925,fluid
492,3.86651,2.31227,,1004.25,3.38113,33779.2,,1.15472,-0.42492,,1.23646,10.2661,fluid
493,4.00865,1.17112,,1005.42,2.84816,43264.5,,1.19009,-0.11853,,0.420067,9.7253,fluid
494,5.85959,2.77228,,1003.35,1.81293,26567.7,,1.59764,-0.419146,,0.808549,10.0969,fluid
495,5.19472,5.02671,,1000.79,0.555421,6187.19,,2.73968,-0.992158,,0.366894,11.0382,fluid
496,12.2126,0.748689,,1004.65,8.08109,37039.5,,1.07488,0.150846,,0.265208,9.03422,fluid
497,12.1444,1.25608,,1004.23,8.91571,33608.6,,1.09967,0.121913,,0.924741,9.53147,fluid
498,17.8313,2.16109,,1002.87,19.3253,22703.4,,0.450015,0.408666,,0.406605,9.08468,fluid
499,14.5806,0.792242,,1004.61,15.0359,36723.6,,0.698964,0.0969977,,0.696578,9.67939,fluid
500,16.5421,1.60587,,1003.49,20.2688,27708.5,,0.753924,0.151923,,0.678835,8.92306,fluid
501,15.7703,1.56197,,1003.56,17.7883,28260.1,,0.646824,0.252342,,0.461268,8.94798,fluid
502,15.501,2.77187,,1002.07,11.2669,16368,,1.1699,0.445201,,0.516803,8.6053,fluid
503,17.0548,1.66002,,1003.29,21.4425,26043.6,,0.432759,0.0489064,,0.629951,8.66871,fluid
504,6.08869,2.02251,,1004.56,1.72846,36313.9,,1.65478,-0.359794,,1.04951,10.412,fluid
505,7.84816,4.04514,,1001.64,-2.58755,12931.2,,3.03696,-0.0725636,,0.89386,10.1114,fluid
506,9.9067,2.97707,,1002.87,2.44361,22733.8,,2.71015,0.102027,,0.301616,9.40244,fluid
507,4.57014,2.29981,,1004.25,2.85666,33750.1,,1.26166,-0.402768,,0.820765,10.0053,fluid
508,10.5014,3.35838,,1001.51,3.59857,11943.5,,2.55712,0.166467,,0.163455,9.51314,fluid
509,13.0419,3.88648,,1001.48,7.39331,11685,,2.76466,0.523701,,-0.264981,9.15365,fluid
510,8.71415,3.52663,,1001.92,2.22297,15194.1,,2.70281,0.061675,,0.620484,9.59542,fluid
511,5.01472,0.537744,,1006.04,1.89544,48279.5,,1.53179,-0.162064,,0.488342,10.054,fluid
512,13.0847,1.00293,,1004.4,11.547,34969.1,,1.00303,0.205071,,0.778745,9.39294,fluid
513,13.1379,0.223712,,1005.34,11.2571,42575.7,,0.914263,0.0541732,,0.367982,9.4467,fluid
514,13.4182,1.44591,,1003.8,11.0858,30124.8,,1.16989,0.0861231,,0.408141,9.30029,fluid
515,15.0728,0.82892,,1004.57,16.9452,36379.4,,0.576571,0.112224,,0.521287,9.06915,fluid
516,14.0866,0.878082,,1004.52,14.1598,35982.7,,0.840698,0.0576383,,0.306514,8.93504,fluid
517,16.669,1.1211,,1003.96,21.6988,31441.3,,0.458964,0.019894,,0.538913,9.57779,fluid
518,18.0587,2.64965,,1002.08,15.6365,16411.9,,0.563692,-0.075895,,0.572643,8.21163,fluid
519,17.6181,1.44121,,1003.45,24.1795,27376.4,,0.425354,-0.0342864,,0.525855,8.79225,fluid
520,16.9304,2.13514,,1002.8,16.8536,22189.6,,0.660974,0.252482,,0.309723,8.84735,fluid
521,6.34218,1.15967,,1005.41,2.48491,43164.5,,1.66414,-0.0351049,,0.962755,9.83384,fluid
522,10.8447,3.68445,,1001.93,2.74146,15265,,3.32639,0.243288,,0.263136,9.54354,fluid
523,9.66223,2.04113,,1003.39,4.50255,26871,,1.6421,-0.0416758,,1.19702,9.59059,fluid
524,10.7827,2.70395,,1002.8,3.50495,22156.9,,2.17852,0.370109,,1.15349,9.78225,fluid
525,4.21522,1.9188,,1004.72,3.26885,37594.6,,1.35079,-0.319306,,0.526054,9.866,fluid
526,4.06769,2.95721,,1003.52,0.639936,27932.5,,1.46515,-0.415209,,0.413399,9.53272,fluid
527,6.64747,3.1065,,1002.87,1.02322,22721.7,,1.90117,-0.409794,,0.842366,10.0765,fluid
528,12.6031,0.987809,,1004.5,9.99371,35779.3,,1.136,0.128849,,0.445126,9.90535,fluid
529,12.869,0.546598,,1004.9,9.82012,39024.9,,0.927045,0.095665,,0.410252,9.475,fluid
530,14.6394,1.36552,,1003.78,15.4926,30005.6,,0.922877,0.00226526,,0.590269,9.07143,fluid
531,17.1604,1.1267,,1003.95,23.5199,31334.6,,0.536887,0.0431061,,0.574601,9.53913,fluid
532,13.518,0.729352,,1004.57,12.2676,36356,,0.933789,0.185014,,0.394666,9.17992,fluid
533,19.1485,1.73317,,1003.19,25.6136,25241.3,,0.463068,0.197347,,0.420903,8.73029,fluid
534,18.2264,3.21651,,1001.47,15.7676,11561.2,,0.660925,0.522393,,0.235298,8.72799,fluid
535,16.1172,1.1186,,1004.09,19.6022,32498.8,,0.566751,0.272973,,0.495782,9.62794,fluid
536,18.7539,2.09588,,1002.72,22.3226,21508.6,,0.38339,0.123642,,0.450467,9.16966,fluid
537,16.76,2.79165,,1002.09,12.8229,16511.1,,0.933785,0.225068,,0.65905,8.41819,fluid
538,14.3789,3.44582,,1002,8.74997,15759.9,,1.72411,0.80882,,0.370028,9.05217,fluid
539,12.0378,2.74826,,1002.45,7.37741,19382.6,,1.99086,0.0285452,,-0.0963447,8.89682,fluid
540,4.48031,1.36706,,1005.42,1.75106,43272.2,,1.41537,-0.0791407,,1.00759,10.6757,fluid
541,8.17963,3.06745,,1002.65,2.02508,20985.6,,2.44292,0.201379,,1.35161,8.94468,fluid
542,6.54093,3.55132,,1002.29,0.238374,18062.7,,2.04981,-0.393257,,0.752504,9.99724,fluid
543,10.3744,2.96534,,1002.57,3.04592,20290.6,,2.40897,0.26707,,0.921436,10.0868,fluid
544,13.7213,1.19454,,1004.2,12.8147,33409,,1.07687,0.209668,,0.647043,9.29648,fluid
545,13.6659,0.230095,,1005.31,12.8514,42342.6,,0.681624,-0.019754,,0.315426,9.87733,fluid
546,14.5268,0.330305,,1005.06,16.1428,40316.7,,0.74963,-0.15262,,0.0910963,8.75552,fluid
547,16.114,0.67686,,1004.52,21.1303,35990.3,,0.566462,0.191265,,0.556741,8.8448,fluid
548,14.0677,0.319621,,1005.07,14.9867,40397.9,,0.77029,-0.212819,,0.833009,9.35745,fluid
549,17.6907,0.918378,,1004.2,25.9603,33341,,0.376591,0.0405964,,0.72529,9.45253,fluid
550,18.6124,1.57809,,1003.29,25.1979,26096.1,,0.27655,0.15175,,0.715363,8.47771,fluid
551,19.1733,2.23182,,1002.53,21.7697,19998.9,,0.299828,0.126957,,0.611105,9.14618,fluid
552,18.0163,1.71796,,1003.18,22.7846,25193.7,,0.368998,0.185525,,0.474042,8.52056,fluid
553,17.699,2.84509,,1001.91,13.439,15068.3,,0.552126,0.258149,,0.355933,8.03723,fluid
554,2.91924,1.12023,,1005.48,3.62072,43713.9,,1.05568,-0.213899,,0.797306,9.88389,fluid
555,14.9777,3.66026,,1001.68,8.37268,13267,,1.68403,0.687294,,0.755867,10.003,fluid
556,8.82215,4.44896,,1000.77,0.697632,6026.58,,3.55961,-0.184642,,0.790512,9.81229,fluid
557,5.1297,2.21943,,1004.31,1.52096,34305.4,,1.30252,-0.398281,,0.73703,10.3205,fluid
558,14.4556,4.60667,,1001.03,5.04229,8073.34,,2.11239,1.37999,,0.953365,8.31666,fluid
559,6.11718,0.641071,,1005.67,1.53596,45242.1,,1.62029,0.0989507,,0.827051,10.067,fluid
560,15.3871,0.350291,,1005.01,19.044,39913.1,,0.645997,0.215056,,0.487186,9.56262,fluid
561,15.8277,0.239761,,1005.11,21.1725,40700.6,,0.654117,-0.0896706,,0.24804,9.94544,fluid
562,15.6288,0.85188,,1004.48,18.9881,35673.2,,0.635745,-0.0255025,,0.40098,8.93262,fluid
563,18.2466,1.27387,,1003.61,26.9483,28679.2,,0.315915,-0.106902,,0.462204,9.11399,fluid
564,16.6481,0.706541,,1004.48,22.6274,35671,,0.55157,-0.0397215,,0.477072,8.95183,fluid
565,18.6011,0.89871,,1004.21,28.9821,33482,,0.364655,0.147443,,0.591856,9.33289,fluid
566,19.6459,1.93957,,1002.98,25.1207,23595.7,,0.221621,0.21333,,0.530375,8.60507,fluid
567,19.0589,1.23708,,1003.57,29.449,28336.5,,0.168761,0.0297107,,0.249091,9.04958,fluid
568,18.9412,2.80878,,1001.97,16.1819,15587.9,,0.469882,0.101011,,0.576862,7.94285,fluid
569,17.7638,3.30565,,1001.51,13.3768,11881,,0.733329,0.553024,,0.803645,9.56011,fluid
570,16.4168,4.08176,,1001.72,6.47711,13561.3,,1.45679,0.70596,,0.734107,8.31161,fluid
571,18.3503,2.08359,,1002.83,21.7281,22380.1,,0.39862,0.0458253,,0.492113,9.20465,fluid
572,15.8178,4.12776,,1001.31,5.38548,10320.6,,1.21504,0.549956,,0.366241,7.85004,fluid
573,5.8644,3.19363,,1002.86,1.68461,22605.5,,2.04445,-0.42651,,1.19146,10.3772,fluid
574,5.27677,1.4622,,1005.11,2.22082,40727.1,,1.61192,-0.220116,,0.380813,9.6639,fluid
575,2.98113,5.0184,,1000.88,1.28404,6915.66,,1.58366,-2.11133,,-0.265294,11.7483,fluid
576,14.9642,0.21692,,1005.19,17.5796,41396.8,,0.79497,-0.0247346,,0.268099,9.46214,fluid
577,16.3919,0.164953,,1005.27,22.9727,42009,,0.439533,-0.052303,,0.579781,10.7639,fluid
578,16.9086,0.311618,,1004.98,25.1726,39649,,0.441886,-0.0235417,,0.660547,9.11528,fluid
579,18.1076,0.791228,,1004.35,27.6456,34561.3,,0.390327,0.088653,,0.565734,9.22788,fluid
580,17.2984,0.675977,,1004.48,24.6408,35664.2,,0.312331,0.0138666,,0.501831,9.16687,fluid
581,19.073,0.760078,,1004.3,30.8769,34179.3,,0.287104,0.0807162,,0.608775,9.44591,fluid
582,20.5029,1.44911,,1003.35,31.7718,26571.8,,0.170952,-0.030506,,0.476667,9.05665,fluid
583,19.5974,0.833608,,1004.14,32.2204,32935.2,,0.101264,0.0931471,,0.295355,9.49654,fluid
584,17.4264,1.943,,1003,19.9005,23783.2,,0.617159,0.170198,,0.571317,8.87025,fluid
585,19.5292,2.61144,,1001.99,18.1956,15733.1,,0.28037,0.248187,,0.466376,8.45889,fluid
586,15.2825,3.24942,,1001.98,10.2348,15613.3,,1.49139,0.677448,,0.889696,8.23223,fluid
587,18.4898,2.75029,,1001.91,15.7269,15067.6,,0.467809,0.0569525,,0.589197,7.98221,fluid
588,17.3297,4.19284,,1001.5,7.15634,11851.2,,0.860979,0.586966,,0.817096,8.14442,fluid
589,4.36944,3.41167,,1002.66,3.20017,21016,,1.41011,-0.534725,,1.05199,10.9647,fluid
590,3.78991,1.65693,,1005.08,2.10465,40494.6,,1.16062,-0.290096,,1.01364,10.1616,fluid
591,3.57819,0.619171,,1006.05,3.45441,48348.5,,1.3781,-0.0925433,,1.18552,10.2775,fluid
592,17.9152,0.277031,,1004.96,28.213,39510.3,,0.386733,0.0315622,,0.517754,9.39644,fluid
593,18.3814,0.312153,,1004.87,29.9818,38789,,0.372793,-0.0379245,,0.308163,9.14981,fluid
594,17.4409,0.214041,,1005.02,27.0937,39996.9,,0.534033,-0.101425,,0.217198,9.55408,fluid
595,21.5211,1.38323,,1003.4,34.7681,26917.3,,0.0731832,-0.0496735,,0.533982,8.8322,fluid
596,19.5338,1.3741,,1003.47,29.6731,27518.1,,0.258762,0.162009,,0.529103,8.82255,fluid
597,22.5349,2.42824,,1002.11,25.4472,16629,,0.00817962,0.0229525,,0.481637,8.9667,fluid
598,20.4666,0.97108,,1003.88,34.3221,30829.8,,0.21325,-0.0975901,,0.27506,9.44145,fluid
599,21.5396,1.85623,,1002.82,29.9603,22341.4,,-0.0137142,0.0567029,,0.409263,9.07565,fluid
600,20.1208,1.85538,,1002.87,27.6103,22754.6,,0.1669,0.00209524,,0.421915,8.92159,fluid
601,19.9807,1.34241,,1003.5,31.4381,27720.2,,0.2851,-0.0615522,,0.389014,8.92649,fluid
602,17.415,3.16673,,1001.46,13.7583,11500.6,,0.949556,0.658521,,0.726265,8.79973,fluid
603,18.2145,4.22274,,1000.39,8.00859,3092.48,,0.898112,0.754806,,0.714429,7.92086,fluid
604,18.6688,3.18088,,1001.49,14.732,11764.3,,0.478885,0.490443,,0.689228,8.98038,fluid
605,13.037,2.96681,,1002.19,6.44395,17271.7,,2.15928,0.192132,,0.587263,7.37021,fluid
606,12.0873,3.35119,,1002.17,3.45322,17166.2,,2.5426,0.431016,,-0.0844023,9.18256,fluid
607,2.56686,4.5039,,1000.7,0.800784,5496.8,,1.17848,-1.75616,,0.718452,11.2885,fluid
608,18.791,0.289195,,1004.89,31.4655,38960.7,,0.293827,-0.0253799,,0.541135,9.10652,fluid
609,19.2771,0.272665,,1004.87,33.1706,38821.9,,0.265239,-0.0529383,,0.392976,9.18661,fluid
610,19.7184,0.294322,,1004.85,34.362,38610.1,,0.234315,0.0269481,,0.609561,9.22276,fluid
611,22.771,3.06128,,1001.32,18.2333,10371.1,,-0.138573,-0.0225423,,0.435554,8.80845,fluid
612,22.3782,1.95385,,1002.69,29.9741,21269.8,,-0.0175319,-0.0287465,,0.563061,9.19106,fluid
613,23.8072,1.76613,,1002.81,35.092,22231.9,,0.131026,-0.107921,,0.366498,9.22605,fluid
614,21.9375,2.35552,,1002.2,25.5129,17390.1,,-0.0237793,0.0564063,,0.39155,8.9412,fluid
615,23.5638,2.31586,,1002.17,28.201,17122.3,,0.0872441,-0.218812,,0.332923,8.85779,fluid
616,20.3282,2.53914,,1002.18,20.2148,17199,,0.129482,0.0572854,,0.556135,8.54865,fluid
617,20.5411,1.97896,,1002.7,27.1006,21377.8,,0.125399,0.0848573,,0.482987,9.01791,fluid
618,19.1309,3.15795,,1001.38,14.4511,10849.3,,0.376442,0.518023,,0.597443,9.12089,fluid
619,19.462,3.1161,,1001.43,15.6409,11249.3,,0.225854,0.471636,,0.672976,8.75294,fluid
620,15.2581,4.68622,,1000.77,4.67228,6047.08,,1.61244,1.33905,,0.692532,8.22232,fluid
621,12.7358,4.25565,,1001.45,1.61577,11407.3,,3.09793,0.809646,,0.18735,7.77862,fluid
622,17.2603,4.57759,,1000.33,4.43579,2605.3,,0.939261,0.862091,,0.640245,8.6671,fluid
623,7.37871,2.55317,,1003.57,0.785354,28323.6,,1.89768,0.196067,,1.07974,9.61649,fluid
624,21.9929,1.74766,,1002.98,31.6564,23611.3,,0.00248582,0.0303553,,0.339235,8.94169,fluid
625,20.7065,0.600453,,1004.38,36.6102,34826.6,,0.14933,-0.0703066,,0.366767,9.6176,fluid
626,23.0423,2.35248,,1002.18,26.9859,17216,,0.018094,-0.0662019,,0.41963,9.05021,fluid
627,20.2035,0.248001,,1004.85,36.3685,38657.1,,0.115607,-0.0111067,,0.405217,9.57016,fluid
628,22.9443,1.91479,,1002.67,31.9128,21089.1,,0.0233818,-0.106275,,0.292973,8.93436,fluid
629,23.926,1.24339,,1003.4,40.7493,26938.9,,-0.00204684,-0.136952,,0.123024,9.24452,fluid
630,22.5351,0.886025,,1003.92,41.3795,31151.5,,0.0409194,-0.0373469,,0.317943,9.57417,fluid
631,21.7406,2.90734,,1001.63,19.5075,12821.4,,-0.131125,0.0647209,,0.728688,8.56361,fluid
632,20.0896,3.02717,,1001.57,16.5545,12366.5,,0.192069,0.318535,,0.522787,8.45343,fluid
633,21.0028,1.36267,,1003.48,33.2394,27569.8,,0.0823143,0.0301563,,0.49203,9.10785,fluid
634,19.9027,2.35947,,1002.29,21.1935,18086.2,,0.260685,0.0940202,,0.604923,8.75333,fluid
635,20.6744,2.84837,,1001.81,17.9786,14308.6,,0.0469185,0.285109,,0.553897,8.53578,fluid
636,17.8878,4.07083,,1001.63,7.9129,12852.8,,0.972009,0.356245,,0.2105,7.97504,fluid
637,9.30005,3.97359,,1001.55,-1.0976,12237.8,,3.48015,0.0605376,,0.403758,10.0881,fluid
638,12.3692,4.42614,,1001.18,2.29933,9298.35,,3.44396,0.886283,,-0.65086,8.46339,fluid
639,7.51472,4.22027,,1001.26,0.13512,9897.48,,2.75209,-0.247725,,0.0358772,9.93171,fluid
640,21.1188,0.907343,,1003.97,36.6554,31494.5,,0.0928841,-0.0218919,,0.531031,9.13344,fluid
641,20.0433,0.763023,,1004.17,33.5841,33145.8,,0.0655383,0.0832663,,0.47429,9.30274,fluid
642,22.5195,1.46889,,1003.27,36.3904,25894,,-0.0230224,0.0655919,,0.42555,8.80681,fluid
643,20.7852,0.205702,,1004.93,38.5448,39281.6,,0.111175,-0.0682196,,0.559723,9.49971,fluid
644,23.4597,0.720121,,1004.09,43.9682,32495.8,,0.00841014,-0.018608,,0.233929,9.49413,fluid
645,23.4348,1.20372,,1003.5,40.7383,27753.7,,-0.0396367,-0.0027826,,0.448118,9.21737,fluid
646,23.3991,1.74996,,1002.85,34.6794,22550.3,,0.045233,-0.0198356,,0.290317,9.06177,fluid
647,24.8521,1.88543,,1002.68,34.8223,21201.3,,0.045605,-0.219787,,-0.010012,9.0503,fluid
648,24.3179,1.94561,,1002.58,34.2131,20365.9,,0.0953052,-0.181042,,0.184089,9.16852,fluid
649,21.4414,2.32969,,1002.22,25.3058,17576.5,,0.0605051,0.0353656,,0.508605,8.98502,fluid
650,19.7671,3.24938,,1001.42,15.3741,11208.2,,0.114063,0.297953,,0.779766,9.13081,fluid
651,20.9028,2.34242,,1002.26,23.8756,17890.8,,0.00842466,0.0388471,,0.546914,8.87286,fluid
652,18.4653,3.78842,,1002.32,11.2925,18354.3,,0.603609,-0.104048,,0.787309,7.91906,fluid
653,1.98464,1.52432,,1004.98,4.66294,39642.4,,0.807389,-0.516393,,0.555611,9.85197,fluid
654,6.59553,1.61411,,1004.88,0.95806,38843.6,,1.75352,-0.0215676,,0.553175,9.91512,fluid
655,4.76509,3.13487,,1002.83,0.678963,22411.4,,1.84553,-0.566079,,0.826865,10.3157,fluid
656,22.9665,1.37769,,1003.34,38.7132,26497.2,,0.00654784,-0.0118692,,0.286509,8.9922,fluid
657,21.5666,0.829289,,1003.99,38.7908,31702,,0.0441237,-0.0286712,,0.523895,9.43156,fluid
658,22.0501,1.22066,,1003.57,37.8036,28331.8,,-0.0107104,0.0537307,,0.3805,9.29073,fluid
659,21.3064,0.332803,,1004.71,39.9119,37517.2,,0.138797,-0.0718323,,0.0954146,9.61619,fluid
660,24.7863,0.686119,,1004.03,47.3383,32030.6,,0.0359394,-0.0819124,,0.22301,9.64779,fluid
661,23.3518,3.1313,,1001.19,17.6099,9410.05,,-0.134258,-0.210603,,0.4101,8.66204,fluid
662,23.6499,0.247885,,1004.7,46.1795,37411,,-0.10264,-0.139522,,0.290868,9.81192,fluid
663,23.7592,2.63155,,1001.9,24.1517,14979.5,,0.0674122,-0.132692,,0.0418082,9.02302,fluid
664,22.2306,2.74116,,1001.79,21.9358,14102.3,,-0.00650523,-0.0664497,,0.396193,8.9754,fluid
665,21.0214,1.85604,,1002.86,29.1716,22604,,0.106057,0.0316207,,0.462791,8.94543,fluid
666,21.1462,3.20184,,1001.29,15.8234,10168,,0.00162598,0.130202,,0.412114,8.87745,fluid
667,21.5929,3.36865,,1001.25,14.1229,9874.31,,-0.088527,0.0155168,,0.558636,8.58727,fluid
668,11.8872,4.48885,,1001.1,2.68319,8629.06,,3.51248,0.618609,,-0.606665,8.85108,fluid
669,5.22484,2.65498,,1003.8,2.51373,30158.7,,1.40091,-0.541363,,0.600963,10.2581,fluid
670,12.3182,4.79658,,1000.61,2.21934,4765.22,,3.6782,1.12835,,-0.695028,9.48371,fluid
671,1.54011,5.08029,,1000.92,1.22075,7256.63,,0.91824,-2.3652,,-0.413014,11.7944,fluid
672,23.9892,0.69006,,1004.13,44.8284,32790.3,,-0.119232,-0.10659,,0.216692,9.46119,fluid
673,21.7269,0.245715,,1004.84,40.7616,38575.4,,0.129826,0.00557422,,0.429843,9.70413,fluid
674,24.6963,0.261518,,1004.65,49.4871,36979,,-0.0198612,-0.0438662,,0.417506,9.17566,fluid
675,22.0522,0.752869,,1004.1,40.0688,32574.7,,0.137704,0.0919387,,0.269814,9.41636,fluid
676,24.3637,0.919059,,1003.77,45.2027,29928,,-0.0923823,-0.191242,,0.568921,9.38937,fluid
677,19.8209,4.05943,,1001.07,10.0835,8459.72,,0.449764,0.557432,,0.693905,8.29268,fluid
678,24.7195,2.43424,,1001.98,28.4951,15612.5,,0.0511383,-0.240175,,0.272905,8.98616,fluid
679,23.0946,2.79725,,1001.72,22.2916,13603.5,,-0.133179,-0.232059,,0.562503,9.03409,fluid
680,20.6988,3.23929,,1001.24,15.1291,9777.7,,-0.0222265,0.195583,,0.628632,9.03013,fluid
681,20.2697,3.42261,,1001.27,14.2133,9982.23,,0.0328036,0.155372,,0.738107,8.85323,fluid
682,19.0226,4.26723,,1000.44,8.43761,3447.92,,0.528788,0.81631,,0.684269,8.3444,fluid
683,18.8023,4.28446,,1000.41,8.47257,3223.35,,0.64933,0.832186,,0.631517,8.22379,fluid
684,17.6921,4.39823,,1000.38,8.208,3022.81,,1.04264,0.699874,,0.918134,8.25169,fluid
685,10.6253,1.80547,,1003.61,4.86202,28642.4,,1.5019,-0.128886,,0.654561,9.0875,fluid
686,0.822348,4.39709,,1001.57,-1.05148,12353.4,,0.626846,-1.61552,,0.866952,10.4611,fluid
687,6.41242,2.7633,,1003.38,-0.168013,26822.4,,1.49662,-0.112304,,0.556187,9.34768,fluid
688,24.3567,1.50703,,1003.12,39.449,24704.1,,0.0402497,-0.150217,,0.334208,8.86826,fluid
689,22.6753,0.314189,,1004.7,43.5254,37393.8,,0.00158705,-0.00322284,,0.370659,9.55635,fluid
690,24.189,0.239974,,1004.76,48.2746,37860.5,,0.0498923,-0.0808222,,0.559604,9.78982,fluid
691,23.125,0.247179,,1004.75,45.0836,37812.2,,-0.0772277,-0.0127681,,0.476818,9.8207,fluid
692,23.3589,3.59494,,1000.89,11.7867,7013.58,,-0.101258,-0.32819,,0.293655,9.17407,fluid
693,19.27,3.94339,,1001.77,8.45087,13961.4,,0.357143,0.372419,,0.946357,8.09817,fluid
694,21.9201,3.68955,,1000.94,10.5439,7400.4,,-0.179137,0.0612264,,0.831871,8.79178,fluid
695,24.1445,2.86621,,1001.64,21.5378,12908.7,,-0.0147047,-0.246221,,0.55365,9.07183,fluid
696,24.1993,2.33862,,1002.12,28.8644,16739.1,,0.0466651,-0.0367203,,0.215856,9.00203,fluid
697,22.9085,3.78175,,1000.75,9.9673,5923.74,,-0.162092,-0.139093,,0.711363,9.26906,fluid
698,22.5249,3.64769,,1000.93,10.8248,7297.16,,-0.10938,-0.0411258,,0.765015,8.96824,fluid
699,9.69256,3.22082,,1002.54,1.86497,20121.1,,2.65179,0.0963004,,0.333662,9.90058,fluid
700,16.9634,4.25833,,1001.14,5.28465,9000.66,,1.13721,0.957264,,0.130261,8.68445,fluid
701,13.9161,4.73587,,1000.85,2.84043,6723.24,,2.31522,1.5083,,0.442838,8.73101,fluid
702,5.68047,3.94656,,1002.37,0.766685,18735.3,,2.39323,-0.711735,,0.285216,10.6173,fluid
703,6.5751,2.166,,1003.95,1.38883,31399.2,,1.69665,0.133409,,0.730739,9.87303,fluid
704,21.2658,2.78926,,1001.84,20.1206,14541.9,,-0.118859,0.107235,,0.664586,8.52897,fluid
705,22.9666,0.818711,,1004.02,42.8808,31903.4,,0.0374499,0.0442551,,0.449351,9.37321,fluid
706,4.47555,2.68753,,1003.84,1.55625,30450.1,,1.21698,-0.452603,,0.84012,10.1613,fluid
707,24.5694,3.64154,,1000.82,12.2637,6459.04,,-0.0393779,-0.179231,,0.116117,9.1066,fluid
708,23.8903,3.23933,,1001.06,15.8014,8324.12,,-0.135495,-0.272753,,0.313429,8.61781,fluid
709,21.2163,4.03102,,1000.71,9.16993,5581.91,,0.0680471,0.26281,,1.25414,8.50897,fluid
710,20.9119,3.97267,,1000.96,9.79234,7550.71,,-0.0468744,0.327019,,1.06728,8.32363,fluid
711,24.667,2.86005,,1001.49,22.7425,11777,,0.157827,-0.106487,,-0.0177112,8.71867,fluid
712,24.0478,3.77823,,1000.65,9.62781,5148.82,,0.0400029,-0.325416,,0.223643,9.3272,fluid
713,20.1626,4.16001,,1000.83,9.42946,6509.88,,0.399091,0.622298,,0.739485,8.28608,fluid
714,24.775,1.28202,,1003.26,42.8327,25806.6,,-0.0591541,-0.213182,,0.47006,9.09518,fluid
715,20.6501,4.11157,,1000.79,9.23079,6205.91,,0.0142152,0.52032,,1.15825,8.38973,fluid
716,10.4994,3.90524,,1001.76,0.0848375,13871.7,,2.92552,0.209888,,-0.249611,9.04301,fluid
717,1.82097,4.74951,,1000.84,0.697726,6573.3,,0.820514,-2.268,,-0.415099,11.0768,fluid
718,11.5013,3.57997,,1001.47,2.30859,11602.7,,3.09575,0.635881,,0.334266,9.75708,fluid
719,4.83781,3.71054,,1002.23,1.39066,17616.9,,2.27329,-0.796167,,0.549254,9.99479,fluid
720,22.2929,3.17893,,1001.26,16.3702,9960.6,,-0.200228,-0.0118777,,0.571924,8.6036,fluid
721,8.1912,2.07546,,1003.59,1.41458,28468.4,,1.74569,0.176203,,0.762589,9.12625,fluid
722,2.85605,1.7937,,1004.65,3.74921,37000.5,,0.901368,-0.278117,,0.64914,9.91729,fluid
723,22.2293,0.277868,,1004.77,42.0781,37989.8,,-0.00824075,-0.0190413,,0.449038,9.45191,fluid
724,5.05404,1.05248,,1005.81,2.98179,46403.7,,1.46926,-0.341843,,0.744256,10.1872,fluid
725,4.21707,0.60078,,1005.88,2.01832,46944.2,,1.25948,0.141438,,0.392705,10.3335,fluid
726,24.8011,3.26225,,1001.17,16.8279,9237.82,,-0.0527398,-0.105239,,-0.157211,8.83177,fluid
727,23.8021,3.84123,,1000.6,8.72689,4704.82,,-0.0568503,-0.350309,,0.108992,9.37976,fluid
728,21.4648,4.13478,,1000.57,7.62943,4443.18,,0.0415724,0.228396,,1.40962,8.80246,fluid
729,14.7827,4.20529,,1001.13,3.21019,8906.55,,1.99627,0.553895,,0.63977,6.94181,fluid
730,24.3229,3.81147,,1000.65,9.44014,5075.66,,0.0630457,-0.262047,,0.136357,9.40482,fluid
731,5.42781,1.85457,,1004.78,1.35139,38037.5,,1.68972,-0.211376,,1.20347,10.1642,fluid
732,9.2788,0.716135,,1004.95,3.97009,39468.7,,1.37305,0.232778,,0.919982,10.1539,fluid
733,14.8448,4.77863,,1000.64,3.68203,5054.44,,1.96164,1.48342,,0.68736,8.46638,fluid
734,7.1531,2.01279,,1004.09,0.967599,32529,,1.70086,0.240725,,0.765441,9.73953,fluid
735,6.29081,4.61548,,1000.68,-0.336126,5308.17,,2.67825,-0.61822,,0.0834848,10.6373,fluid
736,6.90779,2.54008,,1003.85,1.08863,30558.5,,1.83267,0.117722,,0.530301,9.8023,fluid
737,13.7904,3.1963,,1002.24,5.30607,17722,,2.12649,0.680387,,1.04915,7.74693,fluid
738,21.9523,4.04791,,1000.55,7.87685,4354.31,,-0.0610088,0.113727,,1.03461,9.083,fluid
739,4.75887,1.78502,,1004.99,3.75544,39720.8,,1.42263,-0.51137,,1.12847,9.84047,fluid
740,41.2012,-1168.59,,996.273,0.0638497,-28924.4,,0.763023,-151.009,,-16.2353,-2.46089,fluid
741,16.6963,4.42971,,1000.48,6.27494,3781.98,,1.02523,1.09754,,0.329193,8.87831,fluid
742,22.4376,4.03275,,1000.54,7.71106,4263.28,,-0.0484316,0.00385524,,0.790765,9.21816,fluid
743,13.691,3.97024,,1000.68,8.31834,5308.77,,2.47967,0.469201,,0.204774,8.32684,fluid
744,9.48454,3.49486,,1002.06,1.3759,16256.7,,2.51982,-0.0479922,,0.231341,9.59603,fluid
745,16.1723,4.39164,,1000.61,7.26181,4799.71,,1.4153,1.04331,,0.761579,8.91138,fluid
746,19.475,4.22997,,1000.55,8.91318,4337.46,,0.452919,0.706074,,0.779898,8.59914,fluid
747,7.58037,1.60624,,1004.57,1.33638,36348.5,,1.68889,0.0943285,,0.434641,9.89278,fluid
748,2.49762,1.43742,,1005.15,4.16455,41084.3,,0.977053,-0.505931,,0.59167,10.4334,fluid
749,5.74205,1.13012,,1005.55,1.65876,44293,,1.49264,-0.247298,,0.923977,10.2476,fluid
750,12.3836,2.51339,,1002.92,7.0121,23143.6,,1.95201,0.242348,,0.169024,9.68653,fluid
751,4.23995,4.49875,,1000.75,0.137141,5908.15,,2.42673,-1.06752,,0.0259703,10.851,fluid
752,41.1102,-1168.61,,996.238,-0.0125977,-29192.9,,1.04552,-152.164,,-1.58025,1.22805,fluid
753,15.5182,4.77307,,1000.54,3.62542,4281.27,,1.62432,1.23699,,1.44184,8.47418,fluid
754,23.2277,4.11355,,1000.6,8.5968,4687.07,,-0.199255,-0.245828,,0.616318,9.39989,fluid
755,20.2883,4.46956,,1000.48,5.63257,3769.82,,0.346052,0.647747,,0.859403,8.4573,fluid
756,-94.3815,-523.721,,966.414,12.1931,-238464,,-9.93316,-101.107,,6.59266,-0.310357,fluid
757,-94.3623,-523.722,,966.414,12.1931,-238464,,-10.8737,-101.087,,-6.59266,0.310357,fluid
758,41.1099,-1168.59,,996.266,-0.0242117,-28974.4,,0.697284,-152.169,,-1.50169,-3.47595,fluid
759,41.1161,-1168.63,,996.219,-0.0185044,-29335.2,,1.26586,-152.086,,-2.62179,4.21415,fluid
760,40.9541,-1168.61,,996.223,-0.0198876,-29304.5,,0.995793,-154.08,,21.939,0.494632,fluid
761,-99.2083,-605.125,,970.27,0,-213513,,-9.97458,-108.711,,0,0,fluid
762,-94.3694,-576.074,,965.181,0,-246317,,-9.92828,-106.055,,0,0,fluid
763,10.4121,4.56264,,1000.75,1.50657,5899.84,,3.90963,0.237297,,-0.1815,10.7137,fluid
764,18.428,4.5742,,1000.37,3.91614,2871.97,,0.917953,0.774427,,0.655306,8.53572,fluid
765,7.57958,2.99563,,1002.63,-0.51901,20780.6,,2.12807,0.0116839,,0.79179,9.80655,fluid
766,8.67422,4.69696,,1000.61,0.859764,4833.1,,3.60466,-0.342813,,0.609755,9.93745,fluid
767,2.28667,3.07662,,1003,3.22004,23740.2,,0.804508,-1.14003,,0.138255,10.6107,fluid
