h/dp :,2
L2norm Pressure,KE,dp,Nparticles
36813.4,1.30982e+07,0.5,480

t,14.07
ID,x,y,,rho,drhodt,pressure,,u,v,,dudt,dvdt,type
0,-1.25,-0.25,,1006.72,0,53806.9,,0,0,,0,0,boundary
1,-0.75,-0.25,,1006.77,0,54209.9,,0,0,,0,0,boundary
2,-0.25,-0.25,,1006.75,0,54061.9,,0,0,,0,0,boundary
3,0.25,-0.25,,1006.74,0,53954.9,,0,0,,0,0,boundary
4,0.75,-0.25,,1006.72,0,53817.1,,0,0,,0,0,boundary
5,1.25,-0.25,,1006.72,0,53774,,0,0,,0,0,boundary
6,1.75,-0.25,,1006.74,0,53949,,0,0,,0,0,boundary
7,2.25,-0.25,,1006.75,0,54021.4,,0,0,,0,0,boundary
8,2.75,-0.25,,1006.66,0,53304.3,,0,0,,0,0,boundary
9,3.25,-0.25,,1006.53,0,52282.3,,0,0,,0,0,boundary
10,3.75,-0.25,,1006.51,0,52126.7,,0,0,,0,0,boundary
11,4.25,-0.25,,1006.55,0,52411,,0,0,,0,0,boundary
12,4.75,-0.25,,1006.49,0,51925.4,,0,0,,0,0,boundary
13,5.25,-0.25,,1006.39,0,51149.1,,0,0,,0,0,boundary
14,5.75,-0.25,,1006.34,0,50722.5,,0,0,,0,0,boundary
15,6.25,-0.25,,1006.31,0,50478.3,,0,0,,0,0,boundary
16,6.75,-0.25,,1006.2,0,49592.9,,0,0,,0,0,boundary
17,7.25,-0.25,,1006.06,0,48402,,0,0,,0,0,boundary
18,7.75,-0.25,,1006.06,0,48394.3,,0,0,,0,0,boundary
19,8.25,-0.25,,1006.18,0,49433.7,,0,0,,0,0,boundary
20,8.75,-0.25,,1006.33,0,50625.1,,0,0,,0,0,boundary
21,9.25,-0.25,,1006.36,0,50870.1,,0,0,,0,0,boundary
22,9.75,-0.25,,1006.27,0,50152.3,,0,0,,0,0,boundary
23,10.25,-0.25,,1006.16,0,49243.5,,0,0,,0,0,boundary
24,10.75,-0.25,,1006.09,0,48644.7,,0,0,,0,0,boundary
25,11.25,-0.25,,1006.06,0,48462.6,,0,0,,0,0,boundary
26,11.75,-0.25,,1006.08,0,48625.4,,0,0,,0,0,boundary
27,12.25,-0.25,,1006.11,0,48832.2,,0,0,,0,0,boundary
28,12.75,-0.25,,1006.13,0,49021,,0,0,,0,0,boundary
29,13.25,-0.25,,1006.14,0,49121,,0,0,,0,0,boundary
30,13.75,-0.25,,1006.12,0,48959.3,,0,0,,0,0,boundary
31,14.25,-0.25,,1006.11,0,48828.8,,0,0,,0,0,boundary
32,14.75,-0.25,,1006.1,0,48785,,0,0,,0,0,boundary
33,15.25,-0.25,,1006.08,0,48560.3,,0,0,,0,0,boundary
34,15.75,-0.25,,1006.04,0,48240.7,,0,0,,0,0,boundary
35,16.25,-0.25,,1006,0,47962.5,,0,0,,0,0,boundary
36,16.75,-0.25,,1005.94,0,47459.1,,0,0,,0,0,boundary
37,17.25,-0.25,,1005.87,0,46913.9,,0,0,,0,0,boundary
38,17.75,-0.25,,1005.81,0,46399.3,,0,0,,0,0,boundary
39,18.25,-0.25,,1005.77,0,46070.6,,0,0,,0,0,boundary
40,18.75,-0.25,,1005.74,0,45829.7,,0,0,,0,0,boundary
41,19.25,-0.25,,1005.68,0,45353.2,,0,0,,0,0,boundary
42,19.75,-0.25,,1005.62,0,44866.7,,0,0,,0,0,boundary
43,20.25,-0.25,,1005.6,0,44709.1,,0,0,,0,0,boundary
44,20.75,-0.25,,1005.59,0,44613.5,,0,0,,0,0,boundary
45,21.25,-0.25,,1005.55,0,44254.1,,0,0,,0,0,boundary
46,21.75,-0.25,,1005.49,0,43798.1,,0,0,,0,0,boundary
47,22.25,-0.25,,1005.44,0,43427.1,,0,0,,0,0,boundary
48,22.75,-0.25,,1005.42,0,43253.9,,0,0,,0,0,boundary
49,23.25,-0.25,,1005.43,0,43348.9,,0,0,,0,0,boundary
50,23.75,-0.25,,1005.47,0,43617.4,,0,0,,0,0,boundary
51,24.25,-0.25,,1005.46,0,43576.5,,0,0,,0,0,boundary
52,24.75,-0.25,,1005.43,0,43347.8,,0,0,,0,0,boundary
53,25.25,-0.25,,1005.42,0,43257.1,,0,0,,0,0,boundary
54,25.75,-0.25,,1005.43,0,43296.9,,0,0,,0,0,boundary
55,26.25,-0.25,,1005.33,0,42497.1,,0,0,,0,0,boundary
56,-1.25,-0.75,,1007.3,0,58565,,0,0,,0,0,boundary
57,-0.75,-0.75,,1007.31,0,58672.1,,0,0,,0,0,boundary
58,-0.25,-0.75,,1007.27,0,58283.1,,0,0,,0,0,boundary
59,0.25,-0.75,,1007.26,0,58222.6,,0,0,,0,0,boundary
60,0.75,-0.75,,1007.25,0,58179.1,,0,0,,0,0,boundary
61,1.25,-0.75,,1007.27,0,58308.9,,0,0,,0,0,boundary
62,1.75,-0.75,,1007.31,0,58645.7,,0,0,,0,0,boundary
63,2.25,-0.75,,1007.33,0,58822.8,,0,0,,0,0,boundary
64,2.75,-0.75,,1007.24,0,58067,,0,0,,0,0,boundary
65,3.25,-0.75,,1007.08,0,56733.1,,0,0,,0,0,boundary
66,3.75,-0.75,,1006.97,0,55836.2,,0,0,,0,0,boundary
67,4.25,-0.75,,1006.92,0,55476.3,,0,0,,0,0,boundary
68,4.75,-0.75,,1006.85,0,54853.8,,0,0,,0,0,boundary
69,5.25,-0.75,,1006.78,0,54269.8,,0,0,,0,0,boundary
70,5.75,-0.75,,1006.72,0,53793.7,,0,0,,0,0,boundary
71,6.25,-0.75,,1006.64,0,53182.4,,0,0,,0,0,boundary
72,6.75,-0.75,,1006.46,0,51702.4,,0,0,,0,0,boundary
73,7.25,-0.75,,1006.33,0,50647.4,,0,0,,0,0,boundary
74,7.75,-0.75,,1006.38,0,51049.7,,0,0,,0,0,boundary
75,8.25,-0.75,,1006.57,0,52592.1,,0,0,,0,0,boundary
76,8.75,-0.75,,1006.81,0,54531.9,,0,0,,0,0,boundary
77,9.25,-0.75,,1006.89,0,55222.7,,0,0,,0,0,boundary
78,9.75,-0.75,,1006.82,0,54600.6,,0,0,,0,0,boundary
79,10.25,-0.75,,1006.71,0,53739.8,,0,0,,0,0,boundary
80,10.75,-0.75,,1006.64,0,53187,,0,0,,0,0,boundary
81,11.25,-0.75,,1006.62,0,53015.5,,0,0,,0,0,boundary
82,11.75,-0.75,,1006.66,0,53302,,0,0,,0,0,boundary
83,12.25,-0.75,,1006.7,0,53621.6,,0,0,,0,0,boundary
84,12.75,-0.75,,1006.74,0,53953.6,,0,0,,0,0,boundary
85,13.25,-0.75,,1006.78,0,54304.8,,0,0,,0,0,boundary
86,13.75,-0.75,,1006.75,0,54065.7,,0,0,,0,0,boundary
87,14.25,-0.75,,1006.72,0,53782.3,,0,0,,0,0,boundary
88,14.75,-0.75,,1006.71,0,53721.6,,0,0,,0,0,boundary
89,15.25,-0.75,,1006.68,0,53496.5,,0,0,,0,0,boundary
90,15.75,-0.75,,1006.63,0,53112.4,,0,0,,0,0,boundary
91,16.25,-0.75,,1006.61,0,52887.3,,0,0,,0,0,boundary
92,16.75,-0.75,,1006.58,0,52650.2,,0,0,,0,0,boundary
93,17.25,-0.75,,1006.54,0,52326.8,,0,0,,0,0,boundary
94,17.75,-0.75,,1006.49,0,51929.7,,0,0,,0,0,boundary
95,18.25,-0.75,,1006.42,0,51404.7,,0,0,,0,0,boundary
96,18.75,-0.75,,1006.39,0,51086.5,,0,0,,0,0,boundary
97,19.25,-0.75,,1006.35,0,50793.4,,0,0,,0,0,boundary
98,19.75,-0.75,,1006.3,0,50381,,0,0,,0,0,boundary
99,20.25,-0.75,,1006.27,0,50162.6,,0,0,,0,0,boundary
100,20.75,-0.75,,1006.25,0,49947.5,,0,0,,0,0,boundary
101,21.25,-0.75,,1006.21,0,49636.8,,0,0,,0,0,boundary
102,21.75,-0.75,,1006.17,0,49349.6,,0,0,,0,0,boundary
103,22.25,-0.75,,1006.13,0,48984.4,,0,0,,0,0,boundary
104,22.75,-0.75,,1006.09,0,48644.8,,0,0,,0,0,boundary
105,23.25,-0.75,,1006.09,0,48652.7,,0,0,,0,0,boundary
106,23.75,-0.75,,1006.1,0,48770.2,,0,0,,0,0,boundary
107,24.25,-0.75,,1006.08,0,48616.5,,0,0,,0,0,boundary
108,24.75,-0.75,,1006.05,0,48349,,0,0,,0,0,boundary
109,25.25,-0.75,,1006.06,0,48393.3,,0,0,,0,0,boundary
110,25.75,-0.75,,1006.07,0,48538.7,,0,0,,0,0,boundary
111,26.25,-0.75,,1005.9,0,47105.4,,0,0,,0,0,boundary
112,-1.25,-1.25,,1007.92,0,63640.4,,0,0,,0,0,boundary
113,-0.75,-1.25,,1007.99,0,64194.2,,0,0,,0,0,boundary
114,-0.25,-1.25,,1007.88,0,63349,,0,0,,0,0,boundary
115,0.25,-1.25,,1007.86,0,63198.5,,0,0,,0,0,boundary
116,0.75,-1.25,,1007.91,0,63543.7,,0,0,,0,0,boundary
117,1.25,-1.25,,1007.87,0,63271,,0,0,,0,0,boundary
118,1.75,-1.25,,1007.83,0,62929.8,,0,0,,0,0,boundary
119,2.25,-1.25,,1007.9,0,63485.3,,0,0,,0,0,boundary
120,2.75,-1.25,,1007.94,0,63845.4,,0,0,,0,0,boundary
121,3.25,-1.25,,1007.9,0,63516.7,,0,0,,0,0,boundary
122,3.75,-1.25,,1007.79,0,62600.4,,0,0,,0,0,boundary
123,4.25,-1.25,,1007.64,0,61333.6,,0,0,,0,0,boundary
124,4.75,-1.25,,1007.58,0,60831,,0,0,,0,0,boundary
125,5.25,-1.25,,1007.56,0,60655.2,,0,0,,0,0,boundary
126,5.75,-1.25,,1007.5,0,60168.9,,0,0,,0,0,boundary
127,6.25,-1.25,,1007.53,0,60410.9,,0,0,,0,0,boundary
128,6.75,-1.25,,1007.45,0,59822.3,,0,0,,0,0,boundary
129,7.25,-1.25,,1007.26,0,58247,,0,0,,0,0,boundary
130,7.75,-1.25,,1007.24,0,58042.8,,0,0,,0,0,boundary
131,8.25,-1.25,,1007.37,0,59172.3,,0,0,,0,0,boundary
132,8.75,-1.25,,1007.42,0,59532.7,,0,0,,0,0,boundary
133,9.25,-1.25,,1007.33,0,58841.7,,0,0,,0,0,boundary
134,9.75,-1.25,,1007.25,0,58124.4,,0,0,,0,0,boundary
135,10.25,-1.25,,1007.21,0,57783.7,,0,0,,0,0,boundary
136,10.75,-1.25,,1007.21,0,57824.6,,0,0,,0,0,boundary
137,11.25,-1.25,,1007.22,0,57924.1,,0,0,,0,0,boundary
138,11.75,-1.25,,1007.24,0,58028.7,,0,0,,0,0,boundary
139,12.25,-1.25,,1007.25,0,58164.1,,0,0,,0,0,boundary
140,12.75,-1.25,,1007.29,0,58445.2,,0,0,,0,0,boundary
141,13.25,-1.25,,1007.34,0,58909.1,,0,0,,0,0,boundary
142,13.75,-1.25,,1007.34,0,58905.5,,0,0,,0,0,boundary
143,14.25,-1.25,,1007.29,0,58511.1,,0,0,,0,0,boundary
144,14.75,-1.25,,1007.3,0,58531,,0,0,,0,0,boundary
145,15.25,-1.25,,1007.31,0,58652.4,,0,0,,0,0,boundary
146,15.75,-1.25,,1007.27,0,58342.4,,0,0,,0,0,boundary
147,16.25,-1.25,,1007.24,0,58040.7,,0,0,,0,0,boundary
148,16.75,-1.25,,1007.23,0,58025.3,,0,0,,0,0,boundary
149,17.25,-1.25,,1007.24,0,58062.3,,0,0,,0,0,boundary
150,17.75,-1.25,,1007.21,0,57795.5,,0,0,,0,0,boundary
151,18.25,-1.25,,1007.1,0,56902.5,,0,0,,0,0,boundary
152,18.75,-1.25,,1007.03,0,56366.6,,0,0,,0,0,boundary
153,19.25,-1.25,,1007,0,56140.9,,0,0,,0,0,boundary
154,19.75,-1.25,,1006.95,0,55710.3,,0,0,,0,0,boundary
155,20.25,-1.25,,1006.91,0,55382.7,,0,0,,0,0,boundary
156,20.75,-1.25,,1006.88,0,55090.1,,0,0,,0,0,boundary
157,21.25,-1.25,,1006.85,0,54916.4,,0,0,,0,0,boundary
158,21.75,-1.25,,1006.85,0,54836,,0,0,,0,0,boundary
159,22.25,-1.25,,1006.8,0,54498.3,,0,0,,0,0,boundary
160,22.75,-1.25,,1006.76,0,54128.5,,0,0,,0,0,boundary
161,23.25,-1.25,,1006.71,0,53728.9,,0,0,,0,0,boundary
162,23.75,-1.25,,1006.61,0,52921.4,,0,0,,0,0,boundary
163,24.25,-1.25,,1006.58,0,52710.7,,0,0,,0,0,boundary
164,24.75,-1.25,,1006.68,0,53468.2,,0,0,,0,0,boundary
165,25.25,-1.25,,1006.68,0,53455.1,,0,0,,0,0,boundary
166,25.75,-1.25,,1006.57,0,52565.1,,0,0,,0,0,boundary
167,26.25,-1.25,,1006.43,0,51409.2,,0,0,,0,0,boundary
168,-0.25,0.25,,1006.22,0,49774.1,,0,0,,0,0,boundary
169,-0.25,0.75,,1005.69,0,45432,,0,0,,0,0,boundary
170,-0.25,1.25,,1005.18,0,41259.1,,0,0,,0,0,boundary
171,-0.25,1.75,,1004.74,0,37705.7,,0,0,,0,0,boundary
172,-0.25,2.25,,1004.27,0,33919,,0,0,,0,0,boundary
173,-0.25,2.75,,1003.69,0,29301.1,,0,0,,0,0,boundary
174,-0.25,3.25,,1003.04,0,24060.2,,0,0,,0,0,boundary
175,-0.25,3.75,,1002.35,0,18549.7,,0,0,,0,0,boundary
176,-0.25,4.25,,1001.66,0,13106.8,,0,0,,0,0,boundary
177,-0.25,4.75,,1001.03,0,8110.43,,0,0,,0,0,boundary
178,-0.25,5.25,,1001.1,0,8659.89,,0,0,,0,0,boundary
179,-0.25,5.75,,1000.97,0,7607.48,,0,0,,0,0,boundary
180,-0.25,6.25,,1000.75,0,5932.93,,0,0,,0,0,boundary
181,-0.25,6.75,,1000.7,0,5528.81,,0,0,,0,0,boundary
182,-0.25,7.25,,1000,0,0,,0,0,,0,0,boundary
183,-0.25,7.75,,1000,0,0,,0,0,,0,0,boundary
184,-0.25,8.25,,1000,0,0,,0,0,,0,0,boundary
185,-0.25,8.75,,1000,0,0,,0,0,,0,0,boundary
186,-0.25,9.25,,1000,0,0,,0,0,,0,0,boundary
187,-0.25,9.75,,1000,0,0,,0,0,,0,0,boundary
188,-0.75,0.25,,1006.24,0,49936.4,,0,0,,0,0,boundary
189,-0.75,0.75,,1005.73,0,45780.1,,0,0,,0,0,boundary
190,-0.75,1.25,,1005.22,0,41588.9,,0,0,,0,0,boundary
191,-0.75,1.75,,1004.7,0,37448,,0,0,,0,0,boundary
192,-0.75,2.25,,1004.21,0,33451.2,,0,0,,0,0,boundary
193,-0.75,2.75,,1003.66,0,29023.7,,0,0,,0,0,boundary
194,-0.75,3.25,,1002.99,0,23691.7,,0,0,,0,0,boundary
195,-0.75,3.75,,1002.26,0,17872,,0,0,,0,0,boundary
196,-0.75,4.25,,1001.59,0,12555.9,,0,0,,0,0,boundary
197,-0.75,4.75,,1000.95,0,7474.55,,0,0,,0,0,boundary
198,-0.75,5.25,,1001.01,0,7937.43,,0,0,,0,0,boundary
199,-0.75,5.75,,1000.89,0,7004.11,,0,0,,0,0,boundary
200,-0.75,6.25,,1000.76,0,5986.43,,0,0,,0,0,boundary
201,-0.75,6.75,,1000.7,0,5528.81,,0,0,,0,0,boundary
202,-0.75,7.25,,1000,0,0,,0,0,,0,0,boundary
203,-0.75,7.75,,1000,0,0,,0,0,,0,0,boundary
204,-0.75,8.25,,1000,0,0,,0,0,,0,0,boundary
205,-0.75,8.75,,1000,0,0,,0,0,,0,0,boundary
206,-0.75,9.25,,1000,0,0,,0,0,,0,0,boundary
207,-0.75,9.75,,1000,0,0,,0,0,,0,0,boundary
208,-1.25,0.25,,1006.19,0,49505.7,,0,0,,0,0,boundary
209,-1.25,0.75,,1005.69,0,45428.6,,0,0,,0,0,boundary
210,-1.25,1.25,,1005.16,0,41141.3,,0,0,,0,0,boundary
211,-1.25,1.75,,1004.48,0,35648.7,,0,0,,0,0,boundary
212,-1.25,2.25,,1003.86,0,30633.8,,0,0,,0,0,boundary
213,-1.25,2.75,,1003.37,0,26695.7,,0,0,,0,0,boundary
214,-1.25,3.25,,1002.77,0,21954.3,,0,0,,0,0,boundary
215,-1.25,3.75,,1002.13,0,16789.7,,0,0,,0,0,boundary
216,-1.25,4.25,,1001.46,0,11529.3,,0,0,,0,0,boundary
217,-1.25,4.75,,1000.83,0,6549.26,,0,0,,0,0,boundary
218,-1.25,5.25,,1000.28,0,2220.37,,0,0,,0,0,boundary
219,-1.25,5.75,,1000.89,0,6996.61,,0,0,,0,0,boundary
220,-1.25,6.25,,1000.8,0,6260.94,,0,0,,0,0,boundary
221,-1.25,6.75,,1000.7,0,5531.24,,0,0,,0,0,boundary
222,-1.25,7.25,,1000,0,0,,0,0,,0,0,boundary
223,-1.25,7.75,,1000,0,0,,0,0,,0,0,boundary
224,-1.25,8.25,,1000,0,0,,0,0,,0,0,boundary
225,-1.25,8.75,,1000,0,0,,0,0,,0,0,boundary
226,-1.25,9.25,,1000,0,0,,0,0,,0,0,boundary
227,-1.25,9.75,,1000,0,0,,0,0,,0,0,boundary
228,25.25,0.25,,1004.67,0,37198.3,,0,0,,0,0,boundary
229,25.25,0.75,,1003.96,0,31428.5,,0,0,,0,0,boundary
230,25.25,1.25,,1003.26,0,25803.4,,0,0,,0,0,boundary
231,25.25,1.75,,1002.49,0,19671.9,,0,0,,0,0,boundary
232,25.25,2.25,,1001.77,0,13968.3,,0,0,,0,0,boundary
233,25.25,2.75,,1001.21,0,9559.08,,0,0,,0,0,boundary
234,25.25,3.25,,1000.62,0,4877.73,,0,0,,0,0,boundary
235,25.25,3.75,,1000.91,0,7123.66,,0,0,,0,0,boundary
236,25.25,4.25,,1000.78,0,6166.42,,0,0,,0,0,boundary
237,25.25,4.75,,1000.62,0,4870.98,,0,0,,0,0,boundary
238,25.25,5.25,,1000,0,0,,0,0,,0,0,boundary
239,25.25,5.75,,1000,0,0,,0,0,,0,0,boundary
240,25.25,6.25,,1000,0,0,,0,0,,0,0,boundary
241,25.25,6.75,,1000,0,0,,0,0,,0,0,boundary
242,25.25,7.25,,1000,0,0,,0,0,,0,0,boundary
243,25.25,7.75,,1000,0,0,,0,0,,0,0,boundary
244,25.25,8.25,,1000,0,0,,0,0,,0,0,boundary
245,25.25,8.75,,1000,0,0,,0,0,,0,0,boundary
246,25.25,9.25,,1000,0,0,,0,0,,0,0,boundary
247,25.25,9.75,,1000,0,0,,0,0,,0,0,boundary
248,25.75,0.25,,1004.67,0,37145.7,,0,0,,0,0,boundary
249,25.75,0.75,,1003.94,0,31278.8,,0,0,,0,0,boundary
250,25.75,1.25,,1003.24,0,25676.7,,0,0,,0,0,boundary
251,25.75,1.75,,1002.48,0,19636.3,,0,0,,0,0,boundary
252,25.75,2.25,,1001.74,0,13746.2,,0,0,,0,0,boundary
253,25.75,2.75,,1001.05,0,8246.43,,0,0,,0,0,boundary
254,25.75,3.25,,1000.35,0,2715.15,,0,0,,0,0,boundary
255,25.75,3.75,,1000.79,0,6236.55,,0,0,,0,0,boundary
256,25.75,4.25,,1000.68,0,5385.69,,0,0,,0,0,boundary
257,25.75,4.75,,1000.6,0,4722.81,,0,0,,0,0,boundary
258,25.75,5.25,,1000.61,0,4775.38,,0,0,,0,0,boundary
259,25.75,5.75,,1000,0,0,,0,0,,0,0,boundary
260,25.75,6.25,,1000,0,0,,0,0,,0,0,boundary
261,25.75,6.75,,1000,0,0,,0,0,,0,0,boundary
262,25.75,7.25,,1000,0,0,,0,0,,0,0,boundary
263,25.75,7.75,,1000,0,0,,0,0,,0,0,boundary
264,25.75,8.25,,1000,0,0,,0,0,,0,0,boundary
265,25.75,8.75,,1000,0,0,,0,0,,0,0,boundary
266,25.75,9.25,,1000,0,0,,0,0,,0,0,boundary
267,25.75,9.75,,1000,0,0,,0,0,,0,0,boundary
268,26.25,0.25,,1004.58,0,36417.4,,0,0,,0,0,boundary
269,26.25,0.75,,1003.76,0,29871.3,,0,0,,0,0,boundary
270,26.25,1.25,,1003.09,0,24477.9,,0,0,,0,0,boundary
271,26.25,1.75,,1002.48,0,19617.7,,0,0,,0,0,boundary
272,26.25,2.25,,1001.79,0,14163,,0,0,,0,0,boundary
273,26.25,2.75,,1001.02,0,8059.97,,0,0,,0,0,boundary
274,26.25,3.25,,1000.21,0,1644.87,,0,0,,0,0,boundary
275,26.25,3.75,,999.647,0,-2771.09,,0,0,,0,0,boundary
276,26.25,4.25,,1000.66,0,5226.27,,0,0,,0,0,boundary
277,26.25,4.75,,1000.61,0,4786.94,,0,0,,0,0,boundary
278,26.25,5.25,,1000.61,0,4775.38,,0,0,,0,0,boundary
279,26.25,5.75,,1000,0,0,,0,0,,0,0,boundary
280,26.25,6.25,,1000,0,0,,0,0,,0,0,boundary
281,26.25,6.75,,1000,0,0,,0,0,,0,0,boundary
282,26.25,7.25,,1000,0,0,,0,0,,0,0,boundary
283,26.25,7.75,,1000,0,0,,0,0,,0,0,boundary
284,26.25,8.25,,1000,0,0,,0,0,,0,0,boundary
285,26.25,8.75,,1000,0,0,,0,0,,0,0,boundary
286,26.25,9.25,,1000,0,0,,0,0,,0,0,boundary
287,26.25,9.75,,1000,0,0,,0,0,,0,0,boundary
288,0.937188,3.62214,,1002.45,8.75295,19355,,-0.106404,1.50347,,0.328787,10.6628,fluid
289,0.326176,0.720173,,1005.69,22.8289,45439.3,,-0.329252,0.28284,,0.100101,9.84403,fluid
290,0.181542,0.259717,,1006.21,23.4751,49649.6,,-0.0494299,0.086389,,0.583709,10.0824,fluid
291,0.617777,1.90653,,1004.34,18.9018,34474.1,,-0.506983,0.725218,,0.539969,10.2703,fluid
292,4.23467,3.82097,,1002.03,-0.757794,15992,,-0.920861,1.4246,,-0.407015,10.9115,fluid
293,0.295419,2.50133,,1003.8,16.0759,30176.6,,0.00560766,1.06657,,0.482248,10.6485,fluid
294,3.14985,3.02074,,1003.15,4.32712,24952.5,,-0.937802,0.890431,,-0.385635,10.5793,fluid
295,1.57819,2.95721,,1003.29,11.5131,26115.3,,-0.467292,1.03343,,-0.0663431,10.3128,fluid
296,1.55636,3.51678,,1002.82,9.00784,22322.1,,-0.186771,1.22909,,0.0692061,11.1222,fluid
297,3.66194,3.77112,,1002.14,2.94728,16920.2,,-0.886505,1.18686,,-0.00993886,10.4328,fluid
298,3.31362,2.65891,,1003.79,5.04912,30058.5,,-1.08523,0.786726,,-0.0105095,9.64756,fluid
299,0.188818,1.35084,,1004.95,19.9964,39460.9,,0.0559941,0.496332,,0.350675,10.5985,fluid
300,2.91812,4.39349,,1001.82,0.710441,14356.5,,-0.396631,1.25327,,-1.07606,10.6043,fluid
301,4.333,2.29827,,1004.7,-0.911531,37402.1,,-1.30776,0.200019,,0.268585,10.4473,fluid
302,0.330794,3.55493,,1002.57,12.0426,20287.4,,0.00140085,1.09293,,-0.106623,10.5603,fluid
303,1.39349,4.79423,,1000.93,2.79068,7289.58,,-0.101458,1.56873,,-0.0719262,11.6518,fluid
304,0.256799,1.99101,,1004.55,19.2564,36204.9,,-0.303601,0.795554,,0.763133,10.1373,fluid
305,0.523058,1.11453,,1005.4,21.1589,43092.9,,-0.0645347,0.229652,,0.115471,9.66169,fluid
306,0.657444,2.74678,,1003.65,14.6827,28933.4,,-0.0732004,1.07157,,-0.0464326,10.7405,fluid
307,1.05121,2.18162,,1003.75,15.382,29743.9,,-0.595087,1.06211,,-0.00219077,10.4966,fluid
308,1.10536,3.20409,,1002.84,11.6776,22500.2,,-0.192739,1.37484,,-0.168277,10.7005,fluid
309,0.376537,3.08145,,1003.26,13.3932,25867.8,,-0.0564789,1.22163,,-0.128308,11.0516,fluid
310,0.860142,1.31076,,1005.19,19.7284,41355.4,,-0.265147,0.409654,,0.595697,10.0249,fluid
311,1.32774,0.217211,,1006.21,19.8229,49620.7,,-0.49598,0.0445248,,0.497055,9.6253,fluid
312,2.3768,3.37461,,1002.84,7.76335,22512.1,,-0.455918,1.03389,,-0.132957,10.4238,fluid
313,1.97814,2.94996,,1003.27,9.8082,25954.2,,-0.491903,1.06316,,0.219614,10.7591,fluid
314,3.22053,1.52375,,1005.26,8.01015,41944.6,,-1.32546,0.442229,,0.920997,10.0656,fluid
315,5.39452,4.85589,,1001.89,-4.04826,14935.1,,-1.27217,1.39035,,-1.26359,9.30567,fluid
316,0.571381,3.84404,,1001.97,8.54755,15560.8,,-0.0699772,1.11302,,-0.146975,11.1641,fluid
317,4.79412,4.8023,,1001.39,-2.16663,10915,,-1.25472,1.55028,,-1.2566,10.7382,fluid
318,2.08069,3.70909,,1002.33,7.3751,18451.6,,-0.482069,1.23007,,-0.45299,10.8693,fluid
319,4.43975,2.84018,,1003.68,-2.61582,29172.9,,-1.86478,0.60607,,0.27243,9.82215,fluid
320,0.707219,0.189622,,1006.28,22.7353,50242.8,,-0.173884,-0.045377,,0.674335,9.90509,fluid
321,1.62419,0.736278,,1005.71,17.3933,45592,,-0.490849,0.223198,,0.320643,10.0816,fluid
322,1.22446,0.863139,,1005.51,19.5734,43939.1,,-0.444184,0.306418,,0.324497,10.5716,fluid
323,1.09869,2.63766,,1003.49,14.3957,27683,,-0.32625,1.0269,,0.515568,10.4444,fluid
324,7.77661,0.226278,,1005.88,-28.7501,46950.8,,-1.25567,0.0418863,,0.43815,9.66825,fluid
325,2.12774,2.56616,,1003.71,11.102,29405.3,,-0.895749,0.772013,,-0.0952897,9.96779,fluid
326,1.53677,2.30932,,1003.98,13.5999,31580.8,,-0.629397,0.749395,,0.804015,10.8493,fluid
327,2.62466,2.46696,,1003.75,8.72076,29794.8,,-0.824395,0.93298,,0.485782,10.2505,fluid
328,2.24807,2.05241,,1004.23,12.0738,33639.7,,-1.12174,0.779015,,0.0891277,10.1951,fluid
329,3.54366,3.29832,,1002.83,1.69767,22427.3,,-0.881751,0.936742,,-0.28553,10.2633,fluid
330,1.78469,1.94663,,1004.69,14.345,37360.4,,-0.975504,0.44709,,0.744378,10.2222,fluid
331,1.68949,4.02479,,1001.74,5.55297,13756.3,,-0.130524,1.28187,,-0.106897,10.8505,fluid
332,3.19274,4.85931,,1000.67,1.59635,5264.81,,-0.548962,1.64673,,-0.870522,10.648,fluid
333,4.53426,3.49814,,1003.2,-3.43855,25322,,-1.13121,0.997067,,0.0466638,9.85859,fluid
334,4.00618,4.33709,,1001.82,-0.557631,14346.6,,-0.96354,1.13479,,-0.431094,9.56721,fluid
335,3.49701,4.89148,,1000.69,0.941796,5460.1,,-0.635013,1.73952,,-0.778629,10.6194,fluid
336,0.913581,0.573816,,1005.8,20.9435,46331.9,,-0.469424,0.239105,,0.215489,10.1393,fluid
337,8.89155,0.748051,,1005.21,-34.7542,41497.1,,-2.15896,0.343084,,-0.106292,8.99608,fluid
338,1.8394,0.243829,,1006.17,17.0847,49308.9,,-0.741743,0.17583,,0.684632,9.69164,fluid
339,1.13417,1.70421,,1004.5,15.9787,35826,,-0.73864,0.694169,,0.221573,10.6121,fluid
340,4.58613,0.256539,,1006.2,-3.31099,49537.7,,-1.22795,0.0991774,,0.939261,10.3926,fluid
341,2.08589,0.703915,,1005.78,15.1273,46169.9,,-0.808705,0.367539,,1.02796,9.77493,fluid
342,5.62541,0.260617,,1005.96,-12.4251,47578.5,,-1.20553,0.072547,,0.173511,9.81606,fluid
343,1.46006,1.47656,,1004.92,16.8895,39157.3,,-0.789266,0.582574,,0.916112,9.64034,fluid
344,1.82163,1.28576,,1004.94,15.7738,39364.9,,-0.845146,0.44742,,0.494569,9.96505,fluid
345,2.94209,2.08058,,1004.44,7.70123,35327.5,,-1.1068,0.657856,,-0.0391764,10.4388,fluid
346,3.78692,2.20922,,1004.44,2.38112,35297.1,,-1.27805,0.715635,,0.272531,10.0376,fluid
347,2.3887,0.176571,,1006.33,14.3193,50611.4,,-0.913138,0.0245897,,0.867504,10.4526,fluid
348,5.84897,3.85199,,1002.81,-10.4749,22274.5,,-1.62794,0.945698,,-0.916858,8.82882,fluid
349,0.849802,4.64814,,1000.98,3.8748,7731.71,,0.0376251,1.56319,,-0.0582728,11.2604,fluid
350,5.78404,5.06792,,1001.77,-6.66915,13940.5,,-1.70703,1.72602,,-0.986896,9.86195,fluid
351,2.72622,3.6971,,1002.43,5.81563,19232.9,,-0.559912,1.21467,,-0.20874,10.623,fluid
352,9.8396,3.22066,,1002.62,-24.6924,20686,,-1.86712,0.354372,,0.273146,8.41426,fluid
353,9.41328,0.746207,,1005.26,-36.3623,41898.6,,-2.04921,0.179725,,0.196002,8.80203,fluid
354,2.75128,0.459667,,1006.15,12.0157,49167.6,,-1.02418,0.0250104,,0.531683,9.5263,fluid
355,10.3101,3.22768,,1002.7,-25.159,21348.4,,-1.73096,0.0871495,,0.524499,8.41973,fluid
356,8.389,0.262383,,1005.85,-33.0988,46760.5,,-1.47213,0.00435543,,0.0895362,9.41529,fluid
357,9.3534,0.198717,,1005.85,-37.9888,46735.4,,-1.62593,0.299864,,0.595023,10.5341,fluid
358,8.59646,1.45221,,1004.65,-35.0951,37027.3,,-2.14468,0.950851,,0.285016,9.26344,fluid
359,7.28851,0.162554,,1005.82,-25.2749,46504.4,,-0.979516,-0.0322252,,0.0640724,10.1394,fluid
360,6.78784,0.464104,,1005.6,-22.5886,44732.9,,-1.25103,0.177525,,0.783948,9.76111,fluid
361,8.08939,0.565349,,1005.41,-31.7089,43130.5,,-1.48404,0.280261,,0.150217,9.78876,fluid
362,2.51583,0.940352,,1005.64,11.8777,45009.9,,-1.11447,0.243387,,0.806824,9.83792,fluid
363,6.49208,0.130739,,1006.27,-20.4627,50117.3,,-0.995424,-0.0493361,,0.352706,10.3616,fluid
364,2.52892,1.73284,,1004.66,10.7172,37122.1,,-1.08972,0.702246,,0.490347,9.94277,fluid
365,0.607446,4.48614,,1001.26,5.07739,9937.46,,-0.0707102,1.45261,,0.211855,11.1134,fluid
366,6.16372,5.32382,,1000.4,-7.28376,3180.81,,-2.08931,1.77431,,0.182893,7.6324,fluid
367,3.12023,3.71641,,1002.53,4.5789,19975.4,,-0.590922,1.25269,,-0.392509,10.4106,fluid
368,10.0058,2.48239,,1003.2,-30.1402,25339.4,,-2.09512,0.255133,,0.598705,9.00503,fluid
369,9.81412,2.1232,,1003.76,-31.1618,29876,,-2.33219,0.220745,,0.296081,8.9609,fluid
370,9.41018,1.43486,,1004.3,-33.5236,34200.9,,-2.22899,0.325145,,0.387699,9.28001,fluid
371,11.0279,3.63259,,1001.72,-20.4515,13563.5,,-1.47535,-0.334947,,0.834992,8.16702,fluid
372,11.0767,3.02318,,1002.8,-25.813,22158.4,,-1.77036,-0.317942,,-0.208749,8.70073,fluid
373,9.2993,2.02582,,1003.86,-30.3676,30632,,-2.33356,0.646216,,0.64764,9.3083,fluid
374,8.91851,1.84905,,1004.2,-31.5803,33407.2,,-2.13942,0.701217,,0.440096,8.62587,fluid
375,5.12036,0.193754,,1006.15,-9.22172,49200.2,,-1.02252,0.0436344,,1.06551,10.6595,fluid
376,3.67491,0.308122,,1006.03,4.40929,48185.4,,-1.32334,0.0828196,,0.610241,9.27815,fluid
377,5.9619,0.38323,,1005.94,-14.5886,47434.1,,-0.999023,-0.16146,,0.921589,9.61124,fluid
378,4.10675,0.255127,,1006.39,1.30961,51143,,-1.02902,-0.358978,,1.27584,10.0149,fluid
379,7.20903,0.677266,,1005.47,-24.6311,43600.5,,-1.47031,0.209832,,0.503318,9.47376,fluid
380,3.35834,2.06624,,1004.57,5.77921,36336.5,,-1.24328,0.494972,,0.60281,10.003,fluid
381,7.61108,5.2612,,1000.48,-6.67704,3752.31,,-1.78458,0.0121222,,-0.0534284,7.53934,fluid
382,5.05056,4.93805,,1000.98,-2.66495,7705.12,,-1.40449,1.65908,,-1.71046,10.6019,fluid
383,10.0461,5.43641,,1000.45,-4.31382,3514.28,,-1.69154,-0.316132,,0.850429,7.51386,fluid
384,10.1747,1.54338,,1004.17,-33.7045,33117.6,,-2.16379,0.158618,,0.360702,8.79154,fluid
385,10.476,1.11534,,1004.66,-36.693,37048.6,,-2.28944,0.0557154,,0.196327,9.35155,fluid
386,10.6806,1.58927,,1004.13,-34.6312,32853.5,,-2.10429,0.0189155,,0.203295,9.60296,fluid
387,6.95998,1.145,,1005.76,-27.0104,45960.3,,-1.45289,-0.213531,,1.52696,9.6933,fluid
388,11.7303,2.82638,,1002.88,-24.9494,22782.5,,-1.71186,-0.686122,,0.853085,9.08342,fluid
389,8.26148,3.87653,,1002.07,-16.161,16382.7,,-2.431,-0.16298,,-0.205331,9.06354,fluid
390,10.536,4.01201,,1001.57,-17.7314,12412,,-1.58851,-0.218598,,0.817127,7.94438,fluid
391,10.7311,2.49689,,1003.31,-29.904,26251.5,,-2.0811,-0.100793,,0.26726,9.17022,fluid
392,9.78709,1.61785,,1004.1,-32.7062,32550.9,,-2.11323,0.420388,,0.406312,8.63451,fluid
393,8.82999,0.26123,,1005.92,-36.4481,47322.5,,-1.44719,-0.00939353,,0.41666,10.1972,fluid
394,3.17767,0.179821,,1006.19,8.72763,49466.3,,-1.15696,0.142711,,1.00874,9.71618,fluid
395,3.68471,1.15869,,1005.81,4.15188,46416.4,,-1.41571,0.0127174,,0.672865,10.0919,fluid
396,10.9093,4.28873,,1001.66,-14.0534,13127.9,,-1.43322,-0.495982,,0.576682,8.31439,fluid
397,6.18708,3.96783,,1002.35,-15.122,18602.1,,-2.34983,1.08186,,0.225555,10.0375,fluid
398,6.99083,5.47483,,1000.28,-3.99392,2219.1,,-1.6837,0.430394,,0.228812,6.45946,fluid
399,5.55063,4.03584,,1002.07,-6.39461,16349,,-1.47466,0.840967,,-1.15234,10.9036,fluid
400,9.75889,0.912263,,1004.86,-37.2261,38708.6,,-2.40802,0.597476,,0.86534,9.81828,fluid
401,10.3308,0.231562,,1005.58,-38.137,44545.9,,-2.03013,0.207809,,0.326813,8.62751,fluid
402,11.2002,2.5627,,1003.24,-29.5969,25644.8,,-1.94357,-0.0957678,,0.539696,8.58473,fluid
403,12.5685,2.37785,,1003.13,-27.3235,24833.7,,-1.57291,-0.463033,,0.636686,9.51897,fluid
404,11.6121,2.28808,,1003.38,-29.9085,26774.8,,-2.00129,-0.439849,,0.301472,9.03046,fluid
405,11.0335,1.29491,,1004.68,-35.8242,37221,,-2.26309,-0.0908194,,0.318466,9.06778,fluid
406,12.4385,2.90361,,1002.52,-21.8933,19935.3,,-1.5359,-0.879819,,0.54202,8.94519,fluid
407,11.7775,4.38612,,1000.97,-12.3382,7666.69,,-1.35596,-0.379909,,1.2028,8.04447,fluid
408,7.93104,1.10481,,1005.54,-33.5935,44238.4,,-1.68959,0.424269,,0.544206,9.77396,fluid
409,6.74292,2.22546,,1003.94,-21.1008,31276.8,,-2.05308,-0.185674,,0.622857,8.89042,fluid
410,12.0876,3.26608,,1002.1,-20.9721,16576.6,,-1.44809,-0.640003,,0.485831,8.33897,fluid
411,4.18018,1.7864,,1005.02,-0.597098,39955.1,,-1.84533,0.296233,,1.11056,9.84901,fluid
412,8.17823,5.15942,,1000.52,-6.89722,4054.12,,-1.70314,-0.0659959,,0.69355,7.22992,fluid
413,10.599,5.25426,,1000.42,-5.27139,3297.81,,-1.62649,-0.49366,,0.948254,7.51241,fluid
414,10.8297,5.23502,,1000.41,-5.50691,3250.02,,-1.54593,-0.588054,,0.999187,7.49611,fluid
415,1.22044,4.09999,,1001.54,5.88377,12135.2,,-0.0458482,1.34502,,0.0558747,10.5385,fluid
416,10.9058,0.738065,,1005.02,-38.3681,40008.8,,-2.08216,0.0768277,,0.757814,9.83172,fluid
417,10.144,0.82356,,1004.95,-36.9224,39435.8,,-2.17768,0.000242872,,0.303626,9.45139,fluid
418,11.365,1.83046,,1003.8,-33.0106,30200.3,,-2.08324,-0.328334,,0.198207,9.32729,fluid
419,11.3741,0.729493,,1005.06,-37.7313,40280.1,,-2.03184,-0.257085,,0.37659,9.64457,fluid
420,11.8941,1.89252,,1003.77,-31.3408,29886.1,,-1.94524,-0.298442,,0.452202,9.20161,fluid
421,12.1047,2.4685,,1003.13,-27.1458,24832.4,,-1.78574,-0.371115,,0.297322,9.09101,fluid
422,12.7983,3.85927,,1002.32,-15.6496,18354.3,,-0.998168,-1.11262,,1.01432,8.54616,fluid
423,4.43567,1.097,,1005.7,-2.47045,45500.8,,-1.65015,0.189006,,0.228412,9.1935,fluid
424,13.2804,3.66163,,1001.64,-14.154,12943.7,,-1.19817,-0.83274,,1.26681,9.24409,fluid
425,12.4845,3.35727,,1001.82,-20.2845,14382.3,,-1.29754,-0.582222,,0.94321,8.68711,fluid
426,8.40057,4.54644,,1001.23,-11.1001,9650.48,,-2.05635,-0.243719,,0.110004,8.1755,fluid
427,8.4408,1.01254,,1005.56,-33.3332,44373.1,,-1.59745,0.377313,,0.00804137,9.12145,fluid
428,11.2948,4.08283,,1001.65,-15.2686,13011.3,,-1.27401,-0.672575,,1.05262,7.94191,fluid
429,8.66697,5.34051,,1000.58,-4.77806,4587.23,,-1.49786,-0.0471098,,0.588979,7.76315,fluid
430,2.06499,4.81298,,1000.89,2.44293,7012.86,,-0.434605,1.60635,,-0.202373,11.9301,fluid
431,8.44029,5.57568,,1000.44,-3.50145,3487.68,,-1.49834,-0.034961,,0.488981,7.45298,fluid
432,11.1462,0.175714,,1005.59,-38.0878,44618.5,,-2.10749,-0.020186,,-0.0273665,9.48737,fluid
433,10.6303,0.44337,,1005.45,-38.9183,43469.3,,-2.11123,-0.0616411,,1.07007,8.99299,fluid
434,11.4639,1.34057,,1004.36,-35.0581,34661.4,,-2.38248,-0.282632,,0.430321,9.47604,fluid
435,12.1005,1.52831,,1004.14,-32.4693,32880.8,,-2.09402,-0.241284,,0.440895,9.39444,fluid
436,12.5142,2.00474,,1003.6,-29.7927,28563.4,,-1.97676,-0.643268,,0.00326563,8.94609,fluid
437,13.6668,2.30835,,1003.22,-22.2339,25492,,-1.09905,-0.703058,,0.254352,9.7185,fluid
438,13.9637,3.0692,,1002,-15.9626,15779.5,,-1.07457,-0.763022,,0.99297,8.82574,fluid
439,14.1999,3.83455,,1001.65,-12.7406,13044.2,,-0.742478,-1.1181,,0.54468,9.63798,fluid
440,9.29352,3.75233,,1002.34,-21.8985,18508.9,,-1.76822,0.43466,,0.727978,8.2976,fluid
441,7.12195,4.47911,,1001.19,-9.37111,9405.03,,-2.38369,1.00571,,0.756246,8.47311,fluid
442,5.89821,1.36496,,1005.5,-14.1691,43866.6,,-1.82138,-0.152248,,1.09803,10.1104,fluid
443,8.7744,4.63493,,1001.23,-10.5648,9685.61,,-2.12233,-0.271975,,0.362988,8.24227,fluid
444,5.32157,3.65605,,1002.59,-6.03822,20460.5,,-1.60433,0.800455,,0.029223,8.43,fluid
445,2.41808,4.71451,,1000.99,3.61402,7797.94,,-0.511366,1.52912,,-0.512209,11.5119,fluid
446,4.42866,4.62936,,1001.88,-1.7264,14831.3,,-1.0696,1.35437,,-0.727871,10.1496,fluid
447,3.87942,2.71316,,1004.13,1.37002,32780.1,,-1.36468,0.88164,,0.25691,10.2238,fluid
448,11.6205,0.270789,,1005.54,-37.5352,44168.7,,-1.77698,-0.199136,,0.6702,9.33327,fluid
449,12.2226,0.155351,,1005.67,-37.4363,45233.3,,-1.69559,0.0018405,,0.390141,10.0703,fluid
450,11.9539,0.630996,,1005.19,-36.9203,41365.3,,-1.95325,-0.0191959,,0.157568,9.22279,fluid
451,13.9397,2.66364,,1002.57,-18.0569,20290.1,,-1.17792,-0.990244,,0.649921,9.69026,fluid
452,13.1912,2.04873,,1003.44,-25.9844,27262.3,,-1.76453,-0.560855,,0.424489,8.70355,fluid
453,13.8663,1.96665,,1003.61,-24.6059,28647.5,,-1.25565,-0.617609,,0.978378,8.90655,fluid
454,15.2473,2.46404,,1002.63,-14.6625,20834.8,,-0.709973,-0.89259,,0.84266,9.87082,fluid
455,15.2328,3.93947,,1000.43,-11.4847,3401.89,,-0.336601,-1.2373,,1.20589,9.37386,fluid
456,13.1778,2.5087,,1003.06,-23.1002,24267,,-1.25652,-0.655384,,0.873918,9.10404,fluid
457,13.0178,2.82175,,1002.72,-21.1014,21536,,-1.34933,-0.899769,,0.559226,9.55663,fluid
458,13.0356,3.30395,,1002.03,-18.0265,16019.6,,-1.28697,-1.05455,,0.655471,8.91513,fluid
459,8.03058,4.19818,,1001.38,-13.3918,10892,,-2.67375,0.0874539,,0.113185,8.24635,fluid
460,7.0925,3.10432,,1003.27,-17.2133,25910.9,,-2.58552,0.330407,,0.828541,8.85688,fluid
461,4.24374,4.91361,,1000.73,-1.44045,5745.93,,-1.31833,1.75608,,-1.20377,11.0022,fluid
462,5.6349,5.31649,,1000.29,-2.09737,2315.59,,-1.7513,1.89037,,-1.33782,8.91243,fluid
463,7.72111,5.73997,,1000.37,-2.41419,2927.25,,-1.07678,-0.0993993,,0.192368,6.8011,fluid
464,11.8238,1.08629,,1004.66,-36.0232,37095.6,,-2.06341,-0.240546,,0.37325,9.34238,fluid
465,12.7194,0.336748,,1005.4,-35.6449,43061.4,,-1.56446,-0.0402787,,0.564526,9.05651,fluid
466,12.4259,0.713213,,1005.09,-36.4231,40577.8,,-1.90459,-0.0491869,,0.224228,9.45834,fluid
467,14.7723,2.73275,,1002.17,-15.602,17114.7,,-0.722759,-0.81143,,1.12717,8.71589,fluid
468,15.1471,3.0691,,1002.12,-11.0919,16769.7,,-0.362216,-1.14287,,1.41383,9.46119,fluid
469,14.3754,2.40584,,1002.85,-19.8109,22575.3,,-0.925302,-0.706467,,0.726232,9.88151,fluid
470,14.4127,3.67902,,1002.08,-11.3354,16441.1,,-0.688062,-1.47678,,1.88331,9.26773,fluid
471,15.5011,3.56931,,1002.08,-8.38588,16395.9,,-0.269451,-0.973669,,1.22283,9.50633,fluid
472,13.4803,4.69396,,1000.38,-3.82035,3012.6,,-0.810686,-1.17661,,1.65926,8.29835,fluid
473,11.6361,5.03042,,1000.41,-5.6348,3185.51,,-1.49976,-0.891579,,1.28701,7.68315,fluid
474,13.5387,3.1648,,1001.87,-17.7735,14770.5,,-1.21818,-0.890113,,0.638752,8.37806,fluid
475,14.863,3.40801,,1002.2,-11.6642,17419.4,,-0.441411,-1.23672,,1.42775,10.1411,fluid
476,13.5019,4.32095,,1000.79,-8.49269,6235.04,,-1.18584,-0.866124,,1.4951,8.3511,fluid
477,9.75973,4.53298,,1001.02,-11.7077,8064.48,,-1.60465,0.033232,,0.324126,8.03894,fluid
478,6.20605,4.54813,,1001.66,-1.90637,13060.2,,-1.39106,0.690629,,-0.441843,9.16348,fluid
479,6.56665,5.71291,,1000.52,-1.18005,4126.33,,-2.08412,0.972341,,0.107536,8.02688,fluid
480,14.4906,2.08671,,1003.39,-20.5211,26840.2,,-0.960125,-0.748294,,1.09232,9.4052,fluid
481,12.4209,1.21807,,1004.42,-33.6602,35182.9,,-2.0184,-0.226789,,0.399416,9.54765,fluid
482,15.0448,2.05256,,1003.36,-17.7048,26597.2,,-0.875769,-0.570843,,0.582592,9.43257,fluid
483,16.1906,3.11607,,1001.85,-7.82037,14604.1,,-0.182693,-0.932848,,1.69954,9.28394,fluid
484,15.0721,1.591,,1003.85,-20.3125,30557.6,,-1.02568,-0.550975,,0.621924,9.85157,fluid
485,15.5502,2.11766,,1003.12,-14.9292,24740.3,,-0.528482,-0.750901,,1.18618,9.75083,fluid
486,15.8449,2.61099,,1002.23,-11.808,17646.8,,-0.375151,-0.764532,,1.0569,9.3758,fluid
487,8.36473,3.03706,,1003.18,-26.1586,25182.2,,-2.41681,0.704053,,0.132309,8.10639,fluid
488,8.74573,2.65102,,1003.22,-27.7208,25494.4,,-2.28091,1.03761,,0.549596,8.27763,fluid
489,8.65409,2.27127,,1003.66,-29.8442,29057.5,,-2.12022,0.972124,,0.306372,8.94006,fluid
490,6.29719,0.752707,,1005.78,-20.3235,46135.6,,-1.39005,-0.153976,,0.308067,9.4536,fluid
491,4.88911,0.670352,,1005.75,-5.92943,45892,,-1.72967,-0.102672,,0.562999,10.0791,fluid
492,5.57358,2.43412,,1004.34,-13.1114,34542.3,,-2.11146,0.512686,,-0.686949,9.98079,fluid
493,5.06612,1.48657,,1005.29,-7.83918,42144.1,,-2.00664,0.121111,,0.781744,9.47487,fluid
494,7.62954,3.54334,,1002.67,-18.2478,21128.1,,-3.04748,0.362822,,-0.00998072,9.45751,fluid
495,3.88808,5.16258,,1000.61,-0.372478,4822.92,,-0.858194,1.81379,,-1.11469,10.7907,fluid
496,12.8928,0.911372,,1004.82,-33.5137,38345.3,,-1.86709,-0.338351,,0.453127,9.53931,fluid
497,12.7834,1.68261,,1004.02,-30.1944,31941.5,,-1.71038,-0.357471,,0.569632,9.2609,fluid
498,16.9891,2.11702,,1002.85,-8.00043,22591.1,,-0.128665,-0.384833,,1.37158,9.97244,fluid
499,14.7971,1.20704,,1004.32,-22.9269,34346.9,,-1.1628,-0.356294,,0.727707,9.58653,fluid
500,15.8237,1.80098,,1003.59,-14.3033,28441.1,,-0.60626,-0.595654,,1.03308,9.73706,fluid
501,15.5095,1.40495,,1003.98,-19.554,31625.3,,-0.881109,-0.434285,,1.19828,9.7109,fluid
502,14.5179,3.06145,,1002.23,-14.7438,17633.5,,-0.997269,-1.13329,,0.470669,9.25425,fluid
503,16.3083,2.05822,,1003.14,-11.7415,24837.7,,-0.360598,-0.540192,,1.18932,9.64249,fluid
504,7.18689,2.4753,,1003.83,-24.7577,30376.8,,-2.13787,0.0176801,,0.532455,8.54028,fluid
505,7.68031,4.36453,,1001.83,-12.6694,14472.5,,-2.29805,0.234085,,0.115641,8.03677,fluid
506,9.3232,2.5737,,1003.3,-28.5216,26195.6,,-1.92815,0.414685,,0.223576,8.14005,fluid
507,6.27675,2.65665,,1003.89,-12.5932,30888.7,,-2.40128,0.143803,,0.517445,10.614,fluid
508,9.19469,3.4042,,1002.62,-23.9595,20733.9,,-1.9707,0.345469,,0.751812,7.97584,fluid
509,10.3129,4.54296,,1001.32,-11.6331,10387.7,,-1.52974,-0.0984534,,0.963761,8.05479,fluid
510,8.40065,3.49108,,1003.11,-22.3862,24619.1,,-2.31356,0.424193,,0.455013,8.32061,fluid
511,5.24187,0.859207,,1005.87,-9.6397,46895.7,,-1.26705,-0.269516,,0.573805,9.66139,fluid
512,13.5581,1.22175,,1004.43,-30.078,35231.3,,-1.5972,-0.436451,,0.531616,9.19712,fluid
513,13.233,0.15152,,1005.71,-34.7802,45576.3,,-1.39298,-0.0627898,,0.490368,10.5085,fluid
514,13.5667,1.59195,,1003.98,-28.9833,31591.9,,-1.65144,-0.274686,,0.455467,10.0077,fluid
515,15.2925,0.990186,,1004.59,-21.5747,36545.5,,-0.98591,-0.350507,,0.691652,9.35664,fluid
516,14.3565,0.965112,,1004.62,-27.025,36785.6,,-1.32127,-0.246496,,0.779327,9.69613,fluid
517,16.2988,1.62047,,1003.67,-12.7861,29131.4,,-0.566048,-0.50899,,0.984321,9.57627,fluid
518,17.1196,2.80316,,1002.14,-5.58789,16907.8,,-0.0739116,-0.613285,,1.1835,9.97202,fluid
519,16.9775,1.7639,,1003.34,-8.84505,26480.9,,-0.13723,-0.597698,,1.05098,9.83274,fluid
520,16.2538,2.50834,,1002.44,-10.4192,19250.2,,-0.478251,-0.746894,,1.04877,9.79164,fluid
521,6.49955,1.11005,,1005.6,-24.1721,44719.4,,-1.82407,0.105553,,0.245586,9.89119,fluid
522,9.29354,4.23449,,1001.62,-15.6639,12809.4,,-1.9863,0.154222,,0.7929,8.30948,fluid
523,10.3832,2.085,,1003.62,-32.0596,28732.1,,-2.2234,0.0173482,,0.378322,8.85733,fluid
524,10.372,2.83572,,1002.93,-26.7548,23211.4,,-1.91743,0.0562308,,0.79398,8.2212,fluid
525,4.73687,2.04928,,1004.6,-4.04098,36606.1,,-1.73411,0.440234,,0.404239,9.54149,fluid
526,5.03144,2.49697,,1003.78,-6.58693,30012.5,,-2.02371,0.467297,,0.0419005,9.55804,fluid
527,7.78046,3.26006,,1002.93,-24.6288,23227.5,,-2.76004,0.475581,,0.354903,8.48391,fluid
528,13.0463,1.35296,,1004.17,-31.0609,33120.2,,-1.72315,-0.236232,,0.437656,9.37423,fluid
529,13.2657,0.618412,,1005.25,-32.5341,41857.2,,-1.67388,-0.088511,,0.380378,9.65245,fluid
530,14.4466,1.66781,,1003.98,-23.3309,31617.4,,-1.11157,-0.564359,,0.822888,9.31679,fluid
531,16.6869,1.36959,,1003.89,-12.7812,30848.6,,-0.485624,-0.370964,,1.21457,9.8926,fluid
532,13.7118,0.79908,,1005.05,-30.5476,40278,,-1.6149,-0.236776,,0.819082,9.47385,fluid
533,18.3858,1.89965,,1003.04,-2.49985,24062,,-0.0327764,-0.316749,,0.502148,10.031,fluid
534,17.0286,3.39136,,1001.25,-4.19061,9818.72,,0.0823654,-0.701395,,1.20608,9.87779,fluid
535,15.9478,1.1797,,1004.28,-16.7445,34049.1,,-0.647448,-0.225854,,0.993351,9.75367,fluid
536,17.7208,2.17119,,1002.59,-5.0648,20449.6,,0.0275777,-0.365616,,1.44218,9.81061,fluid
537,15.5685,2.91622,,1001.91,-10.536,15085.7,,-0.536424,-0.898943,,1.27811,9.49056,fluid
538,12.3619,4.10066,,1001.5,-14.8181,11851.2,,-1.2495,-0.966896,,0.736781,8.71302,fluid
539,10.6028,3.49615,,1002.16,-22.9082,17043,,-1.74438,-0.0569802,,0.988397,8.30937,fluid
540,5.2853,1.9739,,1004.45,-8.85905,35392.6,,-1.92533,-0.26134,,1.12454,9.34039,fluid
541,8.3185,1.94725,,1004.3,-32.0191,34165.1,,-2.03483,0.661543,,0.0643045,9.324,fluid
542,7.29616,3.93716,,1001.88,-13.6212,14798.8,,-2.76207,0.145836,,1.05147,8.01245,fluid
543,9.58104,2.85599,,1002.82,-27.9344,22299.8,,-1.91629,0.445079,,0.710366,8.63222,fluid
544,14.1344,1.35575,,1004.15,-27.0893,33011.2,,-1.63112,-0.284639,,0.11709,9.56744,fluid
545,13.785,0.267519,,1005.49,-31.5215,43822,,-1.18316,-0.0118132,,0.775321,9.31447,fluid
546,14.3943,0.191815,,1005.56,-28.4439,44337.7,,-0.970577,-0.0447459,,0.752644,9.74746,fluid
547,15.9659,0.71816,,1004.76,-17.8155,37925.6,,-0.655724,-0.312996,,1.31165,9.69951,fluid
548,14.2189,0.581098,,1005.13,-28.9018,40885.6,,-1.46228,-0.0629701,,0.442451,9.36511,fluid
549,17.2846,1.32803,,1003.95,-8.13418,31403.9,,-0.425414,-0.247057,,1.06127,9.6665,fluid
550,17.911,1.51867,,1003.5,-4.77167,27727.8,,-0.067419,-0.265757,,1.6398,10.3172,fluid
551,18.3224,2.31238,,1002.46,-2.16531,19417.3,,0.0556918,-0.314239,,1.1316,10.0398,fluid
552,17.5812,1.78349,,1003.23,-5.73177,25591.6,,-0.262643,-0.372235,,0.957969,9.96282,fluid
553,16.6387,2.99889,,1001.78,-6.51046,14027.3,,0.062973,-0.843542,,1.44291,10.007,fluid
554,3.06681,0.765859,,1005.83,8.43785,46543.5,,-1.2329,0.343308,,1.23789,10.6522,fluid
555,12.8711,4.33043,,1001.22,-14.3056,9587.64,,-0.931937,-0.875281,,1.67398,9.17426,fluid
556,6.93129,4.6505,,1001.87,-10.836,14773.2,,-2.21649,0.940564,,-1.07845,9.75601,fluid
557,6.85742,3.38675,,1002.67,-12.1636,21125.6,,-2.39587,-0.242943,,-0.197291,8.82913,fluid
558,11.8591,5.03162,,1000.48,-4.88947,3749.97,,-1.4046,-1.07274,,1.61891,7.86438,fluid
559,5.71214,0.900227,,1005.49,-13.6904,43801,,-1.90992,0.171724,,0.826388,8.76164,fluid
560,14.9433,0.252204,,1005.55,-25.0733,44268.7,,-0.934657,-0.0325696,,0.753307,9.82467,fluid
561,15.5206,0.192129,,1005.47,-21.6017,43649.5,,-0.752492,0.00311633,,1.08831,9.53233,fluid
562,15.5599,0.563591,,1005.04,-21.1667,40178.5,,-1.02531,0.0224608,,0.556886,9.88785,fluid
563,17.7575,1.09998,,1004.16,-6.3757,33077.9,,-0.183764,-0.161196,,0.899582,10.0442,fluid
564,16.4786,0.978463,,1004.39,-13.9835,34921.3,,-0.681382,-0.326939,,0.751083,9.6099,fluid
565,18.2408,0.882778,,1004.29,-3.55674,34081,,-0.261325,-0.22617,,0.960406,9.8694,fluid
566,18.6597,1.6473,,1003.32,-1.23919,26309.2,,0.0657189,-0.183155,,1.74397,9.87269,fluid
567,18.4641,1.29487,,1003.73,-2.01178,29571.7,,-0.0863096,-0.185425,,1.0696,9.6104,fluid
568,18.06,2.63454,,1002.1,-2.83001,16593.4,,0.166653,-0.378579,,1.30912,10.1267,fluid
569,16.51,3.69385,,1000.91,-3.63893,7144.78,,-0.0703684,-0.989675,,1.69342,10.1725,fluid
570,14.3761,4.35879,,1000.48,-4.9929,3773.61,,-0.842221,-1.81739,,1.79427,9.91374,fluid
571,17.4336,2.4947,,1002.32,-5.35497,18331.9,,-0.142619,-0.605093,,1.00905,9.8784,fluid
572,13.8654,4.49931,,1000.46,-4.15945,3629.86,,-0.972459,-1.38609,,1.58132,8.851,fluid
573,6.54855,3.78144,,1002.7,-15.222,21331.6,,-2.09128,0.409909,,0.0706783,8.01066,fluid
574,6.26162,2.06751,,1004.07,-18.5057,32367.2,,-2.3472,-0.197669,,0.842351,8.71504,fluid
575,2.84647,4.98866,,1000.66,1.86811,5196.95,,-0.717907,1.57241,,-0.933282,11.1708,fluid
576,14.8789,0.674642,,1005.05,-24.07,40205.4,,-1.2506,-0.1726,,0.720994,9.65617,fluid
577,16.1844,0.217116,,1005.46,-16.075,43571.6,,-0.663022,-0.0212449,,0.592111,9.5855,fluid
578,16.5388,0.514336,,1005.03,-14.2502,40056.7,,-0.591073,-0.244791,,0.870779,9.73017,fluid
579,17.6942,0.67588,,1004.76,-7.0309,37908,,-0.306004,-0.0878385,,0.940119,9.73216,fluid
580,17.0369,0.921454,,1004.4,-10.7396,34950.6,,-0.417287,-0.256451,,1.21807,9.83015,fluid
581,18.5462,0.598805,,1004.59,-1.80039,36549,,-0.0303679,0.00322232,,1.02617,9.92326,fluid
582,20.0021,1.6678,,1003.08,4.80513,24385.9,,0.274416,-0.0587891,,0.475979,10.0268,fluid
583,19.1142,0.67453,,1004.5,1.23603,35782.8,,-0.1131,-0.176026,,0.8216,10.1854,fluid
584,16.7051,2.4873,,1002.41,-8.2305,19086.4,,-0.270469,-0.777298,,1.4155,9.96964,fluid
585,18.806,2.45406,,1002.2,-0.567311,17381.5,,0.181714,-0.39983,,1.05889,10.4027,fluid
586,13.7361,3.55521,,1002.03,-15.0417,15997.4,,-0.891847,-1.25651,,0.703815,9.70652,fluid
587,17.7497,2.91125,,1001.94,-3.60019,15298.8,,0.000125744,-0.478457,,1.35741,10.216,fluid
588,15.6767,4.2126,,1000.45,-2.07589,3539.31,,0.00641917,-1.44349,,1.58275,9.25803,fluid
589,4.89227,2.92689,,1003.32,-7.11924,26343.6,,-1.633,0.979904,,0.146746,10.2042,fluid
590,4.65202,1.39373,,1005.58,-4.59248,44504.3,,-1.78213,-0.0531526,,0.59046,10.6045,fluid
591,3.57743,0.772081,,1006.14,5.34524,49122.3,,-1.3276,0.00144063,,0.591835,9.8222,fluid
592,17.1884,0.48172,,1004.97,-9.8611,39586.6,,-0.328598,-0.0898741,,1.37722,9.834,fluid
593,17.6692,0.241844,,1005.21,-6.80355,41500.4,,-0.173009,0.00267372,,0.657539,9.26997,fluid
594,16.8922,0.17552,,1005.36,-12.5401,42773.8,,-0.337367,0.0160521,,1.02633,9.94935,fluid
595,20.9166,1.15801,,1003.6,9.79785,28547.7,,0.234528,0.0252448,,0.821379,10.2572,fluid
596,18.9643,1.10144,,1003.93,0.728426,31178.8,,-0.120604,-0.0976505,,0.754765,10.0744,fluid
597,21.9922,2.15842,,1002.2,8.51589,17358.2,,0.287136,0.00981272,,0.75455,10.3451,fluid
598,19.6199,1.21023,,1003.68,3.93145,29213,,-0.0473962,-0.106765,,1.66301,9.85457,fluid
599,21.0848,1.60375,,1003.1,8.55651,24541.5,,0.147495,-0.0278017,,0.526709,10.0003,fluid
600,19.2178,1.79237,,1002.9,2.04036,22974.6,,0.169396,-0.30802,,0.838314,10.4909,fluid
601,19.3809,1.4816,,1003.38,2.33292,26769.2,,0.0909563,-0.155705,,0.908279,10.0985,fluid
602,15.9947,3.38979,,1002.04,-7.63763,16119.3,,0.037278,-1.04875,,1.18913,10.2673,fluid
603,16.771,3.96303,,1000.62,-2.40934,4897.76,,0.228406,-1.01806,,1.44581,10.3448,fluid
604,17.4978,3.30574,,1001.48,-4.16772,11630.7,,0.175365,-0.522174,,1.59398,10.2249,fluid
605,11.7168,3.64701,,1001.99,-18.7734,15736.9,,-1.30199,-0.657223,,0.275872,8.11657,fluid
606,10.0714,4.09894,,1001.7,-17.7188,13426.6,,-1.67065,-0.0311435,,0.669294,8.10371,fluid
607,2.34718,4.14582,,1001.52,4.37793,11963.6,,-0.192433,1.11452,,-0.64801,10.7276,fluid
608,18.1591,0.229463,,1005.13,-4.08783,40881.5,,-0.174767,-0.0293228,,1.32508,10.1107,fluid
609,18.7743,0.233466,,1005.15,0.111419,41008.8,,0.00399793,-0.112641,,0.906314,9.69754,fluid
610,19.3511,0.229321,,1005.03,3.02683,40099.1,,0.0252087,-0.0651886,,0.878815,10.105,fluid
611,22.392,2.46637,,1001.7,7.02558,13385.3,,0.156467,0.0703118,,0.594247,10.6828,fluid
612,21.9679,1.67812,,1002.76,11.346,21861.4,,0.324546,-0.0428486,,0.589004,10.4584,fluid
613,23.4356,1.67347,,1002.67,14.4548,21139.5,,0.242219,0.088722,,0.434397,10.1822,fluid
614,21.5017,2.00291,,1002.48,7.95929,19594,,0.138115,-0.0169716,,0.90855,10.4597,fluid
615,22.9778,1.80266,,1002.64,12.3907,20912.9,,0.0430884,0.0213727,,0.799063,10.8482,fluid
616,19.5803,2.4134,,1002.12,2.02514,16737.9,,0.317877,-0.194087,,1.12261,10.3205,fluid
617,19.8537,2.07242,,1002.68,3.27917,21217.3,,0.263205,-0.148859,,0.974358,10.0737,fluid
618,18.2585,3.21278,,1001.31,-1.42521,10314.1,,0.145451,-0.521425,,1.35378,10.1711,fluid
619,18.5896,2.86552,,1001.56,-0.775964,12337,,0.0923752,-0.397351,,1.41118,10.2193,fluid
620,12.6843,4.88012,,1000.42,-3.73364,3262.86,,-0.919361,-1.40404,,1.32258,8.44217,fluid
621,10.2244,5.00175,,1000.64,-8.25175,5023.23,,-1.52132,-0.294378,,0.721387,7.7276,fluid
622,15.3724,4.49505,,1000.6,-2.10177,4724.59,,0.0208047,-1.78109,,1.25124,9.96299,fluid
623,7.96274,1.61101,,1004.94,-32.6553,39310.2,,-2.09954,0.309332,,0.453742,9.92069,fluid
624,21.5253,1.43073,,1003.24,10.2039,25643,,0.130693,0.111963,,0.786888,10.0196,fluid
625,20.1201,1.00576,,1003.94,6.11456,31319.5,,-0.0567659,-0.0676943,,0.326748,10.0177,fluid
626,22.5835,2.09948,,1002.37,9.26296,18697,,0.222721,0.145294,,0.470611,10.4291,fluid
627,19.8718,0.25084,,1004.88,5.99749,38882.9,,0.155999,0.213308,,0.655137,9.56361,fluid
628,22.442,1.57802,,1002.95,13.2463,23378.5,,0.160497,0.0607562,,0.379839,10.205,fluid
629,23.7021,1.30494,,1002.95,17.6721,23384.1,,0.0165402,-0.199407,,0.246473,10.1348,fluid
630,22.1123,0.788066,,1004.11,14.6875,32634.2,,-0.0108114,-0.0681135,,0.846767,9.82226,fluid
631,21.2848,2.46866,,1001.8,5.98216,14207.7,,0.364745,-0.0426684,,0.651947,10.6966,fluid
632,19.2686,2.7753,,1001.61,0.921602,12707.3,,0.10907,-0.381217,,1.26162,10.2376,fluid
633,20.4272,1.2979,,1003.43,7.33576,27158.9,,0.0598889,-0.299768,,1.09394,10.3465,fluid
634,19.1236,2.21854,,1002.39,0.693371,18909,,0.0481495,-0.205756,,1.24207,10.0151,fluid
635,20.0259,2.63288,,1001.75,2.33109,13840.1,,0.106926,-0.226996,,1.0146,10.3466,fluid
636,16.1698,4.01066,,1000.45,-4.19195,3564.5,,0.000535249,-1.05709,,1.86874,9.61283,fluid
637,7.77182,4.96295,,1001.59,-8.04595,12540.1,,-1.84426,-0.158426,,-0.0105488,7.95273,fluid
638,9.70492,5.14945,,1000.75,-6.65928,5883.68,,-1.89978,-0.18434,,0.534742,7.93335,fluid
639,6.85885,4.13804,,1001.91,-12.4617,15106.2,,-2.48201,0.642505,,0.13352,8.89527,fluid
640,20.5829,0.699916,,1004.26,8.31113,33879.8,,0.114524,0.0369803,,1.19886,10.246,fluid
641,19.5916,0.748083,,1004.35,3.80632,34598.6,,-0.0278251,-0.107521,,1.37181,9.84829,fluid
642,22.1495,1.1722,,1003.44,14.1581,27309.1,,0.0354843,-0.108506,,0.95859,10.5611,fluid
643,20.2085,0.437587,,1004.72,6.79004,37555.2,,0.145641,-0.109562,,0.731687,9.59198,fluid
644,23.5152,0.601348,,1004.17,19.2628,33118.5,,-0.00404593,0.0396556,,0.331471,9.98003,fluid
645,23.3047,0.932188,,1003.88,17.3742,30770.3,,0.0274208,0.0883099,,0.928198,10.53,fluid
646,22.8982,1.34653,,1003.31,14.4746,26267.4,,0.112708,0.133099,,0.432238,10.1986,fluid
647,24.2153,1.68173,,1002.84,14.8815,22445.7,,0.355775,0.0726717,,0.279448,10.7434,fluid
648,23.831,1.93156,,1002.51,12.7936,19815.8,,0.0683868,-0.058149,,0.61604,10.4277,fluid
649,20.9879,2.0833,,1002.39,6.78089,18909.8,,0.128499,-0.113106,,0.780621,10.5983,fluid
650,18.9913,3.29756,,1001.18,-0.0202191,9298.4,,0.376698,-0.327165,,1.18284,10.1573,fluid
651,20.5168,2.19463,,1002.3,4.65706,18188.9,,0.174649,-0.0327268,,0.847586,10.4576,fluid
652,17.1912,3.79832,,1000.62,-2.04767,4881.98,,0.337177,-0.865962,,1.53242,10.4384,fluid
653,2.22228,1.33343,,1004.82,12.6003,38416.2,,-0.653087,0.68871,,0.32808,10.4769,fluid
654,6.85616,1.59678,,1005.16,-23.8583,41120.6,,-2.207,0.137114,,0.336088,10.1548,fluid
655,5.34257,3.04504,,1003.4,-7.41487,26948.1,,-1.97093,0.278004,,0.934232,10.2428,fluid
656,22.8458,0.930132,,1003.81,15.9713,30251.1,,0.151598,0.105126,,-0.0109597,10.1679,fluid
657,21.1023,0.725043,,1004.17,11.1905,33105.6,,0.0391343,0.0274249,,0.670633,10.0428,fluid
658,21.5953,0.982775,,1003.86,11.8387,30606.5,,0.282721,0.0302232,,0.325404,10.4363,fluid
659,20.681,0.225658,,1004.96,10.4011,39493.1,,0.142415,-0.151045,,0.83116,9.85511,fluid
660,24.8132,0.608207,,1004.07,22.4119,32349.3,,0.000979252,0.0336432,,-0.302376,10.0748,fluid
661,23.3792,2.89622,,1001.09,5.37101,8597.87,,0.00123666,0.296317,,0.434139,10.0362,fluid
662,23.7678,0.212537,,1004.79,21.3502,38171.2,,0.106864,-0.163158,,-0.429331,10.0553,fluid
663,23.1943,2.25627,,1001.95,9.91384,15370.6,,0.33175,0.24083,,0.753319,10.6965,fluid
664,21.7591,2.55267,,1001.66,5.60214,13085.8,,0.0833723,-0.023914,,0.688522,10.3361,fluid
665,20.4864,1.75607,,1002.85,6.23554,22557.3,,0.125918,-0.191967,,1.02909,10.188,fluid
666,20.3953,2.58342,,1001.59,2.47377,12546.7,,0.272012,0.00456609,,1.18013,10.5782,fluid
667,20.9543,3.10169,,1001.19,3.28212,9356.54,,0.313657,-0.0199956,,0.898662,10.6582,fluid
668,9.02288,5.25246,,1000.7,-5.86595,5537.87,,-1.57671,-0.0152802,,0.712713,8.10814,fluid
669,6.16534,3.27818,,1002.3,-11.7349,18155.2,,-1.99299,0.128594,,0.190661,8.33301,fluid
670,9.46702,5.44516,,1000.52,-5.56478,4100.25,,-1.70986,-0.0793171,,0.437915,7.83367,fluid
671,1.01122,4.97159,,1000.7,2.49894,5528.81,,-0.482412,1.572,,-0.0430931,11.4484,fluid
672,24.058,0.83282,,1003.66,19.1149,29027.1,,-0.185566,-0.130314,,0.122586,10.4984,fluid
673,21.2664,0.199789,,1004.93,12.5037,39254.4,,0.159986,0.039268,,0.362685,10.3548,fluid
674,24.5968,0.223969,,1004.76,23.4447,37909.9,,0.124249,0.0334641,,0.374999,9.89333,fluid
675,21.5927,0.510769,,1004.48,12.9255,35620,,-0.035135,-0.0226588,,1.05527,9.76195,fluid
676,24.6818,1.05079,,1003.58,20.2249,28438.7,,-0.255233,-0.0392417,,0.16466,10.2589,fluid
677,18.7768,3.70339,,1000.58,-0.163921,4593.39,,0.544219,-0.379066,,1.11562,10.2782,fluid
678,24.744,1.95948,,1002.12,12.3572,16727.8,,0.131584,0.107256,,0.215162,10.8149,fluid
679,22.8935,2.5747,,1001.42,7.25479,11211.7,,0.395646,-0.142242,,0.55165,10.641,fluid
680,19.8926,3.05918,,1001.23,2.26509,9682.29,,0.204425,-0.291481,,1.09821,10.3694,fluid
681,19.3679,3.26048,,1001.1,0.638056,8659.83,,0.365531,-0.253638,,1.69146,10.5473,fluid
682,17.9364,3.85954,,1000.55,-1.04581,4361.98,,0.390778,-0.672384,,1.22374,10.3677,fluid
683,17.6288,3.87137,,1000.57,-1.41355,4514.06,,0.439722,-0.766936,,1.13865,10.5288,fluid
684,15.8707,4.24155,,1000.48,-1.88722,3768.04,,0.182869,-1.38169,,1.8865,9.56697,fluid
685,10.9156,2.03992,,1003.54,-32.6171,28110.6,,-2.10589,0.108374,,0.650834,8.6565,fluid
686,0.258531,4.42404,,1001.41,6.84269,11104,,0.258187,1.27069,,1.053,10.5997,fluid
687,7.56186,2.74548,,1003.88,-27.1617,30844.1,,-2.29428,0.0639778,,0.281895,9.02376,fluid
688,24.2157,1.22621,,1003.24,18.0138,25713.5,,0.25116,0.0454249,,-0.00732517,10.4738,fluid
689,22.5519,0.218959,,1004.81,17.3102,38279.1,,0.104028,-0.0592957,,0.501953,9.83875,fluid
690,24.1738,0.429623,,1004.46,20.3416,35506.7,,-0.0230764,-0.139049,,0.609837,10.1069,fluid
691,23.1328,0.26561,,1004.69,19.3655,37342.1,,-0.0764605,0.045665,,0.74434,9.73531,fluid
692,22.8436,3.1119,,1000.86,4.85609,6738.31,,0.0970392,0.107395,,0.645601,10.6941,fluid
693,18.0749,3.748,,1000.65,-1.11983,5122.43,,0.47577,-0.635355,,1.39381,10.3344,fluid
694,21.6017,3.23119,,1000.82,3.48959,6430.3,,0.158863,0.00472712,,0.598514,10.5877,fluid
695,24.3137,2.29582,,1001.94,9.38083,15319.5,,-0.455078,0.254898,,0.296008,10.5916,fluid
696,23.7238,2.24711,,1002,11.7462,15810.2,,0.0778538,-0.136384,,0.244301,11.3544,fluid
697,22.4671,3.25798,,1000.67,3.16268,5244.42,,0.236814,0.0508016,,0.862631,10.9445,fluid
698,22.3789,3.16909,,1000.83,4.19783,6499.81,,0.15818,0.0271755,,0.820047,10.7506,fluid
699,8.95236,3.07855,,1002.91,-25.7311,23030.1,,-2.13482,0.569633,,0.691052,8.42782,fluid
700,15.0698,4.31134,,1000.46,-2.55499,3604.28,,-0.609822,-1.8957,,1.1084,9.42094,fluid
701,11.217,5.19436,,1000.31,-4.55883,2471.45,,-1.41705,-0.731612,,0.887254,7.37995,fluid
702,4.89336,3.72759,,1002.77,-4.42073,21902.3,,-1.40052,1.27023,,-0.329804,10.0611,fluid
703,7.24663,1.93838,,1004.72,-25.7272,37569.6,,-2.31894,0.0190276,,0.73007,10.0784,fluid
704,20.8844,2.74886,,1001.42,4.38931,11173.9,,0.209297,-0.271008,,0.877819,10.2432,fluid
705,22.6237,0.581992,,1004.23,16.5147,33601.1,,0.126175,0.056315,,0.349707,10.4508,fluid
706,5.82683,3.07024,,1002.88,-8.14933,22838.1,,-2.06131,0.153619,,0.287188,9.65828,fluid
707,24.3893,2.96759,,1000.83,5.89379,6507.75,,-0.0120826,0.255936,,0.737325,11.6763,fluid
708,23.8421,2.90026,,1001.19,5.26404,9352.93,,0.125327,0.379087,,0.957787,10.6506,fluid
709,20.5784,3.44711,,1000.74,1.74401,5840.04,,0.410903,0.0397214,,1.08136,10.8824,fluid
710,20.3002,3.41964,,1000.81,1.96367,6407.44,,0.454406,-0.0639745,,1.15597,10.7616,fluid
711,24.6929,2.50989,,1001.25,9.65619,9836.65,,-0.233769,-0.17674,,0.460854,10.6889,fluid
712,23.8891,3.15655,,1000.55,3.70203,4355.19,,0.0865797,0.42623,,1.11433,10.9405,fluid
713,19.0485,3.70337,,1000.53,-0.0625166,4141.59,,0.548858,-0.296309,,1.50709,10.3336,fluid
714,24.7899,1.54925,,1002.9,17.2704,22951.8,,-0.00150144,-0.0966578,,0.14571,10.4527,fluid
715,19.9284,3.54268,,1000.74,1.04608,5806.28,,0.52096,-0.161092,,0.949105,10.8317,fluid
716,9.19129,4.64593,,1001,-10.1964,7871.93,,-1.97124,-0.0429941,,0.810187,8.29766,fluid
717,1.77982,4.65211,,1001.23,3.74497,9688.47,,-0.272892,1.55647,,-0.187624,11.6171,fluid
718,9.84729,3.79456,,1002.2,-20.7595,17397.1,,-1.89651,0.187515,,0.627809,7.72861,fluid
719,4.0524,3.28319,,1003.22,-1.51562,25511.7,,-1.00261,0.863958,,-0.225117,10.0349,fluid
720,21.9014,3.00904,,1001.1,4.2988,8634.52,,0.374494,-0.0800434,,0.672249,10.3031,fluid
721,9.07537,1.16704,,1004.64,-35.5117,36957.6,,-2.28837,0.573649,,0.174154,9.8128,fluid
722,3.82222,1.52275,,1005.34,2.2462,42582.3,,-1.63782,0.304707,,0.781825,10.7503,fluid
723,21.9885,0.234657,,1004.78,15.5632,38076.9,,0.199275,0.0373711,,0.418503,10.1982,fluid
724,5.51117,1.46658,,1005.22,-12.1693,41580.5,,-2.11385,0.109525,,1.00051,10.4453,fluid
725,4.22133,0.78031,,1005.69,1.02559,45425.8,,-1.57861,0.138706,,0.682257,9.06278,fluid
726,24.8183,2.83185,,1001.38,8.24032,10881,,-0.485482,-0.269643,,0.219157,12.5855,fluid
727,23.3391,3.29892,,1000.64,3.28468,5000.28,,0.29923,0.292415,,0.578885,10.7369,fluid
728,20.9943,3.54088,,1000.62,1.4655,4843.11,,0.24896,0.114904,,0.955767,10.9066,fluid
729,12.532,4.71118,,1000.46,-6.6142,3623.61,,-1.26042,-1.32939,,1.03853,8.45958,fluid
730,24.1215,3.15691,,1000.59,3.39707,4658.84,,-0.0231239,0.401074,,1.46541,11.3272,fluid
731,6.69792,2.82922,,1003.47,-13.8948,27485.6,,-2.66309,-0.239816,,-0.112907,9.64187,fluid
732,9.85798,0.266336,,1005.61,-37.1011,44768.7,,-2.01654,0.320881,,0.331675,10.0154,fluid
733,12.1573,5.09186,,1000.5,-3.7296,3902.59,,-1.26806,-1.28843,,1.78928,8.03829,fluid
734,7.47859,1.56457,,1005.18,-29.8391,41256.9,,-1.76861,0.204975,,-0.102742,9.10602,fluid
735,4.97519,4.14312,,1000.97,-4.16415,7630.79,,-1.10263,1.1012,,-0.849667,9.77597,fluid
736,7.83365,2.17849,,1004.34,-28.4766,34522.4,,-2.18614,0.735223,,-0.21187,8.81633,fluid
737,11.9612,3.89898,,1001.91,-16.2452,15111.5,,-1.30361,-0.966275,,1.07474,8.80027,fluid
738,21.4134,3.49115,,1000.61,1.94265,4800.91,,0.0536819,0.0793808,,0.938777,10.8726,fluid
739,5.86388,2.34443,,1004.42,-16.1679,35189,,-2.29587,0.0908519,,0.735418,8.71631,fluid
740,38.4624,-793.18,,996.132,-0.0567381,-30007.1,,1.3125,-126.625,,10.6669,4.30834,fluid
741,14.6737,4.44118,,1000.51,-2.97088,3974.34,,-0.59106,-1.99562,,1.7278,9.80764,fluid
742,21.9851,3.48478,,1000.53,1.96474,4179.65,,0.0873912,0.027199,,0.996642,10.7595,fluid
743,11.2458,4.70919,,1001.26,-12.1442,9939.56,,-1.53844,-0.513128,,0.813039,8.36836,fluid
744,8.77673,3.98943,,1002.01,-18.7424,15840.8,,-2.31304,0.233422,,0.524261,8.38293,fluid
745,14.0394,4.54812,,1000.44,-3.08108,3419.78,,-0.947348,-1.5457,,1.78166,9.11831,fluid
746,18.5359,3.80694,,1000.57,-0.460103,4519.74,,0.62311,-0.495944,,0.898789,10.4061,fluid
747,7.57836,0.903614,,1005.6,-29.7242,44707.3,,-1.40922,0.288189,,-0.735531,9.41228,fluid
748,2.8761,1.30793,,1005.37,10.278,42824.3,,-1.2045,0.497871,,0.871931,9.84431,fluid
749,6.25165,1.66631,,1005.15,-14.3683,41086,,-1.94871,-0.246309,,0.488705,9.46611,fluid
750,11.4192,3.24386,,1002.27,-23.4168,17964.7,,-1.629,-0.387869,,0.868705,8.66478,fluid
751,3.47762,4.24,,1001.92,0.322434,15147.6,,-0.919813,1.18891,,-0.349945,10.2251,fluid
752,38.5358,-793.188,,996.274,-0.0224713,-28920.3,,1.41425,-125.646,,-2.37101,5.70148,fluid
753,13.219,4.88661,,1000.47,-3.71412,3687.51,,-0.6514,-1.26768,,1.4618,8.62169,fluid
754,23.2179,3.57016,,1000.61,2.95452,4775.38,,0.127043,0.250746,,0.454938,10.7026,fluid
755,19.7938,3.84461,,1000.66,0.625493,5168.77,,0.377875,-0.151114,,0.912475,10.7789,fluid
756,-66.3034,-286.517,,965.964,-5.26731,-241339,,-10.5003,-74.6025,,14.0402,-0.262084,fluid
757,-66.2619,-286.518,,965.964,-5.26731,-241339,,-10.3065,-74.6173,,-14.0402,0.262084,fluid
758,38.5074,-793.206,,996.231,0.0287991,-29248.5,,1.64994,-126.023,,2.64654,8.79983,fluid
759,38.554,-793.172,,996.293,-0.0610031,-28769,,1.21455,-125.405,,-5.54735,3.07652,fluid
760,38.5597,-793.006,,996.251,0.0785574,-29089.6,,-0.823752,-125.375,,-5.39509,-21.8862,fluid
761,-72.2769,-347.362,,970.27,0,-213513,,-9.97458,-82.2241,,0,0,fluid
762,-67.563,-325.483,,965.181,0,-246317,,-9.92828,-79.5677,,0,0,fluid
763,7.20592,5.5124,,1000.42,-3.48686,3270.9,,-1.80073,0.151489,,0.248183,7.06832,fluid
764,16.8313,4.22314,,1000.59,-2.00137,4623.35,,0.270889,-1.03538,,1.53241,10.385,fluid
765,8.04258,2.61881,,1004.07,-28.5062,32332.7,,-2.32953,0.352741,,0.811998,8.76255,fluid
766,6.44255,5.27075,,1001.1,-10.4159,8691.49,,-2.16105,1.37635,,0.483486,8.00584,fluid
767,2.68924,2.96121,,1003.54,7.59687,28113,,-0.918222,0.745367,,-0.0737219,10.5144,fluid
