h/dp :,2
L2norm Velocity,L2norm ux,L2norm vy,L2norm rho,KE,dr0,Nfluid
0.206036,0.145689,0.145689,0,16.1897,0.01,1581

t,8.09
ID,x,y,,rho,drhodt,pressure,,u,v,velocity,,dudt,dvdt,vorticity,type
0,0.05,0,,1000,0,0,,0.0525322,0.0850904,0.1,,0,0,0,fluid
1,0.0489765,0.0100649,,1000,0,0,,0.0525322,0.0850904,0.1,,0,0,0,fluid
2,0.0459479,0.0197178,,1000,0,0,,0.0525322,0.0850904,0.1,,0,0,0,fluid
3,0.0410382,0.0285634,,1000,0,0,,0.0525322,0.0850904,0.1,,0,0,0,fluid
4,0.0344483,0.0362396,,1000,0,0,,0.0525322,0.0850904,0.1,,0,0,0,fluid
5,0.0264482,0.0424322,,1000,0,0,,0.0525322,0.0850904,0.1,,0,0,0,fluid
6,0.0173653,0.0468876,,1000,0,0,,0.0525322,0.0850904,0.1,,0,0,0,fluid
7,0.00757139,0.0494234,,1000,0,0,,0.0525322,0.0850904,0.1,,0,0,0,fluid
8,-0.00253246,0.0499358,,1000,0,0,,0.0525322,0.0850904,0.1,,0,0,0,fluid
9,-0.0125326,0.0484039,,1000,0,0,,0.0525322,0.0850904,0.1,,0,0,0,fluid
10,-0.0220197,0.0448902,,1000,0,0,,0.0525322,0.0850904,0.1,,0,0,0,fluid
11,-0.0306053,0.0395388,,1000,0,0,,0.0525322,0.0850904,0.1,,0,0,0,fluid
12,-0.0379379,0.0325686,,1000,0,0,,0.0525322,0.0850904,0.1,,0,0,0,fluid
13,-0.0437173,0.0242651,,1000,0,0,,0.0525322,0.0850904,0.1,,0,0,0,fluid
14,-0.047707,0.0149682,,1000,0,0,,0.0525322,0.0850904,0.1,,0,0,0,fluid
15,-0.0497435,0.00505842,,1000,0,0,,0.0525322,0.0850904,0.1,,0,0,0,fluid
16,-0.0497435,-0.00505842,,1000,0,0,,0.0525322,0.0850904,0.1,,0,0,0,fluid
17,-0.047707,-0.0149682,,1000,0,0,,0.0525322,0.0850904,0.1,,0,0,0,fluid
18,-0.0437173,-0.0242651,,1000,0,0,,0.0525322,0.0850904,0.1,,0,0,0,fluid
19,-0.0379379,-0.0325686,,1000,0,0,,0.0525322,0.0850904,0.1,,0,0,0,fluid
20,-0.0306053,-0.0395388,,1000,0,0,,0.0525322,0.0850904,0.1,,0,0,0,fluid
21,-0.0220197,-0.0448902,,1000,0,0,,0.0525322,0.0850904,0.1,,0,0,0,fluid
22,-0.0125326,-0.0484039,,1000,0,0,,0.0525322,0.0850904,0.1,,0,0,0,fluid
23,-0.00253246,-0.0499358,,1000,0,0,,0.0525322,0.0850904,0.1,,0,0,0,fluid
24,0.00757139,-0.0494234,,1000,0,0,,0.0525322,0.0850904,0.1,,0,0,0,fluid
25,0.0173653,-0.0468876,,1000,0,0,,0.0525322,0.0850904,0.1,,0,0,0,fluid
26,0.0264482,-0.0424322,,1000,0,0,,0.0525322,0.0850904,0.1,,0,0,0,fluid
27,0.0344483,-0.0362396,,1000,0,0,,0.0525322,0.0850904,0.1,,0,0,0,fluid
28,0.0410382,-0.0285634,,1000,0,0,,0.0525322,0.0850904,0.1,,0,0,0,fluid
29,0.0459479,-0.0197178,,1000,0,0,,0.0525322,0.0850904,0.1,,0,0,0,fluid
30,0.0489765,-0.0100649,,1000,0,0,,0.0525322,0.0850904,0.1,,0,0,0,fluid
31,0.06,0,,1000,0,0,,0.0525322,0.0850904,0.1,,0,0,0,fluid
32,0.0587718,0.0120779,,1000,0,0,,0.0525322,0.0850904,0.1,,0,0,0,fluid
33,0.0551375,0.0236614,,1000,0,0,,0.0525322,0.0850904,0.1,,0,0,0,fluid
34,0.0492458,0.0342761,,1000,0,0,,0.0525322,0.0850904,0.1,,0,0,0,fluid
35,0.041338,0.0434876,,1000,0,0,,0.0525322,0.0850904,0.1,,0,0,0,fluid
36,0.0317378,0.0509187,,1000,0,0,,0.0525322,0.0850904,0.1,,0,0,0,fluid
37,0.0208383,0.0562651,,1000,0,0,,0.0525322,0.0850904,0.1,,0,0,0,fluid
38,0.00908567,0.0593081,,1000,0,0,,0.0525322,0.0850904,0.1,,0,0,0,fluid
39,-0.00303895,0.059923,,1000,0,0,,0.0525322,0.0850904,0.1,,0,0,0,fluid
40,-0.0150392,0.0580846,,1000,0,0,,0.0525322,0.0850904,0.1,,0,0,0,fluid
41,-0.0264236,0.0538683,,1000,0,0,,0.0525322,0.0850904,0.1,,0,0,0,fluid
42,-0.0367264,0.0474465,,1000,0,0,,0.0525322,0.0850904,0.1,,0,0,0,fluid
43,-0.0455255,0.0390823,,1000,0,0,,0.0525322,0.0850904,0.1,,0,0,0,fluid
44,-0.0524608,0.0291181,,1000,0,0,,0.0525322,0.0850904,0.1,,0,0,0,fluid
45,-0.0572484,0.0179618,,1000,0,0,,0.0525322,0.0850904,0.1,,0,0,0,fluid
46,-0.0596922,0.0060701,,1000,0,0,,0.0525322,0.0850904,0.1,,0,0,0,fluid
47,-0.0596922,-0.0060701,,1000,0,0,,0.0525322,0.0850904,0.1,,0,0,0,fluid
48,-0.0572484,-0.0179618,,1000,0,0,,0.0525322,0.0850904,0.1,,0,0,0,fluid
49,-0.0524608,-0.0291181,,1000,0,0,,0.0525322,0.0850904,0.1,,0,0,0,fluid
50,-0.0455255,-0.0390823,,1000,0,0,,0.0525322,0.0850904,0.1,,0,0,0,fluid
51,-0.0367264,-0.0474465,,1000,0,0,,0.0525322,0.0850904,0.1,,0,0,0,fluid
52,-0.0264236,-0.0538683,,1000,0,0,,0.0525322,0.0850904,0.1,,0,0,0,fluid
53,-0.0150392,-0.0580846,,1000,0,0,,0.0525322,0.0850904,0.1,,0,0,0,fluid
54,-0.00303895,-0.059923,,1000,0,0,,0.0525322,0.0850904,0.1,,0,0,0,fluid
55,0.00908567,-0.0593081,,1000,0,0,,0.0525322,0.0850904,0.1,,0,0,0,fluid
56,0.0208383,-0.0562651,,1000,0,0,,0.0525322,0.0850904,0.1,,0,0,0,fluid
57,0.0317378,-0.0509187,,1000,0,0,,0.0525322,0.0850904,0.1,,0,0,0,fluid
58,0.041338,-0.0434876,,1000,0,0,,0.0525322,0.0850904,0.1,,0,0,0,fluid
59,0.0492458,-0.0342761,,1000,0,0,,0.0525322,0.0850904,0.1,,0,0,0,fluid
60,0.0551375,-0.0236614,,1000,0,0,,0.0525322,0.0850904,0.1,,0,0,0,fluid
61,0.0587718,-0.0120779,,1000,0,0,,0.0525322,0.0850904,0.1,,0,0,0,fluid
62,0.070241,0,,1000,0,0,,0.0525322,0.0850904,0.1,,0,0,0,fluid
63,0.0688032,0.0141394,,1000,0,0,,0.0525322,0.0850904,0.1,,0,0,0,fluid
64,0.0645485,0.0277,,1000,0,0,,0.0525322,0.0850904,0.1,,0,0,0,fluid
65,0.0576513,0.0401265,,1000,0,0,,0.0525322,0.0850904,0.1,,0,0,0,fluid
66,0.0483937,0.0509102,,1000,0,0,,0.0525322,0.0850904,0.1,,0,0,0,fluid
67,0.037155,0.0596096,,1000,0,0,,0.0525322,0.0850904,0.1,,0,0,0,fluid
68,0.0243951,0.0658687,,1000,0,0,,0.0525322,0.0850904,0.1,,0,0,0,fluid
69,0.0106364,0.069431,,1000,0,0,,0.0525322,0.0850904,0.1,,0,0,0,fluid
70,-0.00355765,0.0701509,,1000,0,0,,0.0525322,0.0850904,0.1,,0,0,0,fluid
71,-0.0176061,0.0679987,,1000,0,0,,0.0525322,0.0850904,0.1,,0,0,0,fluid
72,-0.0309337,0.0630627,,1000,0,0,,0.0525322,0.0850904,0.1,,0,0,0,fluid
73,-0.0429949,0.0555449,,1000,0,0,,0.0525322,0.0850904,0.1,,0,0,0,fluid
74,-0.0532959,0.0457531,,1000,0,0,,0.0525322,0.0850904,0.1,,0,0,0,fluid
75,-0.061415,0.0340881,,1000,0,0,,0.0525322,0.0850904,0.1,,0,0,0,fluid
76,-0.0670197,0.0210276,,1000,0,0,,0.0525322,0.0850904,0.1,,0,0,0,fluid
77,-0.0698806,0.00710617,,1000,0,0,,0.0525322,0.0850904,0.1,,0,0,0,fluid
78,-0.0698806,-0.00710617,,1000,0,0,,0.0525322,0.0850904,0.1,,0,0,0,fluid
79,-0.0670197,-0.0210276,,1000,0,0,,0.0525322,0.0850904,0.1,,0,0,0,fluid
80,-0.061415,-0.0340881,,1000,0,0,,0.0525322,0.0850904,0.1,,0,0,0,fluid
81,-0.0532959,-0.0457531,,1000,0,0,,0.0525322,0.0850904,0.1,,0,0,0,fluid
82,-0.0429949,-0.0555449,,1000,0,0,,0.0525322,0.0850904,0.1,,0,0,0,fluid
83,-0.0309337,-0.0630627,,1000,0,0,,0.0525322,0.0850904,0.1,,0,0,0,fluid
84,-0.0176061,-0.0679987,,1000,0,0,,0.0525322,0.0850904,0.1,,0,0,0,fluid
85,-0.00355765,-0.0701509,,1000,0,0,,0.0525322,0.0850904,0.1,,0,0,0,fluid
86,0.0106364,-0.069431,,1000,0,0,,0.0525322,0.0850904,0.1,,0,0,0,fluid
87,0.0243951,-0.0658687,,1000,0,0,,0.0525322,0.0850904,0.1,,0,0,0,fluid
88,0.037155,-0.0596096,,1000,0,0,,0.0525322,0.0850904,0.1,,0,0,0,fluid
89,0.0483937,-0.0509102,,1000,0,0,,0.0525322,0.0850904,0.1,,0,0,0,fluid
90,0.0576513,-0.0401265,,1000,0,0,,0.0525322,0.0850904,0.1,,0,0,0,fluid
91,0.0645485,-0.0277,,1000,0,0,,0.0525322,0.0850904,0.1,,0,0,0,fluid
92,0.0688032,-0.0141394,,1000,0,0,,0.0525322,0.0850904,0.1,,0,0,0,fluid
93,0.0807288,0,,1000,0,0,,0.0525322,0.0850904,0.1,,0,0,0,fluid
94,0.0790763,0.0162506,,1000,0,0,,0.0525322,0.0850904,0.1,,0,0,0,fluid
95,0.0741864,0.0318359,,1000,0,0,,0.0525322,0.0850904,0.1,,0,0,0,fluid
96,0.0662593,0.0461178,,1000,0,0,,0.0525322,0.0850904,0.1,,0,0,0,fluid
97,0.0556195,0.0585117,,1000,0,0,,0.0525322,0.0850904,0.1,,0,0,0,fluid
98,0.0427027,0.0685101,,1000,0,0,,0.0525322,0.0850904,0.1,,0,0,0,fluid
99,0.0280376,0.0757037,,1000,0,0,,0.0525322,0.0850904,0.1,,0,0,0,fluid
100,0.0122246,0.0797979,,1000,0,0,,0.0525322,0.0850904,0.1,,0,0,0,fluid
101,-0.00408885,0.0806252,,1000,0,0,,0.0525322,0.0850904,0.1,,0,0,0,fluid
102,-0.0202349,0.0781518,,1000,0,0,,0.0525322,0.0850904,0.1,,0,0,0,fluid
103,-0.0355525,0.0724787,,1000,0,0,,0.0525322,0.0850904,0.1,,0,0,0,fluid
104,-0.0494146,0.0638384,,1000,0,0,,0.0525322,0.0850904,0.1,,0,0,0,fluid
105,-0.0612537,0.0525846,,1000,0,0,,0.0525322,0.0850904,0.1,,0,0,0,fluid
106,-0.070585,0.0391779,,1000,0,0,,0.0525322,0.0850904,0.1,,0,0,0,fluid
107,-0.0770266,0.0241672,,1000,0,0,,0.0525322,0.0850904,0.1,,0,0,0,fluid
108,-0.0803147,0.0081672,,1000,0,0,,0.0525322,0.0850904,0.1,,0,0,0,fluid
109,-0.0803147,-0.0081672,,1000,0,0,,0.0525322,0.0850904,0.1,,0,0,0,fluid
110,-0.0770266,-0.0241672,,1000,0,0,,0.0525322,0.0850904,0.1,,0,0,0,fluid
111,-0.070585,-0.0391779,,1000,0,0,,0.0525322,0.0850904,0.1,,0,0,0,fluid
112,-0.0612537,-0.0525846,,1000,0,0,,0.0525322,0.0850904,0.1,,0,0,0,fluid
113,-0.0494146,-0.0638384,,1000,0,0,,0.0525322,0.0850904,0.1,,0,0,0,fluid
114,-0.0355525,-0.0724787,,1000,0,0,,0.0525322,0.0850904,0.1,,0,0,0,fluid
115,-0.0202349,-0.0781518,,1000,0,0,,0.0525322,0.0850904,0.1,,0,0,0,fluid
116,-0.00408885,-0.0806252,,1000,0,0,,0.0525322,0.0850904,0.1,,0,0,0,fluid
117,0.0122246,-0.0797979,,1000,0,0,,0.0525322,0.0850904,0.1,,0,0,0,fluid
118,0.0280376,-0.0757037,,1000,0,0,,0.0525322,0.0850904,0.1,,0,0,0,fluid
119,0.0427027,-0.0685101,,1000,0,0,,0.0525322,0.0850904,0.1,,0,0,0,fluid
120,0.0556195,-0.0585117,,1000,0,0,,0.0525322,0.0850904,0.1,,0,0,0,fluid
121,0.0662593,-0.0461178,,1000,0,0,,0.0525322,0.0850904,0.1,,0,0,0,fluid
122,0.0741864,-0.0318359,,1000,0,0,,0.0525322,0.0850904,0.1,,0,0,0,fluid
123,0.0790763,-0.0162506,,1000,0,0,,0.0525322,0.0850904,0.1,,0,0,0,fluid
124,0.0914695,0,,1000,0,0,,0.0525322,0.0850904,0.1,,0,0,0,fluid
125,0.0895971,0.0184127,,1000,0,0,,0.0525322,0.0850904,0.1,,0,0,0,fluid
126,0.0840566,0.0360715,,1000,0,0,,0.0525322,0.0850904,0.1,,0,0,0,fluid
127,0.0750748,0.0522536,,1000,0,0,,0.0525322,0.0850904,0.1,,0,0,0,fluid
128,0.0630194,0.0662964,,1000,0,0,,0.0525322,0.0850904,0.1,,0,0,0,fluid
129,0.048384,0.077625,,1000,0,0,,0.0525322,0.0850904,0.1,,0,0,0,fluid
130,0.0317678,0.0857757,,1000,0,0,,0.0525322,0.0850904,0.1,,0,0,0,fluid
131,0.013851,0.0904147,,1000,0,0,,0.0525322,0.0850904,0.1,,0,0,0,fluid
132,-0.00463285,0.0913521,,1000,0,0,,0.0525322,0.0850904,0.1,,0,0,0,fluid
133,-0.0229271,0.0885495,,1000,0,0,,0.0525322,0.0850904,0.1,,0,0,0,fluid
134,-0.0402826,0.0821217,,1000,0,0,,0.0525322,0.0850904,0.1,,0,0,0,fluid
135,-0.055989,0.0723318,,1000,0,0,,0.0525322,0.0850904,0.1,,0,0,0,fluid
136,-0.0694032,0.0595807,,1000,0,0,,0.0525322,0.0850904,0.1,,0,0,0,fluid
137,-0.079976,0.0443903,,1000,0,0,,0.0525322,0.0850904,0.1,,0,0,0,fluid
138,-0.0872746,0.0273826,,1000,0,0,,0.0525322,0.0850904,0.1,,0,0,0,fluid
139,-0.0910002,0.00925381,,1000,0,0,,0.0525322,0.0850904,0.1,,0,0,0,fluid
140,-0.0910002,-0.00925381,,1000,0,0,,0.0525322,0.0850904,0.1,,0,0,0,fluid
141,-0.0872746,-0.0273826,,1000,0,0,,0.0525322,0.0850904,0.1,,0,0,0,fluid
142,-0.079976,-0.0443903,,1000,0,0,,0.0525322,0.0850904,0.1,,0,0,0,fluid
143,-0.0694032,-0.0595807,,1000,0,0,,0.0525322,0.0850904,0.1,,0,0,0,fluid
144,-0.055989,-0.0723318,,1000,0,0,,0.0525322,0.0850904,0.1,,0,0,0,fluid
145,-0.0402826,-0.0821217,,1000,0,0,,0.0525322,0.0850904,0.1,,0,0,0,fluid
146,-0.0229271,-0.0885495,,1000,0,0,,0.0525322,0.0850904,0.1,,0,0,0,fluid
147,-0.00463285,-0.0913521,,1000,0,0,,0.0525322,0.0850904,0.1,,0,0,0,fluid
148,0.013851,-0.0904147,,1000,0,0,,0.0525322,0.0850904,0.1,,0,0,0,fluid
149,0.0317678,-0.0857757,,1000,0,0,,0.0525322,0.0850904,0.1,,0,0,0,fluid
150,0.048384,-0.077625,,1000,0,0,,0.0525322,0.0850904,0.1,,0,0,0,fluid
151,0.0630194,-0.0662964,,1000,0,0,,0.0525322,0.0850904,0.1,,0,0,0,fluid
152,0.0750748,-0.0522536,,1000,0,0,,0.0525322,0.0850904,0.1,,0,0,0,fluid
153,0.0840566,-0.0360715,,1000,0,0,,0.0525322,0.0850904,0.1,,0,0,0,fluid
154,0.0895971,-0.0184127,,1000,0,0,,0.0525322,0.0850904,0.1,,0,0,0,fluid
155,0.102469,0,,1000,0,0,,0.0525322,0.0850904,0.1,,0,0,0,fluid
156,0.100371,0.0206268,,1000,0,0,,0.0525322,0.0850904,0.1,,0,0,0,fluid
157,0.0941646,0.0404092,,1000,0,0,,0.0525322,0.0850904,0.1,,0,0,0,fluid
158,0.0841027,0.0585372,,1000,0,0,,0.0525322,0.0850904,0.1,,0,0,0,fluid
159,0.0705977,0.0742687,,1000,0,0,,0.0525322,0.0850904,0.1,,0,0,0,fluid
160,0.0542024,0.0869597,,1000,0,0,,0.0525322,0.0850904,0.1,,0,0,0,fluid
161,0.035588,0.0960905,,1000,0,0,,0.0525322,0.0850904,0.1,,0,0,0,fluid
162,0.0155166,0.101287,,1000,0,0,,0.0525322,0.0850904,0.1,,0,0,0,fluid
163,-0.00518997,0.102337,,1000,0,0,,0.0525322,0.0850904,0.1,,0,0,0,fluid
164,-0.0256841,0.0991978,,1000,0,0,,0.0525322,0.0850904,0.1,,0,0,0,fluid
165,-0.0451267,0.0919971,,1000,0,0,,0.0525322,0.0850904,0.1,,0,0,0,fluid
166,-0.0627218,0.0810299,,1000,0,0,,0.0525322,0.0850904,0.1,,0,0,0,fluid
167,-0.0777491,0.0667454,,1000,0,0,,0.0525322,0.0850904,0.1,,0,0,0,fluid
168,-0.0895934,0.0497284,,1000,0,0,,0.0525322,0.0850904,0.1,,0,0,0,fluid
169,-0.0977696,0.0306754,,1000,0,0,,0.0525322,0.0850904,0.1,,0,0,0,fluid
170,-0.101943,0.0103666,,1000,0,0,,0.0525322,0.0850904,0.1,,0,0,0,fluid
171,-0.101943,-0.0103666,,1000,0,0,,0.0525322,0.0850904,0.1,,0,0,0,fluid
172,-0.0977696,-0.0306754,,1000,0,0,,0.0525322,0.0850904,0.1,,0,0,0,fluid
173,-0.0895934,-0.0497284,,1000,0,0,,0.0525322,0.0850904,0.1,,0,0,0,fluid
174,-0.0777491,-0.0667454,,1000,0,0,,0.0525322,0.0850904,0.1,,0,0,0,fluid
175,-0.0627218,-0.0810299,,1000,0,0,,0.0525322,0.0850904,0.1,,0,0,0,fluid
176,-0.0451267,-0.0919971,,1000,0,0,,0.0525322,0.0850904,0.1,,0,0,0,fluid
177,-0.0256841,-0.0991978,,1000,0,0,,0.0525322,0.0850904,0.1,,0,0,0,fluid
178,-0.00518997,-0.102337,,1000,0,0,,0.0525322,0.0850904,0.1,,0,0,0,fluid
179,0.0155166,-0.101287,,1000,0,0,,0.0525322,0.0850904,0.1,,0,0,0,fluid
180,0.035588,-0.0960905,,1000,0,0,,0.0525322,0.0850904,0.1,,0,0,0,fluid
181,0.0542024,-0.0869597,,1000,0,0,,0.0525322,0.0850904,0.1,,0,0,0,fluid
182,0.0705977,-0.0742687,,1000,0,0,,0.0525322,0.0850904,0.1,,0,0,0,fluid
183,0.0841027,-0.0585372,,1000,0,0,,0.0525322,0.0850904,0.1,,0,0,0,fluid
184,0.0941646,-0.0404092,,1000,0,0,,0.0525322,0.0850904,0.1,,0,0,0,fluid
185,0.100371,-0.0206268,,1000,0,0,,0.0525322,0.0850904,0.1,,0,0,0,fluid
186,0.113733,0,,1000,0,0,,0.0525322,0.0850904,0.1,,0,0,0,fluid
187,0.111405,0.0228944,,1000,0,0,,0.0525322,0.0850904,0.1,,0,0,0,fluid
188,0.104516,0.0448515,,1000,0,0,,0.0525322,0.0850904,0.1,,0,0,0,fluid
189,0.0933483,0.0649723,,1000,0,0,,0.0525322,0.0850904,0.1,,0,0,0,fluid
190,0.0783586,0.0824332,,1000,0,0,,0.0525322,0.0850904,0.1,,0,0,0,fluid
191,0.0601609,0.0965193,,1000,0,0,,0.0525322,0.0850904,0.1,,0,0,0,fluid
192,0.0395002,0.106654,,1000,0,0,,0.0525322,0.0850904,0.1,,0,0,0,fluid
193,0.0172224,0.112422,,1000,0,0,,0.0525322,0.0850904,0.1,,0,0,0,fluid
194,-0.00576051,0.113588,,1000,0,0,,0.0525322,0.0850904,0.1,,0,0,0,fluid
195,-0.0285076,0.110103,,1000,0,0,,0.0525322,0.0850904,0.1,,0,0,0,fluid
196,-0.0500876,0.10211,,1000,0,0,,0.0525322,0.0850904,0.1,,0,0,0,fluid
197,-0.069617,0.0899377,,1000,0,0,,0.0525322,0.0850904,0.1,,0,0,0,fluid
198,-0.0862962,0.0740829,,1000,0,0,,0.0525322,0.0850904,0.1,,0,0,0,fluid
199,-0.0994425,0.0551951,,1000,0,0,,0.0525322,0.0850904,0.1,,0,0,0,fluid
200,-0.108518,0.0340476,,1000,0,0,,0.0525322,0.0850904,0.1,,0,0,0,fluid
201,-0.11315,0.0115062,,1000,0,0,,0.0525322,0.0850904,0.1,,0,0,0,fluid
202,-0.11315,-0.0115062,,1000,0,0,,0.0525322,0.0850904,0.1,,0,0,0,fluid
203,-0.108518,-0.0340476,,1000,0,0,,0.0525322,0.0850904,0.1,,0,0,0,fluid
204,-0.0994425,-0.0551951,,1000,0,0,,0.0525322,0.0850904,0.1,,0,0,0,fluid
205,-0.0862962,-0.0740829,,1000,0,0,,0.0525322,0.0850904,0.1,,0,0,0,fluid
206,-0.069617,-0.0899377,,1000,0,0,,0.0525322,0.0850904,0.1,,0,0,0,fluid
207,-0.0500876,-0.10211,,1000,0,0,,0.0525322,0.0850904,0.1,,0,0,0,fluid
208,-0.0285076,-0.110103,,1000,0,0,,0.0525322,0.0850904,0.1,,0,0,0,fluid
209,-0.00576051,-0.113588,,1000,0,0,,0.0525322,0.0850904,0.1,,0,0,0,fluid
210,0.0172224,-0.112422,,1000,0,0,,0.0525322,0.0850904,0.1,,0,0,0,fluid
211,0.0395002,-0.106654,,1000,0,0,,0.0525322,0.0850904,0.1,,0,0,0,fluid
212,0.0601609,-0.0965193,,1000,0,0,,0.0525322,0.0850904,0.1,,0,0,0,fluid
213,0.0783586,-0.0824332,,1000,0,0,,0.0525322,0.0850904,0.1,,0,0,0,fluid
214,0.0933483,-0.0649723,,1000,0,0,,0.0525322,0.0850904,0.1,,0,0,0,fluid
215,0.104516,-0.0448515,,1000,0,0,,0.0525322,0.0850904,0.1,,0,0,0,fluid
216,0.111405,-0.0228944,,1000,0,0,,0.0525322,0.0850904,0.1,,0,0,0,fluid
217,0.12527,0,,1000,0,0,,0.0525322,0.0850904,0.1,,0,0,0,fluid
218,0.122705,0.0252166,,1000,0,0,,0.0525322,0.0850904,0.1,,0,0,0,fluid
219,0.115117,0.0494008,,1000,0,0,,0.0525322,0.0850904,0.1,,0,0,0,fluid
220,0.102817,0.0715625,,1000,0,0,,0.0525322,0.0850904,0.1,,0,0,0,fluid
221,0.0863066,0.0907945,,1000,0,0,,0.0525322,0.0850904,0.1,,0,0,0,fluid
222,0.0662631,0.106309,,1000,0,0,,0.0525322,0.0850904,0.1,,0,0,0,fluid
223,0.0435068,0.117472,,1000,0,0,,0.0525322,0.0850904,0.1,,0,0,0,fluid
224,0.0189693,0.123825,,1000,0,0,,0.0525322,0.0850904,0.1,,0,0,0,fluid
225,-0.0063448,0.125109,,1000,0,0,,0.0525322,0.0850904,0.1,,0,0,0,fluid
226,-0.0313991,0.121271,,1000,0,0,,0.0525322,0.0850904,0.1,,0,0,0,fluid
227,-0.055168,0.112468,,1000,0,0,,0.0525322,0.0850904,0.1,,0,0,0,fluid
228,-0.0766782,0.0990601,,1000,0,0,,0.0525322,0.0850904,0.1,,0,0,0,fluid
229,-0.0950493,0.0815971,,1000,0,0,,0.0525322,0.0850904,0.1,,0,0,0,fluid
230,-0.109529,0.0607936,,1000,0,0,,0.0525322,0.0850904,0.1,,0,0,0,fluid
231,-0.119525,0.0375011,,1000,0,0,,0.0525322,0.0850904,0.1,,0,0,0,fluid
232,-0.124627,0.0126733,,1000,0,0,,0.0525322,0.0850904,0.1,,0,0,0,fluid
233,-0.124627,-0.0126733,,1000,0,0,,0.0525322,0.0850904,0.1,,0,0,0,fluid
234,-0.119525,-0.0375011,,1000,0,0,,0.0525322,0.0850904,0.1,,0,0,0,fluid
235,-0.109529,-0.0607936,,1000,0,0,,0.0525322,0.0850904,0.1,,0,0,0,fluid
236,-0.0950493,-0.0815971,,1000,0,0,,0.0525322,0.0850904,0.1,,0,0,0,fluid
237,-0.0766782,-0.0990601,,1000,0,0,,0.0525322,0.0850904,0.1,,0,0,0,fluid
238,-0.055168,-0.112468,,1000,0,0,,0.0525322,0.0850904,0.1,,0,0,0,fluid
239,-0.0313991,-0.121271,,1000,0,0,,0.0525322,0.0850904,0.1,,0,0,0,fluid
240,-0.0063448,-0.125109,,1000,0,0,,0.0525322,0.0850904,0.1,,0,0,0,fluid
241,0.0189693,-0.123825,,1000,0,0,,0.0525322,0.0850904,0.1,,0,0,0,fluid
242,0.0435068,-0.117472,,1000,0,0,,0.0525322,0.0850904,0.1,,0,0,0,fluid
243,0.0662631,-0.106309,,1000,0,0,,0.0525322,0.0850904,0.1,,0,0,0,fluid
244,0.0863066,-0.0907945,,1000,0,0,,0.0525322,0.0850904,0.1,,0,0,0,fluid
245,0.102817,-0.0715625,,1000,0,0,,0.0525322,0.0850904,0.1,,0,0,0,fluid
246,0.115117,-0.0494008,,1000,0,0,,0.0525322,0.0850904,0.1,,0,0,0,fluid
247,0.122705,-0.0252166,,1000,0,0,,0.0525322,0.0850904,0.1,,0,0,0,fluid
248,0.137084,0,,1000,0,0,,0.0525322,0.0850904,0.1,,0,0,0,fluid
249,0.134278,0.0275947,,1000,0,0,,0.0525322,0.0850904,0.1,,0,0,0,fluid
250,0.125974,0.0540597,,1000,0,0,,0.0525322,0.0850904,0.1,,0,0,0,fluid
251,0.112513,0.0783115,,1000,0,0,,0.0525322,0.0850904,0.1,,0,0,0,fluid
252,0.0944461,0.0993572,,1000,0,0,,0.0525322,0.0850904,0.1,,0,0,0,fluid
253,0.0725123,0.116335,,1000,0,0,,0.0525322,0.0850904,0.1,,0,0,0,fluid
254,0.0476099,0.12855,,1000,0,0,,0.0525322,0.0850904,0.1,,0,0,0,fluid
255,0.0207583,0.135503,,1000,0,0,,0.0525322,0.0850904,0.1,,0,0,0,fluid
256,-0.00694317,0.136908,,1000,0,0,,0.0525322,0.0850904,0.1,,0,0,0,fluid
257,-0.0343604,0.132708,,1000,0,0,,0.0525322,0.0850904,0.1,,0,0,0,fluid
258,-0.0603708,0.123074,,1000,0,0,,0.0525322,0.0850904,0.1,,0,0,0,fluid
259,-0.0839097,0.108402,,1000,0,0,,0.0525322,0.0850904,0.1,,0,0,0,fluid
260,-0.104013,0.0892925,,1000,0,0,,0.0525322,0.0850904,0.1,,0,0,0,fluid
261,-0.119859,0.066527,,1000,0,0,,0.0525322,0.0850904,0.1,,0,0,0,fluid
262,-0.130797,0.0410378,,1000,0,0,,0.0525322,0.0850904,0.1,,0,0,0,fluid
263,-0.13638,0.0138685,,1000,0,0,,0.0525322,0.0850904,0.1,,0,0,0,fluid
264,-0.13638,-0.0138685,,1000,0,0,,0.0525322,0.0850904,0.1,,0,0,0,fluid
265,-0.130797,-0.0410378,,1000,0,0,,0.0525322,0.0850904,0.1,,0,0,0,fluid
266,-0.119859,-0.066527,,1000,0,0,,0.0525322,0.0850904,0.1,,0,0,0,fluid
267,-0.104013,-0.0892925,,1000,0,0,,0.0525322,0.0850904,0.1,,0,0,0,fluid
268,-0.0839097,-0.108402,,1000,0,0,,0.0525322,0.0850904,0.1,,0,0,0,fluid
269,-0.0603708,-0.123074,,1000,0,0,,0.0525322,0.0850904,0.1,,0,0,0,fluid
270,-0.0343604,-0.132708,,1000,0,0,,0.0525322,0.0850904,0.1,,0,0,0,fluid
271,-0.00694317,-0.136908,,1000,0,0,,0.0525322,0.0850904,0.1,,0,0,0,fluid
272,0.0207583,-0.135503,,1000,0,0,,0.0525322,0.0850904,0.1,,0,0,0,fluid
273,0.0476099,-0.12855,,1000,0,0,,0.0525322,0.0850904,0.1,,0,0,0,fluid
274,0.0725123,-0.116335,,1000,0,0,,0.0525322,0.0850904,0.1,,0,0,0,fluid
275,0.0944461,-0.0993572,,1000,0,0,,0.0525322,0.0850904,0.1,,0,0,0,fluid
276,0.112513,-0.0783115,,1000,0,0,,0.0525322,0.0850904,0.1,,0,0,0,fluid
277,0.125974,-0.0540597,,1000,0,0,,0.0525322,0.0850904,0.1,,0,0,0,fluid
278,0.134278,-0.0275947,,1000,0,0,,0.0525322,0.0850904,0.1,,0,0,0,fluid
279,0.149182,0,,1000,0,0,,0.0525322,0.0850904,0.1,,0,0,0,fluid
280,0.146129,0.0300302,,1000,0,0,,0.0525322,0.0850904,0.1,,0,0,0,fluid
281,0.137092,0.058831,,1000,0,0,,0.0525322,0.0850904,0.1,,0,0,0,fluid
282,0.122444,0.0852232,,1000,0,0,,0.0525322,0.0850904,0.1,,0,0,0,fluid
283,0.102782,0.108126,,1000,0,0,,0.0525322,0.0850904,0.1,,0,0,0,fluid
284,0.0789122,0.126603,,1000,0,0,,0.0525322,0.0850904,0.1,,0,0,0,fluid
285,0.0518119,0.139896,,1000,0,0,,0.0525322,0.0850904,0.1,,0,0,0,fluid
286,0.0225904,0.147462,,1000,0,0,,0.0525322,0.0850904,0.1,,0,0,0,fluid
287,-0.00755597,0.148991,,1000,0,0,,0.0525322,0.0850904,0.1,,0,0,0,fluid
288,-0.037393,0.14442,,1000,0,0,,0.0525322,0.0850904,0.1,,0,0,0,fluid
289,-0.0656991,0.133937,,1000,0,0,,0.0525322,0.0850904,0.1,,0,0,0,fluid
290,-0.0913155,0.11797,,1000,0,0,,0.0525322,0.0850904,0.1,,0,0,0,fluid
291,-0.113193,0.0971734,,1000,0,0,,0.0525322,0.0850904,0.1,,0,0,0,fluid
292,-0.130437,0.0723986,,1000,0,0,,0.0525322,0.0850904,0.1,,0,0,0,fluid
293,-0.142341,0.0446597,,1000,0,0,,0.0525322,0.0850904,0.1,,0,0,0,fluid
294,-0.148417,0.0150925,,1000,0,0,,0.0525322,0.0850904,0.1,,0,0,0,fluid
295,-0.148417,-0.0150925,,1000,0,0,,0.0525322,0.0850904,0.1,,0,0,0,fluid
296,-0.142341,-0.0446597,,1000,0,0,,0.0525322,0.0850904,0.1,,0,0,0,fluid
297,-0.130437,-0.0723986,,1000,0,0,,0.0525322,0.0850904,0.1,,0,0,0,fluid
298,-0.113193,-0.0971734,,1000,0,0,,0.0525322,0.0850904,0.1,,0,0,0,fluid
299,-0.0913155,-0.11797,,1000,0,0,,0.0525322,0.0850904,0.1,,0,0,0,fluid
300,-0.0656991,-0.133937,,1000,0,0,,0.0525322,0.0850904,0.1,,0,0,0,fluid
301,-0.037393,-0.14442,,1000,0,0,,0.0525322,0.0850904,0.1,,0,0,0,fluid
302,-0.00755597,-0.148991,,1000,0,0,,0.0525322,0.0850904,0.1,,0,0,0,fluid
303,0.0225904,-0.147462,,1000,0,0,,0.0525322,0.0850904,0.1,,0,0,0,fluid
304,0.0518119,-0.139896,,1000,0,0,,0.0525322,0.0850904,0.1,,0,0,0,fluid
305,0.0789122,-0.126603,,1000,0,0,,0.0525322,0.0850904,0.1,,0,0,0,fluid
306,0.102782,-0.108126,,1000,0,0,,0.0525322,0.0850904,0.1,,0,0,0,fluid
307,0.122444,-0.0852232,,1000,0,0,,0.0525322,0.0850904,0.1,,0,0,0,fluid
308,0.137092,-0.058831,,1000,0,0,,0.0525322,0.0850904,0.1,,0,0,0,fluid
309,0.146129,-0.0300302,,1000,0,0,,0.0525322,0.0850904,0.1,,0,0,0,fluid
310,0.161573,0,,1000,0,0,,0.0525322,0.0850904,0.1,,0,0,0,fluid
311,0.158266,0.0325244,,1000,0,0,,0.0525322,0.0850904,0.1,,0,0,0,fluid
312,0.148479,0.0637172,,1000,0,0,,0.0525322,0.0850904,0.1,,0,0,0,fluid
313,0.132613,0.0923015,,1000,0,0,,0.0525322,0.0850904,0.1,,0,0,0,fluid
314,0.111318,0.117107,,1000,0,0,,0.0525322,0.0850904,0.1,,0,0,0,fluid
315,0.0854663,0.137118,,1000,0,0,,0.0525322,0.0850904,0.1,,0,0,0,fluid
316,0.0561151,0.151515,,1000,0,0,,0.0525322,0.0850904,0.1,,0,0,0,fluid
317,0.0244666,0.15971,,1000,0,0,,0.0525322,0.0850904,0.1,,0,0,0,fluid
318,-0.00818353,0.161366,,1000,0,0,,0.0525322,0.0850904,0.1,,0,0,0,fluid
319,-0.0404987,0.156415,,1000,0,0,,0.0525322,0.0850904,0.1,,0,0,0,fluid
320,-0.0711558,0.145061,,1000,0,0,,0.0525322,0.0850904,0.1,,0,0,0,fluid
321,-0.0988998,0.127768,,1000,0,0,,0.0525322,0.0850904,0.1,,0,0,0,fluid
322,-0.122595,0.105244,,1000,0,0,,0.0525322,0.0850904,0.1,,0,0,0,fluid
323,-0.141271,0.0784117,,1000,0,0,,0.0525322,0.0850904,0.1,,0,0,0,fluid
324,-0.154163,0.048369,,1000,0,0,,0.0525322,0.0850904,0.1,,0,0,0,fluid
325,-0.160744,0.0163461,,1000,0,0,,0.0525322,0.0850904,0.1,,0,0,0,fluid
326,-0.160744,-0.0163461,,1000,0,0,,0.0525322,0.0850904,0.1,,0,0,0,fluid
327,-0.154163,-0.048369,,1000,0,0,,0.0525322,0.0850904,0.1,,0,0,0,fluid
328,-0.141271,-0.0784117,,1000,0,0,,0.0525322,0.0850904,0.1,,0,0,0,fluid
329,-0.122595,-0.105244,,1000,0,0,,0.0525322,0.0850904,0.1,,0,0,0,fluid
330,-0.0988998,-0.127768,,1000,0,0,,0.0525322,0.0850904,0.1,,0,0,0,fluid
331,-0.0711558,-0.145061,,1000,0,0,,0.0525322,0.0850904,0.1,,0,0,0,fluid
332,-0.0404987,-0.156415,,1000,0,0,,0.0525322,0.0850904,0.1,,0,0,0,fluid
333,-0.00818353,-0.161366,,1000,0,0,,0.0525322,0.0850904,0.1,,0,0,0,fluid
334,0.0244666,-0.15971,,1000,0,0,,0.0525322,0.0850904,0.1,,0,0,0,fluid
335,0.0561151,-0.151515,,1000,0,0,,0.0525322,0.0850904,0.1,,0,0,0,fluid
336,0.0854663,-0.137118,,1000,0,0,,0.0525322,0.0850904,0.1,,0,0,0,fluid
337,0.111318,-0.117107,,1000,0,0,,0.0525322,0.0850904,0.1,,0,0,0,fluid
338,0.132613,-0.0923015,,1000,0,0,,0.0525322,0.0850904,0.1,,0,0,0,fluid
339,0.148479,-0.0637172,,1000,0,0,,0.0525322,0.0850904,0.1,,0,0,0,fluid
340,0.158266,-0.0325244,,1000,0,0,,0.0525322,0.0850904,0.1,,0,0,0,fluid
341,0.174262,0,,1000,0,0,,0.0525322,0.0850904,0.1,,0,0,0,fluid
342,0.170695,0.0350787,,1000,0,0,,0.0525322,0.0850904,0.1,,0,0,0,fluid
343,0.160139,0.0687212,,1000,0,0,,0.0525322,0.0850904,0.1,,0,0,0,fluid
344,0.143028,0.0995503,,1000,0,0,,0.0525322,0.0850904,0.1,,0,0,0,fluid
345,0.120061,0.126304,,1000,0,0,,0.0525322,0.0850904,0.1,,0,0,0,fluid
346,0.0921783,0.147886,,1000,0,0,,0.0525322,0.0850904,0.1,,0,0,0,fluid
347,0.0605221,0.163415,,1000,0,0,,0.0525322,0.0850904,0.1,,0,0,0,fluid
348,0.0263881,0.172252,,1000,0,0,,0.0525322,0.0850904,0.1,,0,0,0,fluid
349,-0.00882622,0.174038,,1000,0,0,,0.0525322,0.0850904,0.1,,0,0,0,fluid
350,-0.0436792,0.168699,,1000,0,0,,0.0525322,0.0850904,0.1,,0,0,0,fluid
351,-0.076744,0.156453,,1000,0,0,,0.0525322,0.0850904,0.1,,0,0,0,fluid
352,-0.106667,0.137802,,1000,0,0,,0.0525322,0.0850904,0.1,,0,0,0,fluid
353,-0.132223,0.113509,,1000,0,0,,0.0525322,0.0850904,0.1,,0,0,0,fluid
354,-0.152365,0.0845697,,1000,0,0,,0.0525322,0.0850904,0.1,,0,0,0,fluid
355,-0.16627,0.0521676,,1000,0,0,,0.0525322,0.0850904,0.1,,0,0,0,fluid
356,-0.173368,0.0176298,,1000,0,0,,0.0525322,0.0850904,0.1,,0,0,0,fluid
357,-0.173368,-0.0176298,,1000,0,0,,0.0525322,0.0850904,0.1,,0,0,0,fluid
358,-0.16627,-0.0521676,,1000,0,0,,0.0525322,0.0850904,0.1,,0,0,0,fluid
359,-0.152365,-0.0845697,,1000,0,0,,0.0525322,0.0850904,0.1,,0,0,0,fluid
360,-0.132223,-0.113509,,1000,0,0,,0.0525322,0.0850904,0.1,,0,0,0,fluid
361,-0.106667,-0.137802,,1000,0,0,,0.0525322,0.0850904,0.1,,0,0,0,fluid
362,-0.076744,-0.156453,,1000,0,0,,0.0525322,0.0850904,0.1,,0,0,0,fluid
363,-0.0436792,-0.168699,,1000,0,0,,0.0525322,0.0850904,0.1,,0,0,0,fluid
364,-0.00882622,-0.174038,,1000,0,0,,0.0525322,0.0850904,0.1,,0,0,0,fluid
365,0.0263881,-0.172252,,1000,0,0,,0.0525322,0.0850904,0.1,,0,0,0,fluid
366,0.0605221,-0.163415,,1000,0,0,,0.0525322,0.0850904,0.1,,0,0,0,fluid
367,0.0921783,-0.147886,,1000,0,0,,0.0525322,0.0850904,0.1,,0,0,0,fluid
368,0.120061,-0.126304,,1000,0,0,,0.0525322,0.0850904,0.1,,0,0,0,fluid
369,0.143028,-0.0995503,,1000,0,0,,0.0525322,0.0850904,0.1,,0,0,0,fluid
370,0.160139,-0.0687212,,1000,0,0,,0.0525322,0.0850904,0.1,,0,0,0,fluid
371,0.170695,-0.0350787,,1000,0,0,,0.0525322,0.0850904,0.1,,0,0,0,fluid
372,0.187257,0,,1000,0,0,,0.0525322,0.0850904,0.1,,0,0,0,fluid
373,0.183424,0.0376945,,1000,0,0,,0.0525322,0.0850904,0.1,,0,0,0,fluid
374,0.172081,0.0738458,,1000,0,0,,0.0525322,0.0850904,0.1,,0,0,0,fluid
375,0.153694,0.106974,,1000,0,0,,0.0525322,0.0850904,0.1,,0,0,0,fluid
376,0.129014,0.135722,,1000,0,0,,0.0525322,0.0850904,0.1,,0,0,0,fluid
377,0.0990521,0.158914,,1000,0,0,,0.0525322,0.0850904,0.1,,0,0,0,fluid
378,0.0650353,0.175601,,1000,0,0,,0.0525322,0.0850904,0.1,,0,0,0,fluid
379,0.0283559,0.185097,,1000,0,0,,0.0525322,0.0850904,0.1,,0,0,0,fluid
380,-0.0094844,0.187017,,1000,0,0,,0.0525322,0.0850904,0.1,,0,0,0,fluid
381,-0.0469364,0.181279,,1000,0,0,,0.0525322,0.0850904,0.1,,0,0,0,fluid
382,-0.0824668,0.16812,,1000,0,0,,0.0525322,0.0850904,0.1,,0,0,0,fluid
383,-0.114621,0.148078,,1000,0,0,,0.0525322,0.0850904,0.1,,0,0,0,fluid
384,-0.142083,0.121974,,1000,0,0,,0.0525322,0.0850904,0.1,,0,0,0,fluid
385,-0.163727,0.0908761,,1000,0,0,,0.0525322,0.0850904,0.1,,0,0,0,fluid
386,-0.178669,0.0560578,,1000,0,0,,0.0525322,0.0850904,0.1,,0,0,0,fluid
387,-0.186296,0.0189445,,1000,0,0,,0.0525322,0.0850904,0.1,,0,0,0,fluid
388,-0.186296,-0.0189445,,1000,0,0,,0.0525322,0.0850904,0.1,,0,0,0,fluid
389,-0.178669,-0.0560578,,1000,0,0,,0.0525322,0.0850904,0.1,,0,0,0,fluid
390,-0.163727,-0.0908761,,1000,0,0,,0.0525322,0.0850904,0.1,,0,0,0,fluid
391,-0.142083,-0.121974,,1000,0,0,,0.0525322,0.0850904,0.1,,0,0,0,fluid
392,-0.114621,-0.148078,,1000,0,0,,0.0525322,0.0850904,0.1,,0,0,0,fluid
393,-0.0824668,-0.16812,,1000,0,0,,0.0525322,0.0850904,0.1,,0,0,0,fluid
394,-0.0469364,-0.181279,,1000,0,0,,0.0525322,0.0850904,0.1,,0,0,0,fluid
395,-0.0094844,-0.187017,,1000,0,0,,0.0525322,0.0850904,0.1,,0,0,0,fluid
396,0.0283559,-0.185097,,1000,0,0,,0.0525322,0.0850904,0.1,,0,0,0,fluid
397,0.0650353,-0.175601,,1000,0,0,,0.0525322,0.0850904,0.1,,0,0,0,fluid
398,0.0990521,-0.158914,,1000,0,0,,0.0525322,0.0850904,0.1,,0,0,0,fluid
399,0.129014,-0.135722,,1000,0,0,,0.0525322,0.0850904,0.1,,0,0,0,fluid
400,0.153694,-0.106974,,1000,0,0,,0.0525322,0.0850904,0.1,,0,0,0,fluid
401,0.172081,-0.0738458,,1000,0,0,,0.0525322,0.0850904,0.1,,0,0,0,fluid
402,0.183424,-0.0376945,,1000,0,0,,0.0525322,0.0850904,0.1,,0,0,0,fluid
403,0.200565,0,,1000,0,0,,0.0525322,0.0850904,0.1,,0,0,0,fluid
404,0.196459,0.0403734,,1000,0,0,,0.0525322,0.0850904,0.1,,0,0,0,fluid
405,0.184311,0.079094,,1000,0,0,,0.0525322,0.0850904,0.1,,0,0,0,fluid
406,0.164616,0.114576,,1000,0,0,,0.0525322,0.0850904,0.1,,0,0,0,fluid
407,0.138183,0.145368,,1000,0,0,,0.0525322,0.0850904,0.1,,0,0,0,fluid
408,0.106092,0.170208,,1000,0,0,,0.0525322,0.0850904,0.1,,0,0,0,fluid
409,0.0696573,0.18808,,1000,0,0,,0.0525322,0.0850904,0.1,,0,0,0,fluid
410,0.0303711,0.198252,,1000,0,0,,0.0525322,0.0850904,0.1,,0,0,0,fluid
411,-0.0101584,0.200308,,1000,0,0,,0.0525322,0.0850904,0.1,,0,0,0,fluid
412,-0.0502721,0.194162,,1000,0,0,,0.0525322,0.0850904,0.1,,0,0,0,fluid
413,-0.0883276,0.180068,,1000,0,0,,0.0525322,0.0850904,0.1,,0,0,0,fluid
414,-0.122767,0.158602,,1000,0,0,,0.0525322,0.0850904,0.1,,0,0,0,fluid
415,-0.15218,0.130642,,1000,0,0,,0.0525322,0.0850904,0.1,,0,0,0,fluid
416,-0.175363,0.0973346,,1000,0,0,,0.0525322,0.0850904,0.1,,0,0,0,fluid
417,-0.191367,0.0600417,,1000,0,0,,0.0525322,0.0850904,0.1,,0,0,0,fluid
418,-0.199536,0.0202908,,1000,0,0,,0.0525322,0.0850904,0.1,,0,0,0,fluid
419,-0.199536,-0.0202908,,1000,0,0,,0.0525322,0.0850904,0.1,,0,0,0,fluid
420,-0.191367,-0.0600417,,1000,0,0,,0.0525322,0.0850904,0.1,,0,0,0,fluid
421,-0.175363,-0.0973346,,1000,0,0,,0.0525322,0.0850904,0.1,,0,0,0,fluid
422,-0.15218,-0.130642,,1000,0,0,,0.0525322,0.0850904,0.1,,0,0,0,fluid
423,-0.122767,-0.158602,,1000,0,0,,0.0525322,0.0850904,0.1,,0,0,0,fluid
424,-0.0883276,-0.180068,,1000,0,0,,0.0525322,0.0850904,0.1,,0,0,0,fluid
425,-0.0502721,-0.194162,,1000,0,0,,0.0525322,0.0850904,0.1,,0,0,0,fluid
426,-0.0101584,-0.200308,,1000,0,0,,0.0525322,0.0850904,0.1,,0,0,0,fluid
427,0.0303711,-0.198252,,1000,0,0,,0.0525322,0.0850904,0.1,,0,0,0,fluid
428,0.0696573,-0.18808,,1000,0,0,,0.0525322,0.0850904,0.1,,0,0,0,fluid
429,0.106092,-0.170208,,1000,0,0,,0.0525322,0.0850904,0.1,,0,0,0,fluid
430,0.138183,-0.145368,,1000,0,0,,0.0525322,0.0850904,0.1,,0,0,0,fluid
431,0.164616,-0.114576,,1000,0,0,,0.0525322,0.0850904,0.1,,0,0,0,fluid
432,0.184311,-0.079094,,1000,0,0,,0.0525322,0.0850904,0.1,,0,0,0,fluid
433,0.196459,-0.0403734,,1000,0,0,,0.0525322,0.0850904,0.1,,0,0,0,fluid
434,0.214194,0,,1000,0,0,,0.0525322,0.0850904,0.1,,0,0,0,fluid
435,0.209809,0.0431169,,1000,0,0,,0.0525322,0.0850904,0.1,,0,0,0,fluid
436,0.196835,0.0844686,,1000,0,0,,0.0525322,0.0850904,0.1,,0,0,0,fluid
437,0.175802,0.122362,,1000,0,0,,0.0525322,0.0850904,0.1,,0,0,0,fluid
438,0.147572,0.155246,,1000,0,0,,0.0525322,0.0850904,0.1,,0,0,0,fluid
439,0.113301,0.181774,,1000,0,0,,0.0525322,0.0850904,0.1,,0,0,0,fluid
440,0.0743906,0.200861,,1000,0,0,,0.0525322,0.0850904,0.1,,0,0,0,fluid
441,0.0324349,0.211724,,1000,0,0,,0.0525322,0.0850904,0.1,,0,0,0,fluid
442,-0.0108487,0.213919,,1000,0,0,,0.0525322,0.0850904,0.1,,0,0,0,fluid
443,-0.0536882,0.207356,,1000,0,0,,0.0525322,0.0850904,0.1,,0,0,0,fluid
444,-0.0943297,0.192304,,1000,0,0,,0.0525322,0.0850904,0.1,,0,0,0,fluid
445,-0.131109,0.169379,,1000,0,0,,0.0525322,0.0850904,0.1,,0,0,0,fluid
446,-0.162521,0.13952,,1000,0,0,,0.0525322,0.0850904,0.1,,0,0,0,fluid
447,-0.18728,0.103949,,1000,0,0,,0.0525322,0.0850904,0.1,,0,0,0,fluid
448,-0.204371,0.0641217,,1000,0,0,,0.0525322,0.0850904,0.1,,0,0,0,fluid
449,-0.213095,0.0216696,,1000,0,0,,0.0525322,0.0850904,0.1,,0,0,0,fluid
450,-0.213095,-0.0216696,,1000,0,0,,0.0525322,0.0850904,0.1,,0,0,0,fluid
451,-0.204371,-0.0641217,,1000,0,0,,0.0525322,0.0850904,0.1,,0,0,0,fluid
452,-0.18728,-0.103949,,1000,0,0,,0.0525322,0.0850904,0.1,,0,0,0,fluid
453,-0.162521,-0.13952,,1000,0,0,,0.0525322,0.0850904,0.1,,0,0,0,fluid
454,-0.131109,-0.169379,,1000,0,0,,0.0525322,0.0850904,0.1,,0,0,0,fluid
455,-0.0943297,-0.192304,,1000,0,0,,0.0525322,0.0850904,0.1,,0,0,0,fluid
456,-0.0536882,-0.207356,,1000,0,0,,0.0525322,0.0850904,0.1,,0,0,0,fluid
457,-0.0108487,-0.213919,,1000,0,0,,0.0525322,0.0850904,0.1,,0,0,0,fluid
458,0.0324349,-0.211724,,1000,0,0,,0.0525322,0.0850904,0.1,,0,0,0,fluid
459,0.0743906,-0.200861,,1000,0,0,,0.0525322,0.0850904,0.1,,0,0,0,fluid
460,0.113301,-0.181774,,1000,0,0,,0.0525322,0.0850904,0.1,,0,0,0,fluid
461,0.147572,-0.155246,,1000,0,0,,0.0525322,0.0850904,0.1,,0,0,0,fluid
462,0.175802,-0.122362,,1000,0,0,,0.0525322,0.0850904,0.1,,0,0,0,fluid
463,0.196835,-0.0844686,,1000,0,0,,0.0525322,0.0850904,0.1,,0,0,0,fluid
464,0.209809,-0.0431169,,1000,0,0,,0.0525322,0.0850904,0.1,,0,0,0,fluid
465,0.228151,0,,1000,0,0,,0.0525322,0.0850904,0.1,,0,0,0,fluid
466,0.223481,0.0459265,,1000,0,0,,0.0525322,0.0850904,0.1,,0,0,0,fluid
467,0.209661,0.0899727,,1000,0,0,,0.0525322,0.0850904,0.1,,0,0,0,fluid
468,0.187258,0.130335,,1000,0,0,,0.0525322,0.0850904,0.1,,0,0,0,fluid
469,0.157189,0.165362,,1000,0,0,,0.0525322,0.0850904,0.1,,0,0,0,fluid
470,0.120684,0.193619,,1000,0,0,,0.0525322,0.0850904,0.1,,0,0,0,fluid
471,0.0792381,0.213949,,1000,0,0,,0.0525322,0.0850904,0.1,,0,0,0,fluid
472,0.0345484,0.22552,,1000,0,0,,0.0525322,0.0850904,0.1,,0,0,0,fluid
473,-0.0115557,0.227858,,1000,0,0,,0.0525322,0.0850904,0.1,,0,0,0,fluid
474,-0.0571866,0.220868,,1000,0,0,,0.0525322,0.0850904,0.1,,0,0,0,fluid
475,-0.100476,0.204835,,1000,0,0,,0.0525322,0.0850904,0.1,,0,0,0,fluid
476,-0.139653,0.180416,,1000,0,0,,0.0525322,0.0850904,0.1,,0,0,0,fluid
477,-0.173111,0.148611,,1000,0,0,,0.0525322,0.0850904,0.1,,0,0,0,fluid
478,-0.199483,0.110722,,1000,0,0,,0.0525322,0.0850904,0.1,,0,0,0,fluid
479,-0.217688,0.0683,,1000,0,0,,0.0525322,0.0850904,0.1,,0,0,0,fluid
480,-0.22698,0.0230817,,1000,0,0,,0.0525322,0.0850904,0.1,,0,0,0,fluid
481,-0.22698,-0.0230817,,1000,0,0,,0.0525322,0.0850904,0.1,,0,0,0,fluid
482,-0.217688,-0.0683,,1000,0,0,,0.0525322,0.0850904,0.1,,0,0,0,fluid
483,-0.199483,-0.110722,,1000,0,0,,0.0525322,0.0850904,0.1,,0,0,0,fluid
484,-0.173111,-0.148611,,1000,0,0,,0.0525322,0.0850904,0.1,,0,0,0,fluid
485,-0.139653,-0.180416,,1000,0,0,,0.0525322,0.0850904,0.1,,0,0,0,fluid
486,-0.100476,-0.204835,,1000,0,0,,0.0525322,0.0850904,0.1,,0,0,0,fluid
487,-0.0571866,-0.220868,,1000,0,0,,0.0525322,0.0850904,0.1,,0,0,0,fluid
488,-0.0115557,-0.227858,,1000,0,0,,0.0525322,0.0850904,0.1,,0,0,0,fluid
489,0.0345484,-0.22552,,1000,0,0,,0.0525322,0.0850904,0.1,,0,0,0,fluid
490,0.0792381,-0.213949,,1000,0,0,,0.0525322,0.0850904,0.1,,0,0,0,fluid
491,0.120684,-0.193619,,1000,0,0,,0.0525322,0.0850904,0.1,,0,0,0,fluid
492,0.157189,-0.165362,,1000,0,0,,0.0525322,0.0850904,0.1,,0,0,0,fluid
493,0.187258,-0.130335,,1000,0,0,,0.0525322,0.0850904,0.1,,0,0,0,fluid
494,0.209661,-0.0899727,,1000,0,0,,0.0525322,0.0850904,0.1,,0,0,0,fluid
495,0.223481,-0.0459265,,1000,0,0,,0.0525322,0.0850904,0.1,,0,0,0,fluid
496,0.242445,0,,1000,0,0,,0.0525322,0.0850904,0.1,,0,0,0,fluid
497,0.237482,0.0488038,,1000,0,0,,0.0525322,0.0850904,0.1,,0,0,0,fluid
498,0.222796,0.0956095,,1000,0,0,,0.0525322,0.0850904,0.1,,0,0,0,fluid
499,0.19899,0.138501,,1000,0,0,,0.0525322,0.0850904,0.1,,0,0,0,fluid
500,0.167036,0.175722,,1000,0,0,,0.0525322,0.0850904,0.1,,0,0,0,fluid
501,0.128245,0.205749,,1000,0,0,,0.0525322,0.0850904,0.1,,0,0,0,fluid
502,0.0842023,0.227353,,1000,0,0,,0.0525322,0.0850904,0.1,,0,0,0,fluid
503,0.0367129,0.239649,,1000,0,0,,0.0525322,0.0850904,0.1,,0,0,0,fluid
504,-0.0122796,0.242134,,1000,0,0,,0.0525322,0.0850904,0.1,,0,0,0,fluid
505,-0.0607694,0.234705,,1000,0,0,,0.0525322,0.0850904,0.1,,0,0,0,fluid
506,-0.106771,0.217668,,1000,0,0,,0.0525322,0.0850904,0.1,,0,0,0,fluid
507,-0.148402,0.191719,,1000,0,0,,0.0525322,0.0850904,0.1,,0,0,0,fluid
508,-0.183957,0.157922,,1000,0,0,,0.0525322,0.0850904,0.1,,0,0,0,fluid
509,-0.211981,0.117659,,1000,0,0,,0.0525322,0.0850904,0.1,,0,0,0,fluid
510,-0.231326,0.072579,,1000,0,0,,0.0525322,0.0850904,0.1,,0,0,0,fluid
511,-0.241201,0.0245277,,1000,0,0,,0.0525322,0.0850904,0.1,,0,0,0,fluid
512,-0.241201,-0.0245277,,1000,0,0,,0.0525322,0.0850904,0.1,,0,0,0,fluid
513,-0.231326,-0.072579,,1000,0,0,,0.0525322,0.0850904,0.1,,0,0,0,fluid
514,-0.211981,-0.117659,,1000,0,0,,0.0525322,0.0850904,0.1,,0,0,0,fluid
515,-0.183957,-0.157922,,1000,0,0,,0.0525322,0.0850904,0.1,,0,0,0,fluid
516,-0.148402,-0.191719,,1000,0,0,,0.0525322,0.0850904,0.1,,0,0,0,fluid
517,-0.106771,-0.217668,,1000,0,0,,0.0525322,0.0850904,0.1,,0,0,0,fluid
518,-0.0607694,-0.234705,,1000,0,0,,0.0525322,0.0850904,0.1,,0,0,0,fluid
519,-0.0122796,-0.242134,,1000,0,0,,0.0525322,0.0850904,0.1,,0,0,0,fluid
520,0.0367129,-0.239649,,1000,0,0,,0.0525322,0.0850904,0.1,,0,0,0,fluid
521,0.0842023,-0.227353,,1000,0,0,,0.0525322,0.0850904,0.1,,0,0,0,fluid
522,0.128245,-0.205749,,1000,0,0,,0.0525322,0.0850904,0.1,,0,0,0,fluid
523,0.167036,-0.175722,,1000,0,0,,0.0525322,0.0850904,0.1,,0,0,0,fluid
524,0.19899,-0.138501,,1000,0,0,,0.0525322,0.0850904,0.1,,0,0,0,fluid
525,0.222796,-0.0956095,,1000,0,0,,0.0525322,0.0850904,0.1,,0,0,0,fluid
526,0.237482,-0.0488038,,1000,0,0,,0.0525322,0.0850904,0.1,,0,0,0,fluid
527,0.257083,0,,1000,0,0,,0.0525322,0.0850904,0.1,,0,0,0,fluid
528,0.25182,0.0517504,,1000,0,0,,0.0525322,0.0850904,0.1,,0,0,0,fluid
529,0.236248,0.101382,,1000,0,0,,0.0525322,0.0850904,0.1,,0,0,0,fluid
530,0.211004,0.146863,,1000,0,0,,0.0525322,0.0850904,0.1,,0,0,0,fluid
531,0.177122,0.186332,,1000,0,0,,0.0525322,0.0850904,0.1,,0,0,0,fluid
532,0.135988,0.218172,,1000,0,0,,0.0525322,0.0850904,0.1,,0,0,0,fluid
533,0.0892862,0.24108,,1000,0,0,,0.0525322,0.0850904,0.1,,0,0,0,fluid
534,0.0389295,0.254118,,1000,0,0,,0.0525322,0.0850904,0.1,,0,0,0,fluid
535,-0.013021,0.256753,,1000,0,0,,0.0525322,0.0850904,0.1,,0,0,0,fluid
536,-0.0644385,0.248876,,1000,0,0,,0.0525322,0.0850904,0.1,,0,0,0,fluid
537,-0.113218,0.23081,,1000,0,0,,0.0525322,0.0850904,0.1,,0,0,0,fluid
538,-0.157362,0.203295,,1000,0,0,,0.0525322,0.0850904,0.1,,0,0,0,fluid
539,-0.195064,0.167457,,1000,0,0,,0.0525322,0.0850904,0.1,,0,0,0,fluid
540,-0.22478,0.124763,,1000,0,0,,0.0525322,0.0850904,0.1,,0,0,0,fluid
541,-0.245293,0.0769611,,1000,0,0,,0.0525322,0.0850904,0.1,,0,0,0,fluid
542,-0.255764,0.0260086,,1000,0,0,,0.0525322,0.0850904,0.1,,0,0,0,fluid
543,-0.255764,-0.0260086,,1000,0,0,,0.0525322,0.0850904,0.1,,0,0,0,fluid
544,-0.245293,-0.0769611,,1000,0,0,,0.0525322,0.0850904,0.1,,0,0,0,fluid
545,-0.22478,-0.124763,,1000,0,0,,0.0525322,0.0850904,0.1,,0,0,0,fluid
546,-0.195064,-0.167457,,1000,0,0,,0.0525322,0.0850904,0.1,,0,0,0,fluid
547,-0.157362,-0.203295,,1000,0,0,,0.0525322,0.0850904,0.1,,0,0,0,fluid
548,-0.113218,-0.23081,,1000,0,0,,0.0525322,0.0850904,0.1,,0,0,0,fluid
549,-0.0644385,-0.248876,,1000,0,0,,0.0525322,0.0850904,0.1,,0,0,0,fluid
550,-0.013021,-0.256753,,1000,0,0,,0.0525322,0.0850904,0.1,,0,0,0,fluid
551,0.0389295,-0.254118,,1000,0,0,,0.0525322,0.0850904,0.1,,0,0,0,fluid
552,0.0892862,-0.24108,,1000,0,0,,0.0525322,0.0850904,0.1,,0,0,0,fluid
553,0.135988,-0.218172,,1000,0,0,,0.0525322,0.0850904,0.1,,0,0,0,fluid
554,0.177122,-0.186332,,1000,0,0,,0.0525322,0.0850904,0.1,,0,0,0,fluid
555,0.211004,-0.146863,,1000,0,0,,0.0525322,0.0850904,0.1,,0,0,0,fluid
556,0.236248,-0.101382,,1000,0,0,,0.0525322,0.0850904,0.1,,0,0,0,fluid
557,0.25182,-0.0517504,,1000,0,0,,0.0525322,0.0850904,0.1,,0,0,0,fluid
558,0.272074,0,,1000,0,0,,0.0525322,0.0850904,0.1,,0,0,0,fluid
559,0.266504,0.0547681,,1000,0,0,,0.0525322,0.0850904,0.1,,0,0,0,fluid
560,0.250024,0.107294,,1000,0,0,,0.0525322,0.0850904,0.1,,0,0,0,fluid
561,0.223308,0.155427,,1000,0,0,,0.0525322,0.0850904,0.1,,0,0,0,fluid
562,0.18745,0.197197,,1000,0,0,,0.0525322,0.0850904,0.1,,0,0,0,fluid
563,0.143917,0.230894,,1000,0,0,,0.0525322,0.0850904,0.1,,0,0,0,fluid
564,0.0944927,0.255138,,1000,0,0,,0.0525322,0.0850904,0.1,,0,0,0,fluid
565,0.0411995,0.268936,,1000,0,0,,0.0525322,0.0850904,0.1,,0,0,0,fluid
566,-0.0137803,0.271725,,1000,0,0,,0.0525322,0.0850904,0.1,,0,0,0,fluid
567,-0.068196,0.263388,,1000,0,0,,0.0525322,0.0850904,0.1,,0,0,0,fluid
568,-0.11982,0.244269,,1000,0,0,,0.0525322,0.0850904,0.1,,0,0,0,fluid
569,-0.166538,0.215149,,1000,0,0,,0.0525322,0.0850904,0.1,,0,0,0,fluid
570,-0.206438,0.177221,,1000,0,0,,0.0525322,0.0850904,0.1,,0,0,0,fluid
571,-0.237887,0.132038,,1000,0,0,,0.0525322,0.0850904,0.1,,0,0,0,fluid
572,-0.259596,0.0814489,,1000,0,0,,0.0525322,0.0850904,0.1,,0,0,0,fluid
573,-0.270678,0.0275253,,1000,0,0,,0.0525322,0.0850904,0.1,,0,0,0,fluid
574,-0.270678,-0.0275253,,1000,0,0,,0.0525322,0.0850904,0.1,,0,0,0,fluid
575,-0.259596,-0.0814489,,1000,0,0,,0.0525322,0.0850904,0.1,,0,0,0,fluid
576,-0.237887,-0.132038,,1000,0,0,,0.0525322,0.0850904,0.1,,0,0,0,fluid
577,-0.206438,-0.177221,,1000,0,0,,0.0525322,0.0850904,0.1,,0,0,0,fluid
578,-0.166538,-0.215149,,1000,0,0,,0.0525322,0.0850904,0.1,,0,0,0,fluid
579,-0.11982,-0.244269,,1000,0,0,,0.0525322,0.0850904,0.1,,0,0,0,fluid
580,-0.068196,-0.263388,,1000,0,0,,0.0525322,0.0850904,0.1,,0,0,0,fluid
581,-0.0137803,-0.271725,,1000,0,0,,0.0525322,0.0850904,0.1,,0,0,0,fluid
582,0.0411995,-0.268936,,1000,0,0,,0.0525322,0.0850904,0.1,,0,0,0,fluid
583,0.0944927,-0.255138,,1000,0,0,,0.0525322,0.0850904,0.1,,0,0,0,fluid
584,0.143917,-0.230894,,1000,0,0,,0.0525322,0.0850904,0.1,,0,0,0,fluid
585,0.18745,-0.197197,,1000,0,0,,0.0525322,0.0850904,0.1,,0,0,0,fluid
586,0.223308,-0.155427,,1000,0,0,,0.0525322,0.0850904,0.1,,0,0,0,fluid
587,0.250024,-0.107294,,1000,0,0,,0.0525322,0.0850904,0.1,,0,0,0,fluid
588,0.266504,-0.0547681,,1000,0,0,,0.0525322,0.0850904,0.1,,0,0,0,fluid
589,0.287426,0,,1000,0,0,,0.0525322,0.0850904,0.1,,0,0,0,fluid
590,0.281543,0.0578585,,1000,0,0,,0.0525322,0.0850904,0.1,,0,0,0,fluid
591,0.264132,0.113348,,1000,0,0,,0.0525322,0.0850904,0.1,,0,0,0,fluid
592,0.235909,0.164197,,1000,0,0,,0.0525322,0.0850904,0.1,,0,0,0,fluid
593,0.198027,0.208324,,1000,0,0,,0.0525322,0.0850904,0.1,,0,0,0,fluid
594,0.152038,0.243923,,1000,0,0,,0.0525322,0.0850904,0.1,,0,0,0,fluid
595,0.0998246,0.269534,,1000,0,0,,0.0525322,0.0850904,0.1,,0,0,0,fluid
596,0.0435243,0.284112,,1000,0,0,,0.0525322,0.0850904,0.1,,0,0,0,fluid
597,-0.0145579,0.287057,,1000,0,0,,0.0525322,0.0850904,0.1,,0,0,0,fluid
598,-0.0720441,0.278251,,1000,0,0,,0.0525322,0.0850904,0.1,,0,0,0,fluid
599,-0.126581,0.258052,,1000,0,0,,0.0525322,0.0850904,0.1,,0,0,0,fluid
600,-0.175935,0.22729,,1000,0,0,,0.0525322,0.0850904,0.1,,0,0,0,fluid
601,-0.218087,0.187221,,1000,0,0,,0.0525322,0.0850904,0.1,,0,0,0,fluid
602,-0.25131,0.139488,,1000,0,0,,0.0525322,0.0850904,0.1,,0,0,0,fluid
603,-0.274245,0.0860448,,1000,0,0,,0.0525322,0.0850904,0.1,,0,0,0,fluid
604,-0.285951,0.0290784,,1000,0,0,,0.0525322,0.0850904,0.1,,0,0,0,fluid
605,-0.285951,-0.0290784,,1000,0,0,,0.0525322,0.0850904,0.1,,0,0,0,fluid
606,-0.274245,-0.0860448,,1000,0,0,,0.0525322,0.0850904,0.1,,0,0,0,fluid
607,-0.25131,-0.139488,,1000,0,0,,0.0525322,0.0850904,0.1,,0,0,0,fluid
608,-0.218087,-0.187221,,1000,0,0,,0.0525322,0.0850904,0.1,,0,0,0,fluid
609,-0.175935,-0.22729,,1000,0,0,,0.0525322,0.0850904,0.1,,0,0,0,fluid
610,-0.126581,-0.258052,,1000,0,0,,0.0525322,0.0850904,0.1,,0,0,0,fluid
611,-0.0720441,-0.278251,,1000,0,0,,0.0525322,0.0850904,0.1,,0,0,0,fluid
612,-0.0145579,-0.287057,,1000,0,0,,0.0525322,0.0850904,0.1,,0,0,0,fluid
613,0.0435243,-0.284112,,1000,0,0,,0.0525322,0.0850904,0.1,,0,0,0,fluid
614,0.0998246,-0.269534,,1000,0,0,,0.0525322,0.0850904,0.1,,0,0,0,fluid
615,0.152038,-0.243923,,1000,0,0,,0.0525322,0.0850904,0.1,,0,0,0,fluid
616,0.198027,-0.208324,,1000,0,0,,0.0525322,0.0850904,0.1,,0,0,0,fluid
617,0.235909,-0.164197,,1000,0,0,,0.0525322,0.0850904,0.1,,0,0,0,fluid
618,0.264132,-0.113348,,1000,0,0,,0.0525322,0.0850904,0.1,,0,0,0,fluid
619,0.281543,-0.0578585,,1000,0,0,,0.0525322,0.0850904,0.1,,0,0,0,fluid
620,0.303148,0,,1000,0,0,,0.0525322,0.0850904,0.1,,0,0,0,fluid
621,0.296943,0.0610233,,1000,0,0,,0.0525322,0.0850904,0.1,,0,0,0,fluid
622,0.278581,0.119548,,1000,0,0,,0.0525322,0.0850904,0.1,,0,0,0,fluid
623,0.248813,0.173179,,1000,0,0,,0.0525322,0.0850904,0.1,,0,0,0,fluid
624,0.208859,0.21972,,1000,0,0,,0.0525322,0.0850904,0.1,,0,0,0,fluid
625,0.160355,0.257265,,1000,0,0,,0.0525322,0.0850904,0.1,,0,0,0,fluid
626,0.105285,0.284278,,1000,0,0,,0.0525322,0.0850904,0.1,,0,0,0,fluid
627,0.0459051,0.299653,,1000,0,0,,0.0525322,0.0850904,0.1,,0,0,0,fluid
628,-0.0153542,0.302759,,1000,0,0,,0.0525322,0.0850904,0.1,,0,0,0,fluid
629,-0.0759849,0.293471,,1000,0,0,,0.0525322,0.0850904,0.1,,0,0,0,fluid
630,-0.133505,0.272168,,1000,0,0,,0.0525322,0.0850904,0.1,,0,0,0,fluid
631,-0.185559,0.239722,,1000,0,0,,0.0525322,0.0850904,0.1,,0,0,0,fluid
632,-0.230016,0.197463,,1000,0,0,,0.0525322,0.0850904,0.1,,0,0,0,fluid
633,-0.265057,0.147119,,1000,0,0,,0.0525322,0.0850904,0.1,,0,0,0,fluid
634,-0.289246,0.0907515,,1000,0,0,,0.0525322,0.0850904,0.1,,0,0,0,fluid
635,-0.301593,0.030669,,1000,0,0,,0.0525322,0.0850904,0.1,,0,0,0,fluid
636,-0.301593,-0.030669,,1000,0,0,,0.0525322,0.0850904,0.1,,0,0,0,fluid
637,-0.289246,-0.0907515,,1000,0,0,,0.0525322,0.0850904,0.1,,0,0,0,fluid
638,-0.265057,-0.147119,,1000,0,0,,0.0525322,0.0850904,0.1,,0,0,0,fluid
639,-0.230016,-0.197463,,1000,0,0,,0.0525322,0.0850904,0.1,,0,0,0,fluid
640,-0.185559,-0.239722,,1000,0,0,,0.0525322,0.0850904,0.1,,0,0,0,fluid
641,-0.133505,-0.272168,,1000,0,0,,0.0525322,0.0850904,0.1,,0,0,0,fluid
642,-0.0759849,-0.293471,,1000,0,0,,0.0525322,0.0850904,0.1,,0,0,0,fluid
643,-0.0153542,-0.302759,,1000,0,0,,0.0525322,0.0850904,0.1,,0,0,0,fluid
644,0.0459051,-0.299653,,1000,0,0,,0.0525322,0.0850904,0.1,,0,0,0,fluid
645,0.105285,-0.284278,,1000,0,0,,0.0525322,0.0850904,0.1,,0,0,0,fluid
646,0.160355,-0.257265,,1000,0,0,,0.0525322,0.0850904,0.1,,0,0,0,fluid
647,0.208859,-0.21972,,1000,0,0,,0.0525322,0.0850904,0.1,,0,0,0,fluid
648,0.248813,-0.173179,,1000,0,0,,0.0525322,0.0850904,0.1,,0,0,0,fluid
649,0.278581,-0.119548,,1000,0,0,,0.0525322,0.0850904,0.1,,0,0,0,fluid
650,0.296943,-0.0610233,,1000,0,0,,0.0525322,0.0850904,0.1,,0,0,0,fluid
651,0.31925,0,,1000,0,0,,0.0525322,0.0850904,0.1,,0,0,0,fluid
652,0.312715,0.0642645,,1000,0,0,,0.0525322,0.0850904,0.1,,0,0,0,fluid
653,0.293377,0.125898,,1000,0,0,,0.0525322,0.0850904,0.1,,0,0,0,fluid
654,0.262028,0.182377,,1000,0,0,,0.0525322,0.0850904,0.1,,0,0,0,fluid
655,0.219952,0.23139,,1000,0,0,,0.0525322,0.0850904,0.1,,0,0,0,fluid
656,0.168872,0.270929,,1000,0,0,,0.0525322,0.0850904,0.1,,0,0,0,fluid
657,0.110877,0.299377,,1000,0,0,,0.0525322,0.0850904,0.1,,0,0,0,fluid
658,0.0483433,0.315568,,1000,0,0,,0.0525322,0.0850904,0.1,,0,0,0,fluid
659,-0.0161697,0.31884,,1000,0,0,,0.0525322,0.0850904,0.1,,0,0,0,fluid
660,-0.0800207,0.309058,,1000,0,0,,0.0525322,0.0850904,0.1,,0,0,0,fluid
661,-0.140596,0.286624,,1000,0,0,,0.0525322,0.0850904,0.1,,0,0,0,fluid
662,-0.195415,0.252455,,1000,0,0,,0.0525322,0.0850904,0.1,,0,0,0,fluid
663,-0.242233,0.20795,,1000,0,0,,0.0525322,0.0850904,0.1,,0,0,0,fluid
664,-0.279135,0.154932,,1000,0,0,,0.0525322,0.0850904,0.1,,0,0,0,fluid
665,-0.304609,0.0955716,,1000,0,0,,0.0525322,0.0850904,0.1,,0,0,0,fluid
666,-0.317612,0.032298,,1000,0,0,,0.0525322,0.0850904,0.1,,0,0,0,fluid
667,-0.317612,-0.032298,,1000,0,0,,0.0525322,0.0850904,0.1,,0,0,0,fluid
668,-0.304609,-0.0955716,,1000,0,0,,0.0525322,0.0850904,0.1,,0,0,0,fluid
669,-0.279135,-0.154932,,1000,0,0,,0.0525322,0.0850904,0.1,,0,0,0,fluid
670,-0.242233,-0.20795,,1000,0,0,,0.0525322,0.0850904,0.1,,0,0,0,fluid
671,-0.195415,-0.252455,,1000,0,0,,0.0525322,0.0850904,0.1,,0,0,0,fluid
672,-0.140596,-0.286624,,1000,0,0,,0.0525322,0.0850904,0.1,,0,0,0,fluid
673,-0.0800207,-0.309058,,1000,0,0,,0.0525322,0.0850904,0.1,,0,0,0,fluid
674,-0.0161697,-0.31884,,1000,0,0,,0.0525322,0.0850904,0.1,,0,0,0,fluid
675,0.0483433,-0.315568,,1000,0,0,,0.0525322,0.0850904,0.1,,0,0,0,fluid
676,0.110877,-0.299377,,1000,0,0,,0.0525322,0.0850904,0.1,,0,0,0,fluid
677,0.168872,-0.270929,,1000,0,0,,0.0525322,0.0850904,0.1,,0,0,0,fluid
678,0.219952,-0.23139,,1000,0,0,,0.0525322,0.0850904,0.1,,0,0,0,fluid
679,0.262028,-0.182377,,1000,0,0,,0.0525322,0.0850904,0.1,,0,0,0,fluid
680,0.293377,-0.125898,,1000,0,0,,0.0525322,0.0850904,0.1,,0,0,0,fluid
681,0.312715,-0.0642645,,1000,0,0,,0.0525322,0.0850904,0.1,,0,0,0,fluid
682,0.335739,0,,1000,0,0,,0.0525322,0.0850904,0.1,,0,0,0,fluid
683,0.328866,0.0675837,,1000,0,0,,0.0525322,0.0850904,0.1,,0,0,0,fluid
684,0.30853,0.132401,,1000,0,0,,0.0525322,0.0850904,0.1,,0,0,0,fluid
685,0.275562,0.191797,,1000,0,0,,0.0525322,0.0850904,0.1,,0,0,0,fluid
686,0.231313,0.243341,,1000,0,0,,0.0525322,0.0850904,0.1,,0,0,0,fluid
687,0.177594,0.284923,,1000,0,0,,0.0525322,0.0850904,0.1,,0,0,0,fluid
688,0.116604,0.31484,,1000,0,0,,0.0525322,0.0850904,0.1,,0,0,0,fluid
689,0.0508402,0.331867,,1000,0,0,,0.0525322,0.0850904,0.1,,0,0,0,fluid
690,-0.0170049,0.335308,,1000,0,0,,0.0525322,0.0850904,0.1,,0,0,0,fluid
691,-0.0841538,0.325021,,1000,0,0,,0.0525322,0.0850904,0.1,,0,0,0,fluid
692,-0.147857,0.301428,,1000,0,0,,0.0525322,0.0850904,0.1,,0,0,0,fluid
693,-0.205508,0.265494,,1000,0,0,,0.0525322,0.0850904,0.1,,0,0,0,fluid
694,-0.254745,0.218691,,1000,0,0,,0.0525322,0.0850904,0.1,,0,0,0,fluid
695,-0.293552,0.162935,,1000,0,0,,0.0525322,0.0850904,0.1,,0,0,0,fluid
696,-0.320342,0.100508,,1000,0,0,,0.0525322,0.0850904,0.1,,0,0,0,fluid
697,-0.334016,0.0339661,,1000,0,0,,0.0525322,0.0850904,0.1,,0,0,0,fluid
698,-0.334016,-0.0339661,,1000,0,0,,0.0525322,0.0850904,0.1,,0,0,0,fluid
699,-0.320342,-0.100508,,1000,0,0,,0.0525322,0.0850904,0.1,,0,0,0,fluid
700,-0.293552,-0.162935,,1000,0,0,,0.0525322,0.0850904,0.1,,0,0,0,fluid
701,-0.254745,-0.218691,,1000,0,0,,0.0525322,0.0850904,0.1,,0,0,0,fluid
702,-0.205508,-0.265494,,1000,0,0,,0.0525322,0.0850904,0.1,,0,0,0,fluid
703,-0.147857,-0.301428,,1000,0,0,,0.0525322,0.0850904,0.1,,0,0,0,fluid
704,-0.0841538,-0.325021,,1000,0,0,,0.0525322,0.0850904,0.1,,0,0,0,fluid
705,-0.0170049,-0.335308,,1000,0,0,,0.0525322,0.0850904,0.1,,0,0,0,fluid
706,0.0508402,-0.331867,,1000,0,0,,0.0525322,0.0850904,0.1,,0,0,0,fluid
707,0.116604,-0.31484,,1000,0,0,,0.0525322,0.0850904,0.1,,0,0,0,fluid
708,0.177594,-0.284923,,1000,0,0,,0.0525322,0.0850904,0.1,,0,0,0,fluid
709,0.231313,-0.243341,,1000,0,0,,0.0525322,0.0850904,0.1,,0,0,0,fluid
710,0.275562,-0.191797,,1000,0,0,,0.0525322,0.0850904,0.1,,0,0,0,fluid
711,0.30853,-0.132401,,1000,0,0,,0.0525322,0.0850904,0.1,,0,0,0,fluid
712,0.328866,-0.0675837,,1000,0,0,,0.0525322,0.0850904,0.1,,0,0,0,fluid
713,0.352626,0,,1000,0,0,,0.0525322,0.0850904,0.1,,0,0,0,fluid
714,0.345407,0.070983,,1000,0,0,,0.0525322,0.0850904,0.1,,0,0,0,fluid
715,0.324048,0.13906,,1000,0,0,,0.0525322,0.0850904,0.1,,0,0,0,fluid
716,0.289422,0.201444,,1000,0,0,,0.0525322,0.0850904,0.1,,0,0,0,fluid
717,0.242947,0.25558,,1000,0,0,,0.0525322,0.0850904,0.1,,0,0,0,fluid
718,0.186526,0.299254,,1000,0,0,,0.0525322,0.0850904,0.1,,0,0,0,fluid
719,0.122469,0.330675,,1000,0,0,,0.0525322,0.0850904,0.1,,0,0,0,fluid
720,0.0533973,0.348559,,1000,0,0,,0.0525322,0.0850904,0.1,,0,0,0,fluid
721,-0.0178602,0.352173,,1000,0,0,,0.0525322,0.0850904,0.1,,0,0,0,fluid
722,-0.0883865,0.341369,,1000,0,0,,0.0525322,0.0850904,0.1,,0,0,0,fluid
723,-0.155294,0.316589,,1000,0,0,,0.0525322,0.0850904,0.1,,0,0,0,fluid
724,-0.215844,0.278848,,1000,0,0,,0.0525322,0.0850904,0.1,,0,0,0,fluid
725,-0.267558,0.229691,,1000,0,0,,0.0525322,0.0850904,0.1,,0,0,0,fluid
726,-0.308317,0.17113,,1000,0,0,,0.0525322,0.0850904,0.1,,0,0,0,fluid
727,-0.336454,0.105563,,1000,0,0,,0.0525322,0.0850904,0.1,,0,0,0,fluid
728,-0.350816,0.0356745,,1000,0,0,,0.0525322,0.0850904,0.1,,0,0,0,fluid
729,-0.350816,-0.0356745,,1000,0,0,,0.0525322,0.0850904,0.1,,0,0,0,fluid
730,-0.336454,-0.105563,,1000,0,0,,0.0525322,0.0850904,0.1,,0,0,0,fluid
731,-0.308317,-0.17113,,1000,0,0,,0.0525322,0.0850904,0.1,,0,0,0,fluid
732,-0.267558,-0.229691,,1000,0,0,,0.0525322,0.0850904,0.1,,0,0,0,fluid
733,-0.215844,-0.278848,,1000,0,0,,0.0525322,0.0850904,0.1,,0,0,0,fluid
734,-0.155294,-0.316589,,1000,0,0,,0.0525322,0.0850904,0.1,,0,0,0,fluid
735,-0.0883865,-0.341369,,1000,0,0,,0.0525322,0.0850904,0.1,,0,0,0,fluid
736,-0.0178602,-0.352173,,1000,0,0,,0.0525322,0.0850904,0.1,,0,0,0,fluid
737,0.0533973,-0.348559,,1000,0,0,,0.0525322,0.0850904,0.1,,0,0,0,fluid
738,0.122469,-0.330675,,1000,0,0,,0.0525322,0.0850904,0.1,,0,0,0,fluid
739,0.186526,-0.299254,,1000,0,0,,0.0525322,0.0850904,0.1,,0,0,0,fluid
740,0.242947,-0.25558,,1000,0,0,,0.0525322,0.0850904,0.1,,0,0,0,fluid
741,0.289422,-0.201444,,1000,0,0,,0.0525322,0.0850904,0.1,,0,0,0,fluid
742,0.324048,-0.13906,,1000,0,0,,0.0525322,0.0850904,0.1,,0,0,0,fluid
743,0.345407,-0.070983,,1000,0,0,,0.0525322,0.0850904,0.1,,0,0,0,fluid
744,0.369919,0,,1000,0,0,,0.0525322,0.0850904,0.1,,0,0,0,fluid
745,0.362347,0.0744642,,1000,0,0,,0.0525322,0.0850904,0.1,,0,0,0,fluid
746,0.33994,0.14588,,1000,0,0,,0.0525322,0.0850904,0.1,,0,0,0,fluid
747,0.303616,0.211323,,1000,0,0,,0.0525322,0.0850904,0.1,,0,0,0,fluid
748,0.254862,0.268115,,1000,0,0,,0.0525322,0.0850904,0.1,,0,0,0,fluid
749,0.195674,0.31393,,1000,0,0,,0.0525322,0.0850904,0.1,,0,0,0,fluid
750,0.128475,0.346893,,1000,0,0,,0.0525322,0.0850904,0.1,,0,0,0,fluid
751,0.0560161,0.365654,,1000,0,0,,0.0525322,0.0850904,0.1,,0,0,0,fluid
752,-0.0187361,0.369445,,1000,0,0,,0.0525322,0.0850904,0.1,,0,0,0,fluid
753,-0.0927212,0.35811,,1000,0,0,,0.0525322,0.0850904,0.1,,0,0,0,fluid
754,-0.16291,0.332115,,1000,0,0,,0.0525322,0.0850904,0.1,,0,0,0,fluid
755,-0.22643,0.292523,,1000,0,0,,0.0525322,0.0850904,0.1,,0,0,0,fluid
756,-0.280679,0.240955,,1000,0,0,,0.0525322,0.0850904,0.1,,0,0,0,fluid
757,-0.323438,0.179523,,1000,0,0,,0.0525322,0.0850904,0.1,,0,0,0,fluid
758,-0.352955,0.11074,,1000,0,0,,0.0525322,0.0850904,0.1,,0,0,0,fluid
759,-0.368021,0.0374241,,1000,0,0,,0.0525322,0.0850904,0.1,,0,0,0,fluid
760,-0.368021,-0.0374241,,1000,0,0,,0.0525322,0.0850904,0.1,,0,0,0,fluid
761,-0.352955,-0.11074,,1000,0,0,,0.0525322,0.0850904,0.1,,0,0,0,fluid
762,-0.323438,-0.179523,,1000,0,0,,0.0525322,0.0850904,0.1,,0,0,0,fluid
763,-0.280679,-0.240955,,1000,0,0,,0.0525322,0.0850904,0.1,,0,0,0,fluid
764,-0.22643,-0.292523,,1000,0,0,,0.0525322,0.0850904,0.1,,0,0,0,fluid
765,-0.16291,-0.332115,,1000,0,0,,0.0525322,0.0850904,0.1,,0,0,0,fluid
766,-0.0927212,-0.35811,,1000,0,0,,0.0525322,0.0850904,0.1,,0,0,0,fluid
767,-0.0187361,-0.369445,,1000,0,0,,0.0525322,0.0850904,0.1,,0,0,0,fluid
768,0.0560161,-0.365654,,1000,0,0,,0.0525322,0.0850904,0.1,,0,0,0,fluid
769,0.128475,-0.346893,,1000,0,0,,0.0525322,0.0850904,0.1,,0,0,0,fluid
770,0.195674,-0.31393,,1000,0,0,,0.0525322,0.0850904,0.1,,0,0,0,fluid
771,0.254862,-0.268115,,1000,0,0,,0.0525322,0.0850904,0.1,,0,0,0,fluid
772,0.303616,-0.211323,,1000,0,0,,0.0525322,0.0850904,0.1,,0,0,0,fluid
773,0.33994,-0.14588,,1000,0,0,,0.0525322,0.0850904,0.1,,0,0,0,fluid
774,0.362347,-0.0744642,,1000,0,0,,0.0525322,0.0850904,0.1,,0,0,0,fluid
775,0.38763,0,,1000,0,0,,0.0525322,0.0850904,0.1,,0,0,0,fluid
776,0.379695,0.0780293,,1000,0,0,,0.0525322,0.0850904,0.1,,0,0,0,fluid
777,0.356215,0.152864,,1000,0,0,,0.0525322,0.0850904,0.1,,0,0,0,fluid
778,0.318152,0.221441,,1000,0,0,,0.0525322,0.0850904,0.1,,0,0,0,fluid
779,0.267064,0.280951,,1000,0,0,,0.0525322,0.0850904,0.1,,0,0,0,fluid
780,0.205042,0.32896,,1000,0,0,,0.0525322,0.0850904,0.1,,0,0,0,fluid
781,0.134626,0.363501,,1000,0,0,,0.0525322,0.0850904,0.1,,0,0,0,fluid
782,0.0586979,0.38316,,1000,0,0,,0.0525322,0.0850904,0.1,,0,0,0,fluid
783,-0.0196331,0.387132,,1000,0,0,,0.0525322,0.0850904,0.1,,0,0,0,fluid
784,-0.0971604,0.375256,,1000,0,0,,0.0525322,0.0850904,0.1,,0,0,0,fluid
785,-0.17071,0.348016,,1000,0,0,,0.0525322,0.0850904,0.1,,0,0,0,fluid
786,-0.237271,0.306528,,1000,0,0,,0.0525322,0.0850904,0.1,,0,0,0,fluid
787,-0.294117,0.252491,,1000,0,0,,0.0525322,0.0850904,0.1,,0,0,0,fluid
788,-0.338923,0.188117,,1000,0,0,,0.0525322,0.0850904,0.1,,0,0,0,fluid
789,-0.369853,0.116042,,1000,0,0,,0.0525322,0.0850904,0.1,,0,0,0,fluid
790,-0.385641,0.0392159,,1000,0,0,,0.0525322,0.0850904,0.1,,0,0,0,fluid
791,-0.385641,-0.0392159,,1000,0,0,,0.0525322,0.0850904,0.1,,0,0,0,fluid
792,-0.369853,-0.116042,,1000,0,0,,0.0525322,0.0850904,0.1,,0,0,0,fluid
793,-0.338923,-0.188117,,1000,0,0,,0.0525322,0.0850904,0.1,,0,0,0,fluid
794,-0.294117,-0.252491,,1000,0,0,,0.0525322,0.0850904,0.1,,0,0,0,fluid
795,-0.237271,-0.306528,,1000,0,0,,0.0525322,0.0850904,0.1,,0,0,0,fluid
796,-0.17071,-0.348016,,1000,0,0,,0.0525322,0.0850904,0.1,,0,0,0,fluid
797,-0.0971604,-0.375256,,1000,0,0,,0.0525322,0.0850904,0.1,,0,0,0,fluid
798,-0.0196331,-0.387132,,1000,0,0,,0.0525322,0.0850904,0.1,,0,0,0,fluid
799,0.0586979,-0.38316,,1000,0,0,,0.0525322,0.0850904,0.1,,0,0,0,fluid
800,0.134626,-0.363501,,1000,0,0,,0.0525322,0.0850904,0.1,,0,0,0,fluid
801,0.205042,-0.32896,,1000,0,0,,0.0525322,0.0850904,0.1,,0,0,0,fluid
802,0.267064,-0.280951,,1000,0,0,,0.0525322,0.0850904,0.1,,0,0,0,fluid
803,0.318152,-0.221441,,1000,0,0,,0.0525322,0.0850904,0.1,,0,0,0,fluid
804,0.356215,-0.152864,,1000,0,0,,0.0525322,0.0850904,0.1,,0,0,0,fluid
805,0.379695,-0.0780293,,1000,0,0,,0.0525322,0.0850904,0.1,,0,0,0,fluid
806,0.405767,0,,1000,0,0,,0.0525322,0.0850904,0.1,,0,0,0,fluid
807,0.397461,0.0816803,,1000,0,0,,0.0525322,0.0850904,0.1,,0,0,0,fluid
808,0.372883,0.160017,,1000,0,0,,0.0525322,0.0850904,0.1,,0,0,0,fluid
809,0.333039,0.231802,,1000,0,0,,0.0525322,0.0850904,0.1,,0,0,0,fluid
810,0.27956,0.294097,,1000,0,0,,0.0525322,0.0850904,0.1,,0,0,0,fluid
811,0.214636,0.344352,,1000,0,0,,0.0525322,0.0850904,0.1,,0,0,0,fluid
812,0.140925,0.380509,,1000,0,0,,0.0525322,0.0850904,0.1,,0,0,0,fluid
813,0.0614444,0.401088,,1000,0,0,,0.0525322,0.0850904,0.1,,0,0,0,fluid
814,-0.0205518,0.405246,,1000,0,0,,0.0525322,0.0850904,0.1,,0,0,0,fluid
815,-0.101707,0.392814,,1000,0,0,,0.0525322,0.0850904,0.1,,0,0,0,fluid
816,-0.178697,0.3643,,1000,0,0,,0.0525322,0.0850904,0.1,,0,0,0,fluid
817,-0.248372,0.320871,,1000,0,0,,0.0525322,0.0850904,0.1,,0,0,0,fluid
818,-0.307879,0.264306,,1000,0,0,,0.0525322,0.0850904,0.1,,0,0,0,fluid
819,-0.354781,0.19692,,1000,0,0,,0.0525322,0.0850904,0.1,,0,0,0,fluid
820,-0.387158,0.121472,,1000,0,0,,0.0525322,0.0850904,0.1,,0,0,0,fluid
821,-0.403685,0.0410508,,1000,0,0,,0.0525322,0.0850904,0.1,,0,0,0,fluid
822,-0.403685,-0.0410508,,1000,0,0,,0.0525322,0.0850904,0.1,,0,0,0,fluid
823,-0.387158,-0.121472,,1000,0,0,,0.0525322,0.0850904,0.1,,0,0,0,fluid
824,-0.354781,-0.19692,,1000,0,0,,0.0525322,0.0850904,0.1,,0,0,0,fluid
825,-0.307879,-0.264306,,1000,0,0,,0.0525322,0.0850904,0.1,,0,0,0,fluid
826,-0.248372,-0.320871,,1000,0,0,,0.0525322,0.0850904,0.1,,0,0,0,fluid
827,-0.178697,-0.3643,,1000,0,0,,0.0525322,0.0850904,0.1,,0,0,0,fluid
828,-0.101707,-0.392814,,1000,0,0,,0.0525322,0.0850904,0.1,,0,0,0,fluid
829,-0.0205518,-0.405246,,1000,0,0,,0.0525322,0.0850904,0.1,,0,0,0,fluid
830,0.0614444,-0.401088,,1000,0,0,,0.0525322,0.0850904,0.1,,0,0,0,fluid
831,0.140925,-0.380509,,1000,0,0,,0.0525322,0.0850904,0.1,,0,0,0,fluid
832,0.214636,-0.344352,,1000,0,0,,0.0525322,0.0850904,0.1,,0,0,0,fluid
833,0.27956,-0.294097,,1000,0,0,,0.0525322,0.0850904,0.1,,0,0,0,fluid
834,0.333039,-0.231802,,1000,0,0,,0.0525322,0.0850904,0.1,,0,0,0,fluid
835,0.372883,-0.160017,,1000,0,0,,0.0525322,0.0850904,0.1,,0,0,0,fluid
836,0.397461,-0.0816803,,1000,0,0,,0.0525322,0.0850904,0.1,,0,0,0,fluid
837,0.424342,0,,1000,0,0,,0.0525322,0.0850904,0.1,,0,0,0,fluid
838,0.415655,0.0854193,,1000,0,0,,0.0525322,0.0850904,0.1,,0,0,0,fluid
839,0.389952,0.167342,,1000,0,0,,0.0525322,0.0850904,0.1,,0,0,0,fluid
840,0.348284,0.242413,,1000,0,0,,0.0525322,0.0850904,0.1,,0,0,0,fluid
841,0.292357,0.30756,,1000,0,0,,0.0525322,0.0850904,0.1,,0,0,0,fluid
842,0.224461,0.360115,,1000,0,0,,0.0525322,0.0850904,0.1,,0,0,0,fluid
843,0.147376,0.397927,,1000,0,0,,0.0525322,0.0850904,0.1,,0,0,0,fluid
844,0.0642571,0.419448,,1000,0,0,,0.0525322,0.0850904,0.1,,0,0,0,fluid
845,-0.0214925,0.423797,,1000,0,0,,0.0525322,0.0850904,0.1,,0,0,0,fluid
846,-0.106362,0.410795,,1000,0,0,,0.0525322,0.0850904,0.1,,0,0,0,fluid
847,-0.186878,0.380976,,1000,0,0,,0.0525322,0.0850904,0.1,,0,0,0,fluid
848,-0.259742,0.335559,,1000,0,0,,0.0525322,0.0850904,0.1,,0,0,0,fluid
849,-0.321973,0.276404,,1000,0,0,,0.0525322,0.0850904,0.1,,0,0,0,fluid
850,-0.371022,0.205934,,1000,0,0,,0.0525322,0.0850904,0.1,,0,0,0,fluid
851,-0.404881,0.127032,,1000,0,0,,0.0525322,0.0850904,0.1,,0,0,0,fluid
852,-0.422164,0.0429299,,1000,0,0,,0.0525322,0.0850904,0.1,,0,0,0,fluid
853,-0.422164,-0.0429299,,1000,0,0,,0.0525322,0.0850904,0.1,,0,0,0,fluid
854,-0.404881,-0.127032,,1000,0,0,,0.0525322,0.0850904,0.1,,0,0,0,fluid
855,-0.371022,-0.205934,,1000,0,0,,0.0525322,0.0850904,0.1,,0,0,0,fluid
856,-0.321973,-0.276404,,1000,0,0,,0.0525322,0.0850904,0.1,,0,0,0,fluid
857,-0.259742,-0.335559,,1000,0,0,,0.0525322,0.0850904,0.1,,0,0,0,fluid
858,-0.186878,-0.380976,,1000,0,0,,0.0525322,0.0850904,0.1,,0,0,0,fluid
859,-0.106362,-0.410795,,1000,0,0,,0.0525322,0.0850904,0.1,,0,0,0,fluid
860,-0.0214925,-0.423797,,1000,0,0,,0.0525322,0.0850904,0.1,,0,0,0,fluid
861,0.0642571,-0.419448,,1000,0,0,,0.0525322,0.0850904,0.1,,0,0,0,fluid
862,0.147376,-0.397927,,1000,0,0,,0.0525322,0.0850904,0.1,,0,0,0,fluid
863,0.224461,-0.360115,,1000,0,0,,0.0525322,0.0850904,0.1,,0,0,0,fluid
864,0.292357,-0.30756,,1000,0,0,,0.0525322,0.0850904,0.1,,0,0,0,fluid
865,0.348284,-0.242413,,1000,0,0,,0.0525322,0.0850904,0.1,,0,0,0,fluid
866,0.389952,-0.167342,,1000,0,0,,0.0525322,0.0850904,0.1,,0,0,0,fluid
867,0.415655,-0.0854193,,1000,0,0,,0.0525322,0.0850904,0.1,,0,0,0,fluid
868,0.443364,0,,1000,0,0,,0.0525322,0.0850904,0.1,,0,0,0,fluid
869,0.434288,0.0892485,,1000,0,0,,0.0525322,0.0850904,0.1,,0,0,0,fluid
870,0.407433,0.174843,,1000,0,0,,0.0525322,0.0850904,0.1,,0,0,0,fluid
871,0.363897,0.25328,,1000,0,0,,0.0525322,0.0850904,0.1,,0,0,0,fluid
872,0.305463,0.321347,,1000,0,0,,0.0525322,0.0850904,0.1,,0,0,0,fluid
873,0.234523,0.376258,,1000,0,0,,0.0525322,0.0850904,0.1,,0,0,0,fluid
874,0.153983,0.415765,,1000,0,0,,0.0525322,0.0850904,0.1,,0,0,0,fluid
875,0.0671376,0.438251,,1000,0,0,,0.0525322,0.0850904,0.1,,0,0,0,fluid
876,-0.022456,0.442795,,1000,0,0,,0.0525322,0.0850904,0.1,,0,0,0,fluid
877,-0.11113,0.42921,,1000,0,0,,0.0525322,0.0850904,0.1,,0,0,0,fluid
878,-0.195255,0.398054,,1000,0,0,,0.0525322,0.0850904,0.1,,0,0,0,fluid
879,-0.271386,0.350601,,1000,0,0,,0.0525322,0.0850904,0.1,,0,0,0,fluid
880,-0.336406,0.288795,,1000,0,0,,0.0525322,0.0850904,0.1,,0,0,0,fluid
881,-0.387654,0.215165,,1000,0,0,,0.0525322,0.0850904,0.1,,0,0,0,fluid
882,-0.423031,0.132727,,1000,0,0,,0.0525322,0.0850904,0.1,,0,0,0,fluid
883,-0.441089,0.0448544,,1000,0,0,,0.0525322,0.0850904,0.1,,0,0,0,fluid
884,-0.441089,-0.0448544,,1000,0,0,,0.0525322,0.0850904,0.1,,0,0,0,fluid
885,-0.423031,-0.132727,,1000,0,0,,0.0525322,0.0850904,0.1,,0,0,0,fluid
886,-0.387654,-0.215165,,1000,0,0,,0.0525322,0.0850904,0.1,,0,0,0,fluid
887,-0.336406,-0.288795,,1000,0,0,,0.0525322,0.0850904,0.1,,0,0,0,fluid
888,-0.271386,-0.350601,,1000,0,0,,0.0525322,0.0850904,0.1,,0,0,0,fluid
889,-0.195255,-0.398054,,1000,0,0,,0.0525322,0.0850904,0.1,,0,0,0,fluid
890,-0.11113,-0.42921,,1000,0,0,,0.0525322,0.0850904,0.1,,0,0,0,fluid
891,-0.022456,-0.442795,,1000,0,0,,0.0525322,0.0850904,0.1,,0,0,0,fluid
892,0.0671376,-0.438251,,1000,0,0,,0.0525322,0.0850904,0.1,,0,0,0,fluid
893,0.153983,-0.415765,,1000,0,0,,0.0525322,0.0850904,0.1,,0,0,0,fluid
894,0.234523,-0.376258,,1000,0,0,,0.0525322,0.0850904,0.1,,0,0,0,fluid
895,0.305463,-0.321347,,1000,0,0,,0.0525322,0.0850904,0.1,,0,0,0,fluid
896,0.363897,-0.25328,,1000,0,0,,0.0525322,0.0850904,0.1,,0,0,0,fluid
897,0.407433,-0.174843,,1000,0,0,,0.0525322,0.0850904,0.1,,0,0,0,fluid
898,0.434288,-0.0892485,,1000,0,0,,0.0525322,0.0850904,0.1,,0,0,0,fluid
899,0.462844,0,,1000,0,0,,0.0525322,0.0850904,0.1,,0,0,0,fluid
900,0.45337,0.0931699,,1000,0,0,,0.0525322,0.0850904,0.1,,0,0,0,fluid
901,0.425334,0.182525,,1000,0,0,,0.0525322,0.0850904,0.1,,0,0,0,fluid
902,0.379886,0.264408,,1000,0,0,,0.0525322,0.0850904,0.1,,0,0,0,fluid
903,0.318884,0.335466,,1000,0,0,,0.0525322,0.0850904,0.1,,0,0,0,fluid
904,0.244828,0.39279,,1000,0,0,,0.0525322,0.0850904,0.1,,0,0,0,fluid
905,0.160748,0.434033,,1000,0,0,,0.0525322,0.0850904,0.1,,0,0,0,fluid
906,0.0700875,0.457507,,1000,0,0,,0.0525322,0.0850904,0.1,,0,0,0,fluid
907,-0.0234427,0.46225,,1000,0,0,,0.0525322,0.0850904,0.1,,0,0,0,fluid
908,-0.116013,0.448069,,1000,0,0,,0.0525322,0.0850904,0.1,,0,0,0,fluid
909,-0.203834,0.415544,,1000,0,0,,0.0525322,0.0850904,0.1,,0,0,0,fluid
910,-0.28331,0.366006,,1000,0,0,,0.0525322,0.0850904,0.1,,0,0,0,fluid
911,-0.351187,0.301484,,1000,0,0,,0.0525322,0.0850904,0.1,,0,0,0,fluid
912,-0.404686,0.224619,,1000,0,0,,0.0525322,0.0850904,0.1,,0,0,0,fluid
913,-0.441618,0.138559,,1000,0,0,,0.0525322,0.0850904,0.1,,0,0,0,fluid
914,-0.46047,0.0468252,,1000,0,0,,0.0525322,0.0850904,0.1,,0,0,0,fluid
915,-0.46047,-0.0468252,,1000,0,0,,0.0525322,0.0850904,0.1,,0,0,0,fluid
916,-0.441618,-0.138559,,1000,0,0,,0.0525322,0.0850904,0.1,,0,0,0,fluid
917,-0.404686,-0.224619,,1000,0,0,,0.0525322,0.0850904,0.1,,0,0,0,fluid
918,-0.351187,-0.301484,,1000,0,0,,0.0525322,0.0850904,0.1,,0,0,0,fluid
919,-0.28331,-0.366006,,1000,0,0,,0.0525322,0.0850904,0.1,,0,0,0,fluid
920,-0.203834,-0.415544,,1000,0,0,,0.0525322,0.0850904,0.1,,0,0,0,fluid
921,-0.116013,-0.448069,,1000,0,0,,0.0525322,0.0850904,0.1,,0,0,0,fluid
922,-0.0234427,-0.46225,,1000,0,0,,0.0525322,0.0850904,0.1,,0,0,0,fluid
923,0.0700875,-0.457507,,1000,0,0,,0.0525322,0.0850904,0.1,,0,0,0,fluid
924,0.160748,-0.434033,,1000,0,0,,0.0525322,0.0850904,0.1,,0,0,0,fluid
925,0.244828,-0.39279,,1000,0,0,,0.0525322,0.0850904,0.1,,0,0,0,fluid
926,0.318884,-0.335466,,1000,0,0,,0.0525322,0.0850904,0.1,,0,0,0,fluid
927,0.379886,-0.264408,,1000,0,0,,0.0525322,0.0850904,0.1,,0,0,0,fluid
928,0.425334,-0.182525,,1000,0,0,,0.0525322,0.0850904,0.1,,0,0,0,fluid
929,0.45337,-0.0931699,,1000,0,0,,0.0525322,0.0850904,0.1,,0,0,0,fluid
930,0.482794,0,,1000,0,0,,0.0525322,0.0850904,0.1,,0,0,0,fluid
931,0.472912,0.0971858,,1000,0,0,,0.0525322,0.0850904,0.1,,0,0,0,fluid
932,0.443668,0.190393,,1000,0,0,,0.0525322,0.0850904,0.1,,0,0,0,fluid
933,0.39626,0.275805,,1000,0,0,,0.0525322,0.0850904,0.1,,0,0,0,fluid
934,0.332629,0.349926,,1000,0,0,,0.0525322,0.0850904,0.1,,0,0,0,fluid
935,0.255381,0.409721,,1000,0,0,,0.0525322,0.0850904,0.1,,0,0,0,fluid
936,0.167677,0.452741,,1000,0,0,,0.0525322,0.0850904,0.1,,0,0,0,fluid
937,0.0731085,0.477227,,1000,0,0,,0.0525322,0.0850904,0.1,,0,0,0,fluid
938,-0.0244531,0.482175,,1000,0,0,,0.0525322,0.0850904,0.1,,0,0,0,fluid
939,-0.121014,0.467382,,1000,0,0,,0.0525322,0.0850904,0.1,,0,0,0,fluid
940,-0.21262,0.433455,,1000,0,0,,0.0525322,0.0850904,0.1,,0,0,0,fluid
941,-0.295521,0.381782,,1000,0,0,,0.0525322,0.0850904,0.1,,0,0,0,fluid
942,-0.366324,0.314479,,1000,0,0,,0.0525322,0.0850904,0.1,,0,0,0,fluid
943,-0.42213,0.234301,,1000,0,0,,0.0525322,0.0850904,0.1,,0,0,0,fluid
944,-0.460653,0.144531,,1000,0,0,,0.0525322,0.0850904,0.1,,0,0,0,fluid
945,-0.480317,0.0488435,,1000,0,0,,0.0525322,0.0850904,0.1,,0,0,0,fluid
946,-0.480317,-0.0488435,,1000,0,0,,0.0525322,0.0850904,0.1,,0,0,0,fluid
947,-0.460653,-0.144531,,1000,0,0,,0.0525322,0.0850904,0.1,,0,0,0,fluid
948,-0.42213,-0.234301,,1000,0,0,,0.0525322,0.0850904,0.1,,0,0,0,fluid
949,-0.366324,-0.314479,,1000,0,0,,0.0525322,0.0850904,0.1,,0,0,0,fluid
950,-0.295521,-0.381782,,1000,0,0,,0.0525322,0.0850904,0.1,,0,0,0,fluid
951,-0.21262,-0.433455,,1000,0,0,,0.0525322,0.0850904,0.1,,0,0,0,fluid
952,-0.121014,-0.467382,,1000,0,0,,0.0525322,0.0850904,0.1,,0,0,0,fluid
953,-0.0244531,-0.482175,,1000,0,0,,0.0525322,0.0850904,0.1,,0,0,0,fluid
954,0.0731085,-0.477227,,1000,0,0,,0.0525322,0.0850904,0.1,,0,0,0,fluid
955,0.167677,-0.452741,,1000,0,0,,0.0525322,0.0850904,0.1,,0,0,0,fluid
956,0.255381,-0.409721,,1000,0,0,,0.0525322,0.0850904,0.1,,0,0,0,fluid
957,0.332629,-0.349926,,1000,0,0,,0.0525322,0.0850904,0.1,,0,0,0,fluid
958,0.39626,-0.275805,,1000,0,0,,0.0525322,0.0850904,0.1,,0,0,0,fluid
959,0.443668,-0.190393,,1000,0,0,,0.0525322,0.0850904,0.1,,0,0,0,fluid
960,0.472912,-0.0971858,,1000,0,0,,0.0525322,0.0850904,0.1,,0,0,0,fluid
961,0.503225,0,,1000,0,0,,0.0525322,0.0850904,0.1,,0,0,0,fluid
962,0.492924,0.101299,,1000,0,0,,0.0525322,0.0850904,0.1,,0,0,0,fluid
963,0.462443,0.19845,,1000,0,0,,0.0525322,0.0850904,0.1,,0,0,0,fluid
964,0.413029,0.287477,,1000,0,0,,0.0525322,0.0850904,0.1,,0,0,0,fluid
965,0.346706,0.364734,,1000,0,0,,0.0525322,0.0850904,0.1,,0,0,0,fluid
966,0.266188,0.427059,,1000,0,0,,0.0525322,0.0850904,0.1,,0,0,0,fluid
967,0.174773,0.471901,,1000,0,0,,0.0525322,0.0850904,0.1,,0,0,0,fluid
968,0.0762023,0.497422,,1000,0,0,,0.0525322,0.0850904,0.1,,0,0,0,fluid
969,-0.0254879,0.502579,,1000,0,0,,0.0525322,0.0850904,0.1,,0,0,0,fluid
970,-0.126135,0.487161,,1000,0,0,,0.0525322,0.0850904,0.1,,0,0,0,fluid
971,-0.221617,0.451798,,1000,0,0,,0.0525322,0.0850904,0.1,,0,0,0,fluid
972,-0.308027,0.397938,,1000,0,0,,0.0525322,0.0850904,0.1,,0,0,0,fluid
973,-0.381826,0.327787,,1000,0,0,,0.0525322,0.0850904,0.1,,0,0,0,fluid
974,-0.439993,0.244216,,1000,0,0,,0.0525322,0.0850904,0.1,,0,0,0,fluid
975,-0.480147,0.150647,,1000,0,0,,0.0525322,0.0850904,0.1,,0,0,0,fluid
976,-0.500643,0.0509105,,1000,0,0,,0.0525322,0.0850904,0.1,,0,0,0,fluid
977,-0.500643,-0.0509105,,1000,0,0,,0.0525322,0.0850904,0.1,,0,0,0,fluid
978,-0.480147,-0.150647,,1000,0,0,,0.0525322,0.0850904,0.1,,0,0,0,fluid
979,-0.439993,-0.244216,,1000,0,0,,0.0525322,0.0850904,0.1,,0,0,0,fluid
980,-0.381826,-0.327787,,1000,0,0,,0.0525322,0.0850904,0.1,,0,0,0,fluid
981,-0.308027,-0.397938,,1000,0,0,,0.0525322,0.0850904,0.1,,0,0,0,fluid
982,-0.221617,-0.451798,,1000,0,0,,0.0525322,0.0850904,0.1,,0,0,0,fluid
983,-0.126135,-0.487161,,1000,0,0,,0.0525322,0.0850904,0.1,,0,0,0,fluid
984,-0.0254879,-0.502579,,1000,0,0,,0.0525322,0.0850904,0.1,,0,0,0,fluid
985,0.0762023,-0.497422,,1000,0,0,,0.0525322,0.0850904,0.1,,0,0,0,fluid
986,0.174773,-0.471901,,1000,0,0,,0.0525322,0.0850904,0.1,,0,0,0,fluid
987,0.266188,-0.427059,,1000,0,0,,0.0525322,0.0850904,0.1,,0,0,0,fluid
988,0.346706,-0.364734,,1000,0,0,,0.0525322,0.0850904,0.1,,0,0,0,fluid
989,0.413029,-0.287477,,1000,0,0,,0.0525322,0.0850904,0.1,,0,0,0,fluid
990,0.462443,-0.19845,,1000,0,0,,0.0525322,0.0850904,0.1,,0,0,0,fluid
991,0.492924,-0.101299,,1000,0,0,,0.0525322,0.0850904,0.1,,0,0,0,fluid
992,0.524149,0,,1000,0,0,,0.0525322,0.0850904,0.1,,0,0,0,fluid
993,0.513419,0.10551,,1000,0,0,,0.0525322,0.0850904,0.1,,0,0,0,fluid
994,0.48167,0.206701,,1000,0,0,,0.0525322,0.0850904,0.1,,0,0,0,fluid
995,0.430202,0.299429,,1000,0,0,,0.0525322,0.0850904,0.1,,0,0,0,fluid
996,0.361121,0.379899,,1000,0,0,,0.0525322,0.0850904,0.1,,0,0,0,fluid
997,0.277256,0.444816,,1000,0,0,,0.0525322,0.0850904,0.1,,0,0,0,fluid
998,0.18204,0.491522,,1000,0,0,,0.0525322,0.0850904,0.1,,0,0,0,fluid
999,0.0793707,0.518104,,1000,0,0,,0.0525322,0.0850904,0.1,,0,0,0,fluid
1000,-0.0265477,0.523476,,1000,0,0,,0.0525322,0.0850904,0.1,,0,0,0,fluid
1001,-0.131379,0.507416,,1000,0,0,,0.0525322,0.0850904,0.1,,0,0,0,fluid
1002,-0.230832,0.470583,,1000,0,0,,0.0525322,0.0850904,0.1,,0,0,0,fluid
1003,-0.320835,0.414484,,1000,0,0,,0.0525322,0.0850904,0.1,,0,0,0,fluid
1004,-0.397702,0.341416,,1000,0,0,,0.0525322,0.0850904,0.1,,0,0,0,fluid
1005,-0.458288,0.25437,,1000,0,0,,0.0525322,0.0850904,0.1,,0,0,0,fluid
1006,-0.500111,0.156911,,1000,0,0,,0.0525322,0.0850904,0.1,,0,0,0,fluid
1007,-0.521459,0.0530272,,1000,0,0,,0.0525322,0.0850904,0.1,,0,0,0,fluid
1008,-0.521459,-0.0530272,,1000,0,0,,0.0525322,0.0850904,0.1,,0,0,0,fluid
1009,-0.500111,-0.156911,,1000,0,0,,0.0525322,0.0850904,0.1,,0,0,0,fluid
1010,-0.458288,-0.25437,,1000,0,0,,0.0525322,0.0850904,0.1,,0,0,0,fluid
1011,-0.397702,-0.341416,,1000,0,0,,0.0525322,0.0850904,0.1,,0,0,0,fluid
1012,-0.320835,-0.414484,,1000,0,0,,0.0525322,0.0850904,0.1,,0,0,0,fluid
1013,-0.230832,-0.470583,,1000,0,0,,0.0525322,0.0850904,0.1,,0,0,0,fluid
1014,-0.131379,-0.507416,,1000,0,0,,0.0525322,0.0850904,0.1,,0,0,0,fluid
1015,-0.0265477,-0.523476,,1000,0,0,,0.0525322,0.0850904,0.1,,0,0,0,fluid
1016,0.0793707,-0.518104,,1000,0,0,,0.0525322,0.0850904,0.1,,0,0,0,fluid
1017,0.18204,-0.491522,,1000,0,0,,0.0525322,0.0850904,0.1,,0,0,0,fluid
1018,0.277256,-0.444816,,1000,0,0,,0.0525322,0.0850904,0.1,,0,0,0,fluid
1019,0.361121,-0.379899,,1000,0,0,,0.0525322,0.0850904,0.1,,0,0,0,fluid
1020,0.430202,-0.299429,,1000,0,0,,0.0525322,0.0850904,0.1,,0,0,0,fluid
1021,0.48167,-0.206701,,1000,0,0,,0.0525322,0.0850904,0.1,,0,0,0,fluid
1022,0.513419,-0.10551,,1000,0,0,,0.0525322,0.0850904,0.1,,0,0,0,fluid
1023,0.545576,0,,1000,0,0,,0.0525322,0.0850904,0.1,,0,0,0,fluid
1024,0.534408,0.109824,,1000,0,0,,0.0525322,0.0850904,0.1,,0,0,0,fluid
1025,0.501362,0.215151,,1000,0,0,,0.0525322,0.0850904,0.1,,0,0,0,fluid
1026,0.447789,0.31167,,1000,0,0,,0.0525322,0.0850904,0.1,,0,0,0,fluid
1027,0.375884,0.39543,,1000,0,0,,0.0525322,0.0850904,0.1,,0,0,0,fluid
1028,0.28859,0.463,,1000,0,0,,0.0525322,0.0850904,0.1,,0,0,0,fluid
1029,0.189482,0.511615,,1000,0,0,,0.0525322,0.0850904,0.1,,0,0,0,fluid
1030,0.0826154,0.539285,,1000,0,0,,0.0525322,0.0850904,0.1,,0,0,0,fluid
1031,-0.027633,0.544876,,1000,0,0,,0.0525322,0.0850904,0.1,,0,0,0,fluid
1032,-0.13675,0.52816,,1000,0,0,,0.0525322,0.0850904,0.1,,0,0,0,fluid
1033,-0.240269,0.489821,,1000,0,0,,0.0525322,0.0850904,0.1,,0,0,0,fluid
1034,-0.33395,0.431428,,1000,0,0,,0.0525322,0.0850904,0.1,,0,0,0,fluid
1035,-0.41396,0.355373,,1000,0,0,,0.0525322,0.0850904,0.1,,0,0,0,fluid
1036,-0.477023,0.264769,,1000,0,0,,0.0525322,0.0850904,0.1,,0,0,0,fluid
1037,-0.520556,0.163325,,1000,0,0,,0.0525322,0.0850904,0.1,,0,0,0,fluid
1038,-0.542777,0.055195,,1000,0,0,,0.0525322,0.0850904,0.1,,0,0,0,fluid
1039,-0.542777,-0.055195,,1000,0,0,,0.0525322,0.0850904,0.1,,0,0,0,fluid
1040,-0.520556,-0.163325,,1000,0,0,,0.0525322,0.0850904,0.1,,0,0,0,fluid
1041,-0.477023,-0.264769,,1000,0,0,,0.0525322,0.0850904,0.1,,0,0,0,fluid
1042,-0.41396,-0.355373,,1000,0,0,,0.0525322,0.0850904,0.1,,0,0,0,fluid
1043,-0.33395,-0.431428,,1000,0,0,,0.0525322,0.0850904,0.1,,0,0,0,fluid
1044,-0.240269,-0.489821,,1000,0,0,,0.0525322,0.0850904,0.1,,0,0,0,fluid
1045,-0.13675,-0.52816,,1000,0,0,,0.0525322,0.0850904,0.1,,0,0,0,fluid
1046,-0.027633,-0.544876,,1000,0,0,,0.0525322,0.0850904,0.1,,0,0,0,fluid
1047,0.0826154,-0.539285,,1000,0,0,,0.0525322,0.0850904,0.1,,0,0,0,fluid
1048,0.189482,-0.511615,,1000,0,0,,0.0525322,0.0850904,0.1,,0,0,0,fluid
1049,0.28859,-0.463,,1000,0,0,,0.0525322,0.0850904,0.1,,0,0,0,fluid
1050,0.375884,-0.39543,,1000,0,0,,0.0525322,0.0850904,0.1,,0,0,0,fluid
1051,0.447789,-0.31167,,1000,0,0,,0.0525322,0.0850904,0.1,,0,0,0,fluid
1052,0.501362,-0.215151,,1000,0,0,,0.0525322,0.0850904,0.1,,0,0,0,fluid
1053,0.534408,-0.109824,,1000,0,0,,0.0525322,0.0850904,0.1,,0,0,0,fluid
1054,0.56752,0,,1000,0,0,,0.0525322,0.0850904,0.1,,0,0,0,fluid
1055,0.555903,0.114241,,1000,0,0,,0.0525322,0.0850904,0.1,,0,0,0,fluid
1056,0.521527,0.223805,,1000,0,0,,0.0525322,0.0850904,0.1,,0,0,0,fluid
1057,0.4658,0.324206,,1000,0,0,,0.0525322,0.0850904,0.1,,0,0,0,fluid
1058,0.391003,0.411335,,1000,0,0,,0.0525322,0.0850904,0.1,,0,0,0,fluid
1059,0.300198,0.481623,,1000,0,0,,0.0525322,0.0850904,0.1,,0,0,0,fluid
1060,0.197103,0.532193,,1000,0,0,,0.0525322,0.0850904,0.1,,0,0,0,fluid
1061,0.0859383,0.560976,,1000,0,0,,0.0525322,0.0850904,0.1,,0,0,0,fluid
1062,-0.0287444,0.566792,,1000,0,0,,0.0525322,0.0850904,0.1,,0,0,0,fluid
1063,-0.14225,0.549403,,1000,0,0,,0.0525322,0.0850904,0.1,,0,0,0,fluid
1064,-0.249933,0.509522,,1000,0,0,,0.0525322,0.0850904,0.1,,0,0,0,fluid
1065,-0.347383,0.448781,,1000,0,0,,0.0525322,0.0850904,0.1,,0,0,0,fluid
1066,-0.430611,0.369667,,1000,0,0,,0.0525322,0.0850904,0.1,,0,0,0,fluid
1067,-0.496209,0.275419,,1000,0,0,,0.0525322,0.0850904,0.1,,0,0,0,fluid
1068,-0.541493,0.169895,,1000,0,0,,0.0525322,0.0850904,0.1,,0,0,0,fluid
1069,-0.564609,0.0574151,,1000,0,0,,0.0525322,0.0850904,0.1,,0,0,0,fluid
1070,-0.564609,-0.0574151,,1000,0,0,,0.0525322,0.0850904,0.1,,0,0,0,fluid
1071,-0.541493,-0.169895,,1000,0,0,,0.0525322,0.0850904,0.1,,0,0,0,fluid
1072,-0.496209,-0.275419,,1000,0,0,,0.0525322,0.0850904,0.1,,0,0,0,fluid
1073,-0.430611,-0.369667,,1000,0,0,,0.0525322,0.0850904,0.1,,0,0,0,fluid
1074,-0.347383,-0.448781,,1000,0,0,,0.0525322,0.0850904,0.1,,0,0,0,fluid
1075,-0.249933,-0.509522,,1000,0,0,,0.0525322,0.0850904,0.1,,0,0,0,fluid
1076,-0.14225,-0.549403,,1000,0,0,,0.0525322,0.0850904,0.1,,0,0,0,fluid
1077,-0.0287444,-0.566792,,1000,0,0,,0.0525322,0.0850904,0.1,,0,0,0,fluid
1078,0.0859383,-0.560976,,1000,0,0,,0.0525322,0.0850904,0.1,,0,0,0,fluid
1079,0.197103,-0.532193,,1000,0,0,,0.0525322,0.0850904,0.1,,0,0,0,fluid
1080,0.300198,-0.481623,,1000,0,0,,0.0525322,0.0850904,0.1,,0,0,0,fluid
1081,0.391003,-0.411335,,1000,0,0,,0.0525322,0.0850904,0.1,,0,0,0,fluid
1082,0.4658,-0.324206,,1000,0,0,,0.0525322,0.0850904,0.1,,0,0,0,fluid
1083,0.521527,-0.223805,,1000,0,0,,0.0525322,0.0850904,0.1,,0,0,0,fluid
1084,0.555903,-0.114241,,1000,0,0,,0.0525322,0.0850904,0.1,,0,0,0,fluid
1085,0.589993,0,,1000,0,0,,0.0525322,0.0850904,0.1,,0,0,0,fluid
1086,0.577916,0.118765,,1000,0,0,,0.0525322,0.0850904,0.1,,0,0,0,fluid
1087,0.542179,0.232667,,1000,0,0,,0.0525322,0.0850904,0.1,,0,0,0,fluid
1088,0.484245,0.337044,,1000,0,0,,0.0525322,0.0850904,0.1,,0,0,0,fluid
1089,0.406486,0.427623,,1000,0,0,,0.0525322,0.0850904,0.1,,0,0,0,fluid
1090,0.312085,0.500694,,1000,0,0,,0.0525322,0.0850904,0.1,,0,0,0,fluid
1091,0.204908,0.553267,,1000,0,0,,0.0525322,0.0850904,0.1,,0,0,0,fluid
1092,0.0893414,0.58319,,1000,0,0,,0.0525322,0.0850904,0.1,,0,0,0,fluid
1093,-0.0298827,0.589236,,1000,0,0,,0.0525322,0.0850904,0.1,,0,0,0,fluid
1094,-0.147883,0.571159,,1000,0,0,,0.0525322,0.0850904,0.1,,0,0,0,fluid
1095,-0.25983,0.529699,,1000,0,0,,0.0525322,0.0850904,0.1,,0,0,0,fluid
1096,-0.361138,0.466552,,1000,0,0,,0.0525322,0.0850904,0.1,,0,0,0,fluid
1097,-0.447662,0.384305,,1000,0,0,,0.0525322,0.0850904,0.1,,0,0,0,fluid
1098,-0.515859,0.286325,,1000,0,0,,0.0525322,0.0850904,0.1,,0,0,0,fluid
1099,-0.562936,0.176622,,1000,0,0,,0.0525322,0.0850904,0.1,,0,0,0,fluid
1100,-0.586966,0.0596886,,1000,0,0,,0.0525322,0.0850904,0.1,,0,0,0,fluid
1101,-0.586966,-0.0596886,,1000,0,0,,0.0525322,0.0850904,0.1,,0,0,0,fluid
1102,-0.562936,-0.176622,,1000,0,0,,0.0525322,0.0850904,0.1,,0,0,0,fluid
1103,-0.515859,-0.286325,,1000,0,0,,0.0525322,0.0850904,0.1,,0,0,0,fluid
1104,-0.447662,-0.384305,,1000,0,0,,0.0525322,0.0850904,0.1,,0,0,0,fluid
1105,-0.361138,-0.466552,,1000,0,0,,0.0525322,0.0850904,0.1,,0,0,0,fluid
1106,-0.25983,-0.529699,,1000,0,0,,0.0525322,0.0850904,0.1,,0,0,0,fluid
1107,-0.147883,-0.571159,,1000,0,0,,0.0525322,0.0850904,0.1,,0,0,0,fluid
1108,-0.0298827,-0.589236,,1000,0,0,,0.0525322,0.0850904,0.1,,0,0,0,fluid
1109,0.0893414,-0.58319,,1000,0,0,,0.0525322,0.0850904,0.1,,0,0,0,fluid
1110,0.204908,-0.553267,,1000,0,0,,0.0525322,0.0850904,0.1,,0,0,0,fluid
1111,0.312085,-0.500694,,1000,0,0,,0.0525322,0.0850904,0.1,,0,0,0,fluid
1112,0.406486,-0.427623,,1000,0,0,,0.0525322,0.0850904,0.1,,0,0,0,fluid
1113,0.484245,-0.337044,,1000,0,0,,0.0525322,0.0850904,0.1,,0,0,0,fluid
1114,0.542179,-0.232667,,1000,0,0,,0.0525322,0.0850904,0.1,,0,0,0,fluid
1115,0.577916,-0.118765,,1000,0,0,,0.0525322,0.0850904,0.1,,0,0,0,fluid
1116,0.613008,0,,1000,0,0,,0.0525322,0.0850904,0.1,,0,0,0,fluid
1117,0.600459,0.123398,,1000,0,0,,0.0525322,0.0850904,0.1,,0,0,0,fluid
1118,0.563328,0.241743,,1000,0,0,,0.0525322,0.0850904,0.1,,0,0,0,fluid
1119,0.503134,0.350192,,1000,0,0,,0.0525322,0.0850904,0.1,,0,0,0,fluid
1120,0.422342,0.444304,,1000,0,0,,0.0525322,0.0850904,0.1,,0,0,0,fluid
1121,0.324259,0.520226,,1000,0,0,,0.0525322,0.0850904,0.1,,0,0,0,fluid
1122,0.212901,0.574849,,1000,0,0,,0.0525322,0.0850904,0.1,,0,0,0,fluid
1123,0.0928264,0.605939,,1000,0,0,,0.0525322,0.0850904,0.1,,0,0,0,fluid
1124,-0.0310483,0.612221,,1000,0,0,,0.0525322,0.0850904,0.1,,0,0,0,fluid
1125,-0.153652,0.593439,,1000,0,0,,0.0525322,0.0850904,0.1,,0,0,0,fluid
1126,-0.269965,0.550361,,1000,0,0,,0.0525322,0.0850904,0.1,,0,0,0,fluid
1127,-0.375226,0.484752,,1000,0,0,,0.0525322,0.0850904,0.1,,0,0,0,fluid
1128,-0.465125,0.399296,,1000,0,0,,0.0525322,0.0850904,0.1,,0,0,0,fluid
1129,-0.535981,0.297494,,1000,0,0,,0.0525322,0.0850904,0.1,,0,0,0,fluid
1130,-0.584895,0.183512,,1000,0,0,,0.0525322,0.0850904,0.1,,0,0,0,fluid
1131,-0.609863,0.062017,,1000,0,0,,0.0525322,0.0850904,0.1,,0,0,0,fluid
1132,-0.609863,-0.062017,,1000,0,0,,0.0525322,0.0850904,0.1,,0,0,0,fluid
1133,-0.584895,-0.183512,,1000,0,0,,0.0525322,0.0850904,0.1,,0,0,0,fluid
1134,-0.535981,-0.297494,,1000,0,0,,0.0525322,0.0850904,0.1,,0,0,0,fluid
1135,-0.465125,-0.399296,,1000,0,0,,0.0525322,0.0850904,0.1,,0,0,0,fluid
1136,-0.375226,-0.484752,,1000,0,0,,0.0525322,0.0850904,0.1,,0,0,0,fluid
1137,-0.269965,-0.550361,,1000,0,0,,0.0525322,0.0850904,0.1,,0,0,0,fluid
1138,-0.153652,-0.593439,,1000,0,0,,0.0525322,0.0850904,0.1,,0,0,0,fluid
1139,-0.0310483,-0.612221,,1000,0,0,,0.0525322,0.0850904,0.1,,0,0,0,fluid
1140,0.0928264,-0.605939,,1000,0,0,,0.0525322,0.0850904,0.1,,0,0,0,fluid
1141,0.212901,-0.574849,,1000,0,0,,0.0525322,0.0850904,0.1,,0,0,0,fluid
1142,0.324259,-0.520226,,1000,0,0,,0.0525322,0.0850904,0.1,,0,0,0,fluid
1143,0.422342,-0.444304,,1000,0,0,,0.0525322,0.0850904,0.1,,0,0,0,fluid
1144,0.503134,-0.350192,,1000,0,0,,0.0525322,0.0850904,0.1,,0,0,0,fluid
1145,0.563328,-0.241743,,1000,0,0,,0.0525322,0.0850904,0.1,,0,0,0,fluid
1146,0.600459,-0.123398,,1000,0,0,,0.0525322,0.0850904,0.1,,0,0,0,fluid
1147,0.636577,0,,1000,0,0,,0.0525322,0.0850904,0.1,,0,0,0,fluid
1148,0.623546,0.128142,,1000,0,0,,0.0525322,0.0850904,0.1,,0,0,0,fluid
1149,0.584987,0.251038,,1000,0,0,,0.0525322,0.0850904,0.1,,0,0,0,fluid
1150,0.522479,0.363656,,1000,0,0,,0.0525322,0.0850904,0.1,,0,0,0,fluid
1151,0.438581,0.461386,,1000,0,0,,0.0525322,0.0850904,0.1,,0,0,0,fluid
1152,0.336726,0.540227,,1000,0,0,,0.0525322,0.0850904,0.1,,0,0,0,fluid
1153,0.221087,0.596951,,1000,0,0,,0.0525322,0.0850904,0.1,,0,0,0,fluid
1154,0.0963954,0.629236,,1000,0,0,,0.0525322,0.0850904,0.1,,0,0,0,fluid
1155,-0.0322421,0.63576,,1000,0,0,,0.0525322,0.0850904,0.1,,0,0,0,fluid
1156,-0.15956,0.616256,,1000,0,0,,0.0525322,0.0850904,0.1,,0,0,0,fluid
1157,-0.280345,0.571522,,1000,0,0,,0.0525322,0.0850904,0.1,,0,0,0,fluid
1158,-0.389653,0.50339,,1000,0,0,,0.0525322,0.0850904,0.1,,0,0,0,fluid
1159,-0.483008,0.414649,,1000,0,0,,0.0525322,0.0850904,0.1,,0,0,0,fluid
1160,-0.556589,0.308932,,1000,0,0,,0.0525322,0.0850904,0.1,,0,0,0,fluid
1161,-0.607383,0.190568,,1000,0,0,,0.0525322,0.0850904,0.1,,0,0,0,fluid
1162,-0.633311,0.0644014,,1000,0,0,,0.0525322,0.0850904,0.1,,0,0,0,fluid
1163,-0.633311,-0.0644014,,1000,0,0,,0.0525322,0.0850904,0.1,,0,0,0,fluid
1164,-0.607383,-0.190568,,1000,0,0,,0.0525322,0.0850904,0.1,,0,0,0,fluid
1165,-0.556589,-0.308932,,1000,0,0,,0.0525322,0.0850904,0.1,,0,0,0,fluid
1166,-0.483008,-0.414649,,1000,0,0,,0.0525322,0.0850904,0.1,,0,0,0,fluid
1167,-0.389653,-0.50339,,1000,0,0,,0.0525322,0.0850904,0.1,,0,0,0,fluid
1168,-0.280345,-0.571522,,1000,0,0,,0.0525322,0.0850904,0.1,,0,0,0,fluid
1169,-0.15956,-0.616256,,1000,0,0,,0.0525322,0.0850904,0.1,,0,0,0,fluid
1170,-0.0322421,-0.63576,,1000,0,0,,0.0525322,0.0850904,0.1,,0,0,0,fluid
1171,0.0963954,-0.629236,,1000,0,0,,0.0525322,0.0850904,0.1,,0,0,0,fluid
1172,0.221087,-0.596951,,1000,0,0,,0.0525322,0.0850904,0.1,,0,0,0,fluid
1173,0.336726,-0.540227,,1000,0,0,,0.0525322,0.0850904,0.1,,0,0,0,fluid
1174,0.438581,-0.461386,,1000,0,0,,0.0525322,0.0850904,0.1,,0,0,0,fluid
1175,0.522479,-0.363656,,1000,0,0,,0.0525322,0.0850904,0.1,,0,0,0,fluid
1176,0.584987,-0.251038,,1000,0,0,,0.0525322,0.0850904,0.1,,0,0,0,fluid
1177,0.623546,-0.128142,,1000,0,0,,0.0525322,0.0850904,0.1,,0,0,0,fluid
1178,0.660714,0,,1000,0,0,,0.0525322,0.0850904,0.1,,0,0,0,fluid
1179,0.647189,0.133001,,1000,0,0,,0.0525322,0.0850904,0.1,,0,0,0,fluid
1180,0.607169,0.260557,,1000,0,0,,0.0525322,0.0850904,0.1,,0,0,0,fluid
1181,0.54229,0.377445,,1000,0,0,,0.0525322,0.0850904,0.1,,0,0,0,fluid
1182,0.45521,0.478881,,1000,0,0,,0.0525322,0.0850904,0.1,,0,0,0,fluid
1183,0.349494,0.560711,,1000,0,0,,0.0525322,0.0850904,0.1,,0,0,0,fluid
1184,0.22947,0.619586,,1000,0,0,,0.0525322,0.0850904,0.1,,0,0,0,fluid
1185,0.100051,0.653095,,1000,0,0,,0.0525322,0.0850904,0.1,,0,0,0,fluid
1186,-0.0334646,0.659866,,1000,0,0,,0.0525322,0.0850904,0.1,,0,0,0,fluid
1187,-0.16561,0.639622,,1000,0,0,,0.0525322,0.0850904,0.1,,0,0,0,fluid
1188,-0.290975,0.593192,,1000,0,0,,0.0525322,0.0850904,0.1,,0,0,0,fluid
1189,-0.404427,0.522477,,1000,0,0,,0.0525322,0.0850904,0.1,,0,0,0,fluid
1190,-0.501322,0.430371,,1000,0,0,,0.0525322,0.0850904,0.1,,0,0,0,fluid
1191,-0.577693,0.320646,,1000,0,0,,0.0525322,0.0850904,0.1,,0,0,0,fluid
1192,-0.630413,0.197794,,1000,0,0,,0.0525322,0.0850904,0.1,,0,0,0,fluid
1193,-0.657324,0.0668434,,1000,0,0,,0.0525322,0.0850904,0.1,,0,0,0,fluid
1194,-0.657324,-0.0668434,,1000,0,0,,0.0525322,0.0850904,0.1,,0,0,0,fluid
1195,-0.630413,-0.197794,,1000,0,0,,0.0525322,0.0850904,0.1,,0,0,0,fluid
1196,-0.577693,-0.320646,,1000,0,0,,0.0525322,0.0850904,0.1,,0,0,0,fluid
1197,-0.501322,-0.430371,,1000,0,0,,0.0525322,0.0850904,0.1,,0,0,0,fluid
1198,-0.404427,-0.522477,,1000,0,0,,0.0525322,0.0850904,0.1,,0,0,0,fluid
1199,-0.290975,-0.593192,,1000,0,0,,0.0525322,0.0850904,0.1,,0,0,0,fluid
1200,-0.16561,-0.639622,,1000,0,0,,0.0525322,0.0850904,0.1,,0,0,0,fluid
1201,-0.0334646,-0.659866,,1000,0,0,,0.0525322,0.0850904,0.1,,0,0,0,fluid
1202,0.100051,-0.653095,,1000,0,0,,0.0525322,0.0850904,0.1,,0,0,0,fluid
1203,0.22947,-0.619586,,1000,0,0,,0.0525322,0.0850904,0.1,,0,0,0,fluid
1204,0.349494,-0.560711,,1000,0,0,,0.0525322,0.0850904,0.1,,0,0,0,fluid
1205,0.45521,-0.478881,,1000,0,0,,0.0525322,0.0850904,0.1,,0,0,0,fluid
1206,0.54229,-0.377445,,1000,0,0,,0.0525322,0.0850904,0.1,,0,0,0,fluid
1207,0.607169,-0.260557,,1000,0,0,,0.0525322,0.0850904,0.1,,0,0,0,fluid
1208,0.647189,-0.133001,,1000,0,0,,0.0525322,0.0850904,0.1,,0,0,0,fluid
1209,0.685433,0,,1000,-2.71062e-15,0,,0.0525322,0.0850904,0.1,,-1.39943e-19,0,0,fluid
1210,0.671403,0.137977,,1000,-1.39395e-15,0,,0.0525322,0.0850904,0.1,,-9.63149e-20,0,-2.86463e-19,fluid
1211,0.629884,0.270305,,1000,0,0,,0.0525322,0.0850904,0.1,,0,0,0,fluid
1212,0.562579,0.391566,,1000,0,0,,0.0525322,0.0850904,0.1,,0,0,0,fluid
1213,0.472241,0.496797,,1000,0,0,,0.0525322,0.0850904,0.1,,0,0,0,fluid
1214,0.36257,0.581689,,1000,0,0,,0.0525322,0.0850904,0.1,,0,0,0,fluid
1215,0.238055,0.642767,,1000,0,0,,0.0525322,0.0850904,0.1,,0,0,0,fluid
1216,0.103794,0.677529,,1000,0,0,,0.0525322,0.0850904,0.1,,0,0,0,fluid
1217,-0.0347166,0.684554,,1000,0,0,,0.0525322,0.0850904,0.1,,0,0,0,fluid
1218,-0.171806,0.663552,,1000,0,0,,0.0525322,0.0850904,0.1,,0,0,0,fluid
1219,-0.301861,0.615385,,1000,0,0,,0.0525322,0.0850904,0.1,,0,0,0,fluid
1220,-0.419558,0.542024,,1000,0,0,,0.0525322,0.0850904,0.1,,0,0,0,fluid
1221,-0.520078,0.446472,,1000,0,0,,0.0525322,0.0850904,0.1,,0,0,0,fluid
1222,-0.599306,0.332642,,1000,0,0,,0.0525322,0.0850904,0.1,,0,0,0,fluid
1223,-0.653999,0.205193,,1000,0,0,,0.0525322,0.0850904,0.1,,0,0,0,fluid
1224,-0.681917,0.0693441,,1000,0,0,,0.0525322,0.0850904,0.1,,0,0,0,fluid
1225,-0.681917,-0.0693441,,1000,0,0,,0.0525322,0.0850904,0.1,,0,0,0,fluid
1226,-0.653999,-0.205193,,1000,0,0,,0.0525322,0.0850904,0.1,,0,0,0,fluid
1227,-0.599306,-0.332642,,1000,0,0,,0.0525322,0.0850904,0.1,,0,0,0,fluid
1228,-0.520078,-0.446472,,1000,0,0,,0.0525322,0.0850904,0.1,,0,0,0,fluid
1229,-0.419558,-0.542024,,1000,0,0,,0.0525322,0.0850904,0.1,,0,0,0,fluid
1230,-0.301861,-0.615385,,1000,0,0,,0.0525322,0.0850904,0.1,,0,0,0,fluid
1231,-0.171806,-0.663552,,1000,0,0,,0.0525322,0.0850904,0.1,,0,0,0,fluid
1232,-0.0347166,-0.684554,,1000,0,0,,0.0525322,0.0850904,0.1,,0,0,0,fluid
1233,0.103794,-0.677529,,1000,0,0,,0.0525322,0.0850904,0.1,,0,0,0,fluid
1234,0.238055,-0.642767,,1000,0,0,,0.0525322,0.0850904,0.1,,0,0,0,fluid
1235,0.36257,-0.581689,,1000,0,0,,0.0525322,0.0850904,0.1,,0,0,0,fluid
1236,0.472241,-0.496797,,1000,0,0,,0.0525322,0.0850904,0.1,,0,0,0,fluid
1237,0.562579,-0.391566,,1000,0,0,,0.0525322,0.0850904,0.1,,0,0,0,fluid
1238,0.629884,-0.270305,,1000,0,0,,0.0525322,0.0850904,0.1,,0,0,0,fluid
1239,0.671403,-0.137977,,1000,0,0,,0.0525322,0.0850904,0.1,,0,0,0,fluid
1240,0.710748,0,,1000,-6.2185e-14,0,,0.0525322,0.0850904,0.1,,-3.20369e-18,0,0,fluid
1241,0.696199,0.143073,,1000,-3.19788e-14,0,,0.0525322,0.0850904,0.1,,-2.20603e-18,0,-6.57182e-18,fluid
1242,0.653148,0.280288,,1000,0,0,,0.0525322,0.0850904,0.1,,0,0,0,fluid
1243,0.583356,0.406028,,1000,0,0,,0.0525322,0.0850904,0.1,,0,0,0,fluid
1244,0.489682,0.515145,,1000,0,0,,0.0525322,0.0850904,0.1,,0,0,0,fluid
1245,0.37596,0.603172,,1000,0,0,,0.0525322,0.0850904,0.1,,0,0,0,fluid
1246,0.246847,0.666506,,1000,0,0,,0.0525322,0.0850904,0.1,,0,0,0,fluid
1247,0.107627,0.702552,,1000,0,0,,0.0525322,0.0850904,0.1,,0,0,0,fluid
1248,-0.0359988,0.709836,,1000,0,0,,0.0525322,0.0850904,0.1,,0,0,0,fluid
1249,-0.178151,0.688059,,1000,0,0,,0.0525322,0.0850904,0.1,,0,0,0,fluid
1250,-0.313009,0.638113,,1000,0,0,,0.0525322,0.0850904,0.1,,0,0,0,fluid
1251,-0.435053,0.562042,,1000,1.90603e-15,0,,0.0525322,0.0850904,0.1,,-8.16035e-20,-3.23532e-20,-2.46238e-18,fluid
1252,-0.539286,0.462962,,1000,0,0,,0.0525322,0.0850904,0.1,,0,0,0,fluid
1253,-0.62144,0.344927,,1000,7.35842e-17,0,,0.0525322,0.0850904,0.1,,1.8456e-21,-7.66534e-22,-4.08425e-20,fluid
1254,-0.678153,0.212772,,1000,0,0,,0.0525322,0.0850904,0.1,,0,0,0,fluid
1255,-0.707102,0.0719052,,1000,0,0,,0.0525322,0.0850904,0.1,,0,0,0,fluid
1256,-0.707102,-0.0719052,,1000,0,0,,0.0525322,0.0850904,0.1,,0,0,0,fluid
1257,-0.678153,-0.212772,,1000,0,0,,0.0525322,0.0850904,0.1,,0,0,0,fluid
1258,-0.62144,-0.344927,,1000,0,0,,0.0525322,0.0850904,0.1,,0,0,0,fluid
1259,-0.539286,-0.462962,,1000,0,0,,0.0525322,0.0850904,0.1,,0,0,0,fluid
1260,-0.435053,-0.562042,,1000,0,0,,0.0525322,0.0850904,0.1,,0,0,0,fluid
1261,-0.313009,-0.638113,,1000,0,0,,0.0525322,0.0850904,0.1,,0,0,0,fluid
1262,-0.178151,-0.688059,,1000,0,0,,0.0525322,0.0850904,0.1,,0,0,0,fluid
1263,-0.0359988,-0.709836,,1000,0,0,,0.0525322,0.0850904,0.1,,0,0,0,fluid
1264,0.107627,-0.702552,,1000,0,0,,0.0525322,0.0850904,0.1,,0,0,0,fluid
1265,0.246847,-0.666506,,1000,0,0,,0.0525322,0.0850904,0.1,,0,0,0,fluid
1266,0.37596,-0.603172,,1000,0,0,,0.0525322,0.0850904,0.1,,0,0,0,fluid
1267,0.489682,-0.515145,,1000,7.59574e-15,0,,0.0525322,0.0850904,0.1,,-4.02983e-19,1.18173e-19,-7.99072e-18,fluid
1268,0.583356,-0.406028,,1000,0,0,,0.0525322,0.0850904,0.1,,0,0,0,fluid
1269,0.653148,-0.280288,,1000,0,0,,0.0525322,0.0850904,0.1,,0,0,0,fluid
1270,0.696199,-0.143073,,1000,0,0,,0.0525322,0.0850904,0.1,,0,0,0,fluid
1271,0.736673,0,,1000,-2.78215e-13,0,,0.0525322,0.0850904,0.1,,-1.43517e-17,0,-5.63117e-19,fluid
1272,0.721593,0.148291,,1000,-1.51701e-13,0,,0.0525322,0.0850904,0.1,,-1.03575e-17,0,-3.00803e-17,fluid
1273,0.676971,0.290511,,1000,-4.38199e-15,0,,0.0525322,0.0850904,0.1,,-3.33944e-19,0,-1.26768e-18,fluid
1274,0.604634,0.420838,,1000,0,0,,0.0525322,0.0850904,0.1,,0,0,0,fluid
1275,0.507543,0.533935,,1000,0,0,,0.0525322,0.0850904,0.1,,0,0,0,fluid
1276,0.389674,0.625173,,1000,0,0,,0.0525322,0.0850904,0.1,,0,0,0,fluid
1277,0.25585,0.690817,,1000,0,0,,0.0525322,0.0850904,0.1,,0,0,0,fluid
1278,0.111553,0.728178,,1000,0,0,,0.0525322,0.0850904,0.1,,0,0,0,fluid
1279,-0.0373119,0.735728,,1000,0,0,,0.0525322,0.0850904,0.1,,0,0,0,fluid
1280,-0.184649,0.713156,,1000,0,0,,0.0525322,0.0850904,0.1,,0,0,0,fluid
1281,-0.324427,0.661388,,1000,0,0,,0.0525322,0.0850904,0.1,,0,0,0,fluid
1282,-0.450922,0.582543,,1000,4.82504e-14,0,,0.0525322,0.0850904,0.1,,-1.98509e-18,-9.1558e-19,-6.23343e-17,fluid
1283,-0.558957,0.479849,,1000,0,0,,0.0525322,0.0850904,0.1,,0,0,0,fluid
1284,-0.644108,0.357509,,1000,1.41886e-15,0,,0.0525322,0.0850904,0.1,,3.98301e-20,-1.70407e-20,-7.87531e-19,fluid
1285,-0.702889,0.220533,,1000,0,0,,0.0525322,0.0850904,0.1,,0,0,0,fluid
1286,-0.732893,0.074528,,1000,-4.14169e-15,0,,0.0525322,0.0850904,0.1,,-1.85325e-19,0,4.21169e-19,fluid
1287,-0.732893,-0.074528,,1000,0,0,,0.0525322,0.0850904,0.1,,0,0,0,fluid
1288,-0.702889,-0.220533,,1000,0,0,,0.0525322,0.0850904,0.1,,0,0,0,fluid
1289,-0.644108,-0.357509,,1000,0,0,,0.0525322,0.0850904,0.1,,0,0,0,fluid
1290,-0.558957,-0.479849,,1000,0,0,,0.0525322,0.0850904,0.1,,0,0,0,fluid
1291,-0.450922,-0.582543,,1000,0,0,,0.0525322,0.0850904,0.1,,0,0,0,fluid
1292,-0.324427,-0.661388,,1000,0,0,,0.0525322,0.0850904,0.1,,0,0,0,fluid
1293,-0.184649,-0.713156,,1000,-3.73526e-15,0,,0.0525322,0.0850904,0.1,,0,-3.71968e-19,9.67127e-19,fluid
1294,-0.0373119,-0.735728,,1000,0,0,,0.0525322,0.0850904,0.1,,0,0,0,fluid
1295,0.111553,-0.728178,,1000,0,0,,0.0525322,0.0850904,0.1,,0,0,0,fluid
1296,0.25585,-0.690817,,1000,0,0,,0.0525322,0.0850904,0.1,,0,0,0,fluid
1297,0.389674,-0.625173,,1000,0,0,,0.0525322,0.0850904,0.1,,0,0,0,fluid
1298,0.507543,-0.533935,,1000,1.46462e-13,0,,0.0525322,0.0850904,0.1,,-8.12396e-18,2.6271e-18,-1.54078e-16,fluid
1299,0.604634,-0.420838,,1000,0,0,,0.0525322,0.0850904,0.1,,0,0,0,fluid
1300,0.676971,-0.290511,,1000,0,0,,0.0525322,0.0850904,0.1,,0,0,0,fluid
1301,0.721593,-0.148291,,1000,-4.86345e-15,0,,0.0525322,0.0850904,0.1,,-2.59118e-19,0,-9.55539e-20,fluid
1302,0.763223,0,,1000,-8.61509e-13,0,,0.0525322,0.0850904,0.1,,-4.50316e-17,0,-9.57133e-18,fluid
1303,0.7476,0.153636,,1000,-5.82403e-13,0,,0.0525322,0.0850904,0.1,,-3.851e-17,0,-1.01075e-16,fluid
1304,0.70137,0.300981,,1000,-7.18468e-14,0,,0.0525322,0.0850904,0.1,,-5.43601e-18,0,-2.04165e-17,fluid
1305,0.626425,0.436005,,1000,0,0,,0.0525322,0.0850904,0.1,,0,0,0,fluid
1306,0.525835,0.553178,,1000,0,0,,0.0525322,0.0850904,0.1,,0,0,0,fluid
1307,0.403717,0.647705,,1000,0,0,,0.0525322,0.0850904,0.1,,0,0,0,fluid
1308,0.265071,0.715714,,1000,0,0,,0.0525322,0.0850904,0.1,,0,0,0,fluid
1309,0.115573,0.754422,,1000,0,0,,0.0525322,0.0850904,0.1,,0,0,0,fluid
1310,-0.0386566,0.762243,,1000,0,0,,0.0525322,0.0850904,0.1,,0,0,0,fluid
1311,-0.191304,0.738859,,1000,0,0,,0.0525322,0.0850904,0.1,,0,0,0,fluid
1312,-0.336119,0.685225,,1000,1.25331e-15,0,,0.0525322,0.0850904,0.1,,6.77819e-20,-6.01712e-21,-2.92526e-19,fluid
1313,-0.467173,0.603538,,1000,3.43253e-13,0,,0.0525322,0.0850904,0.1,,-1.3572e-17,-7.1756e-18,-4.43447e-16,fluid
1314,-0.579102,0.497142,,1000,-1.22522e-14,0,,0.0525322,0.0850904,0.1,,1.3083e-19,1.26703e-22,9.24042e-18,fluid
1315,-0.667321,0.370394,,1000,5.87616e-15,0,,0.0525322,0.0850904,0.1,,1.84534e-19,-8.10184e-20,-3.26153e-18,fluid
1316,-0.728221,0.228481,,1000,1.29443e-17,0,,0.0525322,0.0850904,0.1,,-1.93694e-21,-2.53777e-22,-3.22854e-20,fluid
1317,-0.759307,0.077214,,1000,-6.88156e-14,0,,0.0525322,0.0850904,0.1,,-3.08627e-18,0,6.99787e-18,fluid
1318,-0.759307,-0.077214,,1000,0,0,,0.0525322,0.0850904,0.1,,0,0,0,fluid
1319,-0.728221,-0.228481,,1000,0,0,,0.0525322,0.0850904,0.1,,0,0,0,fluid
1320,-0.667321,-0.370394,,1000,-6.17202e-15,0,,0.0525322,0.0850904,0.1,,-6.21673e-19,0,-3.42575e-18,fluid
1321,-0.579102,-0.497142,,1000,0,0,,0.0525322,0.0850904,0.1,,0,0,0,fluid
1322,-0.467173,-0.603538,,1000,0,0,,0.0525322,0.0850904,0.1,,0,0,0,fluid
1323,-0.336119,-0.685225,,1000,0,0,,0.0525322,0.0850904,0.1,,0,0,0,fluid
1324,-0.191304,-0.738859,,1000,-6.20627e-14,0,,0.0525322,0.0850904,0.1,,0,-6.18689e-18,1.60692e-17,fluid
1325,-0.0386566,-0.762243,,1000,0,0,,0.0525322,0.0850904,0.1,,0,0,0,fluid
1326,0.115573,-0.754422,,1000,0,0,,0.0525322,0.0850904,0.1,,0,0,0,fluid
1327,0.265071,-0.715714,,1000,0,0,,0.0525322,0.0850904,0.1,,0,0,0,fluid
1328,0.403717,-0.647705,,1000,-9.28941e-15,0,,0.0525322,0.0850904,0.1,,8.95248e-20,-7.24369e-19,-9.18856e-18,fluid
1329,0.525835,-0.553178,,1000,6.06568e-13,0,,0.0525322,0.0850904,0.1,,-3.52754e-17,1.24903e-17,-6.38109e-16,fluid
1330,0.626425,-0.436005,,1000,3.51814e-16,0,,0.0525322,0.0850904,0.1,,-3.72394e-19,7.40896e-21,-4.54305e-18,fluid
1331,0.70137,-0.300981,,1000,0,0,,0.0525322,0.0850904,0.1,,0,0,0,fluid
1332,0.7476,-0.153636,,1000,-7.87662e-14,0,,0.0525322,0.0850904,0.1,,-4.26243e-18,0,-2.42524e-18,fluid
1333,0.790412,0,,1000,-2.05159e-12,0,,0.0525322,0.0850904,0.1,,-9.0854e-17,7.14834e-21,-4.11515e-17,fluid
1334,0.774233,0.159109,,1000,-1.57394e-12,0,,0.0525322,0.0850904,0.1,,-1.01742e-16,1.5568e-19,-2.49307e-16,fluid
1335,0.726356,0.311704,,1000,-2.82277e-13,0,,0.0525322,0.0850904,0.1,,-2.09743e-17,1.06196e-19,-7.68951e-17,fluid
1336,0.648742,0.451538,,1000,-5.01165e-15,0,,0.0525322,0.0850904,0.1,,-3.12411e-19,-1.88497e-19,3.50772e-19,fluid
1337,0.544568,0.572885,,1000,2.84337e-15,0,,0.0525322,0.0850904,0.1,,1.23571e-17,1.30019e-17,-1.60016e-20,fluid
1338,0.4181,0.670779,,1000,1.57482e-15,0,,0.0525322,0.0850904,0.1,,9.44006e-18,1.51447e-17,2.38654e-21,fluid
1339,0.274514,0.741211,,1000,2.59315e-15,0,,0.0525322,0.0850904,0.1,,6.23038e-18,1.6801e-17,7.6849e-20,fluid
1340,0.11969,0.781298,,1000,-5.45477e-15,0,,0.0525322,0.0850904,0.1,,-7.56792e-20,-4.91915e-19,-3.47349e-21,fluid
1341,-0.0400337,0.789398,,1000,1.94913e-15,0,,0.0525322,0.0850904,0.1,,-8.99252e-19,1.78122e-17,4.99981e-20,fluid
1342,-0.198119,0.76518,,1000,-4.32664e-15,0,,0.0525322,0.0850904,0.1,,8.50808e-20,-2.83603e-19,1.64936e-19,fluid
1343,-0.348093,0.709636,,1000,2.80146e-14,0,,0.0525322,0.0850904,0.1,,-6.28101e-18,1.58426e-17,-5.23415e-18,fluid
1344,-0.483816,0.625039,,1000,1.1176e-12,0,,0.0525322,0.0850904,0.1,,-4.184e-17,-2.70376e-17,-1.45986e-15,fluid
1345,-0.599732,0.514853,,1000,-1.65269e-13,0,,0.0525322,0.0850904,0.1,,-1.24881e-17,1.15426e-17,1.17621e-16,fluid
1346,-0.691094,0.383589,,1000,1.08401e-14,0,,0.0525322,0.0850904,0.1,,4.93145e-19,-2.20468e-19,-7.914e-18,fluid
1347,-0.754164,0.23662,,1000,-4.78878e-15,0,,0.0525322,0.0850904,0.1,,-2.55553e-19,2.4748e-20,-1.27614e-18,fluid
1348,-0.786357,0.0799647,,1000,-2.68964e-13,0,,0.0525322,0.0850904,0.1,,-2.96319e-17,1.78588e-18,2.72957e-17,fluid
1349,-0.786357,-0.0799647,,1000,-5.44357e-15,0,,0.0525322,0.0850904,0.1,,-2.40822e-19,-2.55854e-20,9.73233e-19,fluid
1350,-0.754164,-0.23662,,1000,-3.89236e-15,0,,0.0525322,0.0850904,0.1,,-2.85229e-19,-8.45122e-20,-6.21649e-20,fluid
1351,-0.691094,-0.383589,,1000,-8.24932e-14,0,,0.0525322,0.0850904,0.1,,-2.37366e-17,-8.52675e-18,-4.60905e-17,fluid
1352,-0.599732,-0.514853,,1000,-4.12334e-15,0,,0.0525322,0.0850904,0.1,,-3.05573e-19,-2.5243e-19,-7.81278e-20,fluid
1353,-0.483816,-0.625039,,1000,-4.88013e-15,0,,0.0525322,0.0850904,0.1,,-2.98002e-19,-3.88096e-19,1.89788e-20,fluid
1354,-0.348093,-0.709636,,1000,-4.87303e-15,0,,0.0525322,0.0850904,0.1,,-1.59535e-19,-4.06496e-19,-5.20313e-19,fluid
1355,-0.198119,-0.76518,,1000,-2.38584e-13,0,,0.0525322,0.0850904,0.1,,-8.67532e-18,-5.78586e-17,6.31751e-17,fluid
1356,-0.0400337,-0.789398,,1000,1.53716e-15,0,,0.0525322,0.0850904,0.1,,-8.80775e-19,-1.74746e-17,1.0551e-18,fluid
1357,0.11969,-0.781298,,1000,1.10072e-15,0,,0.0525322,0.0850904,0.1,,2.65262e-18,-1.73266e-17,-2.20911e-20,fluid
1358,0.274514,-0.741211,,1000,1.82187e-15,0,,0.0525322,0.0850904,0.1,,6.0713e-18,-1.64064e-17,-7.44426e-20,fluid
1359,0.4181,-0.670779,,1000,-1.11667e-13,0,,0.0525322,0.0850904,0.1,,2.02772e-17,-3.95999e-17,-1.18748e-16,fluid
1360,0.544568,-0.572885,,1000,1.47177e-12,0,,0.0525322,0.0850904,0.1,,-9.08238e-17,3.52938e-17,-1.55332e-15,fluid
1361,0.648742,-0.451538,,1000,-5.16907e-15,0,,0.0525322,0.0850904,0.1,,-6.02316e-18,-8.80747e-21,-6.98278e-17,fluid
1362,0.726356,-0.311704,,1000,-6.19256e-15,0,,0.0525322,0.0850904,0.1,,-1.77687e-19,2.49739e-20,-4.11859e-19,fluid
1363,0.774233,-0.159109,,1000,-3.04137e-13,0,,0.0525322,0.0850904,0.1,,-1.69375e-17,-2.85901e-20,-1.41555e-17,fluid
1364,0.818257,0,,1000,-3.72602e-12,0,,0.0525322,0.0850904,0.1,,2.96018e-17,9.31043e-20,-1.36036e-16,fluid
1365,0.801508,0.164714,,1000,-3.0299e-12,0,,0.0525322,0.0850904,0.1,,-1.90472e-16,2.02158e-18,-4.42617e-16,fluid
1366,0.751944,0.322685,,1000,-6.60443e-13,0,,0.0525322,0.0850904,0.1,,-4.48333e-17,1.37279e-18,-1.39342e-16,fluid
1367,0.671596,0.467444,,1000,-6.72215e-14,0,,0.0525322,0.0850904,0.1,,-3.96262e-18,-2.45704e-18,6.96352e-18,fluid
1368,0.563752,0.593067,,1000,3.61442e-14,0,,0.0525322,0.0850904,0.1,,1.61145e-16,1.69554e-16,-2.08798e-19,fluid
1369,0.432829,0.694409,,1000,1.95914e-14,0,,0.0525322,0.0850904,0.1,,1.23134e-16,1.97544e-16,3.11408e-20,fluid
1370,0.284185,0.767323,,1000,3.28792e-14,0,,0.0525322,0.0850904,0.1,,8.12521e-17,2.19107e-16,1.00276e-18,fluid
1371,0.123907,0.808821,,1000,-7.11766e-14,0,,0.0525322,0.0850904,0.1,,-9.86474e-19,-6.41208e-18,-4.53239e-20,fluid
1372,-0.0414441,0.817207,,1000,2.44757e-14,0,,0.0525322,0.0850904,0.1,,-1.17288e-17,2.32321e-16,6.52401e-19,fluid
1373,-0.205098,0.792136,,1000,-5.64563e-14,0,,0.0525322,0.0850904,0.1,,1.10864e-18,-3.69546e-18,2.15217e-18,fluid
1374,-0.360356,0.734635,,1000,1.96581e-13,0,,0.0525322,0.0850904,0.1,,-9.11627e-17,2.07439e-16,-3.03771e-17,fluid
1375,-0.50086,0.647058,,1000,2.24887e-12,0,,0.0525322,0.0850904,0.1,,-8.02082e-17,-6.92384e-17,-3.12045e-15,fluid
1376,-0.620859,0.53299,,1000,-5.17934e-13,0,,0.0525322,0.0850904,0.1,,-1.80228e-16,1.50533e-16,2.98795e-16,fluid
1377,-0.715441,0.397102,,1000,-2.09403e-14,0,,0.0525322,0.0850904,0.1,,1.16941e-18,-3.62962e-19,-8.99031e-18,fluid
1378,-0.780731,0.244956,,1000,-6.51454e-14,0,,0.0525322,0.0850904,0.1,,-3.34411e-18,3.58947e-19,-1.48498e-17,fluid
1379,-0.814059,0.0827817,,1000,-5.77213e-13,0,,0.0525322,0.0850904,0.1,,-2.54773e-16,2.32949e-17,5.78775e-17,fluid
1380,-0.814059,-0.0827817,,1000,-7.14807e-14,0,,0.0525322,0.0850904,0.1,,-2.91527e-18,-3.34365e-19,1.57468e-17,fluid
1381,-0.780731,-0.244956,,1000,-5.15259e-14,0,,0.0525322,0.0850904,0.1,,-3.92754e-18,-1.10413e-18,-2.7016e-18,fluid
1382,-0.715441,-0.397102,,1000,-2.51961e-13,0,,0.0525322,0.0850904,0.1,,-2.26486e-16,-1.11238e-16,-1.43273e-16,fluid
1383,-0.620859,-0.53299,,1000,-5.57973e-14,0,,0.0525322,0.0850904,0.1,,-4.0656e-18,-3.29709e-18,-6.44358e-19,fluid
1384,-0.50086,-0.647058,,1000,-6.36784e-14,0,,0.0525322,0.0850904,0.1,,-3.89217e-18,-5.06887e-18,2.47645e-19,fluid
1385,-0.360356,-0.734635,,1000,-6.4958e-14,0,,0.0525322,0.0850904,0.1,,-2.08366e-18,-5.29638e-18,-9.29312e-18,fluid
1386,-0.205098,-0.792136,,1000,-4.69605e-13,0,,0.0525322,0.0850904,0.1,,-1.1313e-16,-4.90752e-16,1.39379e-16,fluid
1387,-0.0414441,-0.817207,,1000,1.91154e-14,0,,0.0525322,0.0850904,0.1,,-1.14864e-17,-2.28043e-16,1.66226e-17,fluid
1388,0.123907,-0.808821,,1000,1.34052e-14,0,,0.0525322,0.0850904,0.1,,3.46016e-17,-2.26014e-16,-2.88256e-19,fluid
1389,0.284185,-0.767323,,1000,2.13407e-14,0,,0.0525322,0.0850904,0.1,,7.91853e-17,-2.13877e-16,-5.40937e-18,fluid
1390,0.432829,-0.694409,,1000,-2.6058e-13,0,,0.0525322,0.0850904,0.1,,2.49687e-16,-4.19048e-16,-3.49144e-16,fluid
1391,0.563752,-0.593067,,1000,2.51779e-12,0,,0.0525322,0.0850904,0.1,,-1.70719e-16,7.28687e-17,-2.71841e-15,fluid
1392,0.671596,-0.467444,,1000,-8.3828e-14,0,,0.0525322,0.0850904,0.1,,-2.35841e-17,-2.01726e-19,-2.61203e-16,fluid
1393,0.751944,-0.322685,,1000,-8.20473e-14,0,,0.0525322,0.0850904,0.1,,-2.59389e-18,3.23649e-19,-7.94425e-18,fluid
1394,0.801508,-0.164714,,1000,-6.85821e-13,0,,0.0525322,0.0850904,0.1,,-4.29495e-17,-3.64441e-19,-7.49348e-17,fluid
1395,0.846773,0,,1000,-5.39202e-12,0,,0.0525322,0.0850904,0.1,,5.73413e-16,4.134e-19,-3.37202e-16,fluid
1396,0.82944,0.170454,,1000,-4.52807e-12,0,,0.0525322,0.0850904,0.1,,-2.69453e-16,4.83995e-18,-5.88597e-16,fluid
1397,0.778149,0.33393,,1000,-1.14037e-12,0,,0.0525322,0.0850904,0.1,,-6.66335e-17,5.09486e-18,-1.36679e-16,fluid
1398,0.695001,0.483735,,1000,-2.49244e-13,0,,0.0525322,0.0850904,0.1,,-1.39538e-17,-4.89611e-18,3.19122e-17,fluid
1399,0.583399,0.613735,,1000,1.32265e-13,0,,0.0525322,0.0850904,0.1,,6.08852e-16,6.45588e-16,9.44393e-20,fluid
1400,0.447913,0.718609,,1000,7.09999e-14,0,,0.0525322,0.0850904,0.1,,4.68736e-16,7.51994e-16,8.97594e-20,fluid
1401,0.294089,0.794064,,1000,1.1958e-13,0,,0.0525322,0.0850904,0.1,,3.11463e-16,8.30056e-16,2.62366e-18,fluid
1402,0.128225,0.837009,,1000,-2.68577e-13,0,,0.0525322,0.0850904,0.1,,-2.8905e-18,-1.88275e-17,-2.46581e-19,fluid
1403,-0.0428884,0.845687,,1000,8.66589e-14,0,,0.0525322,0.0850904,0.1,,-4.43855e-17,8.78694e-16,2.6779e-18,fluid
1404,-0.212246,0.819742,,1000,-2.12771e-13,0,,0.0525322,0.0850904,0.1,,2.84515e-18,-8.68706e-18,8.01178e-18,fluid
1405,-0.372914,0.760237,,1000,6.21331e-13,0,,0.0525322,0.0850904,0.1,,-3.48354e-16,7.85912e-16,-6.25334e-17,fluid
1406,-0.518315,0.669608,,1000,3.28617e-12,0,,0.0525322,0.0850904,0.1,,-1.1699e-16,-1.34859e-16,-5.12201e-15,fluid
1407,-0.642496,0.551565,,1000,-1.01987e-12,0,,0.0525322,0.0850904,0.1,,-6.91484e-16,5.69289e-16,4.21102e-16,fluid
1408,-0.740373,0.410941,,1000,-1.41346e-13,0,,0.0525322,0.0850904,0.1,,5.12206e-18,3.97862e-18,4.36943e-17,fluid
1409,-0.80794,0.253493,,1000,-2.41738e-13,0,,0.0525322,0.0850904,0.1,,-1.59976e-17,-1.07546e-18,-5.63015e-17,fluid
1410,-0.842429,0.0856666,,1000,-8.85399e-13,0,,0.0525322,0.0850904,0.1,,-9.05296e-16,8.81072e-17,8.62512e-17,fluid
1411,-0.842429,-0.0856666,,1000,-2.6413e-13,0,,0.0525322,0.0850904,0.1,,-1.36205e-17,1.81992e-18,6.11096e-17,fluid
1412,-0.80794,-0.253493,,1000,-2.00503e-13,0,,0.0525322,0.0850904,0.1,,-1.83004e-17,-8.23161e-18,-2.83935e-17,fluid
1413,-0.740373,-0.410941,,1000,-4.68939e-13,0,,0.0525322,0.0850904,0.1,,-8.07677e-16,-4.20966e-16,-2.70185e-16,fluid
1414,-0.642496,-0.551565,,1000,-2.3067e-13,0,,0.0525322,0.0850904,0.1,,-2.02076e-17,-1.17424e-17,2.68242e-18,fluid
1415,-0.518315,-0.669608,,1000,-2.42493e-13,0,,0.0525322,0.0850904,0.1,,-1.48161e-17,-1.92969e-17,9.99161e-19,fluid
1416,-0.372914,-0.760237,,1000,-2.4062e-13,0,,0.0525322,0.0850904,0.1,,-4.19275e-18,-2.72153e-17,-3.77497e-17,fluid
1417,-0.212246,-0.819742,,1000,-6.09005e-13,0,,0.0525322,0.0850904,0.1,,-4.25275e-16,-1.74226e-15,2.23865e-16,fluid
1418,-0.0428884,-0.845687,,1000,7.60515e-14,0,,0.0525322,0.0850904,0.1,,-4.72108e-17,-8.69805e-16,6.34681e-17,fluid
1419,0.128225,-0.837009,,1000,4.73788e-14,0,,0.0525322,0.0850904,0.1,,1.31732e-16,-8.60354e-16,-1.1889e-18,fluid
1420,0.294089,-0.794064,,1000,6.89929e-14,0,,0.0525322,0.0850904,0.1,,3.05549e-16,-8.13887e-16,-6.43084e-17,fluid
1421,0.447913,-0.718609,,1000,-3.00463e-13,0,,0.0525322,0.0850904,0.1,,9.34546e-16,-1.53162e-15,-6.01168e-16,fluid
1422,0.583399,-0.613735,,1000,3.27539e-12,0,,0.0525322,0.0850904,0.1,,-2.61471e-16,1.10524e-16,-3.74534e-15,fluid
1423,0.695001,-0.483735,,1000,-3.36399e-13,0,,0.0525322,0.0850904,0.1,,-5.54691e-17,-8.37797e-19,-5.84854e-16,fluid
1424,0.778149,-0.33393,,1000,-3.05901e-13,0,,0.0525322,0.0850904,0.1,,-9.77933e-18,1.15255e-18,-3.31605e-17,fluid
1425,0.82944,-0.170454,,1000,-1.13874e-12,0,,0.0525322,0.0850904,0.1,,-8.11575e-17,1.43319e-18,-2.44881e-16,fluid
1426,0.875977,0,,1000,-6.37322e-12,0,,0.0525322,0.0850904,0.1,,1.69076e-15,1.71026e-18,-6.2227e-16,fluid
1427,0.858045,0.176333,,1000,-5.46589e-12,0,,0.0525322,0.0850904,0.1,,-2.67388e-16,-2.49553e-17,-6.15065e-16,fluid
1428,0.804986,0.345447,,1000,-1.5472e-12,0,,0.0525322,0.0850904,0.1,,-7.41645e-17,1.12642e-17,-4.43383e-17,fluid
1429,0.71897,0.500418,,1000,-5.56199e-13,0,,0.0525322,0.0850904,0.1,,-3.24891e-17,3.97981e-17,8.36137e-17,fluid
1430,0.603519,0.634902,,1000,2.94863e-13,0,,0.0525322,0.0850904,0.1,,1.42147e-15,1.56975e-15,1.17947e-17,fluid
1431,0.46336,0.743393,,1000,1.64817e-13,0,,0.0525322,0.0850904,0.1,,1.13355e-15,1.81856e-15,-1.83647e-19,fluid
1432,0.304231,0.821449,,1000,2.61502e-13,0,,0.0525322,0.0850904,0.1,,7.83303e-16,1.96536e-15,-9.11947e-18,fluid
1433,0.132647,0.865875,,1000,-6.25033e-13,0,,0.0525322,0.0850904,0.1,,1.68752e-18,1.03913e-17,-1.62015e-18,fluid
1434,-0.0443675,0.874852,,1000,1.72276e-13,0,,0.0525322,0.0850904,0.1,,-1.04783e-16,2.06837e-15,8.96404e-18,fluid
1435,-0.219566,0.848013,,1000,-4.92104e-13,0,,0.0525322,0.0850904,0.1,,-6.80627e-18,3.29165e-17,1.75824e-17,fluid
1436,-0.385775,0.786456,,1000,1.24331e-12,0,,0.0525322,0.0850904,0.1,,-8.24839e-16,1.85396e-15,-5.84506e-17,fluid
1437,-0.536191,0.692701,,1000,3.76393e-12,0,,0.0525322,0.0850904,0.1,,-1.65161e-16,-1.82768e-16,-6.99663e-15,fluid
1438,-0.664654,0.570587,,1000,-1.61143e-12,0,,0.0525322,0.0850904,0.1,,-1.63183e-15,1.33885e-15,4.36748e-16,fluid
1439,-0.765907,0.425113,,1000,-3.59322e-13,0,,0.0525322,0.0850904,0.1,,1.05742e-17,6.14887e-17,1.57206e-16,fluid
1440,-0.835804,0.262235,,1000,-5.47119e-13,0,,0.0525322,0.0850904,0.1,,-7.35579e-17,-3.55169e-17,-1.1593e-16,fluid
1441,-0.871482,0.0886211,,1000,-1.08893e-12,0,,0.0525322,0.0850904,0.1,,-2.08731e-15,2.07275e-16,9.74916e-17,fluid
1442,-0.871482,-0.0886211,,1000,-6.01027e-13,0,,0.0525322,0.0850904,0.1,,-6.42157e-17,4.38296e-17,1.22991e-16,fluid
1443,-0.835804,-0.262235,,1000,-4.77198e-13,0,,0.0525322,0.0850904,0.1,,-5.7311e-17,-6.83307e-17,-7.3464e-17,fluid
1444,-0.765907,-0.425113,,1000,-6.81401e-13,0,,0.0525322,0.0850904,0.1,,-1.85847e-15,-9.92582e-16,-3.86732e-16,fluid
1445,-0.664654,-0.570587,,1000,-5.66026e-13,0,,0.0525322,0.0850904,0.1,,-9.65369e-17,-1.38011e-17,6.76278e-18,fluid
1446,-0.536191,-0.692701,,1000,-5.8739e-13,0,,0.0525322,0.0850904,0.1,,-3.56684e-17,-4.64844e-17,3.18407e-18,fluid
1447,-0.385775,-0.786456,,1000,-5.41088e-13,0,,0.0525322,0.0850904,0.1,,4.25989e-17,-1.48387e-16,-6.68128e-17,fluid
1448,-0.219566,-0.848013,,1000,-5.37003e-13,0,,0.0525322,0.0850904,0.1,,-9.67204e-16,-4.04827e-15,3.01642e-16,fluid
1449,-0.0443675,-0.874852,,1000,2.0209e-13,0,,0.0525322,0.0850904,0.1,,-1.57591e-16,-2.12379e-15,1.28212e-16,fluid
1450,0.132647,-0.865875,,1000,1.0703e-13,0,,0.0525322,0.0850904,0.1,,3.18694e-16,-2.08009e-15,-4.04293e-18,fluid
1451,0.304231,-0.821449,,1000,1.71159e-13,0,,0.0525322,0.0850904,0.1,,7.8843e-16,-1.97585e-15,-1.85206e-16,fluid
1452,0.46336,-0.743393,,1000,-1.61572e-13,0,,0.0525322,0.0850904,0.1,,2.17072e-15,-3.59972e-15,-7.51892e-16,fluid
1453,0.603519,-0.634902,,1000,3.31423e-12,0,,0.0525322,0.0850904,0.1,,-3.68991e-16,5.06041e-17,-4.22111e-15,fluid
1454,0.71897,-0.500418,,1000,-8.40601e-13,0,,0.0525322,0.0850904,0.1,,-9.49677e-17,-2.47038e-18,-9.43016e-16,fluid
1455,0.804986,-0.345447,,1000,-7.03341e-13,0,,0.0525322,0.0850904,0.1,,-2.06077e-17,1.89044e-18,-6.53014e-17,fluid
1456,0.858045,-0.176333,,1000,-1.48133e-12,0,,0.0525322,0.0850904,0.1,,-8.8165e-17,3.97297e-17,-5.08796e-16,fluid
1457,0.905884,0,,1000,-5.87658e-12,0,,0.0525322,0.0850904,0.1,,3.29398e-15,5.0507e-18,-9.12355e-16,fluid
1458,0.88734,0.182353,,1000,-5.18692e-12,0,,0.0525322,0.0850904,0.1,,-1.53879e-16,-1.44165e-16,-4.74118e-16,fluid
1459,0.832469,0.357241,,1000,-1.68308e-12,0,,0.0525322,0.0850904,0.1,,-5.95277e-17,1.84758e-17,1.04687e-16,fluid
1460,0.743516,0.517503,,1000,-9.42702e-13,0,,0.0525322,0.0850904,0.1,,-7.64256e-17,1.87338e-16,1.60172e-16,fluid
1461,0.624124,0.656578,,1000,4.93588e-13,0,,0.0525322,0.0850904,0.1,,2.5178e-15,2.93781e-15,5.13903e-17,fluid
1462,0.47918,0.768773,,1000,2.85298e-13,0,,0.0525322,0.0850904,0.1,,2.0952e-15,3.36135e-15,-1.44074e-18,fluid
1463,0.314618,0.849495,,1000,4.268e-13,0,,0.0525322,0.0850904,0.1,,1.52878e-15,3.55044e-15,-5.62084e-17,fluid
1464,0.137176,0.895437,,1000,-1.11464e-12,0,,0.0525322,0.0850904,0.1,,1.78697e-17,1.13912e-16,-5.7951e-18,fluid
1465,-0.0458823,0.904721,,1000,2.44223e-13,0,,0.0525322,0.0850904,0.1,,-1.8956e-16,3.72708e-15,2.28471e-17,fluid
1466,-0.227062,0.876965,,1000,-8.70613e-13,0,,0.0525322,0.0850904,0.1,,-3.54227e-17,1.52186e-16,2.96541e-17,fluid
1467,-0.398946,0.813307,,1000,1.8841e-12,0,,0.0525322,0.0850904,0.1,,-1.49668e-15,3.34809e-15,9.50465e-18,fluid
1468,-0.554497,0.716351,,1000,3.33816e-12,0,,0.0525322,0.0850904,0.1,,-2.27329e-16,-1.77267e-16,-8.19582e-15,fluid
1469,-0.687347,0.590068,,1000,-2.19914e-12,0,,0.0525322,0.0850904,0.1,,-2.93685e-15,2.40914e-15,3.72567e-16,fluid
1470,-0.792056,0.439627,,1000,-6.42384e-13,0,,0.0525322,0.0850904,0.1,,2.6903e-17,2.28612e-16,2.74586e-16,fluid
1471,-0.864339,0.271188,,1000,-9.43307e-13,0,,0.0525322,0.0850904,0.1,,-2.02536e-16,-1.52259e-16,-1.60508e-16,fluid
1472,-0.901236,0.0916467,,1000,-1.10645e-12,0,,0.0525322,0.0850904,0.1,,-3.72454e-15,3.73065e-16,7.88644e-17,fluid
1473,-0.901236,-0.0916467,,1000,-1.04625e-12,0,,0.0525322,0.0850904,0.1,,-1.76653e-16,1.79507e-16,1.62249e-16,fluid
1474,-0.864339,-0.271188,,1000,-8.60592e-13,0,,0.0525322,0.0850904,0.1,,-1.14648e-16,-2.38782e-16,-1.03973e-16,fluid
1475,-0.792056,-0.439627,,1000,-8.41633e-13,0,,0.0525322,0.0850904,0.1,,-3.30907e-15,-1.79186e-15,-4.51615e-16,fluid
1476,-0.687347,-0.590068,,1000,-1.03141e-12,0,,0.0525322,0.0850904,0.1,,-2.79144e-16,2.32706e-17,-4.0525e-18,fluid
1477,-0.554497,-0.716351,,1000,-1.09057e-12,0,,0.0525322,0.0850904,0.1,,-6.56692e-17,-8.56842e-17,7.95994e-18,fluid
1478,-0.398946,-0.813307,,1000,-9.26461e-13,0,,0.0525322,0.0850904,0.1,,2.25439e-16,-4.42417e-16,-5.18725e-17,fluid
1479,-0.227062,-0.876965,,1000,-2.04284e-13,0,,0.0525322,0.0850904,0.1,,-1.65293e-15,-7.28868e-15,3.65387e-16,fluid
1480,-0.0458823,-0.904721,,1000,3.97254e-13,0,,0.0525322,0.0850904,0.1,,-3.96554e-16,-3.95683e-15,1.73707e-16,fluid
1481,0.137176,-0.895437,,1000,1.77293e-13,0,,0.0525322,0.0850904,0.1,,5.89412e-16,-3.84385e-15,-1.04056e-17,fluid
1482,0.314618,-0.849495,,1000,3.37882e-13,0,,0.0525322,0.0850904,0.1,,1.57142e-15,-3.65582e-15,-3.15665e-16,fluid
1483,0.47918,-0.768773,,1000,1.36796e-13,0,,0.0525322,0.0850904,0.1,,3.83785e-15,-6.53196e-15,-7.25415e-16,fluid
1484,0.624124,-0.656578,,1000,2.35941e-12,0,,0.0525322,0.0850904,0.1,,-5.2431e-16,-2.17821e-16,-3.81133e-15,fluid
1485,0.743516,-0.517503,,1000,-1.57709e-12,0,,0.0525322,0.0850904,0.1,,-1.29872e-16,-5.65046e-18,-1.19974e-15,fluid
1486,0.832469,-0.357241,,1000,-1.23494e-12,0,,0.0525322,0.0850904,0.1,,-3.09004e-17,1.34187e-18,-7.52686e-17,fluid
1487,0.88734,-0.182353,,1000,-1.5213e-12,0,,0.0525322,0.0850904,0.1,,-1.98711e-17,1.66051e-16,-7.76778e-16,fluid
1488,0.936512,0,,1000,-4.08168e-12,0,,0.0525322,0.0850904,0.1,,5.21757e-15,9.83177e-18,-1.12252e-15,fluid
1489,0.917341,0.188518,,1000,-3.62179e-12,0,,0.0525322,0.0850904,0.1,,9.76498e-17,-3.80087e-16,-2.08849e-16,fluid
1490,0.860615,0.369319,,1000,-1.41927e-12,0,,0.0525322,0.0850904,0.1,,-2.11229e-17,2.45845e-17,2.65207e-16,fluid
1491,0.768655,0.534999,,1000,-1.34148e-12,0,,0.0525322,0.0850904,0.1,,-1.74918e-16,4.49666e-16,2.49748e-16,fluid
1492,0.645226,0.678777,,1000,6.71576e-13,0,,0.0525322,0.0850904,0.1,,3.68611e-15,4.5652e-15,1.28776e-16,fluid
1493,0.495381,0.794765,,1000,3.85241e-13,0,,0.0525322,0.0850904,0.1,,3.19509e-15,5.12595e-15,-4.19743e-18,fluid
1494,0.325255,0.878216,,1000,5.63824e-13,0,,0.0525322,0.0850904,0.1,,2.47555e-15,5.31461e-15,-1.5241e-16,fluid
1495,0.141814,0.925712,,1000,-1.66676e-12,0,,0.0525322,0.0850904,0.1,,4.02398e-17,2.56182e-16,-1.39043e-17,fluid
1496,-0.0474335,0.93531,,1000,2.66598e-13,0,,0.0525322,0.0850904,0.1,,-2.85998e-16,5.59942e-15,4.53987e-17,fluid
1497,-0.234739,0.906616,,1000,-1.29166e-12,0,,0.0525322,0.0850904,0.1,,-7.30874e-17,3.11688e-16,4.32302e-17,fluid
1498,-0.412434,0.840805,,1000,2.36902e-12,0,,0.0525322,0.0850904,0.1,,-2.26576e-15,5.03955e-15,1.28842e-16,fluid
1499,-0.573244,0.740571,,1000,1.69918e-12,0,,0.0525322,0.0850904,0.1,,-4.3067e-16,2.52277e-17,-8.03027e-15,fluid
1500,-0.710586,0.610018,,1000,-2.63081e-12,0,,0.0525322,0.0850904,0.1,,-4.40235e-15,3.61333e-15,2.38946e-16,fluid
1501,-0.818836,0.454491,,1000,-9.42251e-13,0,,0.0525322,0.0850904,0.1,,7.24151e-17,5.22007e-16,3.32753e-16,fluid
1502,-0.893563,0.280357,,1000,-1.36038e-12,0,,0.0525322,0.0850904,0.1,,-3.85546e-16,-3.83619e-16,-1.56207e-16,fluid
1503,-0.931707,0.0947453,,1000,-8.77585e-13,0,,0.0525322,0.0850904,0.1,,-5.5613e-15,5.59577e-16,2.2944e-17,fluid
1504,-0.931707,-0.0947453,,1000,-1.52543e-12,0,,0.0525322,0.0850904,0.1,,-3.30813e-16,4.37679e-16,1.43053e-16,fluid
1505,-0.893563,-0.280357,,1000,-1.28827e-12,0,,0.0525322,0.0850904,0.1,,-1.54947e-16,-5.36647e-16,-8.62063e-17,fluid
1506,-0.818836,-0.454491,,1000,-9.02161e-13,0,,0.0525322,0.0850904,0.1,,-4.93195e-15,-2.69627e-15,-4.29266e-16,fluid
1507,-0.710586,-0.610018,,1000,-1.54321e-12,0,,0.0525322,0.0850904,0.1,,-5.64206e-16,1.37213e-16,-4.68881e-17,fluid
1508,-0.573244,-0.740571,,1000,-1.6756e-12,0,,0.0525322,0.0850904,0.1,,-1.00028e-16,-1.30732e-16,1.58547e-17,fluid
1509,-0.412434,-0.840805,,1000,-1.33012e-12,0,,0.0525322,0.0850904,0.1,,6.12981e-16,-8.8964e-16,4.56775e-17,fluid
1510,-0.234739,-0.906616,,1000,3.61767e-13,0,,0.0525322,0.0850904,0.1,,-2.32622e-15,-1.09578e-14,4.04844e-16,fluid
1511,-0.0474335,-0.93531,,1000,6.07491e-13,0,,0.0525322,0.0850904,0.1,,-7.74615e-16,-6.05227e-15,1.66096e-16,fluid
1512,0.141814,-0.925712,,1000,2.19299e-13,0,,0.0525322,0.0850904,0.1,,8.99502e-16,-5.86111e-15,-2.07767e-17,fluid
1513,0.325255,-0.878216,,1000,5.26569e-13,0,,0.0525322,0.0850904,0.1,,2.56848e-15,-5.55162e-15,-3.94132e-16,fluid
1514,0.495381,-0.794765,,1000,5.56459e-13,0,,0.0525322,0.0850904,0.1,,5.62839e-15,-9.8851e-15,-5.0376e-16,fluid
1515,0.645226,-0.678777,,1000,-8.41121e-14,0,,0.0525322,0.0850904,0.1,,-8.95506e-17,-1.24216e-15,-1.90455e-15,fluid
1516,0.768655,-0.534999,,1000,-2.40784e-12,0,,0.0525322,0.0850904,0.1,,-1.49781e-16,-1.0423e-17,-1.27042e-15,fluid
1517,0.860615,-0.369319,,1000,-1.81035e-12,0,,0.0525322,0.0850904,0.1,,-3.63187e-17,-1.42858e-18,-3.69222e-17,fluid
1518,0.917341,-0.188518,,1000,-1.14679e-12,0,,0.0525322,0.0850904,0.1,,1.22399e-16,4.10548e-16,-9.55165e-16,fluid
1519,0.967878,0,,1000,-6.3738e-13,0,,0.0525322,0.0850904,0.1,,6.63222e-15,1.66894e-17,-1.19804e-15,fluid
1520,0.948065,0.194832,,1000,-2.2589e-13,0,,0.0525322,0.0850904,0.1,,-4.05336e-17,-8.10714e-16,2.98672e-16,fluid
1521,0.889439,0.381688,,1000,-5.76244e-13,0,,0.0525322,0.0850904,0.1,,-7.80601e-17,-1.84702e-17,4.81808e-16,fluid
1522,0.794399,0.552918,,1000,-1.67628e-12,0,,0.0525322,0.0850904,0.1,,-3.50346e-16,7.90678e-16,3.3535e-16,fluid
1523,0.666836,0.701511,,1000,7.56014e-13,0,,0.0525322,0.0850904,0.1,,4.62924e-15,6.11367e-15,2.41794e-16,fluid
1524,0.511973,0.821384,,1000,3.99484e-13,0,,0.0525322,0.0850904,0.1,,4.17234e-15,6.69388e-15,-8.55347e-18,fluid
1525,0.336149,0.90763,,1000,6.10091e-13,0,,0.0525322,0.0850904,0.1,,3.45095e-15,6.84311e-15,-2.96026e-16,fluid
1526,0.146564,0.956717,,1000,-2.17247e-12,0,,0.0525322,0.0850904,0.1,,5.68448e-17,3.59553e-16,-2.59174e-17,fluid
1527,-0.0490222,0.966636,,1000,2.08092e-13,0,,0.0525322,0.0850904,0.1,,-3.73747e-16,7.28495e-15,7.45426e-17,fluid
1528,-0.242601,0.93698,,1000,-1.6712e-12,0,,0.0525322,0.0850904,0.1,,-9.92991e-17,4.31345e-16,5.70088e-17,fluid
1529,-0.426248,0.868965,,1000,2.58785e-12,0,,0.0525322,0.0850904,0.1,,-2.96845e-15,6.56642e-15,2.55889e-16,fluid
1530,-0.592444,0.765374,,1000,-1.37377e-12,0,,0.0525322,0.0850904,0.1,,-1.05456e-15,6.60337e-16,-5.8022e-15,fluid
1531,-0.734385,0.630449,,1000,-2.72723e-12,0,,0.0525322,0.0850904,0.1,,-5.71704e-15,4.69202e-15,-2.2481e-17,fluid
1532,-0.846261,0.469713,,1000,-1.18663e-12,0,,0.0525322,0.0850904,0.1,,1.89646e-16,8.98011e-16,2.87059e-16,fluid
1533,-0.92349,0.289747,,1000,-1.71161e-12,0,,0.0525322,0.0850904,0.1,,-5.71849e-16,-7.26863e-16,-8.49131e-17,fluid
1534,-0.962912,0.0979186,,1000,-2.01804e-13,0,,0.0525322,0.0850904,0.1,,-7.04099e-15,7.13762e-16,-8.82204e-17,fluid
1535,-0.962912,-0.0979186,,1000,-1.93989e-12,0,,0.0525322,0.0850904,0.1,,-4.76012e-16,8.06396e-16,5.02095e-17,fluid
1536,-0.92349,-0.289747,,1000,-1.66923e-12,0,,0.0525322,0.0850904,0.1,,-1.33546e-16,-9.30181e-16,-4.37738e-18,fluid
1537,-0.846261,-0.469713,,1000,-8.20476e-13,0,,0.0525322,0.0850904,0.1,,-6.37406e-15,-3.51262e-15,-2.93115e-16,fluid
1538,-0.734385,-0.630449,,1000,-1.9869e-12,0,,0.0525322,0.0850904,0.1,,-8.99882e-16,3.50298e-16,-1.31384e-16,fluid
1539,-0.592444,-0.765374,,1000,-2.21182e-12,0,,0.0525322,0.0850904,0.1,,-1.30902e-16,-1.71454e-16,2.63532e-17,fluid
1540,-0.426248,-0.868965,,1000,-1.67198e-12,0,,0.0525322,0.0850904,0.1,,1.21716e-15,-1.38933e-15,2.38785e-16,fluid
1541,-0.242601,-0.93698,,1000,1.22045e-12,0,,0.0525322,0.0850904,0.1,,-2.77076e-15,-1.40936e-14,3.63699e-16,fluid
1542,-0.0490222,-0.966636,,1000,7.38394e-13,0,,0.0525322,0.0850904,0.1,,-1.2476e-15,-7.88772e-15,9.09847e-17,fluid
1543,0.146564,-0.956717,,1000,1.81911e-13,0,,0.0525322,0.0850904,0.1,,1.17571e-15,-7.65414e-15,-3.41968e-17,fluid
1544,0.336149,-0.90763,,1000,6.49558e-13,0,,0.0525322,0.0850904,0.1,,3.5814e-15,-7.1784e-15,-3.82198e-16,fluid
1545,0.511973,-0.821384,,1000,1.07765e-12,0,,0.0525322,0.0850904,0.1,,7.10767e-15,-1.29312e-14,-9.82036e-17,fluid
1546,0.666836,-0.701511,,1000,-2.6843e-12,0,,0.0525322,0.0850904,0.1,,-5.67454e-16,-1.78758e-15,2.11641e-16,fluid
1547,0.794399,-0.552918,,1000,-3.12305e-12,0,,0.0525322,0.0850904,0.1,,-1.5033e-16,-1.62317e-17,-1.15257e-15,fluid
1548,0.889439,-0.381688,,1000,-2.30738e-12,0,,0.0525322,0.0850904,0.1,,-3.40822e-17,-6.72852e-18,5.94159e-17,fluid
1549,0.948065,-0.194832,,1000,-1.98066e-13,0,,0.0525322,0.0850904,0.1,,1.64693e-16,7.88495e-16,-1.0286e-15,fluid
1550,1,0,,1000,2.74371e-12,0,,0.0525322,0.0850904,0.1,,7.42303e-15,2.23381e-17,-1.13057e-15,fluid
1551,0.97953,0.201299,,1000,2.8677e-12,0,,0.0525322,0.0850904,0.1,,4.52631e-17,-1.26838e-15,6.84153e-16,fluid
1552,0.918958,0.394356,,1000,2.5953e-13,0,,0.0525322,0.0850904,0.1,,-6.77611e-17,-4.16988e-17,5.52962e-16,fluid
1553,0.820763,0.571268,,1000,-1.8634e-12,0,,0.0525322,0.0850904,0.1,,-6.00128e-16,1.14823e-15,4.0193e-16,fluid
1554,0.688967,0.724793,,1000,6.91627e-13,0,,0.0525322,0.0850904,0.1,,5.01385e-15,7.15487e-15,3.7689e-16,fluid
1555,0.528964,0.848644,,1000,2.87686e-13,0,,0.0525322,0.0850904,0.1,,4.72012e-15,7.57288e-15,-1.41217e-17,fluid
1556,0.347305,0.937752,,1000,5.22253e-13,0,,0.0525322,0.0850904,0.1,,4.2172e-15,7.64865e-15,-4.70673e-16,fluid
1557,0.151428,0.988468,,1000,-2.49075e-12,0,,0.0525322,0.0850904,0.1,,5.73559e-17,3.57287e-16,-4.05298e-17,fluid
1558,-0.0506492,0.998717,,1000,6.00668e-14,0,,0.0525322,0.0850904,0.1,,-4.27424e-16,8.28836e-15,1.05599e-16,fluid
1559,-0.250653,0.968077,,1000,-1.90138e-12,0,,0.0525322,0.0850904,0.1,,-9.65229e-17,4.40665e-16,6.83319e-17,fluid
1560,-0.440394,0.897805,,1000,2.52624e-12,0,,0.0525322,0.0850904,0.1,,-3.39219e-15,7.48121e-15,3.47889e-16,fluid
1561,-0.612106,0.790776,,1000,-4.06769e-12,0,,0.0525322,0.0850904,0.1,,-8.27835e-16,5.18273e-16,-3.37659e-15,fluid
1562,-0.758758,0.651372,,1000,-1.90725e-12,0,,0.0525322,0.0850904,0.1,,-6.06389e-15,5.048e-15,-8.96635e-16,fluid
1563,-0.874347,0.485302,,1000,-1.30339e-12,0,,0.0525322,0.0850904,0.1,,3.79526e-16,1.29454e-15,1.38318e-16,fluid
1564,-0.954139,0.299363,,1000,-1.90161e-12,0,,0.0525322,0.0850904,0.1,,-7.06097e-16,-1.14363e-15,4.83694e-17,fluid
1565,-0.994869,0.101168,,1000,3.53559e-13,0,,0.0525322,0.0850904,0.1,,-7.94539e-15,8.05069e-16,-1.89474e-16,fluid
1566,-0.994869,-0.101168,,1000,-2.17556e-12,0,,0.0525322,0.0850904,0.1,,-5.59097e-16,1.2371e-15,-1.05372e-16,fluid
1567,-0.954139,-0.299363,,1000,-1.89604e-12,0,,0.0525322,0.0850904,0.1,,-2.08467e-17,-1.35504e-15,1.34009e-16,fluid
1568,-0.874347,-0.485302,,1000,-3.36183e-13,0,,0.0525322,0.0850904,0.1,,-6.9393e-15,-3.89414e-15,8.83439e-17,fluid
1569,-0.758758,-0.651372,,1000,-2.23744e-12,0,,0.0525322,0.0850904,0.1,,-1.21288e-15,6.5648e-16,-2.54128e-16,fluid
1570,-0.612106,-0.790776,,1000,-2.54011e-12,0,,0.0525322,0.0850904,0.1,,-1.48823e-16,-1.95491e-16,3.79374e-17,fluid
1571,-0.440394,-0.897805,,1000,-1.86309e-12,0,,0.0525322,0.0850904,0.1,,1.98284e-15,-1.81529e-15,5.0849e-16,fluid
1572,-0.250653,-0.968077,,1000,1.7513e-12,0,,0.0525322,0.0850904,0.1,,-2.82299e-15,-1.59823e-14,3.57108e-16,fluid
1573,-0.0506492,-0.998717,,1000,7.0902e-13,0,,0.0525322,0.0850904,0.1,,-1.73271e-15,-8.86562e-15,-4.19118e-17,fluid
1574,0.151428,-0.988468,,1000,4.11639e-14,0,,0.0525322,0.0850904,0.1,,1.33165e-15,-8.66052e-15,-4.85101e-17,fluid
1575,0.347305,-0.937752,,1000,6.28155e-13,0,,0.0525322,0.0850904,0.1,,4.35026e-15,-7.98711e-15,-2.77563e-16,fluid
1576,0.528964,-0.848644,,1000,2.21031e-12,0,,0.0525322,0.0850904,0.1,,7.54356e-15,-1.41929e-14,7.779e-16,fluid
1577,0.688967,-0.724793,,1000,-4.76045e-12,0,,0.0525322,0.0850904,0.1,,-1.20154e-15,-2.32629e-15,1.95098e-15,fluid
1578,0.820763,-0.571268,,1000,-3.50993e-12,0,,0.0525322,0.0850904,0.1,,-1.34101e-16,-2.19901e-17,-9.09755e-16,fluid
1579,0.918958,-0.394356,,1000,-2.58762e-12,0,,0.0525322,0.0850904,0.1,,-2.36472e-17,-1.42252e-17,2.01899e-16,fluid
1580,0.97953,-0.201299,,1000,7.12583e-13,0,,0.0525322,0.0850904,0.1,,2.60409e-16,1.22094e-15,-9.09294e-16,fluid
1581,1.0329,0,,1000,0,-1.77636e-12,,0.0525322,0.0850904,0.1,,0,0,0,buffer
1582,1.01175,0.20792,,1000,0,0,,0.0525322,0.0850904,0.1,,0,0,0,buffer
1583,0.949188,0.407329,,1000,0,0,,0.0525322,0.0850904,0.1,,0,0,0,buffer
1584,0.847763,0.590061,,1000,0,0,,0.0525322,0.0850904,0.1,,0,0,0,buffer
1585,0.711631,0.748636,,1000,0,-1.77636e-12,,0.0525322,0.0850904,0.1,,0,0,0,buffer
1586,0.546365,0.876561,,1000,0,-1.77636e-12,,0.0525322,0.0850904,0.1,,0,0,0,buffer
1587,0.35873,0.968601,,1000,0,-1.77636e-12,,0.0525322,0.0850904,0.1,,0,0,0,buffer
1588,0.156409,1.02099,,1000,0,0,,0.0525322,0.0850904,0.1,,0,0,0,buffer
1589,-0.0523153,1.03157,,1000,0,-1.77636e-12,,0.0525322,0.0850904,0.1,,0,0,0,buffer
1590,-0.258898,0.999923,,1000,0,0,,0.0525322,0.0850904,0.1,,0,0,0,buffer
1591,-0.454881,0.927339,,1000,0,-1.77636e-12,,0.0525322,0.0850904,0.1,,0,0,0,buffer
1592,-0.632242,0.816789,,1000,0,0,,0.0525322,0.0850904,0.1,,0,0,0,buffer
1593,-0.783718,0.6728,,1000,0,-1.77636e-12,,0.0525322,0.0850904,0.1,,0,0,0,buffer
1594,-0.903109,0.501267,,1000,0,0,,0.0525322,0.0850904,0.1,,0,0,0,buffer
1595,-0.985527,0.309211,,1000,0,0,,0.0525322,0.0850904,0.1,,0,0,0,buffer
1596,-1.0276,0.104496,,1000,0,-1.77636e-12,,0.0525322,0.0850904,0.1,,0,0,0,buffer
1597,-1.0276,-0.104496,,1000,0,0,,0.0525322,0.0850904,0.1,,0,0,0,buffer
1598,-0.985527,-0.309211,,1000,0,0,,0.0525322,0.0850904,0.1,,0,0,0,buffer
1599,-0.903109,-0.501267,,1000,0,-1.77636e-12,,0.0525322,0.0850904,0.1,,0,0,0,buffer
1600,-0.783718,-0.6728,,1000,0,0,,0.0525322,0.0850904,0.1,,0,0,0,buffer
1601,-0.632242,-0.816789,,1000,0,0,,0.0525322,0.0850904,0.1,,0,0,0,buffer
1602,-0.454881,-0.927339,,1000,0,0,,0.0525322,0.0850904,0.1,,0,0,0,buffer
1603,-0.258898,-0.999923,,1000,0,-3.55271e-12,,0.0525322,0.0850904,0.1,,0,0,0,buffer
1604,-0.0523153,-1.03157,,1000,0,-1.77636e-12,,0.0525322,0.0850904,0.1,,0,0,0,buffer
1605,0.156409,-1.02099,,1000,0,-1.77636e-12,,0.0525322,0.0850904,0.1,,0,0,0,buffer
1606,0.35873,-0.968601,,1000,0,-1.77636e-12,,0.0525322,0.0850904,0.1,,0,0,0,buffer
1607,0.546365,-0.876561,,1000,0,-3.55271e-12,,0.0525322,0.0850904,0.1,,0,0,0,buffer
1608,0.711631,-0.748636,,1000,0,0,,0.0525322,0.0850904,0.1,,0,0,0,buffer
1609,0.847763,-0.590061,,1000,0,0,,0.0525322,0.0850904,0.1,,0,0,0,buffer
1610,0.949188,-0.407329,,1000,0,0,,0.0525322,0.0850904,0.1,,0,0,0,buffer
1611,1.01175,-0.20792,,1000,0,0,,0.0525322,0.0850904,0.1,,0,0,0,buffer
1612,1.06659,0,,1000,0,-1.77636e-12,,0.0525322,0.0850904,0.1,,0,0,0,buffer
1613,1.04475,0.214702,,1000,0,0,,0.0525322,0.0850904,0.1,,0,0,0,buffer
1614,0.980147,0.420614,,1000,0,0,,0.0525322,0.0850904,0.1,,0,0,0,buffer
1615,0.875414,0.609306,,1000,0,0,,0.0525322,0.0850904,0.1,,0,0,0,buffer
1616,0.734842,0.773053,,1000,0,-1.77636e-12,,0.0525322,0.0850904,0.1,,0,0,0,buffer
1617,0.564185,0.905152,,1000,0,-1.77636e-12,,0.0525322,0.0850904,0.1,,0,0,0,buffer
1618,0.370431,1.00019,,1000,0,-1.77636e-12,,0.0525322,0.0850904,0.1,,0,0,0,buffer
1619,0.161511,1.05429,,1000,0,0,,0.0525322,0.0850904,0.1,,0,0,0,buffer
1620,-0.0540217,1.06522,,1000,0,-1.77636e-12,,0.0525322,0.0850904,0.1,,0,0,0,buffer
1621,-0.267342,1.03254,,1000,0,0,,0.0525322,0.0850904,0.1,,0,0,0,buffer
1622,-0.469718,0.957585,,1000,0,-1.77636e-12,,0.0525322,0.0850904,0.1,,0,0,0,buffer
1623,-0.652863,0.84343,,1000,0,0,,0.0525322,0.0850904,0.1,,0,0,0,buffer
1624,-0.80928,0.694744,,1000,0,-1.77636e-12,,0.0525322,0.0850904,0.1,,0,0,0,buffer
1625,-0.932565,0.517616,,1000,0,0,,0.0525322,0.0850904,0.1,,0,0,0,buffer
1626,-1.01767,0.319296,,1000,0,0,,0.0525322,0.0850904,0.1,,0,0,0,buffer
1627,-1.06111,0.107905,,1000,0,-1.77636e-12,,0.0525322,0.0850904,0.1,,0,0,0,buffer
1628,-1.06111,-0.107905,,1000,0,0,,0.0525322,0.0850904,0.1,,0,0,0,buffer
1629,-1.01767,-0.319296,,1000,0,0,,0.0525322,0.0850904,0.1,,0,0,0,buffer
1630,-0.932565,-0.517616,,1000,0,-1.77636e-12,,0.0525322,0.0850904,0.1,,0,0,0,buffer
1631,-0.80928,-0.694744,,1000,0,0,,0.0525322,0.0850904,0.1,,0,0,0,buffer
1632,-0.652863,-0.84343,,1000,0,0,,0.0525322,0.0850904,0.1,,0,0,0,buffer
1633,-0.469718,-0.957585,,1000,0,0,,0.0525322,0.0850904,0.1,,0,0,0,buffer
1634,-0.267342,-1.03254,,1000,0,-3.55271e-12,,0.0525322,0.0850904,0.1,,0,0,0,buffer
1635,-0.0540217,-1.06522,,1000,0,-1.77636e-12,,0.0525322,0.0850904,0.1,,0,0,0,buffer
1636,0.161511,-1.05429,,1000,0,-1.77636e-12,,0.0525322,0.0850904,0.1,,0,0,0,buffer
1637,0.370431,-1.00019,,1000,0,-1.77636e-12,,0.0525322,0.0850904,0.1,,0,0,0,buffer
1638,0.564185,-0.905152,,1000,0,-3.55271e-12,,0.0525322,0.0850904,0.1,,0,0,0,buffer
1639,0.734842,-0.773053,,1000,0,0,,0.0525322,0.0850904,0.1,,0,0,0,buffer
1640,0.875414,-0.609306,,1000,0,0,,0.0525322,0.0850904,0.1,,0,0,0,buffer
1641,0.980147,-0.420614,,1000,0,0,,0.0525322,0.0850904,0.1,,0,0,0,buffer
1642,1.04475,-0.214702,,1000,0,0,,0.0525322,0.0850904,0.1,,0,0,0,buffer
1643,1.10109,0,,1000,0,-1.77636e-12,,0.0525322,0.0850904,0.1,,0,0,0,buffer
1644,1.07855,0.221647,,1000,0,0,,0.0525322,0.0850904,0.1,,0,0,0,buffer
1645,1.01185,0.43422,,1000,0,0,,0.0525322,0.0850904,0.1,,0,0,0,buffer
1646,0.903732,0.629016,,1000,0,0,,0.0525322,0.0850904,0.1,,0,0,0,buffer
1647,0.758612,0.79806,,1000,0,-1.77636e-12,,0.0525322,0.0850904,0.1,,0,0,0,buffer
1648,0.582435,0.934431,,1000,0,-1.77636e-12,,0.0525322,0.0850904,0.1,,0,0,0,buffer
1649,0.382413,1.03255,,1000,0,-1.77636e-12,,0.0525322,0.0850904,0.1,,0,0,0,buffer
1650,0.166735,1.08839,,1000,0,0,,0.0525322,0.0850904,0.1,,0,0,0,buffer
1651,-0.0557691,1.09967,,1000,0,-1.77636e-12,,0.0525322,0.0850904,0.1,,0,0,0,buffer
1652,-0.27599,1.06594,,1000,0,0,,0.0525322,0.0850904,0.1,,0,0,0,buffer
1653,-0.484912,0.98856,,1000,0,-1.77636e-12,,0.0525322,0.0850904,0.1,,0,0,0,buffer
1654,-0.673982,0.870712,,1000,0,0,,0.0525322,0.0850904,0.1,,0,0,0,buffer
1655,-0.835458,0.717217,,1000,0,-1.77636e-12,,0.0525322,0.0850904,0.1,,0,0,0,buffer
1656,-0.962731,0.534359,,1000,0,0,,0.0525322,0.0850904,0.1,,0,0,0,buffer
1657,-1.05059,0.329625,,1000,0,0,,0.0525322,0.0850904,0.1,,0,0,0,buffer
1658,-1.09544,0.111395,,1000,0,-1.77636e-12,,0.0525322,0.0850904,0.1,,0,0,0,buffer
1659,-1.09544,-0.111395,,1000,0,0,,0.0525322,0.0850904,0.1,,0,0,0,buffer
1660,-1.05059,-0.329625,,1000,0,0,,0.0525322,0.0850904,0.1,,0,0,0,buffer
1661,-0.962731,-0.534359,,1000,0,-1.77636e-12,,0.0525322,0.0850904,0.1,,0,0,0,buffer
1662,-0.835458,-0.717217,,1000,0,0,,0.0525322,0.0850904,0.1,,0,0,0,buffer
1663,-0.673982,-0.870712,,1000,0,0,,0.0525322,0.0850904,0.1,,0,0,0,buffer
1664,-0.484912,-0.98856,,1000,0,0,,0.0525322,0.0850904,0.1,,0,0,0,buffer
1665,-0.27599,-1.06594,,1000,0,-3.55271e-12,,0.0525322,0.0850904,0.1,,0,0,0,buffer
1666,-0.0557691,-1.09967,,1000,0,-1.77636e-12,,0.0525322,0.0850904,0.1,,0,0,0,buffer
1667,0.166735,-1.08839,,1000,0,-1.77636e-12,,0.0525322,0.0850904,0.1,,0,0,0,buffer
1668,0.382413,-1.03255,,1000,0,-1.77636e-12,,0.0525322,0.0850904,0.1,,0,0,0,buffer
1669,0.582435,-0.934431,,1000,0,-3.55271e-12,,0.0525322,0.0850904,0.1,,0,0,0,buffer
1670,0.758612,-0.79806,,1000,0,0,,0.0525322,0.0850904,0.1,,0,0,0,buffer
1671,0.903732,-0.629016,,1000,0,0,,0.0525322,0.0850904,0.1,,0,0,0,buffer
1672,1.01185,-0.43422,,1000,0,0,,0.0525322,0.0850904,0.1,,0,0,0,buffer
1673,1.07855,-0.221647,,1000,0,0,,0.0525322,0.0850904,0.1,,0,0,0,buffer
1674,1.13642,0,,1000,0,-1.77636e-12,,0.0525322,0.0850904,0.1,,0,0,0,buffer
1675,1.11316,0.228759,,1000,0,0,,0.0525322,0.0850904,0.1,,0,0,0,buffer
1676,1.04432,0.448154,,1000,0,0,,0.0525322,0.0850904,0.1,,0,0,0,buffer
1677,0.932731,0.6492,,1000,0,0,,0.0525322,0.0850904,0.1,,0,0,0,buffer
1678,0.782955,0.823668,,1000,0,-1.77636e-12,,0.0525322,0.0850904,0.1,,0,0,0,buffer
1679,0.601125,0.964415,,1000,0,-1.77636e-12,,0.0525322,0.0850904,0.1,,0,0,0,buffer
1680,0.394684,1.06568,,1000,0,-1.77636e-12,,0.0525322,0.0850904,0.1,,0,0,0,buffer
1681,0.172085,1.12331,,1000,0,0,,0.0525322,0.0850904,0.1,,0,0,0,buffer
1682,-0.0575587,1.13496,,1000,0,-1.77636e-12,,0.0525322,0.0850904,0.1,,0,0,0,buffer
1683,-0.284846,1.10014,,1000,0,0,,0.0525322,0.0850904,0.1,,0,0,0,buffer
1684,-0.500472,1.02028,,1000,0,-1.77636e-12,,0.0525322,0.0850904,0.1,,0,0,0,buffer
1685,-0.695609,0.898653,,1000,0,0,,0.0525322,0.0850904,0.1,,0,0,0,buffer
1686,-0.862267,0.740232,,1000,0,-1.77636e-12,,0.0525322,0.0850904,0.1,,0,0,0,buffer
1687,-0.993624,0.551506,,1000,0,0,,0.0525322,0.0850904,0.1,,0,0,0,buffer
1688,-1.0843,0.340202,,1000,0,0,,0.0525322,0.0850904,0.1,,0,0,0,buffer
1689,-1.13059,0.11497,,1000,0,-1.77636e-12,,0.0525322,0.0850904,0.1,,0,0,0,buffer
1690,-1.13059,-0.11497,,1000,0,0,,0.0525322,0.0850904,0.1,,0,0,0,buffer
1691,-1.0843,-0.340202,,1000,0,0,,0.0525322,0.0850904,0.1,,0,0,0,buffer
1692,-0.993624,-0.551506,,1000,0,-1.77636e-12,,0.0525322,0.0850904,0.1,,0,0,0,buffer
1693,-0.862267,-0.740232,,1000,0,0,,0.0525322,0.0850904,0.1,,0,0,0,buffer
1694,-0.695609,-0.898653,,1000,0,0,,0.0525322,0.0850904,0.1,,0,0,0,buffer
1695,-0.500472,-1.02028,,1000,0,0,,0.0525322,0.0850904,0.1,,0,0,0,buffer
1696,-0.284846,-1.10014,,1000,0,-3.55271e-12,,0.0525322,0.0850904,0.1,,0,0,0,buffer
1697,-0.0575587,-1.13496,,1000,0,-1.77636e-12,,0.0525322,0.0850904,0.1,,0,0,0,buffer
1698,0.172085,-1.12331,,1000,0,-1.77636e-12,,0.0525322,0.0850904,0.1,,0,0,0,buffer
1699,0.394684,-1.06568,,1000,0,-1.77636e-12,,0.0525322,0.0850904,0.1,,0,0,0,buffer
1700,0.601125,-0.964415,,1000,0,-3.55271e-12,,0.0525322,0.0850904,0.1,,0,0,0,buffer
1701,0.782955,-0.823668,,1000,0,0,,0.0525322,0.0850904,0.1,,0,0,0,buffer
1702,0.932731,-0.6492,,1000,0,0,,0.0525322,0.0850904,0.1,,0,0,0,buffer
1703,1.04432,-0.448154,,1000,0,0,,0.0525322,0.0850904,0.1,,0,0,0,buffer
1704,1.11316,-0.228759,,1000,0,0,,0.0525322,0.0850904,0.1,,0,0,0,buffer
1705,1.1726,0,,1000,0,-1.77636e-12,,0.0525322,0.0850904,0.1,,0,0,0,buffer
1706,1.1486,0.236043,,1000,0,0,,0.0525322,0.0850904,0.1,,0,0,0,buffer
1707,1.07757,0.462423,,1000,0,0,,0.0525322,0.0850904,0.1,,0,0,0,buffer
1708,0.96243,0.669871,,1000,0,0,,0.0525322,0.0850904,0.1,,0,0,0,buffer
1709,0.807885,0.849894,,1000,0,-1.77636e-12,,0.0525322,0.0850904,0.1,,0,0,0,buffer
1710,0.620265,0.995123,,1000,0,-1.77636e-12,,0.0525322,0.0850904,0.1,,0,0,0,buffer
1711,0.407251,1.09961,,1000,0,-1.77636e-12,,0.0525322,0.0850904,0.1,,0,0,0,buffer
1712,0.177565,1.15908,,1000,0,0,,0.0525322,0.0850904,0.1,,0,0,0,buffer
1713,-0.0593914,1.1711,,1000,0,-1.77636e-12,,0.0525322,0.0850904,0.1,,0,0,0,buffer
1714,-0.293916,1.13517,,1000,0,0,,0.0525322,0.0850904,0.1,,0,0,0,buffer
1715,-0.516408,1.05277,,1000,0,-1.77636e-12,,0.0525322,0.0850904,0.1,,0,0,0,buffer
1716,-0.717757,0.927266,,1000,0,0,,0.0525322,0.0850904,0.1,,0,0,0,buffer
1717,-0.889722,0.763801,,1000,0,-1.77636e-12,,0.0525322,0.0850904,0.1,,0,0,0,buffer
1718,-1.02526,0.569067,,1000,0,0,,0.0525322,0.0850904,0.1,,0,0,0,buffer
1719,-1.11883,0.351034,,1000,0,0,,0.0525322,0.0850904,0.1,,0,0,0,buffer
1720,-1.16659,0.11863,,1000,0,-1.77636e-12,,0.0525322,0.0850904,0.1,,0,0,0,buffer
1721,-1.16659,-0.11863,,1000,0,0,,0.0525322,0.0850904,0.1,,0,0,0,buffer
1722,-1.11883,-0.351034,,1000,0,0,,0.0525322,0.0850904,0.1,,0,0,0,buffer
1723,-1.02526,-0.569067,,1000,0,-1.77636e-12,,0.0525322,0.0850904,0.1,,0,0,0,buffer
1724,-0.889722,-0.763801,,1000,0,0,,0.0525322,0.0850904,0.1,,0,0,0,buffer
1725,-0.717757,-0.927266,,1000,0,0,,0.0525322,0.0850904,0.1,,0,0,0,buffer
1726,-0.516408,-1.05277,,1000,0,0,,0.0525322,0.0850904,0.1,,0,0,0,buffer
1727,-0.293916,-1.13517,,1000,0,-3.55271e-12,,0.0525322,0.0850904,0.1,,0,0,0,buffer
1728,-0.0593914,-1.1711,,1000,0,-1.77636e-12,,0.0525322,0.0850904,0.1,,0,0,0,buffer
1729,0.177565,-1.15908,,1000,0,-1.77636e-12,,0.0525322,0.0850904,0.1,,0,0,0,buffer
1730,0.407251,-1.09961,,1000,0,-1.77636e-12,,0.0525322,0.0850904,0.1,,0,0,0,buffer
1731,0.620265,-0.995123,,1000,0,-3.55271e-12,,0.0525322,0.0850904,0.1,,0,0,0,buffer
1732,0.807885,-0.849894,,1000,0,0,,0.0525322,0.0850904,0.1,,0,0,0,buffer
1733,0.96243,-0.669871,,1000,0,0,,0.0525322,0.0850904,0.1,,0,0,0,buffer
1734,1.07757,-0.462423,,1000,0,0,,0.0525322,0.0850904,0.1,,0,0,0,buffer
1735,1.1486,-0.236043,,1000,0,0,,0.0525322,0.0850904,0.1,,0,0,0,buffer
1736,1.20966,0,,1000,0,-1.77636e-12,,0.0525322,0.0850904,0.1,,0,0,0,buffer
1737,1.1849,0.243503,,1000,0,0,,0.0525322,0.0850904,0.1,,0,0,0,buffer
1738,1.11163,0.477036,,1000,0,0,,0.0525322,0.0850904,0.1,,0,0,0,buffer
1739,0.992844,0.69104,,1000,0,0,,0.0525322,0.0850904,0.1,,0,0,0,buffer
1740,0.833415,0.876752,,1000,0,-1.77636e-12,,0.0525322,0.0850904,0.1,,0,0,0,buffer
1741,0.639866,1.02657,,1000,0,-1.77636e-12,,0.0525322,0.0850904,0.1,,0,0,0,buffer
1742,0.420121,1.13436,,1000,0,-1.77636e-12,,0.0525322,0.0850904,0.1,,0,0,0,buffer
1743,0.183176,1.19571,,1000,0,0,,0.0525322,0.0850904,0.1,,0,0,0,buffer
1744,-0.0612682,1.20811,,1000,0,-1.77636e-12,,0.0525322,0.0850904,0.1,,0,0,0,buffer
1745,-0.303204,1.17104,,1000,0,0,,0.0525322,0.0850904,0.1,,0,0,0,buffer
1746,-0.532727,1.08604,,1000,0,-1.77636e-12,,0.0525322,0.0850904,0.1,,0,0,0,buffer
1747,-0.74044,0.956569,,1000,0,0,,0.0525322,0.0850904,0.1,,0,0,0,buffer
1748,-0.917839,0.787939,,1000,0,-1.77636e-12,,0.0525322,0.0850904,0.1,,0,0,0,buffer
1749,-1.05766,0.58705,,1000,0,0,,0.0525322,0.0850904,0.1,,0,0,0,buffer
1750,-1.15418,0.362127,,1000,0,0,,0.0525322,0.0850904,0.1,,0,0,0,buffer
1751,-1.20345,0.122379,,1000,0,-1.77636e-12,,0.0525322,0.0850904,0.1,,0,0,0,buffer
1752,-1.20345,-0.122379,,1000,0,0,,0.0525322,0.0850904,0.1,,0,0,0,buffer
1753,-1.15418,-0.362127,,1000,0,0,,0.0525322,0.0850904,0.1,,0,0,0,buffer
1754,-1.05766,-0.58705,,1000,0,-1.77636e-12,,0.0525322,0.0850904,0.1,,0,0,0,buffer
1755,-0.917839,-0.787939,,1000,0,0,,0.0525322,0.0850904,0.1,,0,0,0,buffer
1756,-0.74044,-0.956569,,1000,0,0,,0.0525322,0.0850904,0.1,,0,0,0,buffer
1757,-0.532727,-1.08604,,1000,0,0,,0.0525322,0.0850904,0.1,,0,0,0,buffer
1758,-0.303204,-1.17104,,1000,0,-3.55271e-12,,0.0525322,0.0850904,0.1,,0,0,0,buffer
1759,-0.0612682,-1.20811,,1000,0,-1.77636e-12,,0.0525322,0.0850904,0.1,,0,0,0,buffer
1760,0.183176,-1.19571,,1000,0,-1.77636e-12,,0.0525322,0.0850904,0.1,,0,0,0,buffer
1761,0.420121,-1.13436,,1000,0,-1.77636e-12,,0.0525322,0.0850904,0.1,,0,0,0,buffer
1762,0.639866,-1.02657,,1000,0,-3.55271e-12,,0.0525322,0.0850904,0.1,,0,0,0,buffer
1763,0.833415,-0.876752,,1000,0,0,,0.0525322,0.0850904,0.1,,0,0,0,buffer
1764,0.992844,-0.69104,,1000,0,0,,0.0525322,0.0850904,0.1,,0,0,0,buffer
1765,1.11163,-0.477036,,1000,0,0,,0.0525322,0.0850904,0.1,,0,0,0,buffer
1766,1.1849,-0.243503,,1000,0,0,,0.0525322,0.0850904,0.1,,0,0,0,buffer
1767,1.24761,0,,1000,0,-1.77636e-12,,0.0525322,0.0850904,0.1,,0,0,0,buffer
1768,1.22207,0.251142,,1000,0,0,,0.0525322,0.0850904,0.1,,0,0,0,buffer
1769,1.1465,0.492002,,1000,0,0,,0.0525322,0.0850904,0.1,,0,0,0,buffer
1770,1.02399,0.712719,,1000,0,0,,0.0525322,0.0850904,0.1,,0,0,0,buffer
1771,0.859561,0.904258,,1000,0,-1.77636e-12,,0.0525322,0.0850904,0.1,,0,0,0,buffer
1772,0.65994,1.05878,,1000,0,-1.77636e-12,,0.0525322,0.0850904,0.1,,0,0,0,buffer
1773,0.433301,1.16995,,1000,0,-1.77636e-12,,0.0525322,0.0850904,0.1,,0,0,0,buffer
1774,0.188923,1.23322,,1000,0,0,,0.0525322,0.0850904,0.1,,0,0,0,buffer
1775,-0.0631903,1.24601,,1000,0,-1.77636e-12,,0.0525322,0.0850904,0.1,,0,0,0,buffer
1776,-0.312716,1.20778,,1000,0,0,,0.0525322,0.0850904,0.1,,0,0,0,buffer
1777,-0.54944,1.12011,,1000,0,-1.77636e-12,,0.0525322,0.0850904,0.1,,0,0,0,buffer
1778,-0.763669,0.986579,,1000,0,0,,0.0525322,0.0850904,0.1,,0,0,0,buffer
1779,-0.946633,0.812658,,1000,0,-1.77636e-12,,0.0525322,0.0850904,0.1,,0,0,0,buffer
1780,-1.09084,0.605467,,1000,0,0,,0.0525322,0.0850904,0.1,,0,0,0,buffer
1781,-1.19039,0.373488,,1000,0,0,,0.0525322,0.0850904,0.1,,0,0,0,buffer
1782,-1.24121,0.126218,,1000,0,-1.77636e-12,,0.0525322,0.0850904,0.1,,0,0,0,buffer
1783,-1.24121,-0.126218,,1000,0,0,,0.0525322,0.0850904,0.1,,0,0,0,buffer
1784,-1.19039,-0.373488,,1000,0,0,,0.0525322,0.0850904,0.1,,0,0,0,buffer
1785,-1.09084,-0.605467,,1000,0,-1.77636e-12,,0.0525322,0.0850904,0.1,,0,0,0,buffer
1786,-0.946633,-0.812658,,1000,0,0,,0.0525322,0.0850904,0.1,,0,0,0,buffer
1787,-0.763669,-0.986579,,1000,0,0,,0.0525322,0.0850904,0.1,,0,0,0,buffer
1788,-0.54944,-1.12011,,1000,0,0,,0.0525322,0.0850904,0.1,,0,0,0,buffer
1789,-0.312716,-1.20778,,1000,0,-3.55271e-12,,0.0525322,0.0850904,0.1,,0,0,0,buffer
1790,-0.0631903,-1.24601,,1000,0,-1.77636e-12,,0.0525322,0.0850904,0.1,,0,0,0,buffer
1791,0.188923,-1.23322,,1000,0,-1.77636e-12,,0.0525322,0.0850904,0.1,,0,0,0,buffer
1792,0.433301,-1.16995,,1000,0,-1.77636e-12,,0.0525322,0.0850904,0.1,,0,0,0,buffer
1793,0.65994,-1.05878,,1000,0,-3.55271e-12,,0.0525322,0.0850904,0.1,,0,0,0,buffer
1794,0.859561,-0.904258,,1000,0,0,,0.0525322,0.0850904,0.1,,0,0,0,buffer
1795,1.02399,-0.712719,,1000,0,0,,0.0525322,0.0850904,0.1,,0,0,0,buffer
1796,1.1465,-0.492002,,1000,0,0,,0.0525322,0.0850904,0.1,,0,0,0,buffer
1797,1.22207,-0.251142,,1000,0,0,,0.0525322,0.0850904,0.1,,0,0,0,buffer
1798,1.28647,0,,1000,0,-1.77636e-12,,0.0525322,0.0850904,0.1,,0,0,0,buffer
1799,1.26014,0.258965,,1000,0,0,,0.0525322,0.0850904,0.1,,0,0,0,buffer
1800,1.18221,0.507328,,1000,0,0,,0.0525322,0.0850904,0.1,,0,0,0,buffer
1801,1.05589,0.734921,,1000,0,0,,0.0525322,0.0850904,0.1,,0,0,0,buffer
1802,0.886337,0.932426,,1000,0,-1.77636e-12,,0.0525322,0.0850904,0.1,,0,0,0,buffer
1803,0.680498,1.09176,,1000,0,-1.77636e-12,,0.0525322,0.0850904,0.1,,0,0,0,buffer
1804,0.446799,1.20639,,1000,0,-1.77636e-12,,0.0525322,0.0850904,0.1,,0,0,0,buffer
1805,0.194808,1.27164,,1000,0,0,,0.0525322,0.0850904,0.1,,0,0,0,buffer
1806,-0.0651588,1.28482,,1000,0,-1.77636e-12,,0.0525322,0.0850904,0.1,,0,0,0,buffer
1807,-0.322458,1.2454,,1000,0,0,,0.0525322,0.0850904,0.1,,0,0,0,buffer
1808,-0.566555,1.155,,1000,0,-1.77636e-12,,0.0525322,0.0850904,0.1,,0,0,0,buffer
1809,-0.787458,1.01731,,1000,0,0,,0.0525322,0.0850904,0.1,,0,0,0,buffer
1810,-0.976122,0.837973,,1000,0,-1.77636e-12,,0.0525322,0.0850904,0.1,,0,0,0,buffer
1811,-1.12482,0.624328,,1000,0,0,,0.0525322,0.0850904,0.1,,0,0,0,buffer
1812,-1.22747,0.385123,,1000,0,0,,0.0525322,0.0850904,0.1,,0,0,0,buffer
1813,-1.27987,0.13015,,1000,0,-1.77636e-12,,0.0525322,0.0850904,0.1,,0,0,0,buffer
1814,-1.27987,-0.13015,,1000,0,0,,0.0525322,0.0850904,0.1,,0,0,0,buffer
1815,-1.22747,-0.385123,,1000,0,0,,0.0525322,0.0850904,0.1,,0,0,0,buffer
1816,-1.12482,-0.624328,,1000,0,-1.77636e-12,,0.0525322,0.0850904,0.1,,0,0,0,buffer
1817,-0.976122,-0.837973,,1000,0,0,,0.0525322,0.0850904,0.1,,0,0,0,buffer
1818,-0.787458,-1.01731,,1000,0,0,,0.0525322,0.0850904,0.1,,0,0,0,buffer
1819,-0.566555,-1.155,,1000,0,0,,0.0525322,0.0850904,0.1,,0,0,0,buffer
1820,-0.322458,-1.2454,,1000,0,-3.55271e-12,,0.0525322,0.0850904,0.1,,0,0,0,buffer
1821,-0.0651588,-1.28482,,1000,0,-1.77636e-12,,0.0525322,0.0850904,0.1,,0,0,0,buffer
1822,0.194808,-1.27164,,1000,0,-1.77636e-12,,0.0525322,0.0850904,0.1,,0,0,0,buffer
1823,0.446799,-1.20639,,1000,0,-1.77636e-12,,0.0525322,0.0850904,0.1,,0,0,0,buffer
1824,0.680498,-1.09176,,1000,0,-3.55271e-12,,0.0525322,0.0850904,0.1,,0,0,0,buffer
1825,0.886337,-0.932426,,1000,0,0,,0.0525322,0.0850904,0.1,,0,0,0,buffer
1826,1.05589,-0.734921,,1000,0,0,,0.0525322,0.0850904,0.1,,0,0,0,buffer
1827,1.18221,-0.507328,,1000,0,0,,0.0525322,0.0850904,0.1,,0,0,0,buffer
1828,1.26014,-0.258965,,1000,0,0,,0.0525322,0.0850904,0.1,,0,0,0,buffer
