h/dp :,2
L2norm Velocity,L2norm ux,L2norm vy,L2norm rho,KE,dr0,Nfluid
0.17819,0.117132,0.134282,3.38573e-05,16.9232,0.01,930

t,7.81
ID,x,y,,rho,drhodt,pressure,,u,v,velocity,,dudt,dvdt,vorticity,type
0,0.05,0,,999.896,0,-1.66962,,-0,9.98605e-15,9.98605e-15,,0,0,0,boundary
1,0.0489765,0.0100649,,999.905,0,-1.51691,,0.00384746,-0.018722,0.0191132,,0,0,0,boundary
2,0.0459479,0.0197178,,999.917,0,-1.32667,,0.0156455,-0.0364583,0.0396735,,0,0,0,boundary
3,0.0410382,0.0285634,,999.914,0,-1.38358,,0.0352045,-0.0505796,0.0616251,,0,0,0,boundary
4,0.0344483,0.0362396,,999.903,0,-1.55106,,0.0611813,-0.0581572,0.0844121,,0,0,0,boundary
5,0.0264482,0.0424322,,999.899,0,-1.62323,,0.0834524,-0.0520163,0.0983361,,0,0,0,boundary
6,0.0173653,0.0468876,,999.909,0,-1.46057,,0.0996855,-0.0369195,0.106303,,0,0,0,boundary
7,0.00757139,0.0494234,,999.934,0,-1.05116,,0.109317,-0.0167467,0.110592,,0,0,0,boundary
8,-0.00253246,0.0499358,,999.97,0,-0.481705,,0.110001,0.00557862,0.110142,,0,0,0,boundary
9,-0.0125326,0.0484039,,1000.01,0,0.130522,,0.102374,0.0265065,0.10575,,0,0,0,boundary
10,-0.0220197,0.0448902,,1000.04,0,0.671723,,0.0868233,0.0425888,0.0967062,,0,0,0,boundary
11,-0.0306053,0.0395388,,1000.07,0,1.10399,,0.0664584,0.0514426,0.084042,,0,0,0,boundary
12,-0.0379379,0.0325686,,1000.09,0,1.45464,,0.0449365,0.0523447,0.0689874,,0,0,0,boundary
13,-0.0437173,0.0242651,,1000.11,0,1.73034,,0.0249002,0.0448615,0.0513086,,0,0,0,boundary
14,-0.047707,0.0149682,,1000.12,0,1.91817,,0.00945007,0.0301195,0.0315672,,0,0,0,boundary
15,-0.0497435,0.00505842,,1000.13,0,2.01115,,0.00107776,0.0105985,0.0106531,,0,0,0,boundary
16,-0.0497435,-0.00505842,,1000.13,0,2.01115,,0.00107776,-0.0105985,0.0106531,,0,0,0,boundary
17,-0.047707,-0.0149682,,1000.12,0,1.91817,,0.00945007,-0.0301195,0.0315672,,0,0,0,boundary
18,-0.0437173,-0.0242651,,1000.11,0,1.73034,,0.0249002,-0.0448615,0.0513086,,0,0,0,boundary
19,-0.0379379,-0.0325686,,1000.09,0,1.45464,,0.0449365,-0.0523447,0.0689874,,0,0,0,boundary
20,-0.0306053,-0.0395388,,1000.07,0,1.10399,,0.0664584,-0.0514426,0.084042,,0,0,0,boundary
21,-0.0220197,-0.0448902,,1000.04,0,0.671723,,0.0868233,-0.0425888,0.0967062,,0,0,0,boundary
22,-0.0125326,-0.0484039,,1000.01,0,0.130522,,0.102374,-0.0265065,0.10575,,0,0,0,boundary
23,-0.00253246,-0.0499358,,999.97,0,-0.481705,,0.110001,-0.00557862,0.110142,,0,0,0,boundary
24,0.00757139,-0.0494234,,999.934,0,-1.05116,,0.109317,0.0167467,0.110592,,0,0,0,boundary
25,0.0173653,-0.0468876,,999.909,0,-1.46057,,0.0996855,0.0369195,0.106303,,0,0,0,boundary
26,0.0264482,-0.0424322,,999.899,0,-1.62323,,0.0834524,0.0520163,0.0983361,,0,0,0,boundary
27,0.0344483,-0.0362396,,999.903,0,-1.55106,,0.0611813,0.0581572,0.0844121,,0,0,0,boundary
28,0.0410382,-0.0285634,,999.914,0,-1.38358,,0.0352045,0.0505796,0.0616251,,0,0,0,boundary
29,0.0459479,-0.0197178,,999.917,0,-1.32667,,0.0156455,0.0364583,0.0396735,,0,0,0,boundary
30,0.0489765,-0.0100649,,999.905,0,-1.51691,,0.00384746,0.018722,0.0191132,,0,0,0,boundary
31,0.06,0,,999.921,0.00324269,-1.26635,,0.0422452,9.98605e-15,0.0422452,,0.000634411,7.7934e-15,4.06666e-13,fluid
32,0.0587718,0.0120779,,999.933,0.00417622,-1.07337,,0.0591924,-0.00734828,0.0596468,,0.000357906,-3.15938e-05,-1.1201,fluid
33,0.0551375,0.0236614,,999.959,0.00346967,-0.65822,,0.0920637,-0.00366466,0.0921366,,-0.000417894,-0.000429788,-1.40941,fluid
34,0.0492458,0.0342761,,999.953,0.000267279,-0.753145,,0.115809,0.00552308,0.115941,,-0.00109509,-0.0013043,-0.9946,fluid
35,0.041338,0.0434876,,999.944,-0.00263384,-0.893539,,0.127871,0.0120006,0.128433,,-0.000852144,-0.00179628,-0.411987,fluid
36,0.0317378,0.0509187,,999.94,-0.000491864,-0.956896,,0.1276,0.0188121,0.128979,,0.000355308,-0.000974003,-0.11098,fluid
37,0.0208383,0.0562651,,999.947,0.00204059,-0.84875,,0.121222,0.0212303,0.123067,,0.0010236,0.000817584,-0.00844677,fluid
38,0.00908567,0.0593081,,999.964,0.000183271,-0.568606,,0.114882,0.0195851,0.11654,,0.000268931,0.00162282,0.0248981,fluid
39,-0.00303895,0.059923,,999.986,-0.00123671,-0.220667,,0.10946,0.0162407,0.110659,,-0.000395483,0.000851876,0.0203477,fluid
40,-0.0150392,0.0580846,,1000.01,-0.000315469,0.219544,,0.106114,0.0120622,0.106797,,-0.00028786,4.15656e-05,0.0185925,fluid
41,-0.0264236,0.0538683,,1000.04,0.000112822,0.562598,,0.104163,0.0072395,0.104414,,-7.01635e-05,-0.000117667,0.00910998,fluid
42,-0.0367264,0.0474465,,1000.05,0.00016033,0.722531,,0.104473,0.00233196,0.104499,,-1.97245e-05,-5.27346e-05,0.00340066,fluid
43,-0.0455255,0.0390823,,1000.06,0.000217415,0.918816,,0.106999,-0.000933955,0.107003,,1.64201e-05,-1.62654e-05,0.00888311,fluid
44,-0.0524608,0.0291181,,1000.07,1.0292e-05,1.07672,,0.109874,-0.00230295,0.109898,,1.68152e-05,-1.36476e-05,0.00720715,fluid
45,-0.0572484,0.0179618,,1000.07,-5.12155e-05,1.17734,,0.11223,-0.00212793,0.11225,,-1.31362e-05,-1.1641e-05,0.00261377,fluid
46,-0.0596922,0.0060701,,1000.08,-2.19403e-05,1.22855,,0.113609,-0.000844835,0.113612,,-2.9789e-05,-3.0114e-06,0.00058137,fluid
47,-0.0596922,-0.0060701,,1000.08,-2.19403e-05,1.22855,,0.113609,0.000844835,0.113612,,-2.9789e-05,3.0114e-06,-0.00058137,fluid
48,-0.0572484,-0.0179618,,1000.07,-5.12156e-05,1.17734,,0.11223,0.00212793,0.11225,,-1.31362e-05,1.1641e-05,-0.00261377,fluid
49,-0.0524608,-0.0291181,,1000.07,1.0292e-05,1.07672,,0.109874,0.00230295,0.109898,,1.68152e-05,1.36476e-05,-0.00720715,fluid
50,-0.0455255,-0.0390823,,1000.06,0.000217415,0.918816,,0.106999,0.000933955,0.107003,,1.64201e-05,1.62654e-05,-0.00888311,fluid
51,-0.0367264,-0.0474465,,1000.05,0.00016033,0.722531,,0.104473,-0.00233196,0.104499,,-1.97245e-05,5.27346e-05,-0.00340066,fluid
52,-0.0264236,-0.0538683,,1000.04,0.000112822,0.562598,,0.104163,-0.0072395,0.104414,,-7.01635e-05,0.000117667,-0.00910998,fluid
53,-0.0150392,-0.0580846,,1000.01,-0.000315469,0.219544,,0.106114,-0.0120622,0.106797,,-0.00028786,-4.15656e-05,-0.0185925,fluid
54,-0.00303895,-0.059923,,999.986,-0.00123671,-0.220667,,0.10946,-0.0162407,0.110659,,-0.000395483,-0.000851876,-0.0203477,fluid
55,0.00908567,-0.0593081,,999.964,0.000183271,-0.568606,,0.114882,-0.0195851,0.11654,,0.000268931,-0.00162282,-0.0248981,fluid
56,0.0208383,-0.0562651,,999.947,0.00204059,-0.84875,,0.121222,-0.0212303,0.123067,,0.0010236,-0.000817584,0.00844677,fluid
57,0.0317378,-0.0509187,,999.94,-0.000491864,-0.956896,,0.1276,-0.0188121,0.128979,,0.000355308,0.000974003,0.11098,fluid
58,0.041338,-0.0434876,,999.944,-0.00263384,-0.893539,,0.127871,-0.0120006,0.128433,,-0.000852144,0.00179628,0.411987,fluid
59,0.0492458,-0.0342761,,999.953,0.000267279,-0.753145,,0.115809,-0.00552308,0.115941,,-0.00109509,0.0013043,0.9946,fluid
60,0.0551375,-0.0236614,,999.959,0.00346967,-0.65822,,0.0920637,0.00366466,0.0921366,,-0.000417894,0.000429788,1.40941,fluid
61,0.0587718,-0.0120779,,999.933,0.00417622,-1.07337,,0.0591924,0.00734828,0.0596468,,0.000357906,3.15938e-05,1.1201,fluid
62,0.0707032,0,,999.944,0.00519707,-0.902039,,0.0348365,1.65064e-15,0.0348365,,0.000700626,6.45601e-15,4.89225e-13,fluid
63,0.0692559,0.0142324,,999.943,0.0065945,-0.905771,,0.0553299,-0.00875877,0.0560189,,0.00059235,0.000222171,-1.22718,fluid
64,0.0649732,0.0278822,,999.939,0.0064774,-0.9716,,0.0904184,-0.00498304,0.0905556,,3.77464e-05,0.000101677,-1.44143,fluid
65,0.0580306,0.0403905,,999.914,0.00468414,-1.38149,,0.109943,0.00127992,0.109951,,-0.000717005,-0.000680284,-0.875268,fluid
66,0.0487121,0.0512451,,999.872,0.00145158,-2.05041,,0.114563,0.00398457,0.114632,,-0.000762496,-0.00135572,-0.275949,fluid
67,0.0373994,0.0600018,,999.862,-0.00348109,-2.20267,,0.113128,0.00486408,0.113233,,0.000173797,-0.000855812,0.0264492,fluid
68,0.0245556,0.066302,,999.885,-0.00583583,-1.84716,,0.110191,0.00551997,0.11033,,0.000817403,0.000529595,0.103692,fluid
69,0.0107064,0.0698878,,999.922,-0.00446812,-1.24597,,0.107728,0.00656483,0.107928,,0.00054551,0.000872057,0.106988,fluid
70,-0.00358106,0.0706124,,999.962,-0.00108014,-0.614073,,0.105532,0.00762971,0.105808,,0.000111091,0.000154701,0.0979296,fluid
71,-0.0177219,0.0684461,,1000,0.0015979,0.064833,,0.102741,0.0081521,0.103064,,-0.000139488,-0.00020747,0.0747257,fluid
72,-0.0311373,0.0634776,,1000.05,0.00211604,0.860557,,0.0999196,0.00812717,0.10025,,-0.00020962,-7.67194e-05,0.0493765,fluid
73,-0.0432778,0.0559103,,1000.1,-0.000271331,1.54764,,0.0975463,0.00743519,0.0978293,,-0.000154399,2.6323e-05,0.0376473,fluid
74,-0.0536466,0.0460541,,1000.13,-0.000156014,2.12259,,0.0957603,0.00618747,0.09596,,-2.46118e-05,8.36054e-06,0.0338658,fluid
75,-0.0618191,0.0343124,,1000.16,-7.16374e-05,2.56849,,0.0944385,0.00466956,0.0945539,,3.749e-05,-1.07689e-05,0.0265113,fluid
76,-0.0674607,0.0211659,,1000.18,-0.00015219,2.86124,,0.0935034,0.00289437,0.0935482,,-1.14962e-05,-1.56422e-05,0.0156892,fluid
77,-0.0703404,0.00715292,,1000.19,2.60716e-05,3.00767,,0.0930641,0.000983181,0.0930693,,-4.28045e-05,-8.44105e-06,0.00523604,fluid
78,-0.0703404,-0.00715292,,1000.19,2.60716e-05,3.00767,,0.0930641,-0.000983181,0.0930693,,-4.28045e-05,8.44105e-06,-0.00523604,fluid
79,-0.0674607,-0.0211659,,1000.18,-0.00015219,2.86124,,0.0935034,-0.00289437,0.0935482,,-1.14962e-05,1.56422e-05,-0.0156892,fluid
80,-0.0618191,-0.0343124,,1000.16,-7.16374e-05,2.56849,,0.0944385,-0.00466956,0.0945539,,3.749e-05,1.07689e-05,-0.0265113,fluid
81,-0.0536466,-0.0460541,,1000.13,-0.000156014,2.12259,,0.0957603,-0.00618747,0.09596,,-2.46118e-05,-8.36054e-06,-0.0338658,fluid
82,-0.0432778,-0.0559103,,1000.1,-0.000271331,1.54764,,0.0975463,-0.00743519,0.0978293,,-0.000154399,-2.6323e-05,-0.0376473,fluid
83,-0.0311373,-0.0634776,,1000.05,0.00211604,0.860557,,0.0999196,-0.00812717,0.10025,,-0.00020962,7.67194e-05,-0.0493765,fluid
84,-0.0177219,-0.0684461,,1000,0.0015979,0.064833,,0.102741,-0.0081521,0.103064,,-0.000139488,0.00020747,-0.0747257,fluid
85,-0.00358106,-0.0706124,,999.962,-0.00108014,-0.614073,,0.105532,-0.00762971,0.105808,,0.000111091,-0.000154701,-0.0979296,fluid
86,0.0107064,-0.0698878,,999.922,-0.00446812,-1.24597,,0.107728,-0.00656483,0.107928,,0.00054551,-0.000872057,-0.106988,fluid
87,0.0245556,-0.066302,,999.885,-0.00583583,-1.84716,,0.110191,-0.00551997,0.11033,,0.000817403,-0.000529595,-0.103692,fluid
88,0.0373994,-0.0600018,,999.862,-0.00348109,-2.20267,,0.113128,-0.00486408,0.113233,,0.000173797,0.000855812,-0.0264492,fluid
89,0.0487121,-0.0512451,,999.872,0.00145158,-2.05041,,0.114563,-0.00398457,0.114632,,-0.000762496,0.00135572,0.275949,fluid
90,0.0580306,-0.0403905,,999.914,0.00468414,-1.38149,,0.109943,-0.00127992,0.109951,,-0.000717005,0.000680284,0.875268,fluid
91,0.0649732,-0.0278822,,999.939,0.0064774,-0.9716,,0.0904184,0.00498304,0.0905556,,3.77464e-05,-0.000101677,1.44143,fluid
92,0.0692559,-0.0142324,,999.943,0.0065945,-0.905771,,0.0553299,0.00875877,0.0560189,,0.00059235,-0.000222171,1.22718,fluid
93,0.0821589,0,,1000.06,-0.00388264,0.968874,,0.0411684,1.95392e-15,0.0411684,,0.000182231,-3.22345e-17,3.22566e-13,fluid
94,0.0804771,0.0165385,,1000.04,-0.00421677,0.590616,,0.0621799,-0.00744868,0.0626245,,0.000240294,0.00025093,-1.12465,fluid
95,0.0755006,0.0323999,,1000.01,-0.00197769,0.230102,,0.0941364,-0.00577436,0.0943133,,0.000159348,0.000351206,-1.21321,fluid
96,0.067433,0.0469348,,1000.04,-0.00165503,0.667847,,0.108638,-0.00283734,0.108675,,-0.000397924,-0.000138603,-0.610302,fluid
97,0.0566048,0.0595482,,1000.07,0.00194541,1.04678,,0.10929,-0.00165805,0.109303,,-0.000618233,-0.000628379,-0.0901004,fluid
98,0.0434591,0.0697237,,1000.08,0.00545365,1.22425,,0.106024,-0.00155878,0.106036,,-6.98685e-05,-0.000281712,0.103276,fluid
99,0.0285342,0.0770447,,1000.07,0.00151214,1.1953,,0.104777,-0.000391848,0.104778,,0.000506883,0.000461026,0.110991,fluid
100,0.0124411,0.0812115,,1000.06,0.00063607,0.916962,,0.103759,0.00242401,0.103788,,0.000574827,0.000301154,0.0847985,fluid
101,-0.00416128,0.0820535,,1000.04,0.00120874,0.588009,,0.102359,0.00465368,0.102465,,0.000516779,-0.000431943,0.0693967,fluid
102,-0.0205933,0.0795362,,1000.02,-0.000494372,0.256822,,0.100587,0.00587752,0.100759,,5.99844e-05,-0.000361579,0.0454623,fluid
103,-0.0361823,0.0737627,,999.997,-2.32896e-05,-0.0491223,,0.0982063,0.00699018,0.0984547,,-0.000348902,3.15588e-05,0.0150235,fluid
104,-0.05029,0.0649693,,999.982,5.28076e-05,-0.2938,,0.0953795,0.00767508,0.0956878,,-0.000264518,0.000161304,0.00257212,fluid
105,-0.0623388,0.0535161,,999.966,-0.000636139,-0.545022,,0.0927608,0.00724682,0.0930434,,-2.28591e-05,3.98421e-05,0.00615933,fluid
106,-0.0718354,0.0398719,,999.954,0.000169884,-0.732952,,0.0906833,0.00585381,0.0908721,,6.63561e-05,-2.10346e-05,0.00822201,fluid
107,-0.0783911,0.0245954,,999.948,-7.94102e-05,-0.839707,,0.089081,0.00379939,0.089162,,-3.47553e-06,-2.19472e-05,0.00530354,fluid
108,-0.0817374,0.00831188,,999.944,-1.99949e-05,-0.888931,,0.0882487,0.00132562,0.0882587,,-5.51645e-05,-1.01084e-05,0.00180177,fluid
109,-0.0817374,-0.00831188,,999.944,-1.99949e-05,-0.888931,,0.0882487,-0.00132562,0.0882587,,-5.51645e-05,1.01084e-05,-0.00180177,fluid
110,-0.0783911,-0.0245954,,999.948,-7.94102e-05,-0.839707,,0.089081,-0.00379939,0.089162,,-3.47553e-06,2.19472e-05,-0.00530354,fluid
111,-0.0718354,-0.0398719,,999.954,0.000169884,-0.732952,,0.0906833,-0.00585381,0.0908721,,6.63561e-05,2.10346e-05,-0.00822201,fluid
112,-0.0623388,-0.0535161,,999.966,-0.000636139,-0.545022,,0.0927608,-0.00724682,0.0930434,,-2.28591e-05,-3.98421e-05,-0.00615933,fluid
113,-0.05029,-0.0649693,,999.982,5.28076e-05,-0.2938,,0.0953795,-0.00767508,0.0956878,,-0.000264518,-0.000161304,-0.00257212,fluid
114,-0.0361823,-0.0737627,,999.997,-2.32896e-05,-0.0491223,,0.0982063,-0.00699018,0.0984547,,-0.000348902,-3.15588e-05,-0.0150235,fluid
115,-0.0205933,-0.0795362,,1000.02,-0.000494372,0.256822,,0.100587,-0.00587752,0.100759,,5.99844e-05,0.000361579,-0.0454623,fluid
116,-0.00416128,-0.0820535,,1000.04,0.00120874,0.588009,,0.102359,-0.00465368,0.102465,,0.000516779,0.000431943,-0.0693967,fluid
117,0.0124411,-0.0812115,,1000.06,0.00063607,0.916962,,0.103759,-0.00242401,0.103788,,0.000574827,-0.000301154,-0.0847985,fluid
118,0.0285342,-0.0770447,,1000.07,0.00151214,1.1953,,0.104777,0.000391848,0.104778,,0.000506883,-0.000461026,-0.110991,fluid
119,0.0434591,-0.0697237,,1000.08,0.00545365,1.22425,,0.106024,0.00155878,0.106036,,-6.98685e-05,0.000281712,-0.103276,fluid
120,0.0566048,-0.0595482,,1000.07,0.00194541,1.04678,,0.10929,0.00165805,0.109303,,-0.000618233,0.000628379,0.0901004,fluid
121,0.067433,-0.0469348,,1000.04,-0.00165503,0.667847,,0.108638,0.00283734,0.108675,,-0.000397924,0.000138603,0.610302,fluid
122,0.0755006,-0.0323999,,1000.01,-0.00197769,0.230102,,0.0941364,0.00577436,0.0943133,,0.000159348,-0.000351206,1.21321,fluid
123,0.0804771,-0.0165385,,1000.04,-0.00421677,0.590616,,0.0621799,0.00744868,0.0626245,,0.000240294,-0.00025093,1.12465,fluid
124,0.0944202,0,,999.974,0.00291499,-0.412121,,0.0516756,1.71458e-15,0.0516756,,7.32654e-05,8.94473e-16,1.8341e-13,fluid
125,0.0924874,0.0190067,,999.953,0.00271022,-0.757918,,0.071135,-0.00503683,0.0713131,,0.000121369,0.000275691,-0.965031,fluid
126,0.0867682,0.0372352,,999.968,0.00332461,-0.514953,,0.0995678,-0.00311631,0.0996166,,0.000103551,0.000298451,-0.955643,fluid
127,0.0774967,0.0539393,,999.986,0.00153608,-0.225865,,0.110727,0.000199701,0.110727,,-0.000215415,-0.000204308,-0.385923,fluid
128,0.0650524,0.0684351,,999.974,-0.00129083,-0.416482,,0.109933,0.00184991,0.109949,,-0.000435239,-0.00082004,0.0173653,fluid
129,0.0499449,0.0801292,,999.971,0.000677598,-0.460595,,0.106586,0.00276167,0.106622,,-0.000247838,-0.000270917,0.108043,fluid
130,0.0327926,0.0885428,,999.974,0.00117822,-0.423739,,0.104642,0.00409606,0.104722,,1.427e-05,0.000749865,0.0671092,fluid
131,0.0142978,0.0933314,,999.983,-0.000551513,-0.276621,,0.102993,0.00526217,0.103127,,9.09579e-05,0.000733225,0.0297341,fluid
132,-0.00478231,0.094299,,999.999,2.10216e-06,-0.0194241,,0.101842,0.00575513,0.102005,,0.000496734,-0.000249781,0.0230605,fluid
133,-0.0236667,0.0914061,,1000.02,-0.00129661,0.299469,,0.101156,0.00529309,0.101294,,0.000380975,-0.000508962,0.0156726,fluid
134,-0.0415821,0.0847709,,1000.03,-0.000733311,0.559174,,0.100084,0.00512706,0.100215,,-0.000169963,2.62475e-05,-0.00524904,fluid
135,-0.0577952,0.0746652,,1000.05,0.000315071,0.840375,,0.0987168,0.00481103,0.0988339,,-0.000285377,0.000201679,-0.0149584,fluid
136,-0.0716421,0.0615027,,1000.07,3.99923e-06,1.08302,,0.0975542,0.00402717,0.0976372,,-6.2722e-05,1.98373e-05,-0.00771634,fluid
137,-0.082556,0.0458223,,1000.08,5.24231e-05,1.29331,,0.0970005,0.00291944,0.0970444,,6.52119e-05,-5.05461e-05,-0.000887348,fluid
138,-0.09009,0.0282659,,1000.09,0.000103527,1.42324,,0.096556,0.00171839,0.0965713,,-4.0758e-06,-1.01621e-05,-0.000118138,fluid
139,-0.0939358,0.00955234,,1000.09,-8.97993e-05,1.49198,,0.0963806,0.000602259,0.0963825,,-5.36785e-05,8.17176e-06,-4.59829e-05,fluid
140,-0.0939358,-0.00955234,,1000.09,-8.97993e-05,1.49198,,0.0963806,-0.000602259,0.0963825,,-5.36785e-05,-8.17176e-06,4.59829e-05,fluid
141,-0.09009,-0.0282659,,1000.09,0.000103527,1.42324,,0.096556,-0.00171839,0.0965713,,-4.0758e-06,1.01621e-05,0.000118138,fluid
142,-0.082556,-0.0458223,,1000.08,5.24231e-05,1.29331,,0.0970005,-0.00291944,0.0970444,,6.52119e-05,5.05461e-05,0.000887348,fluid
143,-0.0716421,-0.0615027,,1000.07,3.9992e-06,1.08302,,0.0975542,-0.00402717,0.0976372,,-6.2722e-05,-1.98373e-05,0.00771634,fluid
144,-0.0577952,-0.0746652,,1000.05,0.000315071,0.840375,,0.0987168,-0.00481103,0.0988339,,-0.000285377,-0.000201679,0.0149584,fluid
145,-0.0415821,-0.0847709,,1000.03,-0.000733311,0.559174,,0.100084,-0.00512706,0.100215,,-0.000169963,-2.62475e-05,0.00524904,fluid
146,-0.0236667,-0.0914061,,1000.02,-0.00129661,0.299469,,0.101156,-0.00529309,0.101294,,0.000380975,0.000508962,-0.0156726,fluid
147,-0.00478231,-0.094299,,999.999,2.10213e-06,-0.0194241,,0.101842,-0.00575513,0.102005,,0.000496734,0.000249781,-0.0230605,fluid
148,0.0142978,-0.0933314,,999.983,-0.000551513,-0.276621,,0.102993,-0.00526217,0.103127,,9.09579e-05,-0.000733225,-0.0297341,fluid
149,0.0327926,-0.0885428,,999.974,0.00117822,-0.423739,,0.104642,-0.00409606,0.104722,,1.427e-05,-0.000749865,-0.0671092,fluid
150,0.0499449,-0.0801292,,999.971,0.000677598,-0.460595,,0.106586,-0.00276167,0.106622,,-0.000247838,0.000270917,-0.108043,fluid
151,0.0650524,-0.0684351,,999.974,-0.00129083,-0.416482,,0.109933,-0.00184991,0.109949,,-0.000435239,0.00082004,-0.0173653,fluid
152,0.0774967,-0.0539393,,999.986,0.00153608,-0.225865,,0.110727,-0.000199701,0.110727,,-0.000215415,0.000204308,0.385923,fluid
153,0.0867682,-0.0372352,,999.968,0.00332461,-0.514953,,0.0995678,0.00311631,0.0996166,,0.000103551,-0.000298451,0.955643,fluid
154,0.0924874,-0.0190067,,999.953,0.00271022,-0.757918,,0.071135,0.00503683,0.0713131,,0.000121369,-0.000275691,0.965031,fluid
155,0.107544,0,,1000,0.00216175,0.0704801,,0.0549162,7.92044e-16,0.0549162,,-9.40334e-05,8.43207e-16,9.6935e-14,fluid
156,0.105342,0.0216484,,999.983,0.0012365,-0.279887,,0.0745486,-0.00507364,0.0747211,,5.01821e-06,0.000250969,-0.813262,fluid
157,0.0988281,0.0424105,,999.997,0.0001362,-0.045263,,0.101112,-0.00270666,0.101148,,6.32913e-05,0.000365391,-0.739936,fluid
158,0.0882679,0.0614363,,999.996,-0.000246556,-0.0610233,,0.109289,0.000655414,0.109291,,-7.21694e-05,1.46922e-07,-0.234805,fluid
159,0.074094,0.0779469,,999.984,-0.000461571,-0.2592,,0.107047,0.00178022,0.107062,,-0.000143401,-0.000850478,0.0566783,fluid
160,0.0568867,0.0912663,,999.988,-0.00154464,-0.193588,,0.104599,0.00175304,0.104614,,-8.25702e-05,-0.000701002,0.0824366,fluid
161,0.0373505,0.100849,,999.992,0.00077757,-0.129911,,0.103829,0.00262826,0.103863,,-0.000141315,0.000524057,0.0291317,fluid
162,0.0162851,0.106304,,1000,-0.00041194,0.0352795,,0.103077,0.00365888,0.103142,,-0.000324791,0.00100945,-0.00551243,fluid
163,-0.005447,0.107406,,1000.01,-0.00135966,0.129784,,0.102068,0.00487802,0.102184,,0.000126872,5.06864e-06,-0.00312368,fluid
164,-0.0269561,0.104111,,1000.02,0.000641829,0.297109,,0.101512,0.00487122,0.101629,,0.000537361,-0.000615614,0.00801568,fluid
165,-0.0473616,0.0965532,,1000.03,0.000440691,0.43602,,0.100529,0.00476418,0.100642,,6.64762e-05,-7.03951e-05,-0.000558431,fluid
166,-0.0658281,0.0850429,,1000.04,0.000120364,0.614034,,0.0991367,0.00457884,0.0992424,,-0.000279717,0.000191501,-0.0102707,fluid
167,-0.0815997,0.070051,,1000.05,9.60654e-05,0.742449,,0.0977112,0.00400233,0.0977931,,-8.85758e-05,4.18961e-05,-0.00556517,fluid
168,-0.0940305,0.0521912,,1000.05,-0.000223578,0.863717,,0.0969546,0.0030271,0.0970018,,6.44375e-05,-2.23202e-05,0.000501765,fluid
169,-0.102612,0.0321946,,1000.06,-3.60793e-06,0.928863,,0.096267,0.00183229,0.0962845,,-7.08193e-06,-7.97473e-07,0.000554014,fluid
170,-0.106992,0.01088,,1000.06,-9.43836e-05,0.968184,,0.0959688,0.000668379,0.0959712,,-4.41938e-05,1.60708e-05,0.000155186,fluid
171,-0.106992,-0.01088,,1000.06,-9.43836e-05,0.968184,,0.0959688,-0.000668379,0.0959712,,-4.41938e-05,-1.60708e-05,-0.000155186,fluid
172,-0.102612,-0.0321946,,1000.06,-3.60794e-06,0.928863,,0.096267,-0.00183229,0.0962845,,-7.08193e-06,7.97473e-07,-0.000554014,fluid
173,-0.0940305,-0.0521912,,1000.05,-0.000223578,0.863717,,0.0969546,-0.0030271,0.0970018,,6.44375e-05,2.23202e-05,-0.000501765,fluid
174,-0.0815997,-0.070051,,1000.05,9.60654e-05,0.742449,,0.0977112,-0.00400233,0.0977931,,-8.85758e-05,-4.18961e-05,0.00556517,fluid
175,-0.0658281,-0.0850429,,1000.04,0.000120364,0.614034,,0.0991367,-0.00457884,0.0992424,,-0.000279717,-0.000191501,0.0102707,fluid
176,-0.0473616,-0.0965532,,1000.03,0.000440691,0.43602,,0.100529,-0.00476418,0.100642,,6.64762e-05,7.03951e-05,0.000558431,fluid
177,-0.0269561,-0.104111,,1000.02,0.000641829,0.297109,,0.101512,-0.00487122,0.101629,,0.000537361,0.000615614,-0.00801568,fluid
178,-0.005447,-0.107406,,1000.01,-0.00135966,0.129784,,0.102068,-0.00487802,0.102184,,0.000126872,-5.06864e-06,0.00312368,fluid
179,0.0162851,-0.106304,,1000,-0.00041194,0.0352795,,0.103077,-0.00365888,0.103142,,-0.000324791,-0.00100945,0.00551243,fluid
180,0.0373505,-0.100849,,999.992,0.00077757,-0.129911,,0.103829,-0.00262826,0.103863,,-0.000141315,-0.000524057,-0.0291317,fluid
181,0.0568867,-0.0912663,,999.988,-0.00154464,-0.193588,,0.104599,-0.00175304,0.104614,,-8.25702e-05,0.000701002,-0.0824366,fluid
182,0.074094,-0.0779469,,999.984,-0.000461571,-0.2592,,0.107047,-0.00178022,0.107062,,-0.000143401,0.000850478,-0.0566783,fluid
183,0.0882679,-0.0614363,,999.996,-0.000246556,-0.0610233,,0.109289,-0.000655414,0.109291,,-7.21694e-05,-1.46922e-07,0.234805,fluid
184,0.0988281,-0.0424105,,999.997,0.0001362,-0.045263,,0.101112,0.00270666,0.101148,,6.32913e-05,-0.000365391,0.739936,fluid
185,0.105342,-0.0216484,,999.983,0.0012365,-0.279887,,0.0745486,0.00507364,0.0747211,,5.01821e-06,-0.000250969,0.813262,fluid
186,0.12159,0,,1000.01,-0.000642217,0.185224,,0.0594005,1.88659e-16,0.0594005,,-0.000302164,-4.57641e-15,4.65115e-14,fluid
187,0.119101,0.0244759,,999.99,-0.000410545,-0.156156,,0.0785057,-0.00459641,0.0786402,,-0.000135926,0.000281001,-0.681165,fluid
188,0.111736,0.0479497,,1000.01,-0.000792486,0.0918877,,0.102538,-0.00198123,0.102557,,-1.23401e-05,0.000568568,-0.571301,fluid
189,0.0997966,0.0694605,,1000,-0.000691643,0.0554601,,0.107853,0.000697325,0.107855,,-6.66954e-05,0.000499711,-0.142269,fluid
190,0.0837715,0.0881275,,999.998,0.00198296,-0.0301704,,0.104883,0.00139418,0.104892,,-9.73735e-05,-0.000359542,0.055721,fluid
191,0.0643167,0.103187,,1000.01,-0.000816608,0.0988742,,0.103527,0.00120201,0.103534,,0.000169559,-0.000932524,0.0519375,fluid
192,0.0422288,0.114021,,1000.01,4.85594e-05,0.0807514,,0.103527,0.00184145,0.103544,,7.31078e-05,-7.09796e-05,0.0128697,fluid
193,0.0184121,0.120188,,1000.01,0.00120988,0.188445,,0.103105,0.00262014,0.103139,,-0.000421622,0.000955984,-0.0125861,fluid
194,-0.00615843,0.121434,,1000.01,-0.000850542,0.212792,,0.101808,0.00413346,0.101892,,-0.000244181,0.000356752,-0.0109146,fluid
195,-0.0304768,0.117708,,1000.02,0.000356302,0.309413,,0.100975,0.00428733,0.101066,,0.000467183,-0.000565152,0.00783475,fluid
196,-0.0535475,0.109164,,1000.02,0.000298233,0.375699,,0.100126,0.00397012,0.100205,,0.000241981,-0.000162985,0.00773739,fluid
197,-0.0744259,0.0961504,,1000.03,-0.000253208,0.489069,,0.0989744,0.00376984,0.0990462,,-0.000214853,0.000193141,-0.00327477,fluid
198,-0.0922574,0.0792003,,1000.03,-8.0696e-05,0.550651,,0.0976263,0.00336695,0.0976843,,-0.000114945,5.96041e-05,-0.00265503,fluid
199,-0.106312,0.0590078,,1000.04,-9.68927e-05,0.630113,,0.0969703,0.00257425,0.0970044,,5.94591e-05,-1.066e-05,0.00189282,fluid
200,-0.116014,0.0363995,,1000.04,-0.000103381,0.671488,,0.0963817,0.001567,0.0963944,,-1.64899e-06,3.18896e-07,0.00130142,fluid
201,-0.120966,0.0123011,,1000.04,-0.000102102,0.703293,,0.0961247,0.000581553,0.0961265,,-3.50758e-05,1.71187e-05,0.000426656,fluid
202,-0.120966,-0.0123011,,1000.04,-0.000102102,0.703293,,0.0961247,-0.000581553,0.0961265,,-3.50758e-05,-1.71187e-05,-0.000426656,fluid
203,-0.116014,-0.0363995,,1000.04,-0.000103381,0.671488,,0.0963817,-0.001567,0.0963944,,-1.64899e-06,-3.18895e-07,-0.00130142,fluid
204,-0.106312,-0.0590078,,1000.04,-9.68927e-05,0.630113,,0.0969703,-0.00257425,0.0970044,,5.94591e-05,1.066e-05,-0.00189282,fluid
205,-0.0922574,-0.0792003,,1000.03,-8.0696e-05,0.550651,,0.0976263,-0.00336695,0.0976843,,-0.000114945,-5.96041e-05,0.00265503,fluid
206,-0.0744259,-0.0961504,,1000.03,-0.000253208,0.489069,,0.0989744,-0.00376984,0.0990462,,-0.000214853,-0.000193141,0.00327477,fluid
207,-0.0535475,-0.109164,,1000.02,0.000298233,0.375699,,0.100126,-0.00397012,0.100205,,0.000241981,0.000162985,-0.00773739,fluid
208,-0.0304768,-0.117708,,1000.02,0.000356302,0.309413,,0.100975,-0.00428733,0.101066,,0.000467183,0.000565152,-0.00783475,fluid
209,-0.00615843,-0.121434,,1000.01,-0.000850542,0.212792,,0.101808,-0.00413346,0.101892,,-0.000244181,-0.000356752,0.0109146,fluid
210,0.0184121,-0.120188,,1000.01,0.00120988,0.188445,,0.103105,-0.00262014,0.103139,,-0.000421622,-0.000955984,0.0125861,fluid
211,0.0422288,-0.114021,,1000.01,4.85594e-05,0.0807514,,0.103527,-0.00184145,0.103544,,7.31078e-05,7.09796e-05,-0.0128697,fluid
212,0.0643167,-0.103187,,1000.01,-0.000816608,0.0988742,,0.103527,-0.00120201,0.103534,,0.000169559,0.000932524,-0.0519375,fluid
213,0.0837715,-0.0881275,,999.998,0.00198296,-0.0301704,,0.104883,-0.00139418,0.104892,,-9.73735e-05,0.000359542,-0.055721,fluid
214,0.0997966,-0.0694605,,1000,-0.000691643,0.0554601,,0.107853,-0.000697325,0.107855,,-6.66954e-05,-0.000499711,0.142269,fluid
215,0.111736,-0.0479497,,1000.01,-0.000792486,0.0918877,,0.102538,0.00198123,0.102557,,-1.23401e-05,-0.000568568,0.571301,fluid
216,0.119101,-0.0244759,,999.99,-0.000410545,-0.156156,,0.0785057,0.00459641,0.0786402,,-0.000135926,-0.000281001,0.681165,fluid
217,0.136624,0,,1000.01,0.000139861,0.176576,,0.0636467,6.77867e-17,0.0636467,,-0.000385513,-8.88624e-15,1.80514e-14,fluid
218,0.133827,0.0275022,,999.991,0.000389123,-0.139063,,0.0820025,-0.00414211,0.0821071,,-0.000229185,0.000217274,-0.56808,fluid
219,0.125552,0.0538784,,1000.01,0.00247805,0.114937,,0.103591,-0.00148904,0.103601,,-8.83863e-05,0.000513987,-0.438975,fluid
220,0.112136,0.0780489,,1000,0.000934815,0.0737837,,0.106658,0.000384488,0.106659,,-0.000107879,0.000779659,-0.0834841,fluid
221,0.0941293,0.099024,,1000,0.0012977,0.0135074,,0.103714,0.00102887,0.103719,,-0.000253757,0.000339143,0.0408863,fluid
222,0.0722691,0.115945,,1000.01,0.00100754,0.132681,,0.102998,0.00138799,0.103008,,0.000166098,-0.00058944,0.0251923,fluid
223,0.0474502,0.128119,,1000.01,-0.00093933,0.0886683,,0.103161,0.00202408,0.103181,,0.000310459,-0.000632138,0.00852285,fluid
224,0.0206887,0.135048,,1000.01,0.000244687,0.177732,,0.102919,0.00210876,0.102941,,-0.000244151,0.000528856,-0.0054096,fluid
225,-0.00691989,0.136449,,1000.01,7.8555e-05,0.218245,,0.101552,0.00341852,0.101609,,-0.000498431,0.000645808,-0.0111968,fluid
226,-0.0342451,0.132262,,1000.02,-0.000176935,0.33427,,0.100562,0.00376824,0.100632,,0.00027026,-0.000379445,0.00470321,fluid
227,-0.0601684,0.122662,,1000.02,-4.11507e-05,0.397803,,0.0999395,0.00332487,0.0999948,,0.000309354,-0.000256679,0.00979347,fluid
228,-0.0836283,0.108039,,1000.03,2.39189e-05,0.513872,,0.0991616,0.00309033,0.0992098,,-0.000135255,0.000167434,-0.000669309,fluid
229,-0.103664,0.088993,,1000.04,-0.000318949,0.577046,,0.0980179,0.00282372,0.0980585,,-0.000126254,5.60009e-05,-0.00257739,fluid
230,-0.119457,0.0663038,,1000.04,8.30422e-05,0.656597,,0.0974885,0.00215962,0.0975124,,4.25267e-05,-1.26245e-05,0.00124094,fluid
231,-0.130358,0.0409002,,1000.04,-0.000151247,0.695564,,0.0970027,0.00130501,0.0970115,,7.53681e-07,-1.2856e-06,0.000925188,fluid
232,-0.135923,0.013822,,1000.05,-4.51201e-05,0.724358,,0.096802,0.000487469,0.0968032,,-3.03833e-05,1.15447e-05,0.000343556,fluid
233,-0.135923,-0.013822,,1000.05,-4.51201e-05,0.724358,,0.096802,-0.000487469,0.0968032,,-3.03833e-05,-1.15447e-05,-0.000343556,fluid
234,-0.130358,-0.0409002,,1000.04,-0.000151247,0.695564,,0.0970027,-0.00130501,0.0970115,,7.53681e-07,1.2856e-06,-0.000925188,fluid
235,-0.119457,-0.0663038,,1000.04,8.30422e-05,0.656597,,0.0974885,-0.00215962,0.0975124,,4.25267e-05,1.26245e-05,-0.00124094,fluid
236,-0.103664,-0.088993,,1000.04,-0.000318949,0.577046,,0.0980179,-0.00282372,0.0980585,,-0.000126254,-5.60009e-05,0.00257739,fluid
237,-0.0836283,-0.108039,,1000.03,2.39189e-05,0.513872,,0.0991616,-0.00309033,0.0992098,,-0.000135255,-0.000167434,0.000669309,fluid
238,-0.0601684,-0.122662,,1000.02,-4.11507e-05,0.397803,,0.0999395,-0.00332487,0.0999948,,0.000309354,0.000256679,-0.00979347,fluid
239,-0.0342451,-0.132262,,1000.02,-0.000176935,0.33427,,0.100562,-0.00376824,0.100632,,0.00027026,0.000379445,-0.00470321,fluid
240,-0.00691989,-0.136449,,1000.01,7.8555e-05,0.218245,,0.101552,-0.00341852,0.101609,,-0.000498431,-0.000645808,0.0111968,fluid
241,0.0206887,-0.135048,,1000.01,0.000244687,0.177732,,0.102919,-0.00210876,0.102941,,-0.000244151,-0.000528856,0.0054096,fluid
242,0.0474502,-0.128119,,1000.01,-0.00093933,0.0886683,,0.103161,-0.00202408,0.103181,,0.000310459,0.000632138,-0.00852285,fluid
243,0.0722691,-0.115945,,1000.01,0.00100754,0.132681,,0.102998,-0.00138799,0.103008,,0.000166098,0.00058944,-0.0251923,fluid
244,0.0941293,-0.099024,,1000,0.0012977,0.0135074,,0.103714,-0.00102887,0.103719,,-0.000253757,-0.000339143,-0.0408863,fluid
245,0.112136,-0.0780489,,1000,0.000934815,0.0737837,,0.106658,-0.000384488,0.106659,,-0.000107879,-0.000779659,0.0834841,fluid
246,0.125552,-0.0538784,,1000.01,0.00247805,0.114937,,0.103591,0.00148904,0.103601,,-8.83863e-05,-0.000513987,0.438975,fluid
247,0.133827,-0.0275022,,999.991,0.000389123,-0.139063,,0.0820025,0.00414211,0.0821071,,-0.000229185,-0.000217274,0.56808,fluid
248,0.152715,0,,1000.01,0.00120992,0.105514,,0.0671676,-1.0481e-16,0.0671676,,-0.000428257,-8.74211e-15,3.81018e-15,fluid
249,0.149589,0.0307413,,999.991,-0.00142451,-0.138092,,0.0846917,-0.00377703,0.0847758,,-0.000303512,-2.40794e-05,-0.472156,fluid
250,0.140339,0.060224,,1000.01,0.000436045,0.104945,,0.104121,-0.00114981,0.104127,,-0.000140486,9.67938e-05,-0.334735,fluid
251,0.125343,0.0872412,,1000,-0.000777907,0.0747802,,0.105582,4.76559e-05,0.105582,,-0.00011099,0.000431576,-0.0429633,fluid
252,0.105216,0.110687,,1000,-0.00221186,0.0546538,,0.103074,0.000521456,0.103076,,-0.000384831,0.00068468,0.0279925,fluid
253,0.0807807,0.129601,,1000.01,0.00111154,0.147527,,0.102728,0.00137916,0.102737,,-5.97936e-05,0.00011779,0.00558448,fluid
254,0.0530387,0.143209,,1000.01,0.000796559,0.133014,,0.102682,0.00228451,0.102708,,0.000412415,-0.000647001,0.00526027,fluid
255,0.0231253,0.150954,,1000.01,-0.000803146,0.216018,,0.102601,0.00185789,0.102618,,6.38485e-05,-2.01323e-05,0.00313012,fluid
256,-0.00773489,0.152519,,1000.01,3.29922e-05,0.239516,,0.101517,0.002708,0.101553,,-0.000517926,0.000710063,-0.00881742,fluid
257,-0.0382784,0.14784,,1000.02,0.000102585,0.349619,,0.10047,0.0033294,0.100525,,4.63725e-05,-0.000128879,-0.000120484,fluid
258,-0.0672548,0.137108,,1000.03,-0.000245586,0.402923,,0.0999524,0.00293898,0.0999956,,0.000324185,-0.000298353,0.00811292,fluid
259,-0.0934777,0.120763,,1000.03,0.000354451,0.500837,,0.0994326,0.00266566,0.0994683,,-5.73695e-05,0.000125717,0.000243663,fluid
260,-0.115874,0.0994743,,1000.03,-0.000496876,0.554427,,0.0984312,0.00247524,0.0984623,,-0.000120572,5.43636e-05,-0.00263233,fluid
261,-0.133526,0.0741129,,1000.04,0.000125186,0.619316,,0.0979572,0.0018969,0.0979756,,2.09809e-05,-1.72831e-05,0.000619838,fluid
262,-0.145711,0.0457172,,1000.04,-0.000184134,0.654362,,0.0975231,0.00115442,0.0975299,,7.44823e-07,-3.99367e-06,0.000579593,fluid
263,-0.151931,0.0154499,,1000.04,-5.67036e-05,0.676276,,0.0973418,0.000424537,0.0973427,,-2.58032e-05,5.9553e-06,0.000259505,fluid
264,-0.151931,-0.0154499,,1000.04,-5.67036e-05,0.676276,,0.0973418,-0.000424537,0.0973427,,-2.58032e-05,-5.9553e-06,-0.000259505,fluid
265,-0.145711,-0.0457172,,1000.04,-0.000184134,0.654362,,0.0975231,-0.00115442,0.0975299,,7.44823e-07,3.99367e-06,-0.000579593,fluid
266,-0.133526,-0.0741129,,1000.04,0.000125186,0.619316,,0.0979572,-0.0018969,0.0979756,,2.09809e-05,1.72831e-05,-0.000619838,fluid
267,-0.115874,-0.0994743,,1000.03,-0.000496876,0.554427,,0.0984312,-0.00247524,0.0984623,,-0.000120572,-5.43636e-05,0.00263233,fluid
268,-0.0934777,-0.120763,,1000.03,0.000354451,0.500837,,0.0994326,-0.00266566,0.0994683,,-5.73695e-05,-0.000125717,-0.000243663,fluid
269,-0.0672548,-0.137108,,1000.03,-0.000245586,0.402923,,0.0999524,-0.00293898,0.0999956,,0.000324185,0.000298353,-0.00811292,fluid
270,-0.0382784,-0.14784,,1000.02,0.000102585,0.349619,,0.10047,-0.0033294,0.100525,,4.63725e-05,0.000128879,0.000120484,fluid
271,-0.00773489,-0.152519,,1000.01,3.29922e-05,0.239516,,0.101517,-0.002708,0.101553,,-0.000517926,-0.000710063,0.00881742,fluid
272,0.0231253,-0.150954,,1000.01,-0.000803146,0.216018,,0.102601,-0.00185789,0.102618,,6.38485e-05,2.01323e-05,-0.00313012,fluid
273,0.0530387,-0.143209,,1000.01,0.000796559,0.133014,,0.102682,-0.00228451,0.102708,,0.000412415,0.000647001,-0.00526027,fluid
274,0.0807807,-0.129601,,1000.01,0.00111154,0.147527,,0.102728,-0.00137916,0.102737,,-5.97936e-05,-0.00011779,-0.00558448,fluid
275,0.105216,-0.110687,,1000,-0.00221186,0.0546538,,0.103074,-0.000521456,0.103076,,-0.000384831,-0.00068468,-0.0279925,fluid
276,0.125343,-0.0872412,,1000,-0.000777907,0.0747802,,0.105582,-4.76559e-05,0.105582,,-0.00011099,-0.000431576,0.0429633,fluid
277,0.140339,-0.060224,,1000.01,0.000436045,0.104945,,0.104121,0.00114981,0.104127,,-0.000140486,-9.67938e-05,0.334735,fluid
278,0.149589,-0.0307413,,999.991,-0.00142451,-0.138092,,0.0846917,0.00377703,0.0847758,,-0.000303512,2.40794e-05,0.472156,fluid
279,0.169937,0,,1000.01,0.00169319,0.163226,,0.0705994,-3.34182e-16,0.0705994,,-0.000367104,-5.62389e-15,-3.01755e-15,fluid
280,0.166459,0.0342082,,999.999,-0.00238481,-0.00906484,,0.0871537,-0.00322439,0.0872133,,-0.000240255,-0.000160154,-0.39274,fluid
281,0.156165,0.0670158,,1000.01,-0.000712702,0.169112,,0.104418,-0.000607325,0.104419,,4.5726e-05,-0.000204509,-0.255527,fluid
282,0.139478,0.0970799,,1000.01,-0.00199451,0.117866,,0.10464,5.99996e-05,0.10464,,1.01869e-05,-0.000220302,-0.0160807,fluid
283,0.117081,0.123169,,1000.01,-0.000717704,0.0876423,,0.102739,7.02683e-05,0.102739,,-0.00028118,0.000484396,0.0218994,fluid
284,0.0898908,0.144216,,1000.01,-0.000832958,0.131963,,0.102626,0.000983312,0.102631,,-0.000239707,0.00065433,-0.00448099,fluid
285,0.0590202,0.159359,,1000.01,0.00121303,0.124523,,0.102237,0.00227834,0.102262,,0.000227374,-0.000333468,0.000359586,fluid
286,0.0257333,0.167978,,1000.01,-8.023e-05,0.226079,,0.102197,0.00178172,0.102213,,0.000280435,-0.000408706,0.00766323,fluid
287,-0.00860719,0.169719,,1000.02,-0.000894487,0.253108,,0.101535,0.00211946,0.101557,,-0.00036434,0.000567738,-0.00519591,fluid
288,-0.0425953,0.164513,,1000.02,0.000344022,0.345025,,0.10051,0.00291289,0.100552,,-0.000128175,7.91692e-05,-0.00353417,fluid
289,-0.0748395,0.152571,,1000.03,-0.000383576,0.401517,,0.0999627,0.00264767,0.0999978,,0.000280692,-0.000293656,0.0058392,fluid
290,-0.10402,0.134382,,1000.03,0.000327807,0.48707,,0.0995786,0.00231714,0.0996056,,2.20338e-07,7.39932e-05,0.00105446,fluid
291,-0.128941,0.110693,,1000.03,-0.000465562,0.542315,,0.0987083,0.00215807,0.0987319,,-0.000101829,5.18001e-05,-0.0020315,fluid
292,-0.148584,0.082471,,1000.04,5.69202e-05,0.597626,,0.0982807,0.00163768,0.0982944,,7.33701e-06,-1.92228e-05,0.000486446,fluid
293,-0.162144,0.050873,,1000.04,-0.00020256,0.633802,,0.0979016,0.000994258,0.0979067,,-1.37543e-06,-2.25151e-06,0.00047187,fluid
294,-0.169066,0.0171923,,1000.04,-0.000121547,0.654504,,0.0977468,0.000369585,0.0977475,,-2.26999e-05,2.89399e-06,0.000240076,fluid
295,-0.169066,-0.0171923,,1000.04,-0.000121547,0.654504,,0.0977468,-0.000369585,0.0977475,,-2.26999e-05,-2.89399e-06,-0.000240076,fluid
296,-0.162144,-0.050873,,1000.04,-0.00020256,0.633802,,0.0979016,-0.000994258,0.0979067,,-1.37543e-06,2.25151e-06,-0.00047187,fluid
297,-0.148584,-0.082471,,1000.04,5.69203e-05,0.597626,,0.0982807,-0.00163768,0.0982944,,7.33701e-06,1.92228e-05,-0.000486446,fluid
298,-0.128941,-0.110693,,1000.03,-0.000465562,0.542315,,0.0987083,-0.00215807,0.0987319,,-0.000101829,-5.18001e-05,0.0020315,fluid
299,-0.10402,-0.134382,,1000.03,0.000327807,0.48707,,0.0995786,-0.00231714,0.0996056,,2.20338e-07,-7.39932e-05,-0.00105446,fluid
300,-0.0748395,-0.152571,,1000.03,-0.000383576,0.401517,,0.0999627,-0.00264767,0.0999978,,0.000280692,0.000293656,-0.0058392,fluid
301,-0.0425953,-0.164513,,1000.02,0.000344022,0.345025,,0.10051,-0.00291289,0.100552,,-0.000128175,-7.91692e-05,0.00353417,fluid
302,-0.00860719,-0.169719,,1000.02,-0.000894487,0.253108,,0.101535,-0.00211946,0.101557,,-0.00036434,-0.000567738,0.00519591,fluid
303,0.0257333,-0.167978,,1000.01,-8.023e-05,0.226079,,0.102197,-0.00178172,0.102213,,0.000280435,0.000408706,-0.00766323,fluid
304,0.0590202,-0.159359,,1000.01,0.00121303,0.124523,,0.102237,-0.00227834,0.102262,,0.000227374,0.000333468,-0.000359586,fluid
305,0.0898908,-0.144216,,1000.01,-0.000832958,0.131963,,0.102626,-0.000983312,0.102631,,-0.000239707,-0.00065433,0.00448099,fluid
306,0.117081,-0.123169,,1000.01,-0.000717704,0.0876423,,0.102739,-7.02683e-05,0.102739,,-0.00028118,-0.000484396,-0.0218994,fluid
307,0.139478,-0.0970799,,1000.01,-0.00199451,0.117866,,0.10464,-5.99996e-05,0.10464,,1.01869e-05,0.000220302,0.0160807,fluid
308,0.156165,-0.0670158,,1000.01,-0.000712702,0.169112,,0.104418,0.000607325,0.104419,,4.5726e-05,0.000204509,0.255527,fluid
309,0.166459,-0.0342082,,999.999,-0.00238481,-0.00906484,,0.0871537,0.00322439,0.0872133,,-0.000240255,0.000160154,0.39274,fluid
310,0.188371,0,,1000.01,0.00103086,0.175353,,0.0734854,-9.75957e-17,0.0734854,,-0.00027643,-3.18768e-15,-7.42847e-15,fluid
311,0.184515,0.0379188,,1000.01,-0.000265213,0.0809592,,0.0890581,-0.00279125,0.0891019,,-0.000123794,-5.95682e-05,-0.328263,fluid
312,0.173105,0.0742852,,1000.01,0.00208485,0.201431,,0.10432,-0.000167736,0.10432,,0.000205183,-0.000151528,-0.198327,fluid
313,0.154608,0.10761,,1000.01,-0.00031531,0.192812,,0.103772,0.000380858,0.103773,,0.000176405,-0.000582797,-0.00220667,fluid
314,0.129781,0.13653,,1000.01,0.00290542,0.140927,,0.102551,-2.2814e-05,0.102551,,-0.000152027,-0.000152077,0.0200959,fluid
315,0.0996415,0.15986,,1000.01,-0.00113654,0.185483,,0.102581,0.000492176,0.102582,,-0.000174607,0.00075743,-0.00562548,fluid
316,0.0654223,0.176645,,1000.01,-0.00104141,0.164451,,0.101988,0.00204237,0.102009,,-3.30912e-05,0.000119499,-0.00432722,fluid
317,0.0285246,0.186199,,1000.02,0.00114597,0.24058,,0.101812,0.00182273,0.101828,,0.000323384,-0.000543693,0.00791488,fluid
318,-0.00954084,0.188129,,1000.02,-0.00116305,0.282671,,0.101475,0.0017152,0.101489,,-0.000152394,0.000343006,-0.00147528,fluid
319,-0.0472157,0.182358,,1000.02,0.000165185,0.346072,,0.100563,0.00251896,0.100594,,-0.000217129,0.000208172,-0.00471702,fluid
320,-0.0829575,0.16912,,1000.03,-0.000313613,0.400533,,0.099948,0.00238295,0.0999764,,0.000205913,-0.000250495,0.00398122,fluid
321,-0.115303,0.148959,,1000.03,0.000145583,0.46892,,0.0996436,0.00201133,0.0996639,,3.12148e-05,2.94258e-05,0.0016559,fluid
322,-0.142928,0.1227,,1000.03,-0.000295945,0.523572,,0.0988933,0.00187065,0.098911,,-8.1015e-05,4.85018e-05,-0.001322,fluid
323,-0.164702,0.0914168,,1000.04,-2.56512e-05,0.569786,,0.0985161,0.00142181,0.0985263,,-2.07885e-07,-1.57538e-05,0.000448602,fluid
324,-0.179732,0.0563913,,1000.04,-0.000147095,0.601169,,0.0981784,0.000858408,0.0981821,,-5.01581e-06,4.22455e-07,0.000366985,fluid
325,-0.187405,0.0190572,,1000.04,-0.000106445,0.619244,,0.0980458,0.000320289,0.0980463,,-2.13395e-05,1.89822e-06,0.000210514,fluid
326,-0.187405,-0.0190572,,1000.04,-0.000106445,0.619244,,0.0980458,-0.000320289,0.0980463,,-2.13395e-05,-1.89822e-06,-0.000210514,fluid
327,-0.179732,-0.0563913,,1000.04,-0.000147095,0.601169,,0.0981784,-0.000858408,0.0981821,,-5.01581e-06,-4.22455e-07,-0.000366985,fluid
328,-0.164702,-0.0914168,,1000.04,-2.56512e-05,0.569786,,0.0985161,-0.00142181,0.0985263,,-2.07885e-07,1.57538e-05,-0.000448602,fluid
329,-0.142928,-0.1227,,1000.03,-0.000295945,0.523572,,0.0988933,-0.00187065,0.098911,,-8.1015e-05,-4.85018e-05,0.001322,fluid
330,-0.115303,-0.148959,,1000.03,0.000145583,0.46892,,0.0996436,-0.00201133,0.0996639,,3.12148e-05,-2.94258e-05,-0.0016559,fluid
331,-0.0829575,-0.16912,,1000.03,-0.000313613,0.400533,,0.099948,-0.00238295,0.0999764,,0.000205913,0.000250495,-0.00398122,fluid
332,-0.0472157,-0.182358,,1000.02,0.000165185,0.346072,,0.100563,-0.00251896,0.100594,,-0.000217129,-0.000208172,0.00471702,fluid
333,-0.00954084,-0.188129,,1000.02,-0.00116305,0.282671,,0.101475,-0.0017152,0.101489,,-0.000152394,-0.000343006,0.00147528,fluid
334,0.0285246,-0.186199,,1000.02,0.00114597,0.24058,,0.101812,-0.00182273,0.101828,,0.000323384,0.000543693,-0.00791488,fluid
335,0.0654223,-0.176645,,1000.01,-0.00104141,0.164451,,0.101988,-0.00204237,0.102009,,-3.30912e-05,-0.000119499,0.00432722,fluid
336,0.0996415,-0.15986,,1000.01,-0.00113654,0.185483,,0.102581,-0.000492176,0.102582,,-0.000174607,-0.00075743,0.00562548,fluid
337,0.129781,-0.13653,,1000.01,0.00290542,0.140927,,0.102551,2.2814e-05,0.102551,,-0.000152027,0.000152077,-0.0200959,fluid
338,0.154608,-0.10761,,1000.01,-0.00031531,0.192812,,0.103772,-0.000380858,0.103773,,0.000176405,0.000582797,0.00220667,fluid
339,0.173105,-0.0742852,,1000.01,0.00208485,0.201431,,0.10432,0.000167736,0.10432,,0.000205183,0.000151528,0.198327,fluid
340,0.184515,-0.0379188,,1000.01,-0.000265213,0.0809592,,0.0890581,0.00279125,0.0891019,,-0.000123794,5.95682e-05,0.328263,fluid
341,0.208101,0,,1000,-0.00125465,0.0678684,,0.0758082,1.84691e-16,0.0758082,,-0.000325859,-1.89329e-15,-1.11162e-14,fluid
342,0.203841,0.0418904,,1000,-9.23249e-05,0.0291597,,0.090419,-0.00256935,0.0904555,,-0.000197555,9.1391e-05,-0.275575,fluid
343,0.191236,0.0820658,,1000.01,0.00104171,0.134642,,0.104032,6.11867e-06,0.104032,,0.000188649,0.00016902,-0.157407,fluid
344,0.170802,0.118881,,1000.01,2.40638e-05,0.183853,,0.102974,0.000602003,0.102976,,0.000198417,-0.000382031,0.00118582,fluid
345,0.143375,0.15083,,1000.01,0.00042293,0.146954,,0.102376,0.000274557,0.102377,,-9.44615e-05,-0.000763865,0.0181013,fluid
346,0.110078,0.176604,,1000.01,0.00118843,0.22471,,0.102423,0.000130089,0.102423,,-9.96062e-06,0.000493159,-0.00151152,fluid
347,0.0722745,0.195147,,1000.01,-0.00195039,0.229033,,0.101873,0.00163528,0.101886,,-0.000140109,0.000484529,-0.0068189,fluid
348,0.0315122,0.205701,,1000.02,0.00140597,0.257058,,0.101532,0.00186826,0.10155,,0.000218808,-0.000477146,0.00561133,fluid
349,-0.0105401,0.207834,,1000.02,-0.000474796,0.308176,,0.10134,0.00146302,0.10135,,1.97949e-05,0.000129053,0.00133952,fluid
350,-0.052161,0.201458,,1000.02,-0.000177577,0.352254,,0.100599,0.002155,0.100622,,-0.000226003,0.000257219,-0.00437128,fluid
351,-0.0916464,0.186834,,1000.03,-9.76089e-05,0.403044,,0.0999456,0.002131,0.0999683,,0.000128458,-0.000191098,0.00256839,fluid
352,-0.12738,0.164561,,1000.03,-6.19992e-06,0.455288,,0.0996936,0.00175577,0.099709,,4.74473e-05,-1.83554e-06,0.00184594,fluid
353,-0.157898,0.135551,,1000.03,-0.000175315,0.50226,,0.0990526,0.001622,0.0990659,,-6.22854e-05,4.29037e-05,-0.000834429,fluid
354,-0.181952,0.100992,,1000.03,-9.47663e-05,0.542083,,0.0987179,0.00124056,0.0987257,,-4.58083e-06,-9.28534e-06,0.000340071,fluid
355,-0.198557,0.0622977,,1000.04,-0.000119421,0.568615,,0.0984197,0.000753292,0.0984226,,-6.00635e-06,4.82595e-06,0.000223921,fluid
356,-0.207033,0.0210532,,1000.04,-0.000112624,0.582767,,0.0982994,0.000277201,0.0982997,,-1.86127e-05,1.93915e-06,0.00015564,fluid
357,-0.207033,-0.0210532,,1000.04,-0.000112624,0.582767,,0.0982994,-0.000277201,0.0982997,,-1.86127e-05,-1.93915e-06,-0.00015564,fluid
358,-0.198557,-0.0622977,,1000.04,-0.000119421,0.568615,,0.0984197,-0.000753292,0.0984226,,-6.00635e-06,-4.82595e-06,-0.000223921,fluid
359,-0.181952,-0.100992,,1000.03,-9.47663e-05,0.542083,,0.0987179,-0.00124056,0.0987257,,-4.58083e-06,9.28534e-06,-0.000340071,fluid
360,-0.157898,-0.135551,,1000.03,-0.000175315,0.50226,,0.0990526,-0.001622,0.0990659,,-6.22854e-05,-4.29037e-05,0.000834429,fluid
361,-0.12738,-0.164561,,1000.03,-6.19993e-06,0.455288,,0.0996936,-0.00175577,0.099709,,4.74473e-05,1.83554e-06,-0.00184594,fluid
362,-0.0916464,-0.186834,,1000.03,-9.76089e-05,0.403044,,0.0999456,-0.002131,0.0999683,,0.000128458,0.000191098,-0.00256839,fluid
363,-0.052161,-0.201458,,1000.02,-0.000177577,0.352254,,0.100599,-0.002155,0.100622,,-0.000226003,-0.000257219,0.00437128,fluid
364,-0.0105401,-0.207834,,1000.02,-0.000474796,0.308176,,0.10134,-0.00146302,0.10135,,1.97949e-05,-0.000129053,-0.00133952,fluid
365,0.0315122,-0.205701,,1000.02,0.00140597,0.257058,,0.101532,-0.00186826,0.10155,,0.000218808,0.000477146,-0.00561133,fluid
366,0.0722745,-0.195147,,1000.01,-0.00195039,0.229033,,0.101873,-0.00163528,0.101886,,-0.000140109,-0.000484529,0.0068189,fluid
367,0.110078,-0.176604,,1000.01,0.00118843,0.22471,,0.102423,-0.000130089,0.102423,,-9.96062e-06,-0.000493159,0.00151152,fluid
368,0.143375,-0.15083,,1000.01,0.00042293,0.146954,,0.102376,-0.000274557,0.102377,,-9.44615e-05,0.000763865,-0.0181013,fluid
369,0.170802,-0.118881,,1000.01,2.40638e-05,0.183853,,0.102974,-0.000602003,0.102976,,0.000198417,0.000382031,-0.00118582,fluid
370,0.191236,-0.0820658,,1000.01,0.00104171,0.134642,,0.104032,-6.11867e-06,0.104032,,0.000188649,-0.00016902,0.157407,fluid
371,0.203841,-0.0418904,,1000,-9.23249e-05,0.0291597,,0.090419,0.00256935,0.0904555,,-0.000197555,-9.1391e-05,0.275575,fluid
372,0.229218,0,,1000.01,-0.000393954,0.153785,,0.0783273,1.53788e-16,0.0783273,,-0.00034716,-1.05825e-15,-1.42563e-14,fluid
373,0.224526,0.0461412,,1000.01,-0.000283269,0.120794,,0.0919619,-0.00231542,0.0919911,,-0.000303045,0.000183264,-0.23137,fluid
374,0.210642,0.0903934,,1000.01,-0.00171688,0.170845,,0.103859,-4.73654e-05,0.103859,,7.61e-05,0.000497335,-0.126169,fluid
375,0.188134,0.130945,,1000.01,-0.000110446,0.181093,,0.102407,0.000524947,0.102408,,0.000180342,0.00014325,-0.000979874,fluid
376,0.157924,0.166135,,1000.01,-0.00341239,0.150585,,0.102199,0.000756017,0.102201,,1.07964e-05,-0.000920314,0.0134495,fluid
377,0.121248,0.194524,,1000.01,0.00235745,0.183804,,0.102165,-2.22302e-05,0.102165,,4.74094e-05,1.10897e-05,0.00364355,fluid
378,0.0796086,0.21495,,1000.01,-0.00119484,0.235217,,0.101766,0.00113243,0.101772,,-0.000110555,0.00064928,-0.00667959,fluid
379,0.0347099,0.226575,,1000.02,0.000561548,0.247632,,0.101357,0.00181971,0.101373,,8.3736e-05,-0.000306216,0.00262316,fluid
380,-0.0116097,0.228924,,1000.02,0.000138212,0.306259,,0.101176,0.00129332,0.101184,,0.000116698,-2.82182e-05,0.00285266,fluid
381,-0.057454,0.221901,,1000.02,-0.000501435,0.347729,,0.100623,0.00182364,0.100639,,-0.00018483,0.000246012,-0.00337225,fluid
382,-0.100946,0.205793,,1000.02,-8.01956e-06,0.397562,,0.0999729,0.00188477,0.0999906,,6.50523e-05,-0.000135675,0.0015272,fluid
383,-0.140306,0.18126,,1000.03,-0.000126701,0.44704,,0.099753,0.00154648,0.099765,,5.32674e-05,-1.92655e-05,0.00171184,fluid
384,-0.173921,0.149306,,1000.03,-0.000178668,0.48705,,0.0992127,0.00141609,0.0992228,,-4.44069e-05,3.73652e-05,-0.000537622,fluid
385,-0.200416,0.11124,,1000.03,-0.000175501,0.521849,,0.0989106,0.00108471,0.0989165,,-5.23114e-06,-2.28024e-06,0.000208757,fluid
386,-0.218706,0.0686194,,1000.03,-0.000160475,0.547461,,0.0986482,0.000666305,0.0986504,,-4.96239e-06,8.93989e-06,0.000100812,fluid
387,-0.228042,0.0231896,,1000.03,-0.000188822,0.559276,,0.0985402,0.000243543,0.0985405,,-1.39569e-05,2.45515e-06,0.000103036,fluid
388,-0.228042,-0.0231896,,1000.03,-0.000188822,0.559276,,0.0985402,-0.000243543,0.0985405,,-1.39569e-05,-2.45515e-06,-0.000103036,fluid
389,-0.218706,-0.0686194,,1000.03,-0.000160475,0.547461,,0.0986482,-0.000666305,0.0986504,,-4.96239e-06,-8.93989e-06,-0.000100812,fluid
390,-0.200416,-0.11124,,1000.03,-0.000175501,0.521849,,0.0989106,-0.00108471,0.0989165,,-5.23114e-06,2.28024e-06,-0.000208757,fluid
391,-0.173921,-0.149306,,1000.03,-0.000178668,0.48705,,0.0992127,-0.00141609,0.0992228,,-4.44069e-05,-3.73652e-05,0.000537622,fluid
392,-0.140306,-0.18126,,1000.03,-0.000126701,0.44704,,0.099753,-0.00154648,0.099765,,5.32674e-05,1.92655e-05,-0.00171184,fluid
393,-0.100946,-0.205793,,1000.02,-8.01957e-06,0.397562,,0.0999729,-0.00188477,0.0999906,,6.50523e-05,0.000135675,-0.0015272,fluid
394,-0.057454,-0.221901,,1000.02,-0.000501435,0.347729,,0.100623,-0.00182364,0.100639,,-0.00018483,-0.000246012,0.00337225,fluid
395,-0.0116097,-0.228924,,1000.02,0.000138212,0.306259,,0.101176,-0.00129332,0.101184,,0.000116698,2.82182e-05,-0.00285266,fluid
396,0.0347099,-0.226575,,1000.02,0.000561548,0.247632,,0.101357,-0.00181971,0.101373,,8.3736e-05,0.000306216,-0.00262316,fluid
397,0.0796086,-0.21495,,1000.01,-0.00119484,0.235217,,0.101766,-0.00113243,0.101772,,-0.000110555,-0.00064928,0.00667959,fluid
398,0.121248,-0.194524,,1000.01,0.00235745,0.183804,,0.102165,2.22302e-05,0.102165,,4.74094e-05,-1.10897e-05,-0.00364355,fluid
399,0.157924,-0.166135,,1000.01,-0.00341239,0.150585,,0.102199,-0.000756017,0.102201,,1.07964e-05,0.000920314,-0.0134495,fluid
400,0.188134,-0.130945,,1000.01,-0.000110446,0.181093,,0.102407,-0.000524947,0.102408,,0.000180342,-0.00014325,0.000979874,fluid
401,0.210642,-0.0903934,,1000.01,-0.00171688,0.170845,,0.103859,4.73654e-05,0.103859,,7.61e-05,-0.000497335,0.126169,fluid
402,0.224526,-0.0461412,,1000.01,-0.000283269,0.120794,,0.0919619,0.00231542,0.0919911,,-0.000303045,-0.000183264,0.23137,fluid
403,0.25182,0,,1000.01,0.00157481,0.214056,,0.0805142,-2.42349e-17,0.0805142,,-0.000335087,-3.10594e-16,-1.75372e-14,fluid
404,0.246665,0.0506909,,1000.01,0.000782871,0.211504,,0.0932802,-0.00216175,0.0933053,,-0.000340097,0.000134642,-0.193358,fluid
405,0.231412,0.0993066,,1000.02,-0.00119593,0.24368,,0.103758,-0.000240174,0.103759,,-6.57181e-06,0.00058372,-0.0998159,fluid
406,0.206684,0.143857,,1000.01,0.00151589,0.234506,,0.102036,0.000172966,0.102037,,0.000184288,0.000689934,-0.00378396,fluid
407,0.173495,0.182517,,1000.01,-0.00113153,0.222225,,0.102088,0.00114611,0.102094,,7.92905e-05,-0.00059372,0.0066069,fluid
408,0.133204,0.213705,,1000.01,0.000296036,0.188251,,0.10198,0.000143589,0.10198,,2.38972e-06,-0.000467892,0.00706515,fluid
409,0.0874583,0.236145,,1000.02,-0.00033774,0.244539,,0.101653,0.000704603,0.101656,,-3.73871e-05,0.000604657,-0.00473898,fluid
410,0.0381325,0.248916,,1000.02,-0.000488879,0.255712,,0.101252,0.00169818,0.101266,,-1.60082e-05,-0.000118314,0.00016114,fluid
411,-0.0127545,0.251497,,1000.02,0.000308312,0.310261,,0.101016,0.00119262,0.101023,,0.000137167,-0.000111527,0.00322783,fluid
412,-0.0631193,0.243781,,1000.02,-0.000567823,0.351208,,0.100626,0.00155884,0.100638,,-0.000125585,0.000205941,-0.00227465,fluid
413,-0.1109,0.226085,,1000.02,-6.81216e-05,0.39139,,0.10001,0.00165992,0.100024,,2.19349e-05,-9.08008e-05,0.000835395,fluid
414,-0.15414,0.199133,,1000.03,-0.000149569,0.440079,,0.0997963,0.00136982,0.0998057,,4.9689e-05,-2.38161e-05,0.00142157,fluid
415,-0.19107,0.164028,,1000.03,-0.000169601,0.477997,,0.0993441,0.00124788,0.099352,,-2.98935e-05,3.51254e-05,-0.000352493,fluid
416,-0.220178,0.122209,,1000.03,-0.00019036,0.507297,,0.099069,0.000954809,0.0990736,,-5.34675e-06,5.00778e-06,0.000104794,fluid
417,-0.240271,0.0753856,,1000.03,-0.00015886,0.530739,,0.0988372,0.000589001,0.098839,,-4.58503e-06,1.18474e-05,1.9431e-05,fluid
418,-0.250528,0.0254762,,1000.03,-0.00019575,0.541838,,0.0987396,0.000213443,0.0987398,,-1.06149e-05,3.25724e-06,6.31106e-05,fluid
419,-0.250528,-0.0254762,,1000.03,-0.00019575,0.541838,,0.0987396,-0.000213443,0.0987398,,-1.06149e-05,-3.25724e-06,-6.31106e-05,fluid
420,-0.240271,-0.0753856,,1000.03,-0.00015886,0.530739,,0.0988372,-0.000589001,0.098839,,-4.58503e-06,-1.18474e-05,-1.9431e-05,fluid
421,-0.220178,-0.122209,,1000.03,-0.00019036,0.507297,,0.099069,-0.000954809,0.0990736,,-5.34675e-06,-5.00778e-06,-0.000104794,fluid
422,-0.19107,-0.164028,,1000.03,-0.000169601,0.477997,,0.0993441,-0.00124788,0.099352,,-2.98935e-05,-3.51254e-05,0.000352493,fluid
423,-0.15414,-0.199133,,1000.03,-0.000149569,0.440079,,0.0997963,-0.00136982,0.0998057,,4.9689e-05,2.38161e-05,-0.00142157,fluid
424,-0.1109,-0.226085,,1000.02,-6.81217e-05,0.39139,,0.10001,-0.00165992,0.100024,,2.19349e-05,9.08008e-05,-0.000835395,fluid
425,-0.0631193,-0.243781,,1000.02,-0.000567823,0.351208,,0.100626,-0.00155884,0.100638,,-0.000125585,-0.000205941,0.00227465,fluid
426,-0.0127545,-0.251497,,1000.02,0.000308312,0.310261,,0.101016,-0.00119262,0.101023,,0.000137167,0.000111527,-0.00322783,fluid
427,0.0381325,-0.248916,,1000.02,-0.000488879,0.255712,,0.101252,-0.00169818,0.101266,,-1.60082e-05,0.000118314,-0.00016114,fluid
428,0.0874583,-0.236145,,1000.02,-0.00033774,0.244539,,0.101653,-0.000704603,0.101656,,-3.73871e-05,-0.000604657,0.00473898,fluid
429,0.133204,-0.213705,,1000.01,0.000296036,0.188251,,0.10198,-0.000143589,0.10198,,2.38972e-06,0.000467892,-0.00706515,fluid
430,0.173495,-0.182517,,1000.01,-0.00113153,0.222225,,0.102088,-0.00114611,0.102094,,7.92905e-05,0.00059372,-0.0066069,fluid
431,0.206684,-0.143857,,1000.01,0.00151589,0.234506,,0.102036,-0.000172966,0.102037,,0.000184288,-0.000689934,0.00378396,fluid
432,0.231412,-0.0993066,,1000.02,-0.00119593,0.24368,,0.103758,0.000240174,0.103759,,-6.57181e-06,-0.00058372,0.0998159,fluid
433,0.246665,-0.0506909,,1000.01,0.000782871,0.211504,,0.0932802,0.00216175,0.0933053,,-0.000340097,-0.000134642,0.193358,fluid
434,0.276011,0,,1000,-0.000899084,0.0606065,,0.0821147,-1.86835e-16,0.0821147,,-0.000412482,-7.32787e-16,-2.0678e-14,fluid
435,0.270361,0.0555606,,1000.01,-0.000725842,0.107077,,0.0940786,-0.00207102,0.0941014,,-0.00041926,-8.32219e-05,-0.160765,fluid
436,0.253642,0.108847,,1000.01,0.000651492,0.186842,,0.103512,-0.000402095,0.103513,,-5.92594e-05,0.000327353,-0.0765489,fluid
437,0.22654,0.157676,,1000.01,0.000835123,0.220409,,0.101671,-0.000375271,0.101671,,0.00018374,0.000933364,-0.00417259,fluid
438,0.190162,0.200051,,1000.02,0.00179495,0.249575,,0.101966,0.00121366,0.101974,,2.93977e-05,-0.000111359,-0.000256109,fluid
439,0.146,0.234235,,1000.02,-0.000593243,0.24805,,0.101835,0.000460774,0.101836,,1.11167e-05,-0.000613732,0.00789387,fluid
440,0.0958601,0.25883,,1000.02,0.000355675,0.283564,,0.101539,0.000441176,0.10154,,3.96668e-05,0.000432121,-0.00222663,fluid
441,0.0417957,0.272828,,1000.02,-0.000777548,0.288346,,0.101193,0.00153451,0.101204,,-5.88096e-05,3.38897e-05,-0.00129739,fluid
442,-0.0139797,0.275657,,1000.02,0.000242938,0.327005,,0.100885,0.00112967,0.100892,,0.000115519,-0.000137239,0.00289939,fluid
443,-0.0691829,0.2672,,1000.02,-0.000371629,0.366407,,0.100607,0.00136331,0.100617,,-7.32724e-05,0.00015802,-0.00134206,fluid
444,-0.121554,0.247804,,1000.02,-0.000130782,0.394997,,0.100053,0.00147137,0.100064,,-1.43178e-06,-5.57776e-05,0.000451602,fluid
445,-0.168948,0.218263,,1000.03,-0.000116087,0.434122,,0.099828,0.00121827,0.0998355,,4.19697e-05,-2.06759e-05,0.00110655,fluid
446,-0.209426,0.179786,,1000.03,-0.000134227,0.470109,,0.0994434,0.00110014,0.0994495,,-1.88592e-05,3.39423e-05,-0.000242441,fluid
447,-0.241329,0.133949,,1000.03,-0.000160948,0.496908,,0.0991954,0.000847086,0.099199,,-4.29043e-06,1.08101e-05,3.51674e-05,fluid
448,-0.263353,0.0826275,,1000.03,-0.000137185,0.515899,,0.098992,0.000523188,0.0989933,,-3.55723e-06,1.27654e-05,-2.32676e-05,fluid
449,-0.274595,0.0279236,,1000.03,-0.000155874,0.526574,,0.0989021,0.00018761,0.0989023,,-7.2179e-06,3.39116e-06,3.54505e-05,fluid
450,-0.274595,-0.0279236,,1000.03,-0.000155874,0.526574,,0.0989021,-0.00018761,0.0989023,,-7.2179e-06,-3.39116e-06,-3.54505e-05,fluid
451,-0.263353,-0.0826275,,1000.03,-0.000137185,0.515899,,0.098992,-0.000523188,0.0989933,,-3.55723e-06,-1.27654e-05,2.32676e-05,fluid
452,-0.241329,-0.133949,,1000.03,-0.000160948,0.496908,,0.0991954,-0.000847086,0.099199,,-4.29043e-06,-1.08101e-05,-3.51674e-05,fluid
453,-0.209426,-0.179786,,1000.03,-0.000134227,0.470109,,0.0994434,-0.00110014,0.0994495,,-1.88592e-05,-3.39423e-05,0.000242441,fluid
454,-0.168948,-0.218263,,1000.03,-0.000116087,0.434122,,0.099828,-0.00121827,0.0998355,,4.19697e-05,2.06759e-05,-0.00110655,fluid
455,-0.121554,-0.247804,,1000.02,-0.000130782,0.394997,,0.100053,-0.00147137,0.100064,,-1.43178e-06,5.57776e-05,-0.000451602,fluid
456,-0.0691829,-0.2672,,1000.02,-0.000371629,0.366407,,0.100607,-0.00136331,0.100617,,-7.32724e-05,-0.00015802,0.00134206,fluid
457,-0.0139797,-0.275657,,1000.02,0.000242938,0.327005,,0.100885,-0.00112967,0.100892,,0.000115519,0.000137239,-0.00289939,fluid
458,0.0417957,-0.272828,,1000.02,-0.000777548,0.288346,,0.101193,-0.00153451,0.101204,,-5.88096e-05,-3.38897e-05,0.00129739,fluid
459,0.0958601,-0.25883,,1000.02,0.000355675,0.283564,,0.101539,-0.000441176,0.10154,,3.96668e-05,-0.000432121,0.00222663,fluid
460,0.146,-0.234235,,1000.02,-0.000593243,0.24805,,0.101835,-0.000460774,0.101836,,1.11167e-05,0.000613732,-0.00789387,fluid
461,0.190162,-0.200051,,1000.02,0.00179495,0.249575,,0.101966,-0.00121366,0.101974,,2.93977e-05,0.000111359,0.000256109,fluid
462,0.22654,-0.157676,,1000.01,0.000835123,0.220409,,0.101671,0.000375271,0.101671,,0.00018374,-0.000933364,0.00417259,fluid
463,0.253642,-0.108847,,1000.01,0.000651492,0.186842,,0.103512,0.000402095,0.103513,,-5.92594e-05,-0.000327353,0.0765489,fluid
464,0.270361,-0.0555606,,1000.01,-0.000725842,0.107077,,0.0940786,0.00207102,0.0941014,,-0.00041926,8.32219e-05,0.160765,fluid
465,0.301903,0,,1000.01,-0.00183292,0.120638,,0.0839924,-4.95727e-16,0.0839924,,-0.000339988,-3.46369e-15,-2.25759e-14,fluid
466,0.295723,0.0607727,,1000.01,-0.00182823,0.15325,,0.0950934,-0.00173242,0.0951092,,-0.000359425,-0.000265807,-0.133832,fluid
467,0.277436,0.119057,,1000.01,8.07117e-05,0.167993,,0.103386,-0.000309941,0.103386,,-0.000201295,-0.000147245,-0.0568868,fluid
468,0.247791,0.172468,,1000.01,-0.00230786,0.181466,,0.101369,-0.000905849,0.101373,,0.000164976,0.000799826,-0.00157585,fluid
469,0.208001,0.218817,,1000.01,-0.000142529,0.197641,,0.101831,0.000953168,0.101836,,-5.0472e-05,0.00033843,-0.00510054,fluid
470,0.159696,0.256208,,1000.01,-9.31509e-05,0.238622,,0.101628,0.000666586,0.10163,,-4.27121e-06,-0.000578746,0.00666824,fluid
471,0.104853,0.28311,,1000.02,0.000495592,0.277906,,0.101393,0.000263071,0.101393,,8.9924e-05,0.000230548,-9.47159e-05,fluid
472,0.0457165,0.298422,,1000.02,-0.000488926,0.289778,,0.10115,0.00130048,0.101158,,-6.34827e-05,0.000125599,-0.00181327,fluid
473,-0.0152911,0.301516,,1000.02,3.40696e-05,0.32042,,0.100795,0.00103923,0.1008,,8.22955e-05,-0.000128872,0.00229002,fluid
474,-0.0756728,0.292266,,1000.02,-0.000238856,0.36146,,0.100574,0.00118619,0.100581,,-3.45665e-05,0.000111162,-0.000666672,fluid
475,-0.132956,0.27105,,1000.02,-0.000182577,0.392722,,0.100097,0.00129578,0.100105,,-9.2266e-06,-3.06628e-05,0.000268411,fluid
476,-0.184797,0.238738,,1000.03,-0.000150486,0.424585,,0.0998702,0.00108729,0.0998761,,3.48176e-05,-1.52321e-05,0.000834875,fluid
477,-0.229072,0.196651,,1000.03,-0.000178021,0.454517,,0.0995369,0.000967018,0.0995416,,-1.03796e-05,3.05875e-05,-0.000169689,fluid
478,-0.263968,0.146514,,1000.03,-0.000192718,0.480882,,0.0993111,0.000751443,0.099314,,-1.91957e-06,1.28054e-05,6.13184e-07,fluid
479,-0.288058,0.0903787,,1000.03,-0.000189859,0.497259,,0.0991343,0.00046896,0.0991354,,-6.35962e-07,1.09944e-05,-2.73891e-05,fluid
480,-0.300354,0.030543,,1000.03,-0.000194948,0.506483,,0.0990514,0.000164578,0.0990516,,-2.59111e-06,2.42369e-06,2.22395e-05,fluid
481,-0.300354,-0.030543,,1000.03,-0.000194948,0.506483,,0.0990514,-0.000164578,0.0990516,,-2.59111e-06,-2.42369e-06,-2.22395e-05,fluid
482,-0.288058,-0.0903787,,1000.03,-0.000189859,0.497259,,0.0991343,-0.00046896,0.0991354,,-6.35962e-07,-1.09944e-05,2.73891e-05,fluid
483,-0.263968,-0.146514,,1000.03,-0.000192718,0.480882,,0.0993111,-0.000751443,0.099314,,-1.91957e-06,-1.28054e-05,-6.13184e-07,fluid
484,-0.229072,-0.196651,,1000.03,-0.000178021,0.454517,,0.0995369,-0.000967018,0.0995416,,-1.03796e-05,-3.05875e-05,0.000169689,fluid
485,-0.184797,-0.238738,,1000.03,-0.000150486,0.424585,,0.0998702,-0.00108729,0.0998761,,3.48176e-05,1.52321e-05,-0.000834875,fluid
486,-0.132956,-0.27105,,1000.02,-0.000182577,0.392722,,0.100097,-0.00129578,0.100105,,-9.2266e-06,3.06628e-05,-0.000268411,fluid
487,-0.0756728,-0.292266,,1000.02,-0.000238856,0.36146,,0.100574,-0.00118619,0.100581,,-3.45665e-05,-0.000111162,0.000666672,fluid
488,-0.0152911,-0.301516,,1000.02,3.40696e-05,0.32042,,0.100795,-0.00103923,0.1008,,8.22955e-05,0.000128872,-0.00229002,fluid
489,0.0457165,-0.298422,,1000.02,-0.000488926,0.289778,,0.10115,-0.00130048,0.101158,,-6.34827e-05,-0.000125599,0.00181327,fluid
490,0.104853,-0.28311,,1000.02,0.000495592,0.277906,,0.101393,-0.000263071,0.101393,,8.9924e-05,-0.000230548,9.47159e-05,fluid
491,0.159696,-0.256208,,1000.01,-9.31509e-05,0.238622,,0.101628,-0.000666586,0.10163,,-4.27121e-06,0.000578746,-0.00666824,fluid
492,0.208001,-0.218817,,1000.01,-0.000142529,0.197641,,0.101831,-0.000953168,0.101836,,-5.0472e-05,-0.00033843,0.00510054,fluid
493,0.247791,-0.172468,,1000.01,-0.00230786,0.181466,,0.101369,0.000905849,0.101373,,0.000164976,-0.000799826,0.00157585,fluid
494,0.277436,-0.119057,,1000.01,8.07117e-05,0.167993,,0.103386,0.000309941,0.103386,,-0.000201295,0.000147245,0.0568868,fluid
495,0.295723,-0.0607727,,1000.01,-0.00182823,0.15325,,0.0950934,0.00173242,0.0951092,,-0.000359425,0.000265807,0.133832,fluid
496,0.329616,0,,1000.02,0.00122192,0.28405,,0.0857635,-9.29097e-16,0.0857635,,-0.00013055,-6.61453e-15,-2.23895e-14,fluid
497,0.322869,0.0663512,,1000.02,0.000338479,0.315731,,0.0960452,-0.00135032,0.0960547,,-0.000120939,-0.000280819,-0.112482,fluid
498,0.302903,0.129986,,1000.02,0.000326854,0.260004,,0.10344,4.05194e-05,0.10344,,-0.000187672,-0.000499511,-0.0419445,fluid
499,0.270537,0.188299,,1000.02,-0.00147224,0.249728,,0.101252,-0.00115133,0.101259,,0.000173235,0.000428903,0.00263029,fluid
500,0.227095,0.238903,,1000.01,-0.00231784,0.221546,,0.101773,0.000577587,0.101775,,-7.65328e-06,0.00056732,-0.00715301,fluid
501,0.174355,0.279727,,1000.01,-0.000346451,0.216635,,0.101488,0.000783708,0.101491,,-5.47333e-05,-0.000428415,0.0044761,fluid
502,0.114477,0.309098,,1000.02,-0.000122292,0.252,,0.101244,0.000174162,0.101245,,9.53563e-05,5.89805e-05,0.00123162,fluid
503,0.049913,0.325815,,1000.02,-0.000406009,0.280485,,0.101089,0.0010687,0.101095,,-4.79582e-05,0.000153713,-0.00172644,fluid
504,-0.0166948,0.329193,,1000.02,-0.000171219,0.311619,,0.100732,0.000942265,0.100737,,5.26488e-05,-0.000102612,0.00166536,fluid
505,-0.0826191,0.319094,,1000.02,-0.000277916,0.347545,,0.100534,0.00102857,0.100539,,-1.15042e-05,7.12531e-05,-0.000232497,fluid
506,-0.145161,0.295931,,1000.02,-0.000236469,0.382912,,0.100123,0.00112415,0.100129,,-1.02211e-05,-1.41694e-05,0.000172609,fluid
507,-0.20176,0.260652,,1000.03,-0.000201628,0.417107,,0.0999065,0.00097188,0.0999113,,2.81717e-05,-7.71971e-06,0.000607725,fluid
508,-0.250099,0.214703,,1000.03,-0.000236205,0.44187,,0.0996232,0.000857432,0.0996269,,-4.98264e-06,2.64873e-05,-0.000105249,fluid
509,-0.288199,0.159963,,1000.03,-0.000233746,0.465107,,0.0994136,0.000665877,0.0994158,,-1.09521e-06,1.1365e-05,4.1464e-07,fluid
510,-0.3145,0.0986749,,1000.03,-0.000230388,0.481357,,0.099259,0.000419365,0.0992599,,7.19623e-07,8.05682e-06,-3.32323e-06,fluid
511,-0.327925,0.0333467,,1000.03,-0.00023772,0.488976,,0.0991839,0.000145356,0.099184,,-1.61733e-08,1.22611e-06,2.23072e-05,fluid
512,-0.327925,-0.0333467,,1000.03,-0.00023772,0.488976,,0.0991839,-0.000145356,0.099184,,-1.61732e-08,-1.22611e-06,-2.23072e-05,fluid
513,-0.3145,-0.0986749,,1000.03,-0.000230388,0.481357,,0.099259,-0.000419365,0.0992599,,7.19623e-07,-8.05682e-06,3.32323e-06,fluid
514,-0.288199,-0.159963,,1000.03,-0.000233746,0.465107,,0.0994136,-0.000665877,0.0994158,,-1.09521e-06,-1.1365e-05,-4.1464e-07,fluid
515,-0.250099,-0.214703,,1000.03,-0.000236205,0.44187,,0.0996232,-0.000857432,0.0996269,,-4.98264e-06,-2.64873e-05,0.000105249,fluid
516,-0.20176,-0.260652,,1000.03,-0.000201628,0.417107,,0.0999065,-0.00097188,0.0999113,,2.81717e-05,7.71971e-06,-0.000607725,fluid
517,-0.145161,-0.295931,,1000.02,-0.000236469,0.382912,,0.100123,-0.00112415,0.100129,,-1.02211e-05,1.41694e-05,-0.000172609,fluid
518,-0.0826191,-0.319094,,1000.02,-0.000277916,0.347545,,0.100534,-0.00102857,0.100539,,-1.15042e-05,-7.12531e-05,0.000232497,fluid
519,-0.0166948,-0.329193,,1000.02,-0.000171219,0.311619,,0.100732,-0.000942265,0.100737,,5.26488e-05,0.000102612,-0.00166536,fluid
520,0.049913,-0.325815,,1000.02,-0.000406009,0.280485,,0.101089,-0.0010687,0.101095,,-4.79582e-05,-0.000153713,0.00172644,fluid
521,0.114477,-0.309098,,1000.02,-0.000122292,0.252,,0.101244,-0.000174162,0.101245,,9.53563e-05,-5.89805e-05,-0.00123162,fluid
522,0.174355,-0.279727,,1000.01,-0.000346451,0.216635,,0.101488,-0.000783708,0.101491,,-5.47333e-05,0.000428415,-0.0044761,fluid
523,0.227095,-0.238903,,1000.01,-0.00231784,0.221546,,0.101773,-0.000577587,0.101775,,-7.65328e-06,-0.00056732,0.00715301,fluid
524,0.270537,-0.188299,,1000.02,-0.00147224,0.249728,,0.101252,0.00115133,0.101259,,0.000173235,-0.000428903,-0.00263029,fluid
525,0.302903,-0.129986,,1000.02,0.000326854,0.260004,,0.10344,-4.05194e-05,0.10344,,-0.000187672,0.000499511,0.0419445,fluid
526,0.322869,-0.0663512,,1000.02,0.000338479,0.315731,,0.0960452,0.00135032,0.0960547,,-0.000120939,0.000280819,0.112482,fluid
527,0.359278,0,,1000.01,0.000246132,0.11453,,0.0867395,-1.10827e-15,0.0867395,,-0.000137845,-8.74779e-15,-1.97536e-14,fluid
528,0.351923,0.0723221,,1000.01,-0.000372912,0.20391,,0.0962566,-0.00123007,0.0962644,,-1.53047e-05,-0.000197517,-0.0957959,fluid
529,0.330161,0.141683,,1000.01,0.000726743,0.234151,,0.103263,0.000428704,0.103264,,-0.000154035,-0.000640167,-0.0321029,fluid
530,0.294882,0.205244,,1000.02,0.00250614,0.303176,,0.101145,-0.00108281,0.10115,,0.000140324,4.85631e-05,0.00653132,fluid
531,0.24753,0.260402,,1000.02,-0.000792468,0.309395,,0.101706,0.000242746,0.101707,,0.000113409,0.000619663,-0.00686455,fluid
532,0.190045,0.304899,,1000.02,0.000243757,0.267553,,0.101448,0.000842343,0.101451,,-6.66517e-05,-0.000219093,0.00227452,fluid
533,0.124779,0.336913,,1000.02,-0.000385508,0.291767,,0.101144,0.0002377,0.101144,,8.49609e-05,-4.90825e-05,0.00177599,fluid
534,0.0544046,0.355135,,1000.02,-0.000465225,0.311464,,0.101014,0.000921121,0.101018,,-3.06535e-05,0.000146198,-0.001366,fluid
535,-0.0181971,0.358817,,1000.02,-0.000162613,0.337402,,0.100681,0.000885796,0.100685,,3.33266e-05,-6.85761e-05,0.00114769,fluid
536,-0.0900539,0.347809,,1000.02,-0.000275199,0.360952,,0.100497,0.000928359,0.100501,,2.4591e-06,4.39392e-05,3.09826e-05,fluid
537,-0.158224,0.322561,,1000.02,-0.000233656,0.384885,,0.100138,0.000984938,0.100143,,-8.68215e-06,-3.3188e-06,0.000129128,fluid
538,-0.219916,0.284108,,1000.03,-0.000191279,0.417533,,0.0999224,0.000870216,0.0999261,,2.0703e-05,-9.65333e-07,0.000422715,fluid
539,-0.272605,0.234024,,1000.03,-0.000214531,0.442217,,0.0996854,0.000770505,0.0996884,,-2.31194e-06,2.23277e-05,-4.14499e-05,fluid
540,-0.314133,0.174358,,1000.03,-0.000214919,0.460526,,0.099493,0.000594855,0.0994948,,-1.60931e-06,8.3128e-06,2.8085e-05,fluid
541,-0.342801,0.107554,,1000.03,-0.000192937,0.475695,,0.0993568,0.000375957,0.0993575,,2.31462e-07,4.7913e-06,3.30767e-05,fluid
542,-0.357434,0.0363475,,1000.03,-0.000203456,0.48268,,0.0992891,0.000129674,0.0992891,,1.75975e-07,3.18154e-07,2.93978e-05,fluid
543,-0.357434,-0.0363475,,1000.03,-0.000203456,0.48268,,0.0992891,-0.000129674,0.0992891,,1.75975e-07,-3.18154e-07,-2.93978e-05,fluid
544,-0.342801,-0.107554,,1000.03,-0.000192937,0.475695,,0.0993568,-0.000375957,0.0993575,,2.31462e-07,-4.7913e-06,-3.30767e-05,fluid
545,-0.314133,-0.174358,,1000.03,-0.000214919,0.460526,,0.099493,-0.000594855,0.0994948,,-1.60931e-06,-8.3128e-06,-2.8085e-05,fluid
546,-0.272605,-0.234024,,1000.03,-0.000214531,0.442217,,0.0996854,-0.000770505,0.0996884,,-2.31194e-06,-2.23277e-05,4.14499e-05,fluid
547,-0.219916,-0.284108,,1000.03,-0.000191279,0.417533,,0.0999224,-0.000870216,0.0999261,,2.0703e-05,9.65333e-07,-0.000422715,fluid
548,-0.158224,-0.322561,,1000.02,-0.000233656,0.384885,,0.100138,-0.000984938,0.100143,,-8.68215e-06,3.3188e-06,-0.000129128,fluid
549,-0.0900539,-0.347809,,1000.02,-0.000275199,0.360952,,0.100497,-0.000928359,0.100501,,2.4591e-06,-4.39392e-05,-3.09826e-05,fluid
550,-0.0181971,-0.358817,,1000.02,-0.000162613,0.337402,,0.100681,-0.000885796,0.100685,,3.33266e-05,6.85761e-05,-0.00114769,fluid
551,0.0544046,-0.355135,,1000.02,-0.000465225,0.311464,,0.101014,-0.000921121,0.101018,,-3.06535e-05,-0.000146198,0.001366,fluid
552,0.124779,-0.336913,,1000.02,-0.000385508,0.291767,,0.101144,-0.0002377,0.101144,,8.49609e-05,4.90825e-05,-0.00177599,fluid
553,0.190045,-0.304899,,1000.02,0.000243757,0.267553,,0.101448,-0.000842343,0.101451,,-6.66517e-05,0.000219093,-0.00227452,fluid
554,0.24753,-0.260402,,1000.02,-0.000792468,0.309395,,0.101706,-0.000242746,0.101707,,0.000113409,-0.000619663,0.00686455,fluid
555,0.294882,-0.205244,,1000.02,0.00250614,0.303176,,0.101145,0.00108281,0.10115,,0.000140324,-4.85631e-05,-0.00653132,fluid
556,0.330161,-0.141683,,1000.01,0.000726743,0.234151,,0.103263,-0.000428704,0.103264,,-0.000154035,0.000640167,0.0321029,fluid
557,0.351923,-0.0723221,,1000.01,-0.000372912,0.20391,,0.0962566,0.00123007,0.0962644,,-1.53047e-05,0.000197517,0.0957959,fluid
558,0.391025,0,,1000,-0.00200853,0.0393632,,0.087921,-1.29445e-15,0.087921,,-0.000217445,-9.13334e-15,-1.45195e-14,fluid
559,0.383021,0.0787127,,1000.01,-0.00293204,0.121628,,0.0965327,-0.00116882,0.0965398,,2.1855e-05,-2.20258e-05,-0.0825219,fluid
560,0.359335,0.154203,,1000.01,-0.00116272,0.160376,,0.103039,0.000745247,0.103042,,-0.000152249,-0.000558724,-0.0266452,fluid
561,0.320939,0.22338,,1000.01,0.00197964,0.209505,,0.100961,-0.000900097,0.100965,,-3.40815e-06,-0.00028221,0.00892518,fluid
562,0.269403,0.283412,,1000.02,0.000230625,0.285965,,0.1015,-9.25147e-05,0.1015,,0.000186486,0.00051508,-0.00518549,fluid
563,0.206838,0.331841,,1000.02,0.000793868,0.282379,,0.101372,0.000769326,0.101375,,-5.74361e-05,-5.25546e-05,0.000615703,fluid
564,0.135805,0.366684,,1000.02,0.000218393,0.320813,,0.101054,0.00027487,0.101054,,7.50238e-05,-7.79158e-05,0.00179691,fluid
565,0.059212,0.386516,,1000.02,-0.000392409,0.324541,,0.100954,0.000776921,0.100957,,-1.01794e-05,0.000121565,-0.000918086,fluid
566,-0.0198051,0.390523,,1000.02,-5.96171e-05,0.346794,,0.10064,0.000805674,0.100643,,1.79919e-05,-3.92205e-05,0.000777283,fluid
567,-0.0980114,0.378542,,1000.02,-0.000194991,0.372156,,0.100466,0.000843701,0.100469,,1.08141e-05,2.67375e-05,0.000178297,fluid
568,-0.172205,0.351064,,1000.02,-0.000202901,0.389117,,0.100168,0.000874972,0.100172,,-4.11013e-06,2.63413e-06,0.000139447,fluid
569,-0.239349,0.309213,,1000.03,-0.000194194,0.411859,,0.0999466,0.000777704,0.0999496,,1.43988e-05,1.95352e-06,0.000305125,fluid
570,-0.296693,0.254703,,1000.03,-0.000193095,0.436744,,0.0997397,0.000688258,0.0997421,,-5.65354e-07,1.64203e-05,2.47355e-05,fluid
571,-0.341891,0.189765,,1000.03,-0.000211295,0.453465,,0.0995667,0.000532588,0.0995681,,-7.40644e-07,4.43245e-06,7.25094e-05,fluid
572,-0.373092,0.117058,,1000.03,-0.00018758,0.465906,,0.0994464,0.000335016,0.0994469,,8.97753e-07,1.4147e-06,7.00086e-05,fluid
573,-0.389019,0.0395593,,1000.03,-0.000193958,0.472809,,0.0993849,0.000114259,0.099385,,1.02517e-06,-5.00684e-07,3.67172e-05,fluid
574,-0.389019,-0.0395593,,1000.03,-0.000193958,0.472809,,0.0993849,-0.000114259,0.099385,,1.02517e-06,5.00684e-07,-3.67172e-05,fluid
575,-0.373092,-0.117058,,1000.03,-0.00018758,0.465906,,0.0994464,-0.000335016,0.0994469,,8.97753e-07,-1.4147e-06,-7.00086e-05,fluid
576,-0.341891,-0.189765,,1000.03,-0.000211295,0.453465,,0.0995667,-0.000532588,0.0995681,,-7.40644e-07,-4.43245e-06,-7.25094e-05,fluid
577,-0.296693,-0.254703,,1000.03,-0.000193095,0.436744,,0.0997397,-0.000688258,0.0997421,,-5.65354e-07,-1.64203e-05,-2.47355e-05,fluid
578,-0.239349,-0.309213,,1000.03,-0.000194194,0.411859,,0.0999466,-0.000777704,0.0999496,,1.43988e-05,-1.95352e-06,-0.000305125,fluid
579,-0.172205,-0.351064,,1000.02,-0.000202901,0.389117,,0.100168,-0.000874972,0.100172,,-4.11013e-06,-2.63413e-06,-0.000139447,fluid
580,-0.0980114,-0.378542,,1000.02,-0.000194991,0.372156,,0.100466,-0.000843701,0.100469,,1.08141e-05,-2.67375e-05,-0.000178297,fluid
581,-0.0198051,-0.390523,,1000.02,-5.96171e-05,0.346794,,0.10064,-0.000805674,0.100643,,1.79919e-05,3.92205e-05,-0.000777283,fluid
582,0.059212,-0.386516,,1000.02,-0.000392409,0.324541,,0.100954,-0.000776921,0.100957,,-1.01794e-05,-0.000121565,0.000918086,fluid
583,0.135805,-0.366684,,1000.02,0.000218393,0.320813,,0.101054,-0.00027487,0.101054,,7.50238e-05,7.79158e-05,-0.00179691,fluid
584,0.206838,-0.331841,,1000.02,0.000793868,0.282379,,0.101372,-0.000769326,0.101375,,-5.74361e-05,5.25546e-05,-0.000615703,fluid
585,0.269403,-0.283412,,1000.02,0.000230625,0.285965,,0.1015,9.25147e-05,0.1015,,0.000186486,-0.00051508,0.00518549,fluid
586,0.320939,-0.22338,,1000.01,0.00197964,0.209505,,0.100961,0.000900097,0.100965,,-3.40815e-06,0.00028221,-0.00892518,fluid
587,0.359335,-0.154203,,1000.01,-0.00116272,0.160376,,0.103039,-0.000745247,0.103042,,-0.000152249,0.000558724,0.0266452,fluid
588,0.383021,-0.0787127,,1000.01,-0.00293204,0.121628,,0.0965327,0.00116882,0.0965398,,2.1855e-05,2.20258e-05,0.0825219,fluid
589,0.425005,0,,1000.02,0.00157875,0.308108,,0.0896069,-1.74811e-15,0.0896069,,-0.000170376,-8.87896e-15,-7.7246e-15,fluid
590,0.416305,0.0855528,,1000.02,3.04136e-05,0.348604,,0.0972467,-0.00110328,0.097253,,0.000184814,0.000222978,-0.0713978,fluid
591,0.390561,0.167603,,1000.02,-0.00126476,0.247614,,0.102987,0.000905685,0.102991,,-8.77939e-05,-0.000308796,-0.0241085,fluid
592,0.348828,0.242792,,1000.01,-0.0018553,0.167768,,0.100997,-0.000607613,0.100999,,-0.000142125,-0.000485342,0.00951787,fluid
593,0.292814,0.30804,,1000.01,-0.00109155,0.215221,,0.101271,-0.000354029,0.101271,,0.000186113,0.000318215,-0.00304078,fluid
594,0.224812,0.360678,,1000.01,-0.000667628,0.227247,,0.101254,0.000583565,0.101255,,-6.08627e-05,4.27857e-05,-0.000339749,fluid
595,0.147606,0.398549,,1000.02,0.000356872,0.276542,,0.100971,0.000230831,0.100971,,5.05287e-05,-8.01923e-05,0.00155397,fluid
596,0.0643575,0.420104,,1000.02,-0.000414069,0.289339,,0.100894,0.000600505,0.100896,,8.5833e-06,8.7525e-05,-0.000509507,fluid
597,-0.0215261,0.424459,,1000.02,-0.000150392,0.314536,,0.100609,0.000674058,0.100611,,9.23514e-06,-2.1246e-05,0.0005417,fluid
598,-0.106528,0.411437,,1000.02,-0.00021555,0.349281,,0.100429,0.000727224,0.100431,,1.28936e-05,1.50754e-05,0.000239348,fluid
599,-0.18717,0.381571,,1000.02,-0.000218599,0.378322,,0.100193,0.000763577,0.100196,,7.32536e-07,4.98096e-06,0.000167058,fluid
600,-0.260148,0.336083,,1000.02,-0.000249002,0.397482,,0.0999861,0.000691941,0.0999885,,1.04703e-05,2.83826e-06,0.000253399,fluid
601,-0.322476,0.276836,,1000.03,-0.00023344,0.418261,,0.0997981,0.000604235,0.0997999,,4.56741e-07,1.00411e-05,8.98784e-05,fluid
602,-0.371601,0.206256,,1000.03,-0.00024999,0.436188,,0.0996414,0.000468691,0.0996425,,2.23353e-07,1.34305e-06,0.000113947,fluid
603,-0.405514,0.127231,,1000.03,-0.00024371,0.446964,,0.0995361,0.000294251,0.0995365,,1.76078e-06,-6.35495e-07,9.64302e-05,fluid
604,-0.422824,0.042997,,1000.03,-0.000245625,0.453394,,0.0994805,9.82929e-05,0.0994806,,1.64688e-06,-1.02479e-06,4.00584e-05,fluid
605,-0.422824,-0.042997,,1000.03,-0.000245625,0.453394,,0.0994805,-9.82929e-05,0.0994806,,1.64688e-06,1.02479e-06,-4.00584e-05,fluid
606,-0.405514,-0.127231,,1000.03,-0.00024371,0.446964,,0.0995361,-0.000294251,0.0995365,,1.76078e-06,6.35495e-07,-9.64302e-05,fluid
607,-0.371601,-0.206256,,1000.03,-0.00024999,0.436188,,0.0996414,-0.000468691,0.0996425,,2.23353e-07,-1.34305e-06,-0.000113947,fluid
608,-0.322476,-0.276836,,1000.03,-0.00023344,0.418261,,0.0997981,-0.000604235,0.0997999,,4.56741e-07,-1.00411e-05,-8.98784e-05,fluid
609,-0.260148,-0.336083,,1000.02,-0.000249002,0.397482,,0.0999861,-0.000691941,0.0999885,,1.04703e-05,-2.83826e-06,-0.000253399,fluid
610,-0.18717,-0.381571,,1000.02,-0.000218599,0.378322,,0.100193,-0.000763577,0.100196,,7.32536e-07,-4.98096e-06,-0.000167058,fluid
611,-0.106528,-0.411437,,1000.02,-0.00021555,0.349281,,0.100429,-0.000727224,0.100431,,1.28936e-05,-1.50754e-05,-0.000239348,fluid
612,-0.0215261,-0.424459,,1000.02,-0.000150392,0.314536,,0.100609,-0.000674058,0.100611,,9.23514e-06,2.1246e-05,-0.0005417,fluid
613,0.0643575,-0.420104,,1000.02,-0.000414069,0.289339,,0.100894,-0.000600505,0.100896,,8.5833e-06,-8.7525e-05,0.000509507,fluid
614,0.147606,-0.398549,,1000.02,0.000356872,0.276542,,0.100971,-0.000230831,0.100971,,5.05287e-05,8.01923e-05,-0.00155397,fluid
615,0.224812,-0.360678,,1000.01,-0.000667628,0.227247,,0.101254,-0.000583565,0.101255,,-6.08627e-05,-4.27857e-05,0.000339749,fluid
616,0.292814,-0.30804,,1000.01,-0.00109155,0.215221,,0.101271,0.000354029,0.101271,,0.000186113,-0.000318215,0.00304078,fluid
617,0.348828,-0.242792,,1000.01,-0.0018553,0.167768,,0.100997,0.000607613,0.100999,,-0.000142125,0.000485342,-0.00951787,fluid
618,0.390561,-0.167603,,1000.02,-0.00126476,0.247614,,0.102987,-0.000905685,0.102991,,-8.77939e-05,0.000308796,0.0241085,fluid
619,0.416305,-0.0855528,,1000.02,3.04136e-05,0.348604,,0.0972467,0.00110328,0.097253,,0.000184814,-0.000222978,0.0713978,fluid
620,0.461373,0,,1000.02,0.00184723,0.245932,,0.0905982,-1.98378e-15,0.0905982,,-0.000338108,-9.11059e-15,-1.40088e-15,fluid
621,0.451929,0.0928738,,1000.02,0.00193025,0.344487,,0.0973775,-0.00129209,0.0973861,,0.000187408,0.000381278,-0.0612567,fluid
622,0.423983,0.181945,,1000.02,0.00078944,0.311837,,0.102863,0.000856241,0.102867,,2.45768e-05,1.07482e-05,-0.0228522,fluid
623,0.378678,0.263568,,1000.02,-0.000737379,0.288929,,0.101198,-0.000237978,0.101198,,-0.000102206,-0.000455616,0.00857049,fluid
624,0.317871,0.3344,,1000.02,-0.000658752,0.286502,,0.101203,-0.000380838,0.101204,,0.000163106,0.000144177,-0.00115317,fluid
625,0.24405,0.391542,,1000.02,-0.00177767,0.251597,,0.101201,0.000452148,0.101202,,-3.75099e-05,8.13498e-05,-0.000716069,fluid
626,0.160237,0.432654,,1000.02,-0.000296944,0.273694,,0.100905,0.000235148,0.100906,,2.40311e-05,-7.39102e-05,0.00120652,fluid
627,0.0698648,0.456053,,1000.02,-0.000477624,0.3018,,0.10081,0.000518921,0.100811,,1.7436e-05,5.93096e-05,-0.000232714,fluid
628,-0.0233682,0.460781,,1000.02,-0.000311311,0.321809,,0.100582,0.000598307,0.100584,,6.42692e-06,-1.01727e-05,0.000403212,fluid
629,-0.115644,0.446645,,1000.02,-0.000311531,0.343047,,0.100393,0.000637623,0.100395,,1.12505e-05,8.02251e-06,0.000261748,fluid
630,-0.203186,0.414223,,1000.02,-0.000255841,0.373755,,0.100186,0.000663689,0.100188,,1.8488e-06,5.05824e-06,0.000181095,fluid
631,-0.282409,0.364843,,1000.02,-0.000278245,0.397466,,0.100004,0.000621329,0.100006,,7.28975e-06,3.65648e-06,0.000229221,fluid
632,-0.350071,0.300526,,1000.03,-0.000269093,0.413526,,0.0998381,0.000536288,0.0998395,,5.97089e-07,5.55604e-06,0.000142232,fluid
633,-0.4034,0.223905,,1000.03,-0.000261812,0.430011,,0.0996942,0.000411405,0.0996951,,-3.56573e-07,-2.31416e-07,0.000137492,fluid
634,-0.440215,0.138118,,1000.03,-0.000264164,0.4409,,0.0996018,0.000260859,0.0996022,,1.02015e-06,-7.77128e-07,0.000106832,fluid
635,-0.459006,0.0466764,,1000.03,-0.00026492,0.446387,,0.0995519,8.59298e-05,0.0995519,,4.9783e-07,-9.87587e-07,3.9364e-05,fluid
636,-0.459006,-0.0466764,,1000.03,-0.00026492,0.446387,,0.0995519,-8.59298e-05,0.0995519,,4.9783e-07,9.87587e-07,-3.9364e-05,fluid
637,-0.440215,-0.138118,,1000.03,-0.000264164,0.4409,,0.0996018,-0.000260859,0.0996022,,1.02015e-06,7.77128e-07,-0.000106832,fluid
638,-0.4034,-0.223905,,1000.03,-0.000261812,0.430011,,0.0996942,-0.000411405,0.0996951,,-3.56573e-07,2.31416e-07,-0.000137492,fluid
639,-0.350071,-0.300526,,1000.03,-0.000269093,0.413526,,0.0998381,-0.000536288,0.0998395,,5.97089e-07,-5.55604e-06,-0.000142232,fluid
640,-0.282409,-0.364843,,1000.02,-0.000278245,0.397466,,0.100004,-0.000621329,0.100006,,7.28975e-06,-3.65648e-06,-0.000229221,fluid
641,-0.203186,-0.414223,,1000.02,-0.000255841,0.373755,,0.100186,-0.000663689,0.100188,,1.8488e-06,-5.05824e-06,-0.000181095,fluid
642,-0.115644,-0.446645,,1000.02,-0.000311531,0.343047,,0.100393,-0.000637623,0.100395,,1.12505e-05,-8.02251e-06,-0.000261748,fluid
643,-0.0233682,-0.460781,,1000.02,-0.000311311,0.321809,,0.100582,-0.000598307,0.100584,,6.42692e-06,1.01727e-05,-0.000403212,fluid
644,0.0698648,-0.456053,,1000.02,-0.000477624,0.3018,,0.10081,-0.000518921,0.100811,,1.7436e-05,-5.93096e-05,0.000232714,fluid
645,0.160237,-0.432654,,1000.02,-0.000296944,0.273694,,0.100905,-0.000235148,0.100906,,2.40311e-05,7.39102e-05,-0.00120652,fluid
646,0.24405,-0.391542,,1000.02,-0.00177767,0.251597,,0.101201,-0.000452148,0.101202,,-3.75099e-05,-8.13498e-05,0.000716069,fluid
647,0.317871,-0.3344,,1000.02,-0.000658752,0.286502,,0.101203,0.000380838,0.101204,,0.000163106,-0.000144177,0.00115317,fluid
648,0.378678,-0.263568,,1000.02,-0.000737379,0.288929,,0.101198,0.000237978,0.101198,,-0.000102206,0.000455616,-0.00857049,fluid
649,0.423983,-0.181945,,1000.02,0.00078944,0.311837,,0.102863,-0.000856241,0.102867,,2.45768e-05,-1.07482e-05,0.0228522,fluid
650,0.451929,-0.0928738,,1000.02,0.00193025,0.344487,,0.0973775,0.00129209,0.0973861,,0.000187408,-0.000381278,0.0612567,fluid
651,0.5003,0,,999.996,-0.00422082,-0.0581523,,0.0913313,-1.76254e-15,0.0913313,,-0.000678952,-9.20268e-15,3.01281e-15,fluid
652,0.490059,0.10071,,1000,-0.00141034,0.0769263,,0.097213,-0.00159617,0.0972261,,3.48301e-05,0.000400606,-0.0514297,fluid
653,0.459754,0.197296,,1000.01,-0.000246402,0.203073,,0.102502,0.000592222,0.102504,,8.94187e-05,0.000269095,-0.0215795,fluid
654,0.410628,0.285805,,1000.02,0.00183582,0.311263,,0.101191,1.30382e-06,0.101191,,-8.8336e-05,-0.000331739,0.00668443,fluid
655,0.34469,0.362614,,1000.02,0.00161091,0.362592,,0.101125,-0.000324763,0.101126,,0.00015633,5.36085e-05,0.000107185,fluid
656,0.264641,0.424576,,1000.02,-0.000506659,0.333236,,0.101161,0.000381552,0.101162,,1.94017e-05,0.000103282,-0.000748733,fluid
657,0.173757,0.469157,,1000.02,-0.000295018,0.33451,,0.100858,0.000295128,0.100859,,1.62258e-05,-4.33005e-05,0.000868786,fluid
658,0.0757593,0.49453,,1000.02,-0.000289029,0.355839,,0.100733,0.000509181,0.100734,,1.70435e-05,4.37398e-05,-6.74445e-05,fluid
659,-0.0253398,0.499658,,1000.02,-0.000253436,0.36718,,0.100553,0.000580496,0.100555,,6.9029e-06,-1.17232e-06,0.00032869,fluid
660,-0.125401,0.484329,,1000.02,-0.000296128,0.371844,,0.100375,0.000600943,0.100377,,1.11865e-05,5.13878e-06,0.00028991,fluid
661,-0.220329,0.449171,,1000.02,-0.000262291,0.383752,,0.100177,0.000593734,0.100178,,1.94201e-06,3.56472e-06,0.000203595,fluid
662,-0.306236,0.395625,,1000.03,-0.000255155,0.406222,,0.100002,0.000558639,0.100003,,4.05355e-06,3.22191e-06,0.000214939,fluid
663,-0.379606,0.325881,,1000.03,-0.000266388,0.422214,,0.0998595,0.000484316,0.0998607,,1.24319e-06,2.73255e-06,0.000178097,fluid
664,-0.437435,0.242796,,1000.03,-0.000250522,0.434589,,0.0997297,0.000365796,0.0997303,,-3.26705e-07,-1.09602e-06,0.000147849,fluid
665,-0.477356,0.149771,,1000.03,-0.000248376,0.445259,,0.0996462,0.000232588,0.0996465,,6.03358e-07,-5.15298e-07,0.000105899,fluid
666,-0.497733,0.0506145,,1000.03,-0.00025001,0.449869,,0.099602,7.69499e-05,0.099602,,-8.21423e-08,-6.64112e-07,3.73541e-05,fluid
667,-0.497733,-0.0506145,,1000.03,-0.00025001,0.449869,,0.099602,-7.69499e-05,0.099602,,-8.21423e-08,6.64112e-07,-3.73541e-05,fluid
668,-0.477356,-0.149771,,1000.03,-0.000248376,0.445259,,0.0996462,-0.000232588,0.0996465,,6.03358e-07,5.15298e-07,-0.000105899,fluid
669,-0.437435,-0.242796,,1000.03,-0.000250522,0.434589,,0.0997297,-0.000365796,0.0997303,,-3.26705e-07,1.09602e-06,-0.000147849,fluid
670,-0.379606,-0.325881,,1000.03,-0.000266388,0.422214,,0.0998595,-0.000484316,0.0998607,,1.24319e-06,-2.73255e-06,-0.000178097,fluid
671,-0.306236,-0.395625,,1000.03,-0.000255155,0.406222,,0.100002,-0.000558639,0.100003,,4.05355e-06,-3.22191e-06,-0.000214939,fluid
672,-0.220329,-0.449171,,1000.02,-0.000262291,0.383752,,0.100177,-0.000593734,0.100178,,1.94201e-06,-3.56472e-06,-0.000203595,fluid
673,-0.125401,-0.484329,,1000.02,-0.000296128,0.371844,,0.100375,-0.000600943,0.100377,,1.11865e-05,-5.13878e-06,-0.00028991,fluid
674,-0.0253398,-0.499658,,1000.02,-0.000253436,0.36718,,0.100553,-0.000580496,0.100555,,6.9029e-06,1.17232e-06,-0.00032869,fluid
675,0.0757593,-0.49453,,1000.02,-0.000289029,0.355839,,0.100733,-0.000509181,0.100734,,1.70435e-05,-4.37398e-05,6.74445e-05,fluid
676,0.173757,-0.469157,,1000.02,-0.000295018,0.33451,,0.100858,-0.000295128,0.100859,,1.62258e-05,4.33005e-05,-0.000868786,fluid
677,0.264641,-0.424576,,1000.02,-0.000506659,0.333236,,0.101161,-0.000381552,0.101162,,1.94017e-05,-0.000103282,0.000748733,fluid
678,0.34469,-0.362614,,1000.02,0.00161091,0.362592,,0.101125,0.000324763,0.101126,,0.00015633,-5.36085e-05,-0.000107185,fluid
679,0.410628,-0.285805,,1000.02,0.00183582,0.311263,,0.101191,-1.30382e-06,0.101191,,-8.8336e-05,0.000331739,-0.00668443,fluid
680,0.459754,-0.197296,,1000.01,-0.000246402,0.203073,,0.102502,-0.000592222,0.102504,,8.94187e-05,-0.000269095,0.0215795,fluid
681,0.490059,-0.10071,,1000,-0.00141034,0.0769263,,0.097213,0.00159617,0.0972261,,3.48301e-05,-0.000400606,0.0514297,fluid
682,0.541963,0,,1000.01,-0.00212424,0.193024,,0.0930527,-1.2429e-15,0.0930527,,-0.000690316,-7.76559e-15,5.5077e-15,fluid
683,0.530869,0.109096,,1000.01,-0.00134075,0.198284,,0.0978163,-0.00171802,0.0978313,,-2.15935e-05,0.000341111,-0.0419441,fluid
684,0.498041,0.213726,,1000.01,-0.00288778,0.178304,,0.102233,0.000204178,0.102233,,0.00013311,0.000385512,-0.0196814,fluid
685,0.444824,0.309606,,1000.01,-0.000908204,0.181151,,0.101096,4.44553e-05,0.101096,,-0.000162023,-0.000218335,0.00457436,fluid
686,0.373395,0.392811,,1000.02,0.000758539,0.258149,,0.100926,-0.000363403,0.100927,,8.59853e-05,-1.764e-05,0.00075933,fluid
687,0.286679,0.459934,,1000.02,0.000441815,0.299834,,0.101032,0.000226169,0.101033,,4.4897e-05,9.65438e-05,-0.000620194,fluid
688,0.188227,0.508227,,1000.02,6.28648e-05,0.319561,,0.10081,0.000233667,0.10081,,1.53828e-05,-2.56768e-05,0.000618439,fluid
689,0.0820683,0.535713,,1000.02,-0.000143929,0.327439,,0.100694,0.00039872,0.100694,,1.82701e-05,3.11914e-05,5.51095e-05,fluid
690,-0.02745,0.541267,,1000.02,-0.000163867,0.345597,,0.100516,0.000485899,0.100518,,7.14982e-06,3.58877e-06,0.000290059,fluid
691,-0.135844,0.524662,,1000.02,-0.000212464,0.367889,,0.100362,0.000533261,0.100364,,1.15422e-05,4.32968e-06,0.0003185,fluid
692,-0.238677,0.486577,,1000.02,-0.000258898,0.376805,,0.100199,0.00052486,0.1002,,4.40224e-06,1.94753e-06,0.000252585,fluid
693,-0.331739,0.428571,,1000.02,-0.000241327,0.391851,,0.100022,0.000484499,0.100023,,2.18265e-06,1.66092e-06,0.00022,fluid
694,-0.411219,0.35302,,1000.03,-0.000263952,0.410259,,0.0998946,0.000424628,0.0998955,,2.22788e-06,9.07334e-07,0.000203051,fluid
695,-0.473864,0.263016,,1000.03,-0.000263638,0.421021,,0.0997815,0.000320786,0.099782,,8.47547e-07,-1.34276e-06,0.000156429,fluid
696,-0.517108,0.162244,,1000.03,-0.000264006,0.43046,,0.0997049,0.000203073,0.0997052,,1.30712e-06,-3.79943e-07,0.000102714,fluid
697,-0.539182,0.0548295,,1000.03,-0.000265464,0.4348,,0.0996661,6.7784e-05,0.0996661,,6.345e-07,-4.81886e-07,3.62148e-05,fluid
698,-0.539182,-0.0548295,,1000.03,-0.000265464,0.4348,,0.0996661,-6.7784e-05,0.0996661,,6.345e-07,4.81886e-07,-3.62148e-05,fluid
699,-0.517108,-0.162244,,1000.03,-0.000264006,0.43046,,0.0997049,-0.000203073,0.0997052,,1.30712e-06,3.79943e-07,-0.000102714,fluid
700,-0.473864,-0.263016,,1000.03,-0.000263638,0.421021,,0.0997815,-0.000320786,0.099782,,8.47547e-07,1.34276e-06,-0.000156429,fluid
701,-0.411219,-0.35302,,1000.03,-0.000263952,0.410259,,0.0998946,-0.000424628,0.0998955,,2.22788e-06,-9.07334e-07,-0.000203051,fluid
702,-0.331739,-0.428571,,1000.02,-0.000241327,0.391851,,0.100022,-0.000484499,0.100023,,2.18265e-06,-1.66092e-06,-0.00022,fluid
703,-0.238677,-0.486577,,1000.02,-0.000258898,0.376805,,0.100199,-0.00052486,0.1002,,4.40224e-06,-1.94753e-06,-0.000252585,fluid
704,-0.135844,-0.524662,,1000.02,-0.000212464,0.367889,,0.100362,-0.000533261,0.100364,,1.15422e-05,-4.32968e-06,-0.0003185,fluid
705,-0.02745,-0.541267,,1000.02,-0.000163867,0.345597,,0.100516,-0.000485899,0.100518,,7.14982e-06,-3.58877e-06,-0.000290059,fluid
706,0.0820683,-0.535713,,1000.02,-0.000143929,0.327439,,0.100694,-0.00039872,0.100694,,1.82701e-05,-3.11914e-05,-5.51095e-05,fluid
707,0.188227,-0.508227,,1000.02,6.28648e-05,0.319561,,0.10081,-0.000233667,0.10081,,1.53828e-05,2.56768e-05,-0.000618439,fluid
708,0.286679,-0.459934,,1000.02,0.000441815,0.299834,,0.101032,-0.000226169,0.101033,,4.4897e-05,-9.65438e-05,0.000620194,fluid
709,0.373395,-0.392811,,1000.02,0.000758539,0.258149,,0.100926,0.000363403,0.100927,,8.59853e-05,1.764e-05,-0.00075933,fluid
710,0.444824,-0.309606,,1000.01,-0.000908204,0.181151,,0.101096,-4.44553e-05,0.101096,,-0.000162023,0.000218335,-0.00457436,fluid
711,0.498041,-0.213726,,1000.01,-0.00288778,0.178304,,0.102233,-0.000204178,0.102233,,0.00013311,-0.000385512,0.0196814,fluid
712,0.530869,-0.109096,,1000.01,-0.00134075,0.198284,,0.0978163,0.00171802,0.0978313,,-2.15935e-05,-0.000341111,0.0419441,fluid
713,0.586556,0,,1000.03,0.00456921,0.503015,,0.0946395,-6.96029e-16,0.0946395,,-0.000590948,-5.43969e-15,6.57627e-15,fluid
714,0.574549,0.118073,,1000.03,0.00284126,0.469151,,0.0985176,-0.00173949,0.0985329,,4.1384e-05,0.000254228,-0.0331622,fluid
715,0.53902,0.231312,,1000.02,-0.00158236,0.324621,,0.10213,-0.000156028,0.10213,,0.000241021,0.000406543,-0.0171915,fluid
716,0.481424,0.335081,,1000.01,-0.00294591,0.197784,,0.101192,2.47326e-05,0.101192,,-0.000138537,-0.000102718,0.00271023,fluid
717,0.404118,0.425132,,1000.01,-0.0023092,0.181945,,0.100827,-0.000381969,0.100827,,2.94664e-07,-8.5672e-05,0.000990838,fluid
718,0.310267,0.497777,,1000.01,-0.000677621,0.228157,,0.100898,7.37629e-05,0.100898,,2.77039e-05,6.11051e-05,-0.000440901,fluid
719,0.203714,0.550044,,1000.02,-0.00023407,0.257764,,0.100756,0.00012188,0.100756,,1.06331e-05,-2.06441e-05,0.000439675,fluid
720,0.0888209,0.579792,,1000.02,-0.00033303,0.265937,,0.10065,0.00024746,0.10065,,1.87325e-05,1.6737e-05,0.000125427,fluid
721,-0.0297086,0.585803,,1000.02,-0.000291092,0.293059,,0.100474,0.00035053,0.100474,,4.69468e-06,2.94333e-06,0.000258187,fluid
722,-0.147022,0.567832,,1000.02,-0.000235084,0.331555,,0.100324,0.000426517,0.100325,,7.41726e-06,2.70714e-06,0.000324541,fluid
723,-0.258316,0.526613,,1000.02,-0.00028109,0.360135,,0.100207,0.000446688,0.100208,,6.1894e-06,9.21107e-07,0.000299234,fluid
724,-0.359035,0.463834,,1000.02,-0.000267543,0.372314,,0.100052,0.000413379,0.100053,,1.70035e-06,8.82194e-07,0.000237977,fluid
725,-0.445054,0.382067,,1000.02,-0.000277598,0.389374,,0.0999309,0.000359797,0.0999316,,2.11427e-06,2.58344e-07,0.000216193,fluid
726,-0.512853,0.284657,,1000.03,-0.00028208,0.401526,,0.0998339,0.000274639,0.0998342,,1.0273e-06,-6.26278e-07,0.000160892,fluid
727,-0.559656,0.175593,,1000.03,-0.00029146,0.409775,,0.099765,0.000172898,0.0997652,,1.08322e-06,7.09846e-08,9.82833e-05,fluid
728,-0.583547,0.0593409,,1000.03,-0.000291248,0.414192,,0.0997308,5.80035e-05,0.0997309,,4.47658e-07,-2.4696e-07,3.49861e-05,fluid
729,-0.583547,-0.0593409,,1000.03,-0.000291248,0.414192,,0.0997308,-5.80035e-05,0.0997309,,4.47658e-07,2.4696e-07,-3.49861e-05,fluid
730,-0.559656,-0.175593,,1000.03,-0.00029146,0.409775,,0.099765,-0.000172898,0.0997652,,1.08322e-06,-7.09846e-08,-9.82833e-05,fluid
731,-0.512853,-0.284657,,1000.03,-0.00028208,0.401526,,0.0998339,-0.000274639,0.0998342,,1.0273e-06,6.26278e-07,-0.000160892,fluid
732,-0.445054,-0.382067,,1000.02,-0.000277598,0.389374,,0.0999309,-0.000359797,0.0999316,,2.11427e-06,-2.58344e-07,-0.000216193,fluid
733,-0.359035,-0.463834,,1000.02,-0.000267543,0.372314,,0.100052,-0.000413379,0.100053,,1.70035e-06,-8.82194e-07,-0.000237977,fluid
734,-0.258316,-0.526613,,1000.02,-0.00028109,0.360135,,0.100207,-0.000446688,0.100208,,6.1894e-06,-9.21107e-07,-0.000299234,fluid
735,-0.147022,-0.567832,,1000.02,-0.000235084,0.331555,,0.100324,-0.000426517,0.100325,,7.41726e-06,-2.70714e-06,-0.000324541,fluid
736,-0.0297086,-0.585803,,1000.02,-0.000291092,0.293059,,0.100474,-0.00035053,0.100474,,4.69468e-06,-2.94333e-06,-0.000258187,fluid
737,0.0888209,-0.579792,,1000.02,-0.00033303,0.265937,,0.10065,-0.00024746,0.10065,,1.87325e-05,-1.6737e-05,-0.000125427,fluid
738,0.203714,-0.550044,,1000.02,-0.00023407,0.257764,,0.100756,-0.00012188,0.100756,,1.06331e-05,2.06441e-05,-0.000439675,fluid
739,0.310267,-0.497777,,1000.01,-0.000677621,0.228157,,0.100898,-7.37629e-05,0.100898,,2.77039e-05,-6.11051e-05,0.000440901,fluid
740,0.404118,-0.425132,,1000.01,-0.0023092,0.181945,,0.100827,0.000381969,0.100827,,2.94664e-07,8.5672e-05,-0.000990838,fluid
741,0.481424,-0.335081,,1000.01,-0.00294591,0.197784,,0.101192,-2.47326e-05,0.101192,,-0.000138537,0.000102718,-0.00271023,fluid
742,0.53902,-0.231312,,1000.02,-0.00158236,0.324621,,0.10213,0.000156028,0.10213,,0.000241021,-0.000406543,0.0171915,fluid
743,0.574549,-0.118073,,1000.03,0.00284126,0.469151,,0.0985176,0.00173949,0.0985329,,4.1384e-05,-0.000254228,0.0331622,fluid
744,0.634285,0,,1000,-0.00173042,0.0358105,,0.0949346,-3.97831e-16,0.0949346,,-0.000842725,-3.41573e-15,6.48571e-15,fluid
745,0.621301,0.127681,,1000.01,0.00062272,0.184498,,0.0982948,-0.0018064,0.0983114,,-7.86191e-05,0.000134941,-0.0253602,fluid
746,0.582881,0.250134,,1000.02,0.00155046,0.345455,,0.101822,-0.000409452,0.101823,,0.000326199,0.000404283,-0.0143891,fluid
747,0.520598,0.362347,,1000.02,0.00132202,0.373013,,0.101328,4.06238e-05,0.101328,,7.34318e-06,2.94282e-05,0.00124896,fluid
748,0.437001,0.459725,,1000.02,-0.0008294,0.337375,,0.100942,-0.000226083,0.100943,,3.79902e-05,-6.39221e-05,0.000960081,fluid
749,0.335514,0.538282,,1000.02,-0.00105991,0.305403,,0.100875,7.90106e-05,0.100875,,2.51022e-05,4.28018e-05,-0.000268261,fluid
750,0.22029,0.594802,,1000.02,-0.000454275,0.312771,,0.100709,0.000161834,0.100709,,8.48022e-06,-9.42973e-06,0.000297468,fluid
751,0.0960483,0.62697,,1000.02,-0.000403038,0.335196,,0.100576,0.000301772,0.100576,,1.27224e-05,1.026e-05,0.000123197,fluid
752,-0.032126,0.633471,,1000.02,-0.000429675,0.345308,,0.100446,0.000363918,0.100447,,4.41025e-06,-3.35654e-07,0.000226618,fluid
753,-0.158985,0.614037,,1000.02,-0.000324932,0.348134,,0.10029,0.000388881,0.100291,,3.88115e-06,7.25263e-07,0.000321638,fluid
754,-0.279335,0.569464,,1000.02,-0.000326533,0.373839,,0.100169,0.000397094,0.10017,,4.71007e-06,-9.27915e-07,0.00032469,fluid
755,-0.388249,0.501577,,1000.02,-0.000314362,0.388744,,0.100045,0.000375347,0.100045,,1.71652e-06,1.51995e-07,0.000253852,fluid
756,-0.481269,0.413156,,1000.03,-0.000312684,0.400534,,0.0999325,0.000320018,0.099933,,1.86797e-06,-4.76718e-07,0.000219598,fluid
757,-0.554585,0.30782,,1000.03,-0.000300165,0.412502,,0.0998465,0.000244372,0.0998468,,8.48448e-07,-2.87295e-07,0.000159391,fluid
758,-0.605196,0.189881,,1000.03,-0.000308566,0.420082,,0.0997851,0.000155286,0.0997852,,8.15833e-07,5.69984e-07,9.31956e-05,fluid
759,-0.63103,0.0641695,,1000.03,-0.000304882,0.424194,,0.0997544,5.20738e-05,0.0997545,,1.38104e-07,-7.77692e-08,3.34599e-05,fluid
760,-0.63103,-0.0641695,,1000.03,-0.000304882,0.424194,,0.0997544,-5.20738e-05,0.0997545,,1.38104e-07,7.77692e-08,-3.34599e-05,fluid
761,-0.605196,-0.189881,,1000.03,-0.000308566,0.420082,,0.0997851,-0.000155286,0.0997852,,8.15833e-07,-5.69984e-07,-9.31956e-05,fluid
762,-0.554585,-0.30782,,1000.03,-0.000300165,0.412502,,0.0998465,-0.000244372,0.0998468,,8.48448e-07,2.87295e-07,-0.000159391,fluid
763,-0.481269,-0.413156,,1000.03,-0.000312684,0.400534,,0.0999325,-0.000320018,0.099933,,1.86797e-06,4.76718e-07,-0.000219598,fluid
764,-0.388249,-0.501577,,1000.02,-0.000314362,0.388744,,0.100045,-0.000375347,0.100045,,1.71652e-06,-1.51995e-07,-0.000253852,fluid
765,-0.279335,-0.569464,,1000.02,-0.000326533,0.373839,,0.100169,-0.000397094,0.10017,,4.71007e-06,9.27915e-07,-0.00032469,fluid
766,-0.158985,-0.614037,,1000.02,-0.000324932,0.348134,,0.10029,-0.000388881,0.100291,,3.88115e-06,-7.25263e-07,-0.000321638,fluid
767,-0.032126,-0.633471,,1000.02,-0.000429675,0.345308,,0.100446,-0.000363918,0.100447,,4.41025e-06,3.35654e-07,-0.000226618,fluid
768,0.0960483,-0.62697,,1000.02,-0.000403038,0.335196,,0.100576,-0.000301772,0.100576,,1.27224e-05,-1.026e-05,-0.000123197,fluid
769,0.22029,-0.594802,,1000.02,-0.000454275,0.312771,,0.100709,-0.000161834,0.100709,,8.48022e-06,9.42973e-06,-0.000297468,fluid
770,0.335514,-0.538282,,1000.02,-0.00105991,0.305403,,0.100875,-7.90106e-05,0.100875,,2.51022e-05,-4.28018e-05,0.000268261,fluid
771,0.437001,-0.459725,,1000.02,-0.0008294,0.337375,,0.100942,0.000226083,0.100943,,3.79902e-05,6.39221e-05,-0.000960081,fluid
772,0.520598,-0.362347,,1000.02,0.00132202,0.373013,,0.101328,-4.06238e-05,0.101328,,7.34318e-06,-2.94282e-05,-0.00124896,fluid
773,0.582881,-0.250134,,1000.02,0.00155046,0.345455,,0.101822,0.000409452,0.101823,,0.000326199,-0.000404283,0.0143891,fluid
774,0.621301,-0.127681,,1000.01,0.00062272,0.184498,,0.0982948,0.0018064,0.0983114,,-7.86191e-05,-0.000134941,0.0253602,fluid
775,0.685369,0,,999.989,-0.00778687,-0.179246,,0.0958147,-4.3547e-16,0.0958147,,-0.000904092,-2.82795e-15,5.55644e-15,fluid
776,0.67134,0.137964,,999.997,-0.00446327,-0.0556286,,0.0983572,-0.00175291,0.0983728,,-0.000242856,-3.86961e-06,-0.0186753,fluid
777,0.629826,0.270279,,1000.01,-0.000391297,0.188986,,0.101363,-0.000651343,0.101366,,0.000286138,0.000323546,-0.0114698,fluid
778,0.562526,0.39153,,1000.02,0.00240813,0.323765,,0.10116,-5.62841e-05,0.10116,,3.43682e-05,9.04125e-05,0.000260396,fluid
779,0.472197,0.496751,,1000.03,0.00205693,0.401,,0.100895,-0.000188691,0.100895,,6.17211e-05,-3.40745e-05,0.000806919,fluid
780,0.362536,0.581635,,1000.02,7.8644e-05,0.372265,,0.10084,6.53575e-05,0.10084,,4.56086e-05,3.93034e-05,-9.40227e-05,fluid
781,0.238032,0.642707,,1000.02,-0.000200237,0.373245,,0.10066,0.000189663,0.10066,,1.21031e-05,2.88859e-06,0.000247343,fluid
782,0.103784,0.677466,,1000.02,-0.000177195,0.394006,,0.10052,0.000322383,0.10052,,8.79492e-06,1.3477e-05,0.000147879,fluid
783,-0.0347134,0.68449,,1000.02,-0.000322723,0.395855,,0.100431,0.000378091,0.100432,,6.23071e-06,3.319e-06,0.000227642,fluid
784,-0.17179,0.66349,,1000.02,-0.000325356,0.381246,,0.100282,0.000380793,0.100283,,3.94499e-06,4.0451e-07,0.000334679,fluid
785,-0.301833,0.615328,,1000.02,-0.000332627,0.383974,,0.100146,0.000357605,0.100146,,3.40599e-06,-2.31327e-06,0.000354055,fluid
786,-0.419519,0.541974,,1000.03,-0.000326727,0.400317,,0.100032,0.000337024,0.100033,,1.28478e-06,-6.20837e-07,0.000274812,fluid
787,-0.52003,0.446431,,1000.03,-0.000336435,0.410344,,0.0999339,0.000289045,0.0999343,,2.29403e-06,-8.44908e-07,0.000228097,fluid
788,-0.59925,0.332611,,1000.03,-0.000319338,0.419815,,0.0998564,0.000216953,0.0998566,,1.19184e-06,-5.9841e-07,0.00016266,fluid
789,-0.653938,0.205174,,1000.03,-0.000320806,0.427121,,0.0998009,0.000137513,0.099801,,1.18061e-06,4.11918e-07,9.26581e-05,fluid
790,-0.681853,0.0693377,,1000.03,-0.000317198,0.43055,,0.0997743,4.54775e-05,0.0997743,,6.30711e-07,-3.09124e-07,3.33662e-05,fluid
791,-0.681853,-0.0693377,,1000.03,-0.000317198,0.43055,,0.0997743,-4.54775e-05,0.0997743,,6.30711e-07,3.09124e-07,-3.33662e-05,fluid
792,-0.653938,-0.205174,,1000.03,-0.000320806,0.427121,,0.0998009,-0.000137513,0.099801,,1.18061e-06,-4.11918e-07,-9.26581e-05,fluid
793,-0.59925,-0.332611,,1000.03,-0.000319338,0.419815,,0.0998564,-0.000216953,0.0998566,,1.19184e-06,5.9841e-07,-0.00016266,fluid
794,-0.52003,-0.446431,,1000.03,-0.000336435,0.410344,,0.0999339,-0.000289045,0.0999343,,2.29403e-06,8.44908e-07,-0.000228097,fluid
795,-0.419519,-0.541974,,1000.03,-0.000326727,0.400317,,0.100032,-0.000337024,0.100033,,1.28478e-06,6.20837e-07,-0.000274812,fluid
796,-0.301833,-0.615328,,1000.02,-0.000332627,0.383974,,0.100146,-0.000357605,0.100146,,3.40599e-06,2.31327e-06,-0.000354055,fluid
797,-0.17179,-0.66349,,1000.02,-0.000325356,0.381246,,0.100282,-0.000380793,0.100283,,3.94499e-06,-4.0451e-07,-0.000334679,fluid
798,-0.0347134,-0.68449,,1000.02,-0.000322723,0.395855,,0.100431,-0.000378091,0.100432,,6.23071e-06,-3.319e-06,-0.000227642,fluid
799,0.103784,-0.677466,,1000.02,-0.000177195,0.394006,,0.10052,-0.000322383,0.10052,,8.79492e-06,-1.3477e-05,-0.000147879,fluid
800,0.238032,-0.642707,,1000.02,-0.000200237,0.373245,,0.10066,-0.000189663,0.10066,,1.21031e-05,-2.88859e-06,-0.000247343,fluid
801,0.362536,-0.581635,,1000.02,7.8644e-05,0.372265,,0.10084,-6.53575e-05,0.10084,,4.56086e-05,-3.93034e-05,9.40227e-05,fluid
802,0.472197,-0.496751,,1000.03,0.00205693,0.401,,0.100895,0.000188691,0.100895,,6.17211e-05,3.40745e-05,-0.000806919,fluid
803,0.562526,-0.39153,,1000.02,0.00240813,0.323765,,0.10116,5.62841e-05,0.10116,,3.43682e-05,-9.04125e-05,-0.000260396,fluid
804,0.629826,-0.270279,,1000.01,-0.000391297,0.188986,,0.101363,0.000651343,0.101366,,0.000286138,-0.000323546,0.0114698,fluid
805,0.67134,-0.137964,,999.997,-0.00446327,-0.0556286,,0.0983572,0.00175291,0.0983728,,-0.000242856,3.86961e-06,0.0186753,fluid
806,0.740046,0,,1000.03,0.00213281,0.512144,,0.0977521,-4.61089e-16,0.0977521,,-0.000505522,-3.15121e-15,4.26131e-15,fluid
807,0.724897,0.14897,,1000.02,-0.000134181,0.379819,,0.0994202,-0.00158547,0.0994329,,-6.22845e-05,-0.00012025,-0.013208,fluid
808,0.680071,0.291842,,1000.01,-0.00343668,0.191659,,0.101208,-0.000931955,0.101213,,0.000242272,0.000140088,-0.00860409,fluid
809,0.607403,0.422765,,1000.01,-0.00282808,0.115145,,0.100937,-0.000303789,0.100938,,-1.23892e-05,7.222e-05,-0.000184256,fluid
810,0.509867,0.53638,,1000.01,0.000113707,0.214813,,0.100695,-0.000320494,0.100695,,6.6286e-06,-4.0294e-05,0.00069904,fluid
811,0.391458,0.628036,,1000.02,0.00019726,0.268166,,0.100707,-8.86529e-05,0.100707,,4.32479e-05,1.74273e-05,0.000116188,fluid
812,0.257022,0.69398,,1000.02,-0.000224709,0.293372,,0.100619,4.31881e-05,0.100619,,1.84614e-05,-3.01581e-06,0.000349244,fluid
813,0.112064,0.731512,,1000.02,-0.000166069,0.293914,,0.100516,0.00014462,0.100516,,1.10634e-05,8.01128e-06,0.000308737,fluid
814,-0.0374827,0.739096,,1000.02,-0.000216856,0.317614,,0.100381,0.000236886,0.100381,,3.5862e-06,4.04415e-06,0.000287448,fluid
815,-0.185494,0.716422,,1000.02,-0.000284846,0.348096,,0.100264,0.000293281,0.100264,,2.71643e-06,7.84083e-07,0.000344792,fluid
816,-0.325912,0.664417,,1000.02,-0.000299299,0.355463,,0.100166,0.000290049,0.100166,,4.1296e-06,-2.11153e-06,0.000387608,fluid
817,-0.452987,0.585211,,1000.02,-0.000301616,0.369292,,0.100054,0.000266235,0.100054,,1.0788e-06,-5.9697e-07,0.000299644,fluid
818,-0.561516,0.482046,,1000.02,-0.000319602,0.382911,,0.0999694,0.000237934,0.0999697,,2.59419e-06,3.06598e-08,0.000239587,fluid
819,-0.647057,0.359146,,1000.02,-0.000320063,0.391075,,0.0999038,0.000178512,0.099904,,1.58562e-06,-1.19134e-07,0.000170684,fluid
820,-0.706107,0.221543,,1000.02,-0.00032048,0.398421,,0.0998544,0.000114752,0.0998544,,1.50837e-06,8.62272e-07,9.58778e-05,fluid
821,-0.736249,0.0748692,,1000.03,-0.00032182,0.401456,,0.0998317,3.88196e-05,0.0998317,,1.08903e-06,-7.01097e-08,3.48489e-05,fluid
822,-0.736249,-0.0748692,,1000.03,-0.00032182,0.401456,,0.0998317,-3.88196e-05,0.0998317,,1.08903e-06,7.01097e-08,-3.48489e-05,fluid
823,-0.706107,-0.221543,,1000.02,-0.00032048,0.398421,,0.0998544,-0.000114752,0.0998544,,1.50837e-06,-8.62272e-07,-9.58778e-05,fluid
824,-0.647057,-0.359146,,1000.02,-0.000320063,0.391075,,0.0999038,-0.000178512,0.099904,,1.58562e-06,1.19134e-07,-0.000170684,fluid
825,-0.561516,-0.482046,,1000.02,-0.000319602,0.382911,,0.0999694,-0.000237934,0.0999697,,2.59419e-06,-3.06597e-08,-0.000239587,fluid
826,-0.452987,-0.585211,,1000.02,-0.000301616,0.369292,,0.100054,-0.000266235,0.100054,,1.0788e-06,5.9697e-07,-0.000299644,fluid
827,-0.325912,-0.664417,,1000.02,-0.000299299,0.355463,,0.100166,-0.000290049,0.100166,,4.1296e-06,2.11153e-06,-0.000387608,fluid
828,-0.185494,-0.716422,,1000.02,-0.000284846,0.348096,,0.100264,-0.000293281,0.100264,,2.71643e-06,-7.84083e-07,-0.000344792,fluid
829,-0.0374827,-0.739096,,1000.02,-0.000216856,0.317614,,0.100381,-0.000236886,0.100381,,3.5862e-06,-4.04415e-06,-0.000287448,fluid
830,0.112064,-0.731512,,1000.02,-0.000166069,0.293914,,0.100516,-0.00014462,0.100516,,1.10634e-05,-8.01128e-06,-0.000308737,fluid
831,0.257022,-0.69398,,1000.02,-0.000224709,0.293372,,0.100619,-4.31881e-05,0.100619,,1.84614e-05,3.01581e-06,-0.000349244,fluid
832,0.391458,-0.628036,,1000.02,0.00019726,0.268166,,0.100707,8.86529e-05,0.100707,,4.32479e-05,-1.74273e-05,-0.000116188,fluid
833,0.509867,-0.53638,,1000.01,0.000113707,0.214813,,0.100695,0.000320494,0.100695,,6.6286e-06,4.0294e-05,-0.00069904,fluid
834,0.607403,-0.422765,,1000.01,-0.00282808,0.115145,,0.100937,0.000303789,0.100938,,-1.23892e-05,-7.222e-05,0.000184256,fluid
835,0.680071,-0.291842,,1000.01,-0.00343668,0.191659,,0.101208,0.000931955,0.101213,,0.000242272,-0.000140088,0.00860409,fluid
836,0.724897,-0.14897,,1000.02,-0.000134181,0.379819,,0.0994202,0.00158547,0.0994329,,-6.22845e-05,0.00012025,0.013208,fluid
837,0.798568,0,,1000.04,0.00625598,0.608713,,0.0984255,-1.33439e-16,0.0984255,,-0.000377423,-3.46448e-15,2.97385e-15,fluid
838,0.782221,0.160751,,1000.03,0.00366302,0.523288,,0.0997213,-0.00145034,0.0997318,,5.45171e-07,-0.000196348,-0.00889486,fluid
839,0.73385,0.31492,,1000.02,-0.00114617,0.334649,,0.101157,-0.00102247,0.101162,,0.000274248,2.19039e-05,-0.00600951,fluid
840,0.655435,0.456196,,1000.01,-0.00382173,0.186209,,0.100953,-0.000421378,0.100954,,2.6574e-05,3.56785e-05,-0.000231042,fluid
841,0.550187,0.578796,,1000.01,-0.00241977,0.175308,,0.100645,-0.000359266,0.100645,,-1.9678e-05,-5.40006e-05,0.000650966,fluid
842,0.422414,0.6777,,1000.01,-0.000680635,0.223239,,0.100604,-0.000164826,0.100604,,2.25038e-05,-8.92286e-06,0.000295884,fluid
843,0.277347,0.748859,,1000.02,-0.000489151,0.249508,,0.100557,-4.52199e-05,0.100557,,1.82506e-05,-1.38665e-05,0.000484488,fluid
844,0.120925,0.789359,,1000.02,-0.000439068,0.240688,,0.100486,1.7912e-05,0.100486,,1.33929e-05,-5.6386e-06,0.000510896,fluid
845,-0.0404468,0.797543,,1000.02,-0.000309047,0.271229,,0.10035,0.000106708,0.10035,,3.92662e-06,-2.12848e-06,0.000428233,fluid
846,-0.200163,0.773075,,1000.02,-0.000289604,0.320699,,0.100226,0.000209561,0.100226,,-3.4334e-07,3.93541e-07,0.000371421,fluid
847,-0.351685,0.716958,,1000.02,-0.000300394,0.344505,,0.10016,0.000229696,0.10016,,4.62784e-06,-1.63898e-06,0.000412087,fluid
848,-0.488808,0.631488,,1000.02,-0.000294863,0.353554,,0.100068,0.000205716,0.100068,,1.47875e-06,2.21935e-08,0.00032238,fluid
849,-0.60592,0.520165,,1000.02,-0.000293945,0.368588,,0.0999901,0.000187805,0.0999902,,1.99885e-06,1.16745e-06,0.000245506,fluid
850,-0.698225,0.387546,,1000.02,-0.000306538,0.376721,,0.0999389,0.000142993,0.099939,,1.28182e-06,8.17713e-07,0.000175683,fluid
851,-0.761945,0.239062,,1000.02,-0.000307244,0.383755,,0.0998954,9.10127e-05,0.0998955,,8.74931e-07,1.13311e-06,9.74147e-05,fluid
852,-0.794471,0.0807898,,1000.02,-0.000311513,0.386789,,0.099877,3.16055e-05,0.0998771,,5.62949e-07,8.52355e-08,3.56444e-05,fluid
853,-0.794471,-0.0807898,,1000.02,-0.000311513,0.386789,,0.099877,-3.16055e-05,0.0998771,,5.62949e-07,-8.52355e-08,-3.56444e-05,fluid
854,-0.761945,-0.239062,,1000.02,-0.000307244,0.383755,,0.0998954,-9.10127e-05,0.0998955,,8.74931e-07,-1.13311e-06,-9.74147e-05,fluid
855,-0.698225,-0.387546,,1000.02,-0.000306538,0.376721,,0.0999389,-0.000142993,0.099939,,1.28182e-06,-8.17713e-07,-0.000175683,fluid
856,-0.60592,-0.520165,,1000.02,-0.000293945,0.368588,,0.0999901,-0.000187805,0.0999902,,1.99885e-06,-1.16745e-06,-0.000245506,fluid
857,-0.488808,-0.631488,,1000.02,-0.000294863,0.353554,,0.100068,-0.000205716,0.100068,,1.47875e-06,-2.21935e-08,-0.00032238,fluid
858,-0.351685,-0.716958,,1000.02,-0.000300394,0.344505,,0.10016,-0.000229696,0.10016,,4.62784e-06,1.63898e-06,-0.000412087,fluid
859,-0.200163,-0.773075,,1000.02,-0.000289604,0.320699,,0.100226,-0.000209561,0.100226,,-3.4334e-07,-3.93541e-07,-0.000371421,fluid
860,-0.0404468,-0.797543,,1000.02,-0.000309047,0.271229,,0.10035,-0.000106708,0.10035,,3.92662e-06,2.12848e-06,-0.000428233,fluid
861,0.120925,-0.789359,,1000.02,-0.000439068,0.240688,,0.100486,-1.7912e-05,0.100486,,1.33929e-05,5.6386e-06,-0.000510896,fluid
862,0.277347,-0.748859,,1000.02,-0.000489151,0.249508,,0.100557,4.52199e-05,0.100557,,1.82506e-05,1.38665e-05,-0.000484488,fluid
863,0.422414,-0.6777,,1000.01,-0.000680635,0.223239,,0.100604,0.000164826,0.100604,,2.25038e-05,8.92286e-06,-0.000295884,fluid
864,0.550187,-0.578796,,1000.01,-0.00241977,0.175308,,0.100645,0.000359266,0.100645,,-1.9678e-05,5.40006e-05,-0.000650966,fluid
865,0.655435,-0.456196,,1000.01,-0.00382173,0.186209,,0.100953,0.000421378,0.100954,,2.6574e-05,-3.56785e-05,0.000231042,fluid
866,0.73385,-0.31492,,1000.02,-0.00114617,0.334649,,0.101157,0.00102247,0.101162,,0.000274248,-2.19039e-05,0.00600951,fluid
867,0.782221,-0.160751,,1000.03,0.00366302,0.523288,,0.0997213,0.00145034,0.0997318,,5.45171e-07,0.000196348,0.00889486,fluid
868,0.861204,0,,999.978,-0.00804467,-0.345778,,0.0979923,3.45626e-16,0.0979923,,-0.000563131,-3.6432e-15,1.72375e-15,fluid
869,0.843575,0.173359,,999.996,-0.00229784,-0.0568283,,0.0992885,-0.00132124,0.0992973,,-0.00010845,-0.000240723,-0.00561812,fluid
870,0.79141,0.339621,,1000.02,0.00405118,0.375919,,0.10094,-0.000968869,0.100945,,0.000300512,-2.55316e-05,-0.00391931,fluid
871,0.706845,0.491979,,1000.03,0.00269778,0.487886,,0.101046,-0.0003741,0.101047,,0.000154161,4.63483e-05,-0.000204529,fluid
872,0.593341,0.624195,,1000.03,-0.000402236,0.407695,,0.10076,-0.00020411,0.10076,,4.12717e-05,-1.26866e-05,0.000505223,fluid
873,0.455546,0.730856,,1000.02,-0.000568322,0.364893,,0.100611,-2.62629e-05,0.100611,,2.05995e-05,4.68449e-06,0.000299079,fluid
874,0.299101,0.807596,,1000.02,-0.000294029,0.364094,,0.100495,0.000102823,0.100495,,1.31617e-05,-2.35907e-07,0.000441799,fluid
875,0.13041,0.851273,,1000.02,-0.000482058,0.383406,,0.100403,0.000211858,0.100403,,7.5652e-06,-3.269e-06,0.000560425,fluid
876,-0.0436193,0.860099,,1000.02,-0.000445552,0.377904,,0.100321,0.000220065,0.100322,,4.37729e-06,-5.86234e-06,0.000616544,fluid
877,-0.215863,0.833712,,1000.02,-0.000375691,0.358927,,0.100176,0.000214754,0.100177,,-2.26764e-06,-2.31892e-06,0.000474161,fluid
878,-0.379269,0.773193,,1000.02,-0.00035374,0.380117,,0.100081,0.000227757,0.100082,,1.60297e-06,-2.60915e-06,0.000448446,fluid
879,-0.527148,0.681019,,1000.02,-0.000354441,0.386591,,0.100021,0.000200791,0.100022,,2.10089e-06,-1.40881e-06,0.000356242,fluid
880,-0.653446,0.560965,,1000.02,-0.000325079,0.397505,,0.0999464,0.000173475,0.0999466,,1.83664e-06,-2.09572e-07,0.000258113,fluid
881,-0.752991,0.417944,,1000.03,-0.000330084,0.405426,,0.0999051,0.000132659,0.0999052,,1.7316e-06,7.739e-08,0.000184041,fluid
882,-0.821709,0.257813,,1000.03,-0.000323588,0.411693,,0.0998669,8.23455e-05,0.099867,,1.32023e-06,4.71849e-07,0.00010129,fluid
883,-0.856786,0.0871266,,1000.03,-0.000324411,0.414759,,0.0998516,2.92171e-05,0.0998516,,1.11855e-06,-5.54649e-10,3.67059e-05,fluid
884,-0.856786,-0.0871266,,1000.03,-0.000324411,0.414759,,0.0998516,-2.92171e-05,0.0998516,,1.11855e-06,5.5465e-10,-3.67059e-05,fluid
885,-0.821709,-0.257813,,1000.03,-0.000323588,0.411693,,0.0998669,-8.23455e-05,0.099867,,1.32023e-06,-4.71849e-07,-0.00010129,fluid
886,-0.752991,-0.417944,,1000.03,-0.000330084,0.405426,,0.0999051,-0.000132659,0.0999052,,1.7316e-06,-7.739e-08,-0.000184041,fluid
887,-0.653446,-0.560965,,1000.02,-0.000325079,0.397505,,0.0999464,-0.000173475,0.0999466,,1.83664e-06,2.09572e-07,-0.000258113,fluid
888,-0.527148,-0.681019,,1000.02,-0.000354441,0.386591,,0.100021,-0.000200791,0.100022,,2.10089e-06,1.40881e-06,-0.000356242,fluid
889,-0.379269,-0.773193,,1000.02,-0.00035374,0.380117,,0.100081,-0.000227757,0.100082,,1.60297e-06,2.60915e-06,-0.000448446,fluid
890,-0.215863,-0.833712,,1000.02,-0.000375691,0.358927,,0.100176,-0.000214754,0.100177,,-2.26764e-06,2.31892e-06,-0.000474161,fluid
891,-0.0436193,-0.860099,,1000.02,-0.000445552,0.377904,,0.100321,-0.000220065,0.100322,,4.37729e-06,5.86234e-06,-0.000616544,fluid
892,0.13041,-0.851273,,1000.02,-0.000482058,0.383406,,0.100403,-0.000211858,0.100403,,7.5652e-06,3.269e-06,-0.000560425,fluid
893,0.299101,-0.807596,,1000.02,-0.000294029,0.364094,,0.100495,-0.000102823,0.100495,,1.31617e-05,2.35907e-07,-0.000441799,fluid
894,0.455546,-0.730856,,1000.02,-0.000568322,0.364893,,0.100611,2.62629e-05,0.100611,,2.05995e-05,-4.68449e-06,-0.000299079,fluid
895,0.593341,-0.624195,,1000.03,-0.000402236,0.407695,,0.10076,0.00020411,0.10076,,4.12717e-05,1.26866e-05,-0.000505223,fluid
896,0.706845,-0.491979,,1000.03,0.00269778,0.487886,,0.101046,0.0003741,0.101047,,0.000154161,-4.63483e-05,0.000204529,fluid
897,0.79141,-0.339621,,1000.02,0.00405118,0.375919,,0.10094,0.000968869,0.100945,,0.000300512,2.55316e-05,0.00391931,fluid
898,0.843575,-0.173359,,999.996,-0.00229784,-0.0568283,,0.0992885,0.00132124,0.0992973,,-0.00010845,0.000240723,0.00561812,fluid
899,0.928245,0,,999.966,-0.0146503,-0.547644,,0.0985003,5.38375e-16,0.0985003,,-0.000511401,-3.98776e-15,5.67578e-16,fluid
900,0.909244,0.186854,,999.982,-0.0079139,-0.284942,,0.0993394,-0.0011326,0.0993458,,-0.000181239,-0.000283333,-0.00324007,fluid
901,0.853018,0.366059,,1000.01,0.00227837,0.210212,,0.100583,-0.000916907,0.100587,,0.000206197,-8.90911e-05,-0.00240513,fluid
902,0.76187,0.530277,,1000.03,0.00466052,0.458084,,0.100803,-0.000388953,0.100804,,0.000142197,2.99407e-05,-0.000297152,fluid
903,0.63953,0.672785,,1000.03,0.00232977,0.483617,,0.100668,-0.00016351,0.100668,,6.56303e-05,7.53276e-06,0.000184879,fluid
904,0.491008,0.78775,,1000.03,0.000339779,0.435809,,0.100542,8.2187e-06,0.100542,,2.37386e-05,1.52695e-05,9.89917e-05,fluid
905,0.322384,0.870464,,1000.03,0.000118729,0.431056,,0.100397,0.00014314,0.100397,,7.63237e-06,1.0637e-05,0.000195798,fluid
906,0.140562,0.917541,,1000.03,-0.000150937,0.469259,,0.100288,0.000289982,0.100288,,1.07235e-06,7.25604e-06,0.000398732,fluid
907,-0.0470148,0.927054,,1000.03,-0.000303248,0.450782,,0.100288,0.000280179,0.100288,,4.04718e-06,4.66081e-07,0.000741409,fluid
908,-0.232667,0.898613,,1000.02,-0.000396307,0.393227,,0.100172,0.000208764,0.100172,,-6.74977e-08,-1.41686e-06,0.000611083,fluid
909,-0.408794,0.833383,,1000.02,-0.000375342,0.395836,,0.100045,0.00020715,0.100045,,5.93714e-07,-1.85562e-06,0.000489996,fluid
910,-0.568184,0.734034,,1000.03,-0.000401608,0.405564,,0.0999964,0.000186672,0.0999966,,2.19575e-06,-1.10965e-06,0.000389026,fluid
911,-0.704314,0.604633,,1000.03,-0.000381745,0.412319,,0.0999304,0.00015654,0.0999305,,2.13107e-06,-5.48103e-07,0.000275131,fluid
912,-0.811608,0.450479,,1000.03,-0.000379798,0.420105,,0.0998932,0.000119851,0.0998932,,2.06986e-06,-2.44215e-07,0.000194367,fluid
913,-0.885675,0.277882,,1000.03,-0.000371885,0.42527,,0.0998615,7.35974e-05,0.0998615,,1.89861e-06,-2.69611e-10,0.000107806,fluid
914,-0.923483,0.093909,,1000.03,-0.000369702,0.428216,,0.0998478,2.58698e-05,0.0998478,,1.75892e-06,-1.49985e-07,3.8148e-05,fluid
915,-0.923483,-0.093909,,1000.03,-0.000369702,0.428216,,0.0998478,-2.58698e-05,0.0998478,,1.75892e-06,1.49985e-07,-3.8148e-05,fluid
916,-0.885675,-0.277882,,1000.03,-0.000371885,0.42527,,0.0998615,-7.35974e-05,0.0998615,,1.89861e-06,2.69613e-10,-0.000107806,fluid
917,-0.811608,-0.450479,,1000.03,-0.000379798,0.420105,,0.0998932,-0.000119851,0.0998932,,2.06986e-06,2.44215e-07,-0.000194367,fluid
918,-0.704314,-0.604633,,1000.03,-0.000381745,0.412319,,0.0999304,-0.00015654,0.0999305,,2.13107e-06,5.48103e-07,-0.000275131,fluid
919,-0.568184,-0.734034,,1000.03,-0.000401608,0.405564,,0.0999964,-0.000186672,0.0999966,,2.19575e-06,1.10965e-06,-0.000389026,fluid
920,-0.408794,-0.833383,,1000.02,-0.000375342,0.395836,,0.100045,-0.00020715,0.100045,,5.93714e-07,1.85562e-06,-0.000489996,fluid
921,-0.232667,-0.898613,,1000.02,-0.000396307,0.393227,,0.100172,-0.000208764,0.100172,,-6.74977e-08,1.41686e-06,-0.000611083,fluid
922,-0.0470148,-0.927054,,1000.03,-0.000303248,0.450782,,0.100288,-0.000280179,0.100288,,4.04718e-06,-4.66081e-07,-0.000741409,fluid
923,0.140562,-0.917541,,1000.03,-0.000150937,0.469259,,0.100288,-0.000289982,0.100288,,1.07235e-06,-7.25604e-06,-0.000398732,fluid
924,0.322384,-0.870464,,1000.03,0.000118729,0.431056,,0.100397,-0.00014314,0.100397,,7.63237e-06,-1.0637e-05,-0.000195798,fluid
925,0.491008,-0.78775,,1000.03,0.000339779,0.435809,,0.100542,-8.2187e-06,0.100542,,2.37386e-05,-1.52695e-05,-9.89917e-05,fluid
926,0.63953,-0.672785,,1000.03,0.00232977,0.483617,,0.100668,0.00016351,0.100668,,6.56303e-05,-7.53276e-06,-0.000184879,fluid
927,0.76187,-0.530277,,1000.03,0.00466052,0.458084,,0.100803,0.000388953,0.100804,,0.000142197,-2.99407e-05,0.000297152,fluid
928,0.853018,-0.366059,,1000.01,0.00227837,0.210212,,0.100583,0.000916907,0.100587,,0.000206197,8.90911e-05,0.00240513,fluid
929,0.909244,-0.186854,,999.982,-0.0079139,-0.284942,,0.0993394,0.0011326,0.0993458,,-0.000181239,0.000283333,0.00324007,fluid
930,1,0,,1000.11,0.0201923,1.68488,,0.101288,1.7754e-16,0.101288,,0.000372703,-4.63647e-15,-2.68136e-16,fluid
931,0.97953,0.201299,,1000.07,0.00680602,1.04576,,0.101054,-0.000932247,0.101058,,0.000254389,-0.000331387,-0.00167839,fluid
932,0.918958,0.394356,,1000,-0.010102,0.0669804,,0.100529,-0.00105475,0.100534,,2.23582e-05,-0.000288423,-0.00142961,fluid
933,0.820763,0.571268,,999.987,-0.00870035,-0.206263,,0.100194,-0.000697837,0.100196,,-9.1182e-05,-9.83017e-05,-0.000479926,fluid
934,0.688967,0.724793,,1000,-0.00175954,0.000675154,,0.100202,-0.000447084,0.100203,,-3.52514e-05,-4.05168e-05,-0.000201493,fluid
935,0.528964,0.848644,,1000.01,-0.00093654,0.107217,,0.100268,-0.000295447,0.100268,,-6.95011e-06,-1.95585e-05,-0.000176384,fluid
936,0.347305,0.937752,,1000.01,-0.00075469,0.150189,,0.100232,-0.00019192,0.100232,,-7.1309e-06,-1.28533e-05,-9.51965e-05,fluid
937,0.151428,0.988468,,1000.01,-0.00044433,0.10777,,0.100143,-0.000122728,0.100143,,-8.40227e-06,-6.86546e-06,0.000138627,fluid
938,-0.0506492,0.998717,,1000.01,-0.000260162,0.170805,,0.100211,-5.29407e-05,0.100211,,-1.10378e-06,-3.82443e-06,0.00070997,fluid
939,-0.250653,0.968077,,1000.02,-0.000341619,0.289112,,0.10021,3.80621e-05,0.10021,,3.27792e-06,-7.36247e-07,0.000670247,fluid
940,-0.440394,0.897805,,1000.02,-0.000322127,0.296041,,0.100121,7.34001e-05,0.100121,,2.77223e-06,4.07713e-07,0.000497577,fluid
941,-0.612106,0.790776,,1000.02,-0.000342854,0.317749,,0.100079,8.4875e-05,0.100079,,2.63789e-06,1.42779e-06,0.000390375,fluid
942,-0.758758,0.651372,,1000.02,-0.000364476,0.327083,,0.100034,8.27456e-05,0.100034,,2.59433e-06,1.62759e-06,0.000277539,fluid
943,-0.874347,0.485302,,1000.02,-0.000372366,0.336504,,0.100003,6.87599e-05,0.100003,,1.87135e-06,1.18791e-06,0.000195159,fluid
944,-0.954139,0.299363,,1000.02,-0.000376991,0.341285,,0.0999792,4.54703e-05,0.0999792,,1.63319e-06,1.14956e-06,0.000110691,fluid
945,-0.994869,0.101168,,1000.02,-0.000380405,0.344116,,0.0999674,1.58146e-05,0.0999674,,1.34359e-06,1.87533e-07,3.81866e-05,fluid
946,-0.994869,-0.101168,,1000.02,-0.000380405,0.344116,,0.0999674,-1.58146e-05,0.0999674,,1.34359e-06,-1.87533e-07,-3.81866e-05,fluid
947,-0.954139,-0.299363,,1000.02,-0.000376991,0.341285,,0.0999792,-4.54703e-05,0.0999792,,1.63319e-06,-1.14956e-06,-0.000110691,fluid
948,-0.874347,-0.485302,,1000.02,-0.000372366,0.336504,,0.100003,-6.87599e-05,0.100003,,1.87135e-06,-1.18791e-06,-0.000195159,fluid
949,-0.758758,-0.651372,,1000.02,-0.000364476,0.327083,,0.100034,-8.27456e-05,0.100034,,2.59433e-06,-1.62759e-06,-0.000277539,fluid
950,-0.612106,-0.790776,,1000.02,-0.000342854,0.317749,,0.100079,-8.4875e-05,0.100079,,2.63789e-06,-1.42779e-06,-0.000390375,fluid
951,-0.440394,-0.897805,,1000.02,-0.000322127,0.296041,,0.100121,-7.34001e-05,0.100121,,2.77223e-06,-4.07713e-07,-0.000497577,fluid
952,-0.250653,-0.968077,,1000.02,-0.000341619,0.289112,,0.10021,-3.80621e-05,0.10021,,3.27792e-06,7.36247e-07,-0.000670247,fluid
953,-0.0506492,-0.998717,,1000.01,-0.000260162,0.170805,,0.100211,5.29407e-05,0.100211,,-1.10378e-06,3.82443e-06,-0.00070997,fluid
954,0.151428,-0.988468,,1000.01,-0.00044433,0.10777,,0.100143,0.000122728,0.100143,,-8.40227e-06,6.86546e-06,-0.000138627,fluid
955,0.347305,-0.937752,,1000.01,-0.00075469,0.150189,,0.100232,0.00019192,0.100232,,-7.1309e-06,1.28533e-05,9.51965e-05,fluid
956,0.528964,-0.848644,,1000.01,-0.00093654,0.107217,,0.100268,0.000295447,0.100268,,-6.95011e-06,1.95585e-05,0.000176384,fluid
957,0.688967,-0.724793,,1000,-0.00175954,0.000675154,,0.100202,0.000447084,0.100203,,-3.52514e-05,4.05168e-05,0.000201493,fluid
958,0.820763,-0.571268,,999.987,-0.00870035,-0.206263,,0.100194,0.000697837,0.100196,,-9.1182e-05,9.83017e-05,0.000479926,fluid
959,0.918958,-0.394356,,1000,-0.010102,0.0669804,,0.100529,0.00105475,0.100534,,2.23582e-05,0.000288423,0.00142961,fluid
960,0.97953,-0.201299,,1000.07,0.00680602,1.04576,,0.101054,0.000932247,0.101058,,0.000254389,0.000331387,0.00167839,fluid
961,1.0768,0,,999.974,0,-0.411714,,0.0998971,3.21211e-16,0.0998971,,0,0,0,buffer
962,1.05476,0.216758,,999.994,0,-0.0910827,,0.100149,-0.00083809,0.100152,,0,0,0,buffer
963,0.989534,0.424643,,1000.02,0,0.381901,,0.100502,-0.000928576,0.100507,,0,0,0,buffer
964,0.883798,0.615142,,1000.03,0,0.467334,,0.100561,-0.000601867,0.100563,,0,0,0,buffer
965,0.74188,0.780457,,1000.02,0,0.392913,,0.100498,-0.000338288,0.100499,,0,0,0,buffer
966,0.569589,0.913821,,1000.02,0,0.372773,,0.100442,-0.00016599,0.100443,,0,0,0,buffer
967,0.373978,1.00977,,1000.02,0,0.370805,,0.100369,-3.77103e-05,0.100369,,0,0,0,buffer
968,0.163058,1.06438,,1000.02,0,0.382456,,0.100296,5.13356e-05,0.100296,,0,0,0,buffer
969,-0.054539,1.07542,,1000.02,0,0.372463,,0.0999953,9.29918e-05,0.0999953,,0,0,0,buffer
970,-0.269903,1.04243,,1000.02,0,0.357758,,0.0999776,8.65804e-05,0.0999776,,0,0,0,buffer
971,-0.474217,0.966756,,1000.02,0,0.369972,,0.0999593,8.30368e-05,0.0999593,,0,0,0,buffer
972,-0.659116,0.851508,,1000.02,0,0.376204,,0.0999424,7.43698e-05,0.0999425,,0,0,0,buffer
973,-0.817031,0.701398,,1000.02,0,0.385928,,0.0999268,6.28428e-05,0.0999268,,0,0,0,buffer
974,-0.941497,0.522573,,1000.02,0,0.392517,,0.0999142,4.76199e-05,0.0999142,,0,0,0,buffer
975,-1.02742,0.322354,,1000.02,0,0.397987,,0.0999051,2.97841e-05,0.0999051,,0,0,0,buffer
976,-1.07128,0.108938,,1000.03,0,0.400566,,0.0999004,1.01306e-05,0.0999004,,0,0,0,buffer
977,-1.07128,-0.108938,,1000.03,0,0.400566,,0.0999004,-1.01306e-05,0.0999004,,0,0,0,buffer
978,-1.02742,-0.322354,,1000.02,0,0.397987,,0.0999051,-2.97841e-05,0.0999051,,0,0,0,buffer
979,-0.941497,-0.522573,,1000.02,0,0.392517,,0.0999142,-4.76199e-05,0.0999142,,0,0,0,buffer
980,-0.817031,-0.701398,,1000.02,0,0.385928,,0.0999268,-6.28428e-05,0.0999268,,0,0,0,buffer
981,-0.659116,-0.851508,,1000.02,0,0.376204,,0.0999424,-7.43698e-05,0.0999425,,0,0,0,buffer
982,-0.474217,-0.966756,,1000.02,0,0.369972,,0.0999593,-8.30368e-05,0.0999593,,0,0,0,buffer
983,-0.269903,-1.04243,,1000.02,0,0.357758,,0.0999776,-8.65804e-05,0.0999776,,0,0,0,buffer
984,-0.054539,-1.07542,,1000.02,0,0.372463,,0.0999953,-9.29918e-05,0.0999953,,0,0,0,buffer
985,0.163058,-1.06438,,1000.02,0,0.382456,,0.100296,-5.13356e-05,0.100296,,0,0,0,buffer
986,0.373978,-1.00977,,1000.02,0,0.370805,,0.100369,3.77103e-05,0.100369,,0,0,0,buffer
987,0.569589,-0.913821,,1000.02,0,0.372773,,0.100442,0.00016599,0.100443,,0,0,0,buffer
988,0.74188,-0.780457,,1000.02,0,0.392913,,0.100498,0.000338288,0.100499,,0,0,0,buffer
989,0.883798,-0.615142,,1000.03,0,0.467334,,0.100561,0.000601867,0.100563,,0,0,0,buffer
990,0.989534,-0.424643,,1000.02,0,0.381901,,0.100502,0.000928576,0.100507,,0,0,0,buffer
991,1.05476,-0.216758,,999.994,0,-0.0910827,,0.100149,0.00083809,0.100152,,0,0,0,buffer
992,1.159,0,,999.974,0,-0.411714,,0.0998971,3.21211e-16,0.0998971,,0,0,0,buffer
993,1.13528,0.233305,,999.994,0,-0.0910827,,0.100149,-0.00083809,0.100152,,0,0,0,buffer
994,1.06507,0.457059,,1000.02,0,0.381901,,0.100502,-0.000928576,0.100507,,0,0,0,buffer
995,0.951266,0.662101,,1000.03,0,0.467334,,0.100561,-0.000601867,0.100563,,0,0,0,buffer
996,0.798514,0.840036,,1000.02,0,0.392913,,0.100498,-0.000338288,0.100499,,0,0,0,buffer
997,0.61307,0.98358,,1000.02,0,0.372773,,0.100442,-0.00016599,0.100443,,0,0,0,buffer
998,0.402527,1.08686,,1000.02,0,0.370805,,0.100369,-3.77103e-05,0.100369,,0,0,0,buffer
999,0.175505,1.14564,,1000.02,0,0.382456,,0.100296,5.13356e-05,0.100296,,0,0,0,buffer
1000,-0.0587024,1.15751,,1000.02,0,0.372463,,0.0999953,9.29918e-05,0.0999953,,0,0,0,buffer
1001,-0.290507,1.122,,1000.02,0,0.357758,,0.0999776,8.65804e-05,0.0999776,,0,0,0,buffer
1002,-0.510417,1.04056,,1000.02,0,0.369972,,0.0999593,8.30368e-05,0.0999593,,0,0,0,buffer
1003,-0.709432,0.91651,,1000.02,0,0.376204,,0.0999424,7.43698e-05,0.0999425,,0,0,0,buffer
1004,-0.879402,0.754942,,1000.02,0,0.385928,,0.0999268,6.28428e-05,0.0999268,,0,0,0,buffer
1005,-1.01337,0.562466,,1000.02,0,0.392517,,0.0999142,4.76199e-05,0.0999142,,0,0,0,buffer
1006,-1.10585,0.346962,,1000.02,0,0.397987,,0.0999051,2.97841e-05,0.0999051,,0,0,0,buffer
1007,-1.15305,0.117254,,1000.03,0,0.400566,,0.0999004,1.01306e-05,0.0999004,,0,0,0,buffer
1008,-1.15305,-0.117254,,1000.03,0,0.400566,,0.0999004,-1.01306e-05,0.0999004,,0,0,0,buffer
1009,-1.10585,-0.346962,,1000.02,0,0.397987,,0.0999051,-2.97841e-05,0.0999051,,0,0,0,buffer
1010,-1.01337,-0.562466,,1000.02,0,0.392517,,0.0999142,-4.76199e-05,0.0999142,,0,0,0,buffer
1011,-0.879402,-0.754942,,1000.02,0,0.385928,,0.0999268,-6.28428e-05,0.0999268,,0,0,0,buffer
1012,-0.709432,-0.91651,,1000.02,0,0.376204,,0.0999424,-7.43698e-05,0.0999425,,0,0,0,buffer
1013,-0.510417,-1.04056,,1000.02,0,0.369972,,0.0999593,-8.30368e-05,0.0999593,,0,0,0,buffer
1014,-0.290507,-1.122,,1000.02,0,0.357758,,0.0999776,-8.65804e-05,0.0999776,,0,0,0,buffer
1015,-0.0587024,-1.15751,,1000.02,0,0.372463,,0.0999953,-9.29918e-05,0.0999953,,0,0,0,buffer
1016,0.175505,-1.14564,,1000.02,0,0.382456,,0.100296,-5.13356e-05,0.100296,,0,0,0,buffer
1017,0.402527,-1.08686,,1000.02,0,0.370805,,0.100369,3.77103e-05,0.100369,,0,0,0,buffer
1018,0.61307,-0.98358,,1000.02,0,0.372773,,0.100442,0.00016599,0.100443,,0,0,0,buffer
1019,0.798514,-0.840036,,1000.02,0,0.392913,,0.100498,0.000338288,0.100499,,0,0,0,buffer
1020,0.951266,-0.662101,,1000.03,0,0.467334,,0.100561,0.000601867,0.100563,,0,0,0,buffer
1021,1.06507,-0.457059,,1000.02,0,0.381901,,0.100502,0.000928576,0.100507,,0,0,0,buffer
1022,1.13528,-0.233305,,999.994,0,-0.0910827,,0.100149,0.00083809,0.100152,,0,0,0,buffer
1023,1.24698,0,,999.974,0,-0.411714,,0.0998971,3.21211e-16,0.0998971,,0,0,0,buffer
1024,1.22146,0.251016,,999.994,0,-0.0910827,,0.100149,-0.00083809,0.100152,,0,0,0,buffer
1025,1.14592,0.491755,,1000.02,0,0.381901,,0.100502,-0.000928576,0.100507,,0,0,0,buffer
1026,1.02348,0.712361,,1000.03,0,0.467334,,0.100561,-0.000601867,0.100563,,0,0,0,buffer
1027,0.859129,0.903804,,1000.02,0,0.392913,,0.100498,-0.000338288,0.100499,,0,0,0,buffer
1028,0.659609,1.05824,,1000.02,0,0.372773,,0.100442,-0.00016599,0.100443,,0,0,0,buffer
1029,0.433083,1.16936,,1000.02,0,0.370805,,0.100369,-3.77103e-05,0.100369,,0,0,0,buffer
1030,0.188828,1.2326,,1000.02,0,0.382456,,0.100296,5.13356e-05,0.100296,,0,0,0,buffer
1031,-0.0631586,1.24538,,1000.02,0,0.372463,,0.0999953,9.29918e-05,0.0999953,,0,0,0,buffer
1032,-0.312559,1.20717,,1000.02,0,0.357758,,0.0999776,8.65804e-05,0.0999776,,0,0,0,buffer
1033,-0.549164,1.11955,,1000.02,0,0.369972,,0.0999593,8.30368e-05,0.0999593,,0,0,0,buffer
1034,-0.763285,0.986083,,1000.02,0,0.376204,,0.0999424,7.43698e-05,0.0999425,,0,0,0,buffer
1035,-0.946158,0.81225,,1000.02,0,0.385928,,0.0999268,6.28428e-05,0.0999268,,0,0,0,buffer
1036,-1.09029,0.605163,,1000.02,0,0.392517,,0.0999142,4.76199e-05,0.0999142,,0,0,0,buffer
1037,-1.18979,0.3733,,1000.02,0,0.397987,,0.0999051,2.97841e-05,0.0999051,,0,0,0,buffer
1038,-1.24058,0.126155,,1000.03,0,0.400566,,0.0999004,1.01306e-05,0.0999004,,0,0,0,buffer
1039,-1.24058,-0.126155,,1000.03,0,0.400566,,0.0999004,-1.01306e-05,0.0999004,,0,0,0,buffer
1040,-1.18979,-0.3733,,1000.02,0,0.397987,,0.0999051,-2.97841e-05,0.0999051,,0,0,0,buffer
1041,-1.09029,-0.605163,,1000.02,0,0.392517,,0.0999142,-4.76199e-05,0.0999142,,0,0,0,buffer
1042,-0.946158,-0.81225,,1000.02,0,0.385928,,0.0999268,-6.28428e-05,0.0999268,,0,0,0,buffer
1043,-0.763285,-0.986083,,1000.02,0,0.376204,,0.0999424,-7.43698e-05,0.0999425,,0,0,0,buffer
1044,-0.549164,-1.11955,,1000.02,0,0.369972,,0.0999593,-8.30368e-05,0.0999593,,0,0,0,buffer
1045,-0.312559,-1.20717,,1000.02,0,0.357758,,0.0999776,-8.65804e-05,0.0999776,,0,0,0,buffer
1046,-0.0631586,-1.24538,,1000.02,0,0.372463,,0.0999953,-9.29918e-05,0.0999953,,0,0,0,buffer
1047,0.188828,-1.2326,,1000.02,0,0.382456,,0.100296,-5.13356e-05,0.100296,,0,0,0,buffer
1048,0.433083,-1.16936,,1000.02,0,0.370805,,0.100369,3.77103e-05,0.100369,,0,0,0,buffer
1049,0.659609,-1.05824,,1000.02,0,0.372773,,0.100442,0.00016599,0.100443,,0,0,0,buffer
1050,0.859129,-0.903804,,1000.02,0,0.392913,,0.100498,0.000338288,0.100499,,0,0,0,buffer
1051,1.02348,-0.712361,,1000.03,0,0.467334,,0.100561,0.000601867,0.100563,,0,0,0,buffer
1052,1.14592,-0.491755,,1000.02,0,0.381901,,0.100502,0.000928576,0.100507,,0,0,0,buffer
1053,1.22146,-0.251016,,999.994,0,-0.0910827,,0.100149,0.00083809,0.100152,,0,0,0,buffer
1054,1.34115,0,,999.974,0,-0.411714,,0.0998971,3.21211e-16,0.0998971,,0,0,0,buffer
1055,1.3137,0.269971,,999.994,0,-0.0910827,,0.100149,-0.00083809,0.100152,,0,0,0,buffer
1056,1.23246,0.52889,,1000.02,0,0.381901,,0.100502,-0.000928576,0.100507,,0,0,0,buffer
1057,1.10077,0.766156,,1000.03,0,0.467334,,0.100561,-0.000601867,0.100563,,0,0,0,buffer
1058,0.924008,0.972055,,1000.02,0,0.392913,,0.100498,-0.000338288,0.100499,,0,0,0,buffer
1059,0.70942,1.13816,,1000.02,0,0.372773,,0.100442,-0.00016599,0.100443,,0,0,0,buffer
1060,0.465788,1.25767,,1000.02,0,0.370805,,0.100369,-3.77103e-05,0.100369,,0,0,0,buffer
1061,0.203087,1.32568,,1000.02,0,0.382456,,0.100296,5.13356e-05,0.100296,,0,0,0,buffer
1062,-0.0679281,1.33943,,1000.02,0,0.372463,,0.0999953,9.29918e-05,0.0999953,,0,0,0,buffer
1063,-0.336162,1.29834,,1000.02,0,0.357758,,0.0999776,8.65804e-05,0.0999776,,0,0,0,buffer
1064,-0.590634,1.20409,,1000.02,0,0.369972,,0.0999593,8.30368e-05,0.0999593,,0,0,0,buffer
1065,-0.820926,1.06055,,1000.02,0,0.376204,,0.0999424,7.43698e-05,0.0999425,,0,0,0,buffer
1066,-1.01761,0.873588,,1000.02,0,0.385928,,0.0999268,6.28428e-05,0.0999268,,0,0,0,buffer
1067,-1.17263,0.650862,,1000.02,0,0.392517,,0.0999142,4.76199e-05,0.0999142,,0,0,0,buffer
1068,-1.27964,0.401491,,1000.02,0,0.397987,,0.0999051,2.97841e-05,0.0999051,,0,0,0,buffer
1069,-1.33427,0.135682,,1000.03,0,0.400566,,0.0999004,1.01306e-05,0.0999004,,0,0,0,buffer
1070,-1.33427,-0.135682,,1000.03,0,0.400566,,0.0999004,-1.01306e-05,0.0999004,,0,0,0,buffer
1071,-1.27964,-0.401491,,1000.02,0,0.397987,,0.0999051,-2.97841e-05,0.0999051,,0,0,0,buffer
1072,-1.17263,-0.650862,,1000.02,0,0.392517,,0.0999142,-4.76199e-05,0.0999142,,0,0,0,buffer
1073,-1.01761,-0.873588,,1000.02,0,0.385928,,0.0999268,-6.28428e-05,0.0999268,,0,0,0,buffer
1074,-0.820926,-1.06055,,1000.02,0,0.376204,,0.0999424,-7.43698e-05,0.0999425,,0,0,0,buffer
1075,-0.590634,-1.20409,,1000.02,0,0.369972,,0.0999593,-8.30368e-05,0.0999593,,0,0,0,buffer
1076,-0.336162,-1.29834,,1000.02,0,0.357758,,0.0999776,-8.65804e-05,0.0999776,,0,0,0,buffer
1077,-0.0679281,-1.33943,,1000.02,0,0.372463,,0.0999953,-9.29918e-05,0.0999953,,0,0,0,buffer
1078,0.203087,-1.32568,,1000.02,0,0.382456,,0.100296,-5.13356e-05,0.100296,,0,0,0,buffer
1079,0.465788,-1.25767,,1000.02,0,0.370805,,0.100369,3.77103e-05,0.100369,,0,0,0,buffer
1080,0.70942,-1.13816,,1000.02,0,0.372773,,0.100442,0.00016599,0.100443,,0,0,0,buffer
1081,0.924008,-0.972055,,1000.02,0,0.392913,,0.100498,0.000338288,0.100499,,0,0,0,buffer
1082,1.10077,-0.766156,,1000.03,0,0.467334,,0.100561,0.000601867,0.100563,,0,0,0,buffer
1083,1.23246,-0.52889,,1000.02,0,0.381901,,0.100502,0.000928576,0.100507,,0,0,0,buffer
1084,1.3137,-0.269971,,999.994,0,-0.0910827,,0.100149,0.00083809,0.100152,,0,0,0,buffer
1085,1.44194,0,,999.974,0,-0.411714,,0.0998971,3.21211e-16,0.0998971,,0,0,0,buffer
1086,1.41242,0.29026,,999.994,0,-0.0910827,,0.100149,-0.00083809,0.100152,,0,0,0,buffer
1087,1.32508,0.568637,,1000.02,0,0.381901,,0.100502,-0.000928576,0.100507,,0,0,0,buffer
1088,1.18349,0.823733,,1000.03,0,0.467334,,0.100561,-0.000601867,0.100563,,0,0,0,buffer
1089,0.993448,1.04511,,1000.02,0,0.392913,,0.100498,-0.000338288,0.100499,,0,0,0,buffer
1090,0.762733,1.22369,,1000.02,0,0.372773,,0.100442,-0.00016599,0.100443,,0,0,0,buffer
1091,0.500793,1.35218,,1000.02,0,0.370805,,0.100369,-3.77103e-05,0.100369,,0,0,0,buffer
1092,0.218349,1.42531,,1000.02,0,0.382456,,0.100296,5.13356e-05,0.100296,,0,0,0,buffer
1093,-0.073033,1.44009,,1000.02,0,0.372463,,0.0999953,9.29918e-05,0.0999953,,0,0,0,buffer
1094,-0.361425,1.39591,,1000.02,0,0.357758,,0.0999776,8.65804e-05,0.0999776,,0,0,0,buffer
1095,-0.635021,1.29458,,1000.02,0,0.369972,,0.0999593,8.30368e-05,0.0999593,,0,0,0,buffer
1096,-0.882619,1.14025,,1000.02,0,0.376204,,0.0999424,7.43698e-05,0.0999425,,0,0,0,buffer
1097,-1.09408,0.939239,,1000.02,0,0.385928,,0.0999268,6.28428e-05,0.0999268,,0,0,0,buffer
1098,-1.26075,0.699775,,1000.02,0,0.392517,,0.0999142,4.76199e-05,0.0999142,,0,0,0,buffer
1099,-1.37581,0.431663,,1000.02,0,0.397987,,0.0999051,2.97841e-05,0.0999051,,0,0,0,buffer
1100,-1.43454,0.145878,,1000.03,0,0.400566,,0.0999004,1.01306e-05,0.0999004,,0,0,0,buffer
1101,-1.43454,-0.145878,,1000.03,0,0.400566,,0.0999004,-1.01306e-05,0.0999004,,0,0,0,buffer
1102,-1.37581,-0.431663,,1000.02,0,0.397987,,0.0999051,-2.97841e-05,0.0999051,,0,0,0,buffer
1103,-1.26075,-0.699775,,1000.02,0,0.392517,,0.0999142,-4.76199e-05,0.0999142,,0,0,0,buffer
1104,-1.09408,-0.939239,,1000.02,0,0.385928,,0.0999268,-6.28428e-05,0.0999268,,0,0,0,buffer
1105,-0.882619,-1.14025,,1000.02,0,0.376204,,0.0999424,-7.43698e-05,0.0999425,,0,0,0,buffer
1106,-0.635021,-1.29458,,1000.02,0,0.369972,,0.0999593,-8.30368e-05,0.0999593,,0,0,0,buffer
1107,-0.361425,-1.39591,,1000.02,0,0.357758,,0.0999776,-8.65804e-05,0.0999776,,0,0,0,buffer
1108,-0.073033,-1.44009,,1000.02,0,0.372463,,0.0999953,-9.29918e-05,0.0999953,,0,0,0,buffer
1109,0.218349,-1.42531,,1000.02,0,0.382456,,0.100296,-5.13356e-05,0.100296,,0,0,0,buffer
1110,0.500793,-1.35218,,1000.02,0,0.370805,,0.100369,3.77103e-05,0.100369,,0,0,0,buffer
1111,0.762733,-1.22369,,1000.02,0,0.372773,,0.100442,0.00016599,0.100443,,0,0,0,buffer
1112,0.993448,-1.04511,,1000.02,0,0.392913,,0.100498,0.000338288,0.100499,,0,0,0,buffer
1113,1.18349,-0.823733,,1000.03,0,0.467334,,0.100561,0.000601867,0.100563,,0,0,0,buffer
1114,1.32508,-0.568637,,1000.02,0,0.381901,,0.100502,0.000928576,0.100507,,0,0,0,buffer
1115,1.41242,-0.29026,,999.994,0,-0.0910827,,0.100149,0.00083809,0.100152,,0,0,0,buffer
1116,1.54981,0,,999.974,0,-0.411714,,0.0998971,3.21211e-16,0.0998971,,0,0,0,buffer
1117,1.51809,0.311975,,999.994,0,-0.0910827,,0.100149,-0.00083809,0.100152,,0,0,0,buffer
1118,1.42421,0.611178,,1000.02,0,0.381901,,0.100502,-0.000928576,0.100507,,0,0,0,buffer
1119,1.27203,0.88536,,1000.03,0,0.467334,,0.100561,-0.000601867,0.100563,,0,0,0,buffer
1120,1.06777,1.12329,,1000.02,0,0.392913,,0.100498,-0.000338288,0.100499,,0,0,0,buffer
1121,0.819796,1.31524,,1000.02,0,0.372773,,0.100442,-0.00016599,0.100443,,0,0,0,buffer
1122,0.538259,1.45334,,1000.02,0,0.370805,,0.100369,-3.77103e-05,0.100369,,0,0,0,buffer
1123,0.234685,1.53194,,1000.02,0,0.382456,,0.100296,5.13356e-05,0.100296,,0,0,0,buffer
1124,-0.0784968,1.54782,,1000.02,0,0.372463,,0.0999953,9.29918e-05,0.0999953,,0,0,0,buffer
1125,-0.388465,1.50034,,1000.02,0,0.357758,,0.0999776,8.65804e-05,0.0999776,,0,0,0,buffer
1126,-0.682529,1.39143,,1000.02,0,0.369972,,0.0999593,8.30368e-05,0.0999593,,0,0,0,buffer
1127,-0.94865,1.22556,,1000.02,0,0.376204,,0.0999424,7.43698e-05,0.0999425,,0,0,0,buffer
1128,-1.17593,1.00951,,1000.02,0,0.385928,,0.0999268,6.28428e-05,0.0999268,,0,0,0,buffer
1129,-1.35507,0.752128,,1000.02,0,0.392517,,0.0999142,4.76199e-05,0.0999142,,0,0,0,buffer
1130,-1.47874,0.463957,,1000.02,0,0.397987,,0.0999051,2.97841e-05,0.0999051,,0,0,0,buffer
1131,-1.54186,0.156792,,1000.03,0,0.400566,,0.0999004,1.01306e-05,0.0999004,,0,0,0,buffer
1132,-1.54186,-0.156792,,1000.03,0,0.400566,,0.0999004,-1.01306e-05,0.0999004,,0,0,0,buffer
1133,-1.47874,-0.463957,,1000.02,0,0.397987,,0.0999051,-2.97841e-05,0.0999051,,0,0,0,buffer
1134,-1.35507,-0.752128,,1000.02,0,0.392517,,0.0999142,-4.76199e-05,0.0999142,,0,0,0,buffer
1135,-1.17593,-1.00951,,1000.02,0,0.385928,,0.0999268,-6.28428e-05,0.0999268,,0,0,0,buffer
1136,-0.94865,-1.22556,,1000.02,0,0.376204,,0.0999424,-7.43698e-05,0.0999425,,0,0,0,buffer
1137,-0.682529,-1.39143,,1000.02,0,0.369972,,0.0999593,-8.30368e-05,0.0999593,,0,0,0,buffer
1138,-0.388465,-1.50034,,1000.02,0,0.357758,,0.0999776,-8.65804e-05,0.0999776,,0,0,0,buffer
1139,-0.0784968,-1.54782,,1000.02,0,0.372463,,0.0999953,-9.29918e-05,0.0999953,,0,0,0,buffer
1140,0.234685,-1.53194,,1000.02,0,0.382456,,0.100296,-5.13356e-05,0.100296,,0,0,0,buffer
1141,0.538259,-1.45334,,1000.02,0,0.370805,,0.100369,3.77103e-05,0.100369,,0,0,0,buffer
1142,0.819796,-1.31524,,1000.02,0,0.372773,,0.100442,0.00016599,0.100443,,0,0,0,buffer
1143,1.06777,-1.12329,,1000.02,0,0.392913,,0.100498,0.000338288,0.100499,,0,0,0,buffer
1144,1.27203,-0.88536,,1000.03,0,0.467334,,0.100561,0.000601867,0.100563,,0,0,0,buffer
1145,1.42421,-0.611178,,1000.02,0,0.381901,,0.100502,0.000928576,0.100507,,0,0,0,buffer
1146,1.51809,-0.311975,,999.994,0,-0.0910827,,0.100149,0.00083809,0.100152,,0,0,0,buffer
1147,1.66528,0,,999.974,0,-0.411714,,0.0998971,3.21211e-16,0.0998971,,0,0,0,buffer
1148,1.63119,0.335217,,999.994,0,-0.0910827,,0.100149,-0.00083809,0.100152,,0,0,0,buffer
1149,1.53032,0.656711,,1000.02,0,0.381901,,0.100502,-0.000928576,0.100507,,0,0,0,buffer
1150,1.3668,0.951319,,1000.03,0,0.467334,,0.100561,-0.000601867,0.100563,,0,0,0,buffer
1151,1.14732,1.20698,,1000.02,0,0.392913,,0.100498,-0.000338288,0.100499,,0,0,0,buffer
1152,0.880871,1.41323,,1000.02,0,0.372773,,0.100442,-0.00016599,0.100443,,0,0,0,buffer
1153,0.578359,1.56162,,1000.02,0,0.370805,,0.100369,-3.77103e-05,0.100369,,0,0,0,buffer
1154,0.252169,1.64607,,1000.02,0,0.382456,,0.100296,5.13356e-05,0.100296,,0,0,0,buffer
1155,-0.0843448,1.66314,,1000.02,0,0.372463,,0.0999953,9.29918e-05,0.0999953,,0,0,0,buffer
1156,-0.417405,1.61212,,1000.02,0,0.357758,,0.0999776,8.65804e-05,0.0999776,,0,0,0,buffer
1157,-0.733378,1.49509,,1000.02,0,0.369972,,0.0999593,8.30368e-05,0.0999593,,0,0,0,buffer
1158,-1.01933,1.31686,,1000.02,0,0.376204,,0.0999424,7.43698e-05,0.0999425,,0,0,0,buffer
1159,-1.26354,1.08471,,1000.02,0,0.385928,,0.0999268,6.28428e-05,0.0999268,,0,0,0,buffer
1160,-1.45603,0.808161,,1000.02,0,0.392517,,0.0999142,4.76199e-05,0.0999142,,0,0,0,buffer
1161,-1.5889,0.498522,,1000.02,0,0.397987,,0.0999051,2.97841e-05,0.0999051,,0,0,0,buffer
1162,-1.65673,0.168473,,1000.03,0,0.400566,,0.0999004,1.01306e-05,0.0999004,,0,0,0,buffer
1163,-1.65673,-0.168473,,1000.03,0,0.400566,,0.0999004,-1.01306e-05,0.0999004,,0,0,0,buffer
1164,-1.5889,-0.498522,,1000.02,0,0.397987,,0.0999051,-2.97841e-05,0.0999051,,0,0,0,buffer
1165,-1.45603,-0.808161,,1000.02,0,0.392517,,0.0999142,-4.76199e-05,0.0999142,,0,0,0,buffer
1166,-1.26354,-1.08471,,1000.02,0,0.385928,,0.0999268,-6.28428e-05,0.0999268,,0,0,0,buffer
1167,-1.01933,-1.31686,,1000.02,0,0.376204,,0.0999424,-7.43698e-05,0.0999425,,0,0,0,buffer
1168,-0.733378,-1.49509,,1000.02,0,0.369972,,0.0999593,-8.30368e-05,0.0999593,,0,0,0,buffer
1169,-0.417405,-1.61212,,1000.02,0,0.357758,,0.0999776,-8.65804e-05,0.0999776,,0,0,0,buffer
1170,-0.0843448,-1.66314,,1000.02,0,0.372463,,0.0999953,-9.29918e-05,0.0999953,,0,0,0,buffer
1171,0.252169,-1.64607,,1000.02,0,0.382456,,0.100296,-5.13356e-05,0.100296,,0,0,0,buffer
1172,0.578359,-1.56162,,1000.02,0,0.370805,,0.100369,3.77103e-05,0.100369,,0,0,0,buffer
1173,0.880871,-1.41323,,1000.02,0,0.372773,,0.100442,0.00016599,0.100443,,0,0,0,buffer
1174,1.14732,-1.20698,,1000.02,0,0.392913,,0.100498,0.000338288,0.100499,,0,0,0,buffer
1175,1.3668,-0.951319,,1000.03,0,0.467334,,0.100561,0.000601867,0.100563,,0,0,0,buffer
1176,1.53032,-0.656711,,1000.02,0,0.381901,,0.100502,0.000928576,0.100507,,0,0,0,buffer
1177,1.63119,-0.335217,,999.994,0,-0.0910827,,0.100149,0.00083809,0.100152,,0,0,0,buffer
1178,1.78886,0,,999.974,0,-0.411714,,0.0998971,3.21211e-16,0.0998971,,0,0,0,buffer
1179,1.75224,0.360094,,999.994,0,-0.0910827,,0.100149,-0.00083809,0.100152,,0,0,0,buffer
1180,1.64388,0.705446,,1000.02,0,0.381901,,0.100502,-0.000928576,0.100507,,0,0,0,buffer
1181,1.46823,1.02192,,1000.03,0,0.467334,,0.100561,-0.000601867,0.100563,,0,0,0,buffer
1182,1.23246,1.29655,,1000.02,0,0.392913,,0.100498,-0.000338288,0.100499,,0,0,0,buffer
1183,0.94624,1.5181,,1000.02,0,0.372773,,0.100442,-0.00016599,0.100443,,0,0,0,buffer
1184,0.621279,1.6775,,1000.02,0,0.370805,,0.100369,-3.77103e-05,0.100369,,0,0,0,buffer
1185,0.270882,1.76823,,1000.02,0,0.382456,,0.100296,5.13356e-05,0.100296,,0,0,0,buffer
1186,-0.090604,1.78656,,1000.02,0,0.372463,,0.0999953,9.29918e-05,0.0999953,,0,0,0,buffer
1187,-0.448381,1.73175,,1000.02,0,0.357758,,0.0999776,8.65804e-05,0.0999776,,0,0,0,buffer
1188,-0.787802,1.60604,,1000.02,0,0.369972,,0.0999593,8.30368e-05,0.0999593,,0,0,0,buffer
1189,-1.09497,1.41458,,1000.02,0,0.376204,,0.0999424,7.43698e-05,0.0999425,,0,0,0,buffer
1190,-1.35731,1.16521,,1000.02,0,0.385928,,0.0999268,6.28428e-05,0.0999268,,0,0,0,buffer
1191,-1.56408,0.868135,,1000.02,0,0.392517,,0.0999142,4.76199e-05,0.0999142,,0,0,0,buffer
1192,-1.70682,0.535517,,1000.02,0,0.397987,,0.0999051,2.97841e-05,0.0999051,,0,0,0,buffer
1193,-1.77968,0.180976,,1000.03,0,0.400566,,0.0999004,1.01306e-05,0.0999004,,0,0,0,buffer
1194,-1.77968,-0.180976,,1000.03,0,0.400566,,0.0999004,-1.01306e-05,0.0999004,,0,0,0,buffer
1195,-1.70682,-0.535517,,1000.02,0,0.397987,,0.0999051,-2.97841e-05,0.0999051,,0,0,0,buffer
1196,-1.56408,-0.868135,,1000.02,0,0.392517,,0.0999142,-4.76199e-05,0.0999142,,0,0,0,buffer
1197,-1.35731,-1.16521,,1000.02,0,0.385928,,0.0999268,-6.28428e-05,0.0999268,,0,0,0,buffer
1198,-1.09497,-1.41458,,1000.02,0,0.376204,,0.0999424,-7.43698e-05,0.0999425,,0,0,0,buffer
1199,-0.787802,-1.60604,,1000.02,0,0.369972,,0.0999593,-8.30368e-05,0.0999593,,0,0,0,buffer
1200,-0.448381,-1.73175,,1000.02,0,0.357758,,0.0999776,-8.65804e-05,0.0999776,,0,0,0,buffer
1201,-0.090604,-1.78656,,1000.02,0,0.372463,,0.0999953,-9.29918e-05,0.0999953,,0,0,0,buffer
1202,0.270882,-1.76823,,1000.02,0,0.382456,,0.100296,-5.13356e-05,0.100296,,0,0,0,buffer
1203,0.621279,-1.6775,,1000.02,0,0.370805,,0.100369,3.77103e-05,0.100369,,0,0,0,buffer
1204,0.94624,-1.5181,,1000.02,0,0.372773,,0.100442,0.00016599,0.100443,,0,0,0,buffer
1205,1.23246,-1.29655,,1000.02,0,0.392913,,0.100498,0.000338288,0.100499,,0,0,0,buffer
1206,1.46823,-1.02192,,1000.03,0,0.467334,,0.100561,0.000601867,0.100563,,0,0,0,buffer
1207,1.64388,-0.705446,,1000.02,0,0.381901,,0.100502,0.000928576,0.100507,,0,0,0,buffer
1208,1.75224,-0.360094,,999.994,0,-0.0910827,,0.100149,0.00083809,0.100152,,0,0,0,buffer
