h/dp :,2
L2norm Pressure,KE,dr0,Nparticles
19883.7,392.17,0.0141421,440

t,13.3
ID,x,y,,rho,drhodt,pressure,,u,v,,dudt,dvdt,type
0,0.05,0,,1000,0,0,,0,0,,0,0,boundary
1,0.0479746,0.0140866,,1000,0,0,,0,0,,0,0,boundary
2,0.0420627,0.027032,,1000,0,0,,0,0,,0,0,boundary
3,0.032743,0.0377875,,1000,0,0,,0,0,,0,0,boundary
4,0.0207708,0.0454816,,1000,0,0,,0,0,,0,0,boundary
5,0.00711574,0.0494911,,1000,0,0,,0,0,,0,0,boundary
6,-0.00711574,0.0494911,,1000,0,0,,0,0,,0,0,boundary
7,-0.0207708,0.0454816,,1000,0,0,,0,0,,0,0,boundary
8,-0.032743,0.0377875,,1000,0,0,,0,0,,0,0,boundary
9,-0.0420627,0.027032,,1000,0,0,,0,0,,0,0,boundary
10,-0.0479746,0.0140866,,1000,0,0,,0,0,,0,0,boundary
11,-0.05,6.12323e-18,,1000,0,0,,0,0,,0,0,boundary
12,-0.0479746,-0.0140866,,1000,0,0,,0,0,,0,0,boundary
13,-0.0420627,-0.027032,,1000,0,0,,0,0,,0,0,boundary
14,-0.032743,-0.0377875,,1000,0,0,,0,0,,0,0,boundary
15,-0.0207708,-0.0454816,,1000,0,0,,0,0,,0,0,boundary
16,-0.00711574,-0.0494911,,1000,0,0,,0,0,,0,0,boundary
17,0.00711574,-0.0494911,,1000,0,0,,0,0,,0,0,boundary
18,0.0207708,-0.0454816,,1000,0,0,,0,0,,0,0,boundary
19,0.032743,-0.0377875,,1000,0,0,,0,0,,0,0,boundary
20,0.0420627,-0.027032,,1000,0,0,,0,0,,0,0,boundary
21,0.0479746,-0.0140866,,1000,0,0,,0,0,,0,0,boundary
22,0.0641421,0,,999.958,6.25037e-05,-83.15,,0.522472,-6.4347e-15,,-0.00106023,1.17562e-12,fluid
23,0.0615439,0.0180709,,999.956,9.79395e-05,-85.5812,,0.484957,0.107929,,-0.000685194,-0.000462667,fluid
24,0.0539598,0.0346779,,999.963,9.29077e-05,-72.6826,,0.464379,0.0931539,,-0.000356125,-0.000157805,fluid
25,0.0420042,0.0484754,,999.972,4.89463e-05,-54.9666,,0.481631,0.0786847,,-0.000400094,1.25965e-05,fluid
26,0.0266456,0.0583457,,999.984,1.09311e-07,-32.1532,,0.510374,0.0678445,,-0.000446708,8.54458e-07,fluid
27,0.00912838,0.0634893,,999.999,-5.51145e-05,-1.81232,,0.531039,0.0561291,,-0.000493909,-1.30322e-05,fluid
28,-0.00912838,0.0634893,,1000.01,1.539e-05,21.8493,,0.550316,0.0486236,,-0.000642697,-7.68386e-05,fluid
29,-0.0266456,0.0583457,,1000.02,3.90348e-05,37.1453,,0.560243,0.0471615,,-0.000662436,-5.6834e-05,fluid
30,-0.0420042,0.0484754,,1000.02,-6.1076e-05,35.6767,,0.557677,0.0387248,,-0.000538784,0.000133417,fluid
31,-0.0539598,0.0346779,,1000.02,-9.49108e-05,39.6492,,0.556455,0.0260251,,-0.000614728,8.89083e-05,fluid
32,-0.0615439,0.0180709,,1000.02,6.98852e-06,45.3592,,0.555194,0.0161478,,-0.000646075,-2.8052e-05,fluid
33,-0.0641421,7.85515e-18,,1000.02,7.46988e-05,45.8321,,0.552084,-6.41613e-15,,-0.000627992,3.47953e-13,fluid
34,-0.0615439,-0.0180709,,1000.02,6.98868e-06,45.3592,,0.555194,-0.0161478,,-0.000646075,2.80519e-05,fluid
35,-0.0539598,-0.0346779,,1000.02,-9.49106e-05,39.6492,,0.556455,-0.0260251,,-0.000614728,-8.89083e-05,fluid
36,-0.0420042,-0.0484754,,1000.02,-6.1076e-05,35.6767,,0.557677,-0.0387248,,-0.000538784,-0.000133417,fluid
37,-0.0266456,-0.0583457,,1000.02,3.90348e-05,37.1453,,0.560243,-0.0471615,,-0.000662436,5.6834e-05,fluid
38,-0.00912838,-0.0634893,,1000.01,1.53903e-05,21.8493,,0.550316,-0.0486236,,-0.000642697,7.68386e-05,fluid
39,0.00912838,-0.0634893,,999.999,-5.51143e-05,-1.81232,,0.531039,-0.0561291,,-0.000493909,1.30322e-05,fluid
40,0.0266456,-0.0583457,,999.984,1.09409e-07,-32.1532,,0.510374,-0.0678445,,-0.000446708,-8.54453e-07,fluid
41,0.0420042,-0.0484754,,999.972,4.89463e-05,-54.9666,,0.481631,-0.0786847,,-0.000400094,-1.25965e-05,fluid
42,0.0539598,-0.0346779,,999.963,9.29077e-05,-72.6826,,0.464379,-0.0931539,,-0.000356125,0.000157805,fluid
43,0.0615439,-0.0180709,,999.956,9.79395e-05,-85.5812,,0.484957,-0.107929,,-0.000685194,0.000462667,fluid
44,0.0798956,0,,999.941,6.06434e-08,-116.219,,0.323327,2.62693e-15,,-0.000622098,6.71851e-13,fluid
45,0.0766592,0.0225092,,999.962,-2.4605e-05,-75.1805,,0.350202,0.000491984,,-0.000465539,-6.12397e-05,fluid
46,0.0672124,0.0431948,,999.986,-1.57228e-05,-27.8182,,0.40887,0.00225628,,-0.00032949,1.97853e-05,fluid
47,0.0523205,0.060381,,999.995,2.91509e-05,-10.7474,,0.474827,0.0112945,,-0.00040933,2.97357e-05,fluid
48,0.0331898,0.0726756,,999.999,-1.78601e-05,-1.26068,,0.517893,0.0301891,,-0.000447041,-1.49684e-05,fluid
49,0.0113703,0.0790823,,1000.01,1.39448e-05,12.1644,,0.533154,0.0444928,,-0.000528503,-7.07633e-05,fluid
50,-0.0113703,0.0790823,,1000.01,9.9216e-05,20.3538,,0.531181,0.0602773,,-0.000542745,-9.50453e-05,fluid
51,-0.0331898,0.0726756,,1000.02,-0.00018673,47.4192,,0.508836,0.0698399,,-0.000302112,9.3578e-05,fluid
52,-0.0523205,0.060381,,1000.03,-0.000167223,68.5864,,0.484638,0.0643483,,-0.000554318,-4.07461e-05,fluid
53,-0.0672124,0.0431948,,1000.05,0.000106257,91.3508,,0.461468,0.0477754,,-0.000552034,-0.000144899,fluid
54,-0.0766592,0.0225092,,1000.05,7.2226e-05,107.096,,0.446415,0.0286139,,-0.000490267,-1.66049e-05,fluid
55,-0.0798956,9.78438e-18,,1000.05,-4.98052e-05,106.141,,0.440278,-2.86843e-14,,-0.000503892,4.48925e-12,fluid
56,-0.0766592,-0.0225092,,1000.05,7.2226e-05,107.096,,0.446415,-0.0286139,,-0.000490267,1.66049e-05,fluid
57,-0.0672124,-0.0431948,,1000.05,0.000106258,91.3508,,0.461468,-0.0477754,,-0.000552034,0.000144899,fluid
58,-0.0523205,-0.060381,,1000.03,-0.000167223,68.5864,,0.484638,-0.0643483,,-0.000554318,4.07461e-05,fluid
59,-0.0331898,-0.0726756,,1000.02,-0.00018673,47.4192,,0.508836,-0.0698399,,-0.000302112,-9.3578e-05,fluid
60,-0.0113703,-0.0790823,,1000.01,9.92163e-05,20.3538,,0.531181,-0.0602773,,-0.000542745,9.50453e-05,fluid
61,0.0113703,-0.0790823,,1000.01,1.39449e-05,12.1644,,0.533154,-0.0444928,,-0.000528503,7.07633e-05,fluid
62,0.0331898,-0.0726756,,999.999,-1.78601e-05,-1.26068,,0.517893,-0.0301891,,-0.000447041,1.49684e-05,fluid
63,0.0523205,-0.060381,,999.995,2.91511e-05,-10.7474,,0.474827,-0.0112945,,-0.00040933,-2.97357e-05,fluid
64,0.0672124,-0.0431948,,999.986,-1.57226e-05,-27.8182,,0.40887,-0.00225628,,-0.00032949,-1.97853e-05,fluid
65,0.0766592,-0.0225092,,999.962,-2.4605e-05,-75.1805,,0.350202,-0.000491984,,-0.000465539,6.12397e-05,fluid
66,0.0974438,0,,1000.04,2.66165e-05,69.2687,,0.271728,-1.27979e-14,,-0.000421188,-5.40859e-13,fluid
67,0.0934967,0.0274531,,1000.02,2.90941e-06,44.3343,,0.333906,-0.0253887,,-0.000380065,-5.82205e-06,fluid
68,0.081975,0.0526821,,1000,-1.7124e-05,5.78022,,0.432191,-0.0189566,,-0.000390622,1.61191e-05,fluid
69,0.0638121,0.0736431,,1000,-6.4912e-05,5.808,,0.500795,0.00388461,,-0.00045927,-1.49235e-05,fluid
70,0.0404796,0.088638,,1000.01,-7.26667e-05,19.394,,0.525832,0.0305086,,-0.000494376,-5.35403e-05,fluid
71,0.0138677,0.096452,,1000.01,8.42002e-05,13.9804,,0.523035,0.0419383,,-0.000593005,-4.69619e-05,fluid
72,-0.0138677,0.096452,,999.996,-0.000119517,-7.15181,,0.506764,0.0460069,,-0.000302096,2.20281e-05,fluid
73,-0.0404796,0.088638,,999.987,-6.94284e-06,-24.9529,,0.478545,0.0440568,,-0.000401853,-2.60342e-05,fluid
74,-0.0638121,0.0736431,,999.991,0.00031908,-17.3885,,0.466139,0.040955,,-0.000580351,-0.000136554,fluid
75,-0.081975,0.0526821,,999.984,4.89764e-05,-31.6716,,0.451446,0.0277005,,-0.000471766,6.64508e-05,fluid
76,-0.0934967,0.0274531,,999.979,-0.000250441,-40.4059,,0.440737,0.0157907,,-0.000404262,8.58209e-05,fluid
77,-0.0974438,1.19334e-17,,999.981,-0.000274193,-37.8784,,0.440945,-1.36171e-14,,-0.000418763,4.53556e-12,fluid
78,-0.0934967,-0.0274531,,999.979,-0.000250441,-40.4059,,0.440737,-0.0157907,,-0.000404262,-8.58209e-05,fluid
79,-0.081975,-0.0526821,,999.984,4.89765e-05,-31.6716,,0.451446,-0.0277005,,-0.000471766,-6.64508e-05,fluid
80,-0.0638121,-0.0736431,,999.991,0.00031908,-17.3885,,0.466139,-0.040955,,-0.000580351,0.000136554,fluid
81,-0.0404796,-0.088638,,999.987,-6.94282e-06,-24.9529,,0.478545,-0.0440568,,-0.000401853,2.60342e-05,fluid
82,-0.0138677,-0.096452,,999.996,-0.000119516,-7.15181,,0.506764,-0.0460069,,-0.000302096,-2.20281e-05,fluid
83,0.0138677,-0.096452,,1000.01,8.42005e-05,13.9804,,0.523035,-0.0419383,,-0.000593005,4.69619e-05,fluid
84,0.0404796,-0.088638,,1000.01,-7.26667e-05,19.394,,0.525832,-0.0305086,,-0.000494376,5.35403e-05,fluid
85,0.0638121,-0.0736431,,1000,-6.4912e-05,5.808,,0.500795,-0.00388461,,-0.00045927,1.49235e-05,fluid
86,0.081975,-0.0526821,,1000,-1.7124e-05,5.78022,,0.432191,0.0189566,,-0.000390622,-1.61191e-05,fluid
87,0.0934967,-0.0274531,,1000.02,2.90943e-06,44.3343,,0.333906,0.0253887,,-0.000380065,5.82205e-06,fluid
88,0.116991,0,,999.991,0.000106651,-17.2272,,0.328807,1.58537e-15,,-0.000385834,-1.37103e-12,fluid
89,0.112253,0.0329603,,999.993,5.84595e-05,-14.3231,,0.394316,0.0036806,,-0.000411114,-4.46062e-05,fluid
90,0.0984195,0.0632504,,1000,5.68404e-05,0.829435,,0.478399,0.014372,,-0.000409319,-2.78608e-05,fluid
91,0.0766131,0.0884163,,1000,3.3483e-05,6.79063,,0.520998,0.0252966,,-0.000458478,-4.6131e-05,fluid
92,0.0486,0.106419,,1000,7.10611e-05,2.28879,,0.528623,0.032183,,-0.000483365,-2.8647e-05,fluid
93,0.0166496,0.115801,,1000,-4.64598e-05,-0.906876,,0.508197,0.0352919,,-0.000365898,-4.5983e-05,fluid
94,-0.0166496,0.115801,,1000.01,-6.68402e-05,27.5974,,0.500891,0.0316578,,-0.000507786,-1.31517e-05,fluid
95,-0.0486,0.106419,,1000.02,0.000222184,35.4996,,0.490636,0.025614,,-0.000666281,-9.29049e-05,fluid
96,-0.0766131,0.0884163,,1000.02,-0.00018618,34.8781,,0.479238,0.0208347,,-0.000349003,8.63715e-05,fluid
97,-0.0984195,0.0632504,,1000.03,-0.000360822,49.1413,,0.478923,0.0168707,,-0.000401682,9.69552e-05,fluid
98,-0.112253,0.0329603,,1000.03,0.000200398,51.297,,0.471157,0.0067487,,-0.000520656,-7.6076e-05,fluid
99,-0.116991,1.43273e-17,,1000.03,0.000456552,61.639,,0.472536,3.82474e-14,,-0.000550049,2.41292e-12,fluid
100,-0.112253,-0.0329603,,1000.03,0.000200398,51.297,,0.471157,-0.0067487,,-0.000520656,7.6076e-05,fluid
101,-0.0984195,-0.0632504,,1000.03,-0.000360822,49.1413,,0.478923,-0.0168707,,-0.000401682,-9.69552e-05,fluid
102,-0.0766131,-0.0884163,,1000.02,-0.00018618,34.8781,,0.479238,-0.0208347,,-0.000349003,-8.63715e-05,fluid
103,-0.0486,-0.106419,,1000.02,0.000222184,35.4996,,0.490636,-0.025614,,-0.000666281,9.29049e-05,fluid
104,-0.0166496,-0.115801,,1000.01,-6.68403e-05,27.5974,,0.500891,-0.0316578,,-0.000507786,1.31517e-05,fluid
105,0.0166496,-0.115801,,1000,-4.64597e-05,-0.906876,,0.508197,-0.0352919,,-0.000365898,4.5983e-05,fluid
106,0.0486,-0.106419,,1000,7.10613e-05,2.28879,,0.528623,-0.032183,,-0.000483365,2.8647e-05,fluid
107,0.0766131,-0.0884163,,1000,3.3483e-05,6.79063,,0.520998,-0.0252966,,-0.000458478,4.6131e-05,fluid
108,0.0984195,-0.0632504,,1000,5.68403e-05,0.829435,,0.478399,-0.014372,,-0.000409319,2.78608e-05,fluid
109,0.112253,-0.0329603,,999.993,5.84596e-05,-14.3231,,0.394316,-0.0036806,,-0.000411114,4.46062e-05,fluid
110,0.138766,0,,999.99,-0.000232058,-20.1239,,0.325736,1.38783e-14,,-0.000472453,-6.31676e-13,fluid
111,0.133145,0.039095,,999.983,-0.000125623,-32.4316,,0.396753,-0.0106003,,-0.000468429,-6.96342e-05,fluid
112,0.116738,0.0750227,,999.992,-6.88967e-05,-16.5745,,0.486288,0.00031702,,-0.000441979,-4.23457e-05,fluid
113,0.0908726,0.104873,,1000,8.13505e-06,1.45542,,0.52337,0.0193801,,-0.000457473,-3.53002e-05,fluid
114,0.0576456,0.126226,,1000.01,-1.56435e-05,10.4574,,0.527363,0.0249671,,-0.000448284,-3.30188e-05,fluid
115,0.0197485,0.137354,,1000.01,-1.39915e-05,10.9847,,0.513947,0.0244905,,-0.000392801,-3.97824e-05,fluid
116,-0.0197485,0.137354,,1000,0.000101776,8.07187,,0.496909,0.0253485,,-0.00044395,-1.70408e-05,fluid
117,-0.0576456,0.126226,,1000.01,-0.000174014,23.6351,,0.497252,0.0254475,,-0.000359269,-7.97136e-06,fluid
118,-0.0908726,0.104873,,1000.01,-0.00015793,20.4036,,0.484051,0.0218731,,-0.000381196,1.44213e-05,fluid
119,-0.116738,0.0750227,,1000.02,0.000299717,30.7897,,0.479264,0.0156531,,-0.000681474,-0.000228643,fluid
120,-0.133145,0.039095,,1000.02,7.04984e-05,32.6823,,0.47302,0.00924841,,-0.000552384,-8.02393e-05,fluid
121,-0.138766,1.6994e-17,,1000.01,-0.000327775,26.8623,,0.474056,-2.2371e-14,,-0.000463564,1.12724e-12,fluid
122,-0.133145,-0.039095,,1000.02,7.04985e-05,32.6823,,0.47302,-0.00924841,,-0.000552384,8.02393e-05,fluid
123,-0.116738,-0.0750227,,1000.02,0.000299717,30.7897,,0.479264,-0.0156531,,-0.000681474,0.000228643,fluid
124,-0.0908726,-0.104873,,1000.01,-0.00015793,20.4036,,0.484051,-0.0218731,,-0.000381196,-1.44213e-05,fluid
125,-0.0576456,-0.126226,,1000.01,-0.000174014,23.6351,,0.497252,-0.0254475,,-0.000359269,7.97136e-06,fluid
126,-0.0197485,-0.137354,,1000,0.000101777,8.07187,,0.496909,-0.0253485,,-0.00044395,1.70408e-05,fluid
127,0.0197485,-0.137354,,1000.01,-1.39915e-05,10.9847,,0.513947,-0.0244905,,-0.000392801,3.97824e-05,fluid
128,0.0576456,-0.126226,,1000.01,-1.56434e-05,10.4574,,0.527363,-0.0249671,,-0.000448284,3.30188e-05,fluid
129,0.0908726,-0.104873,,1000,8.13515e-06,1.45542,,0.52337,-0.0193801,,-0.000457473,3.53002e-05,fluid
130,0.116738,-0.0750227,,999.992,-6.88967e-05,-16.5745,,0.486288,-0.00031702,,-0.000441979,4.23457e-05,fluid
131,0.133145,-0.039095,,999.983,-0.000125623,-32.4316,,0.396753,0.0106003,,-0.000468429,6.96342e-05,fluid
132,0.163022,0,,1000.01,0.000163467,22.117,,0.343375,-5.6185e-15,,-0.000336086,2.08366e-13,fluid
133,0.156418,0.0459286,,1000,0.000130605,4.20414,,0.417377,-0.0105401,,-0.000354765,1.64697e-05,fluid
134,0.137143,0.0881364,,999.999,2.9207e-05,-1.33748,,0.498613,-0.00107191,,-0.000439634,-3.16331e-05,fluid
135,0.106757,0.123204,,1000,-2.04869e-05,0.299333,,0.524909,0.0139189,,-0.000450148,-3.38736e-05,fluid
136,0.0677218,0.14829,,999.998,-4.98357e-05,-3.34562,,0.513814,0.0230968,,-0.000371708,-6.36797e-05,fluid
137,0.0232005,0.161363,,1000.01,2.04408e-05,16.5835,,0.509684,0.0200686,,-0.000462176,-2.67938e-05,fluid
138,-0.0232005,0.161363,,1000.01,-5.33269e-05,10.0436,,0.500674,0.0219765,,-0.000357885,-2.9226e-05,fluid
139,-0.0677218,0.14829,,1000.01,-4.68581e-05,14.1892,,0.491394,0.0193564,,-0.000350664,-1.33674e-05,fluid
140,-0.106757,0.123204,,1000.01,0.000259717,22.0999,,0.487653,0.0212226,,-0.000643914,-0.000123479,fluid
141,-0.137143,0.0881364,,1000.01,4.23148e-05,18.5802,,0.481772,0.0126425,,-0.000430909,0.00013909,fluid
142,-0.156418,0.0459286,,1000.01,-0.000282458,18.4766,,0.477156,0.00958052,,-0.000383422,0.000222634,fluid
143,-0.163022,1.99644e-17,,1000.01,-0.000239663,18.8421,,0.477905,-2.69189e-14,,-0.000398162,7.71236e-13,fluid
144,-0.156418,-0.0459286,,1000.01,-0.000282458,18.4766,,0.477156,-0.00958052,,-0.000383422,-0.000222634,fluid
145,-0.137143,-0.0881364,,1000.01,4.23147e-05,18.5802,,0.481772,-0.0126425,,-0.000430909,-0.00013909,fluid
146,-0.106757,-0.123204,,1000.01,0.000259717,22.0999,,0.487653,-0.0212226,,-0.000643914,0.000123479,fluid
147,-0.0677218,-0.14829,,1000.01,-4.68582e-05,14.1892,,0.491394,-0.0193564,,-0.000350664,1.33674e-05,fluid
148,-0.0232005,-0.161363,,1000.01,-5.3327e-05,10.0436,,0.500674,-0.0219765,,-0.000357885,2.9226e-05,fluid
149,0.0232005,-0.161363,,1000.01,2.04408e-05,16.5835,,0.509684,-0.0200686,,-0.000462176,2.67938e-05,fluid
150,0.0677218,-0.14829,,999.998,-4.98357e-05,-3.34562,,0.513814,-0.0230968,,-0.000371708,6.36797e-05,fluid
151,0.106757,-0.123204,,1000,-2.04869e-05,0.299333,,0.524909,-0.0139189,,-0.000450148,3.38736e-05,fluid
152,0.137143,-0.0881364,,999.999,2.9207e-05,-1.33748,,0.498613,0.00107191,,-0.000439634,3.16331e-05,fluid
153,0.156418,-0.0459286,,1000,0.000130605,4.20414,,0.417377,0.0105401,,-0.000354765,-1.64697e-05,fluid
154,0.190041,0,,999.993,-1.60854e-05,-13.99,,0.348786,-1.05349e-14,,-0.000363399,-2.67783e-15,fluid
155,0.182343,0.0535408,,999.998,-1.91368e-05,-4.50546,,0.429568,-0.00983509,,-0.000422158,-3.17523e-05,fluid
156,0.159873,0.102744,,1000.01,-9.25842e-06,17.2452,,0.510358,0.0065836,,-0.00043923,-3.92227e-05,fluid
157,0.124451,0.143624,,1000.01,1.93192e-05,22.4105,,0.525027,0.0135647,,-0.000427673,-2.33232e-05,fluid
158,0.078946,0.172868,,1000.01,2.81418e-05,9.84735,,0.514759,0.0181342,,-0.000384363,-3.01792e-05,fluid
159,0.0270457,0.188107,,1000.01,1.969e-05,12.2314,,0.502647,0.0173653,,-0.000350707,-3.32742e-05,fluid
160,-0.0270457,0.188107,,1000.01,-4.52345e-05,22.113,,0.503294,0.0203376,,-0.000367479,-4.21328e-05,fluid
161,-0.078946,0.172868,,1000.01,0.000121957,21.0926,,0.494551,0.0174751,,-0.000518446,-6.47055e-05,fluid
162,-0.124451,0.143624,,1000.01,-8.63867e-05,22.912,,0.488446,0.0170615,,-0.000344156,5.61421e-05,fluid
163,-0.159873,0.102744,,1000.01,-0.000340973,26.0296,,0.48568,0.0121021,,-0.000379954,2.34265e-05,fluid
164,-0.182343,0.0535408,,1000.01,0.00015885,28.5798,,0.479415,0.0055529,,-0.000572167,-0.000129862,fluid
165,-0.190041,2.32733e-17,,1000.02,0.000552952,37.6803,,0.4799,3.90051e-14,,-0.00060893,9.3949e-13,fluid
166,-0.182343,-0.0535408,,1000.01,0.00015885,28.5798,,0.479415,-0.0055529,,-0.000572167,0.000129862,fluid
167,-0.159873,-0.102744,,1000.01,-0.000340973,26.0296,,0.48568,-0.0121021,,-0.000379954,-2.34265e-05,fluid
168,-0.124451,-0.143624,,1000.01,-8.63868e-05,22.912,,0.488446,-0.0170615,,-0.000344156,-5.61421e-05,fluid
169,-0.078946,-0.172868,,1000.01,0.000121957,21.0926,,0.494551,-0.0174751,,-0.000518446,6.47055e-05,fluid
170,-0.0270457,-0.188107,,1000.01,-4.52345e-05,22.113,,0.503294,-0.0203376,,-0.000367479,4.21328e-05,fluid
171,0.0270457,-0.188107,,1000.01,1.96901e-05,12.2314,,0.502647,-0.0173653,,-0.000350707,3.32742e-05,fluid
172,0.078946,-0.172868,,1000.01,2.8142e-05,9.84735,,0.514759,-0.0181342,,-0.000384363,3.01792e-05,fluid
173,0.124451,-0.143624,,1000.01,1.93192e-05,22.4105,,0.525027,-0.0135647,,-0.000427673,2.33232e-05,fluid
174,0.159873,-0.102744,,1000.01,-9.25841e-06,17.2452,,0.510358,-0.0065836,,-0.00043923,3.92227e-05,fluid
175,0.182343,-0.0535408,,999.998,-1.91368e-05,-4.50546,,0.429568,0.00983509,,-0.000422158,3.17523e-05,fluid
176,0.220139,0,,999.998,-0.000115479,-3.84542,,0.366863,2.14099e-15,,-0.000402867,-4.06114e-13,fluid
177,0.211222,0.0620203,,999.991,-0.000126379,-17.151,,0.436173,-0.0163092,,-0.00047513,-5.07406e-05,fluid
178,0.185193,0.119016,,999.996,-1.92243e-05,-7.53627,,0.509824,0.000443934,,-0.000440244,-3.40566e-05,fluid
179,0.14416,0.16637,,1000,-6.59925e-06,2.38764,,0.519655,0.0112392,,-0.000370865,-5.85745e-05,fluid
180,0.0914491,0.200246,,1000.01,5.33122e-06,12.8099,,0.517099,0.0121773,,-0.000374248,-2.25713e-05,fluid
181,0.0313291,0.217898,,1000,-2.50562e-05,8.31961,,0.507337,0.0127705,,-0.000290579,-4.30697e-05,fluid
182,-0.0313291,0.217898,,1000.01,4.54624e-05,11.4471,,0.499833,0.016269,,-0.000341628,-3.80645e-05,fluid
183,-0.0914491,0.200246,,1000.01,-4.90876e-05,17.3676,,0.499167,0.015688,,-0.000322372,-1.23613e-05,fluid
184,-0.14416,0.16637,,1000.01,-0.000166677,14.1035,,0.489986,0.012675,,-0.000302986,3.92338e-05,fluid
185,-0.185193,0.119016,,1000.01,0.000167521,23.3578,,0.487704,0.00943235,,-0.000570803,-0.000148126,fluid
186,-0.211222,0.0620203,,1000.01,9.24289e-05,20.9184,,0.483286,0.00401799,,-0.000592233,-0.000201696,fluid
187,-0.220139,2.69593e-17,,1000.01,-0.000220578,20.458,,0.484176,1.20241e-14,,-0.000485578,1.09522e-12,fluid
188,-0.211222,-0.0620203,,1000.01,9.24289e-05,20.9184,,0.483286,-0.00401799,,-0.000592233,0.000201696,fluid
189,-0.185193,-0.119016,,1000.01,0.000167521,23.3578,,0.487704,-0.00943235,,-0.000570803,0.000148126,fluid
190,-0.14416,-0.16637,,1000.01,-0.000166677,14.1035,,0.489986,-0.012675,,-0.000302986,-3.92338e-05,fluid
191,-0.0914491,-0.200246,,1000.01,-4.90876e-05,17.3676,,0.499167,-0.015688,,-0.000322372,1.23613e-05,fluid
192,-0.0313291,-0.217898,,1000.01,4.54624e-05,11.4471,,0.499833,-0.016269,,-0.000341628,3.80645e-05,fluid
193,0.0313291,-0.217898,,1000,-2.50562e-05,8.31961,,0.507337,-0.0127705,,-0.000290579,4.30697e-05,fluid
194,0.0914491,-0.200246,,1000.01,5.33126e-06,12.8099,,0.517099,-0.0121773,,-0.000374248,2.25713e-05,fluid
195,0.14416,-0.16637,,1000,-6.59919e-06,2.38764,,0.519655,-0.0112392,,-0.000370865,5.85745e-05,fluid
196,0.185193,-0.119016,,999.996,-1.92243e-05,-7.53627,,0.509824,-0.000443934,,-0.000440244,3.40566e-05,fluid
197,0.211222,-0.0620203,,999.991,-0.000126379,-17.151,,0.436173,0.0163092,,-0.00047513,5.07406e-05,fluid
198,0.253666,0,,1000.01,0.000139262,29.1717,,0.38742,3.09092e-15,,-0.000327778,-5.34854e-13,fluid
199,0.243391,0.071466,,1000.01,0.000159757,12.1367,,0.455118,-0.0105487,,-0.000305912,5.29996e-05,fluid
200,0.213397,0.137142,,1000,1.76796e-05,7.86977,,0.514609,0.00259984,,-0.000390531,-4.26511e-05,fluid
201,0.166116,0.191708,,999.999,-2.09e-05,-1.37679,,0.515992,0.00890227,,-0.000333512,-8.11982e-05,fluid
202,0.105377,0.230743,,1000,-2.95612e-05,3.05972,,0.507054,0.0124592,,-0.000280622,-6.27897e-05,fluid
203,0.0361004,0.251084,,1000.01,-2.94088e-05,15.8216,,0.508715,0.0110453,,-0.000290874,-4.63743e-05,fluid
204,-0.0361004,0.251084,,1000.01,1.19689e-05,10.1569,,0.500504,0.0136576,,-0.000289537,-3.43924e-05,fluid
205,-0.105377,0.230743,,1000.01,-6.26377e-05,16.6082,,0.497966,0.0127481,,-0.000240818,-1.7706e-06,fluid
206,-0.166116,0.191708,,1000.01,0.000172045,18.8716,,0.491917,0.0112423,,-0.000519777,-0.000108336,fluid
207,-0.213397,0.137142,,1000.01,0.00019414,20.2814,,0.489228,0.00787945,,-0.000460475,5.43537e-05,fluid
208,-0.243391,0.071466,,1000.01,-0.000245678,16.955,,0.486801,0.00604534,,-0.000360208,0.000336256,fluid
209,-0.253666,3.10651e-17,,1000.01,-0.000479688,14.6971,,0.486837,-3.38662e-14,,-0.000346693,9.97008e-13,fluid
210,-0.243391,-0.071466,,1000.01,-0.000245679,16.955,,0.486801,-0.00604534,,-0.000360208,-0.000336256,fluid
211,-0.213397,-0.137142,,1000.01,0.00019414,20.2814,,0.489228,-0.00787945,,-0.000460475,-5.43537e-05,fluid
212,-0.166116,-0.191708,,1000.01,0.000172045,18.8716,,0.491917,-0.0112423,,-0.000519777,0.000108336,fluid
213,-0.105377,-0.230743,,1000.01,-6.26378e-05,16.6082,,0.497966,-0.0127481,,-0.000240818,1.7706e-06,fluid
214,-0.0361004,-0.251084,,1000.01,1.19689e-05,10.1569,,0.500504,-0.0136576,,-0.000289537,3.43924e-05,fluid
215,0.0361004,-0.251084,,1000.01,-2.94088e-05,15.8216,,0.508715,-0.0110453,,-0.000290874,4.63743e-05,fluid
216,0.105377,-0.230743,,1000,-2.95612e-05,3.05972,,0.507054,-0.0124592,,-0.000280622,6.27897e-05,fluid
217,0.166116,-0.191708,,999.999,-2.09e-05,-1.37679,,0.515992,-0.00890227,,-0.000333512,8.11982e-05,fluid
218,0.213397,-0.137142,,1000,1.76795e-05,7.86977,,0.514609,-0.00259984,,-0.000390531,4.26511e-05,fluid
219,0.243391,-0.071466,,1000.01,0.000159757,12.1367,,0.455118,0.0105487,,-0.000305912,-5.29996e-05,fluid
220,0.291013,0,,999.988,-9.11505e-05,-23.6714,,0.38648,-4.07725e-15,,-0.000377208,-6.27341e-13,fluid
221,0.279225,0.0819878,,999.999,-6.09724e-05,-1.87609,,0.45752,-0.0115787,,-0.000434161,-6.67623e-05,fluid
222,0.244816,0.157333,,1000.01,-6.33492e-05,22.8743,,0.517672,0.0051554,,-0.000371953,-7.28075e-05,fluid
223,0.190573,0.219933,,1000.01,2.23716e-05,24.0258,,0.519142,0.00520065,,-0.000332539,-3.46822e-05,fluid
224,0.120891,0.264715,,1000.01,2.35988e-05,11.7828,,0.508248,0.00975051,,-0.000239379,-5.03818e-05,fluid
225,0.0414154,0.288051,,1000.01,3.50145e-05,18.9615,,0.50575,0.0106561,,-0.000222708,-3.91954e-05,fluid
226,-0.0414154,0.288051,,1000.01,-2.72784e-05,20.5573,,0.502703,0.0125856,,-0.000200194,-2.99075e-05,fluid
227,-0.120891,0.264715,,1000.01,4.43975e-05,21.3504,,0.496367,0.0103766,,-0.00027888,-2.81006e-05,fluid
228,-0.190573,0.219933,,1000.01,3.41935e-06,24.214,,0.493296,0.0103662,,-0.000319913,-1.61824e-05,fluid
229,-0.244816,0.157333,,1000.01,-0.000298991,22.808,,0.490334,0.00686293,,-0.000347556,3.36651e-05,fluid
230,-0.279225,0.0819878,,1000.01,8.40745e-05,27.7494,,0.486938,0.00386333,,-0.000548341,-9.42986e-05,fluid
231,-0.291013,3.56388e-17,,1000.02,0.0005638,33.0656,,0.48658,-2.14571e-15,,-0.000662906,6.79839e-13,fluid
232,-0.279225,-0.0819878,,1000.01,8.40745e-05,27.7494,,0.486938,-0.00386333,,-0.000548341,9.42986e-05,fluid
233,-0.244816,-0.157333,,1000.01,-0.000298991,22.808,,0.490334,-0.00686293,,-0.000347556,-3.36651e-05,fluid
234,-0.190573,-0.219933,,1000.01,3.41933e-06,24.214,,0.493296,-0.0103662,,-0.000319913,1.61824e-05,fluid
235,-0.120891,-0.264715,,1000.01,4.43973e-05,21.3504,,0.496367,-0.0103766,,-0.00027888,2.81006e-05,fluid
236,-0.0414154,-0.288051,,1000.01,-2.72784e-05,20.5573,,0.502703,-0.0125856,,-0.000200194,2.99075e-05,fluid
237,0.0414154,-0.288051,,1000.01,3.50145e-05,18.9615,,0.50575,-0.0106561,,-0.000222708,3.91954e-05,fluid
238,0.120891,-0.264715,,1000.01,2.35988e-05,11.7828,,0.508248,-0.00975051,,-0.000239379,5.03818e-05,fluid
239,0.190573,-0.219933,,1000.01,2.23717e-05,24.0258,,0.519142,-0.00520065,,-0.000332539,3.46822e-05,fluid
240,0.244816,-0.157333,,1000.01,-6.33491e-05,22.8743,,0.517672,-0.0051554,,-0.000371953,7.28075e-05,fluid
241,0.279225,-0.0819878,,999.999,-6.09723e-05,-1.87609,,0.45752,0.0115787,,-0.000434161,6.67623e-05,fluid
242,0.332615,0,,1000,-6.35571e-05,2.95778,,0.409894,-4.69174e-15,,-0.000363886,-7.42822e-13,fluid
243,0.319141,0.0937084,,999.997,-0.000115648,-5.66194,,0.463456,-0.0145077,,-0.000411492,-4.57833e-05,fluid
244,0.279813,0.179825,,999.998,8.10464e-06,-4.47927,,0.514774,0.00265377,,-0.000357394,-3.74892e-05,fluid
245,0.217816,0.251373,,1000,1.89182e-05,8.73147,,0.515087,0.00359508,,-0.000281731,-3.83103e-05,fluid
246,0.138173,0.302557,,1000.01,-2.02542e-06,12.769,,0.511697,0.0053825,,-0.000200067,-4.31757e-05,fluid
247,0.047336,0.329229,,1000,1.60105e-05,8.64116,,0.5054,0.00802338,,-0.000150459,-4.01892e-05,fluid
248,-0.047336,0.329229,,1000.01,-7.52004e-06,13.373,,0.50305,0.00983742,,-0.000129951,-2.67318e-05,fluid
249,-0.138173,0.302557,,1000.01,1.54497e-05,14.174,,0.499289,0.00889837,,-0.000213666,-1.9732e-05,fluid
250,-0.217816,0.251373,,1000.01,-0.000161821,13.9868,,0.494888,0.00798848,,-0.00012236,8.68247e-05,fluid
251,-0.279813,0.179825,,1000.01,-6.00732e-05,17.6789,,0.492286,0.00581635,,-0.000383935,-4.02794e-05,fluid
252,-0.319141,0.0937084,,1000.01,0.000132224,19.1093,,0.489067,0.00155741,,-0.000576545,-0.000249942,fluid
253,-0.332615,4.07336e-17,,1000.01,9.69442e-05,21.0245,,0.489102,2.4086e-14,,-0.00054954,3.38009e-13,fluid
254,-0.319141,-0.0937084,,1000.01,0.000132224,19.1093,,0.489067,-0.00155741,,-0.000576545,0.000249942,fluid
255,-0.279813,-0.179825,,1000.01,-6.00732e-05,17.6789,,0.492286,-0.00581635,,-0.000383935,4.02794e-05,fluid
256,-0.217816,-0.251373,,1000.01,-0.000161821,13.9868,,0.494888,-0.00798848,,-0.00012236,-8.68247e-05,fluid
257,-0.138173,-0.302557,,1000.01,1.54497e-05,14.174,,0.499289,-0.00889837,,-0.000213666,1.9732e-05,fluid
258,-0.047336,-0.329229,,1000.01,-7.52004e-06,13.373,,0.50305,-0.00983742,,-0.000129951,2.67318e-05,fluid
259,0.047336,-0.329229,,1000,1.60106e-05,8.64116,,0.5054,-0.00802338,,-0.000150459,4.01892e-05,fluid
260,0.138173,-0.302557,,1000.01,-2.02533e-06,12.769,,0.511697,-0.0053825,,-0.000200067,4.31757e-05,fluid
261,0.217816,-0.251373,,1000,1.89182e-05,8.73147,,0.515087,-0.00359508,,-0.000281731,3.83103e-05,fluid
262,0.279813,-0.179825,,999.998,8.10474e-06,-4.47927,,0.514774,-0.00265377,,-0.000357394,3.74892e-05,fluid
263,0.319141,-0.0937084,,999.997,-0.000115648,-5.66194,,0.463456,0.0145077,,-0.000411492,4.57833e-05,fluid
264,0.378957,0,,1000.02,0.000146688,36.3043,,0.425252,-1.8821e-15,,-0.000314203,-7.90734e-13,fluid
265,0.363606,0.106764,,1000.01,0.000135357,17.4878,,0.474069,-0.010981,,-0.000292647,3.38768e-05,fluid
266,0.318799,0.204879,,1000,4.84077e-05,5.52874,,0.514787,0.00190901,,-0.000318719,-5.10801e-05,fluid
267,0.248164,0.286396,,999.999,-3.69096e-05,-2.68892,,0.50742,0.0055817,,-0.000191259,-0.00011542,fluid
268,0.157424,0.344711,,1000,-2.39393e-05,9.50577,,0.507598,0.00538608,,-0.000154536,-5.4412e-05,fluid
269,0.0539311,0.375099,,1000.01,-2.51912e-05,11.6781,,0.507285,0.00610805,,-8.19893e-05,-4.72397e-05,fluid
270,-0.0539311,0.375099,,1000.01,1.50951e-05,11.686,,0.501176,0.00741786,,-9.2213e-05,-3.09096e-05,fluid
271,-0.157424,0.344711,,1000.01,-8.20474e-06,15.825,,0.500582,0.00784645,,-0.000107849,3.15432e-06,fluid
272,-0.248164,0.286396,,1000.01,0.000110588,16.0823,,0.495714,0.00631042,,-0.000289765,-4.50411e-05,fluid
273,-0.318799,0.204879,,1000.01,0.000313401,19.5374,,0.493548,0.00540066,,-0.000415678,-6.89202e-06,fluid
274,-0.363606,0.106764,,1000.01,-0.000230776,12.7466,,0.492174,0.00384018,,-0.00037645,0.000268245,fluid
275,-0.378957,4.64088e-17,,1000,-0.000838826,8.47497,,0.49188,-5.24622e-15,,-0.000314484,1.37927e-13,fluid
276,-0.363606,-0.106764,,1000.01,-0.000230776,12.7466,,0.492174,-0.00384018,,-0.00037645,-0.000268245,fluid
277,-0.318799,-0.204879,,1000.01,0.000313401,19.5374,,0.493548,-0.00540066,,-0.000415678,6.89202e-06,fluid
278,-0.248164,-0.286396,,1000.01,0.000110588,16.0823,,0.495714,-0.00631042,,-0.000289765,4.50411e-05,fluid
279,-0.157424,-0.344711,,1000.01,-8.2048e-06,15.825,,0.500582,-0.00784645,,-0.000107849,-3.15432e-06,fluid
280,-0.0539311,-0.375099,,1000.01,1.50951e-05,11.686,,0.501176,-0.00741786,,-9.2213e-05,3.09096e-05,fluid
281,0.0539311,-0.375099,,1000.01,-2.51911e-05,11.6781,,0.507285,-0.00610805,,-8.19893e-05,4.72397e-05,fluid
282,0.157424,-0.344711,,1000,-2.39393e-05,9.50577,,0.507598,-0.00538608,,-0.000154536,5.4412e-05,fluid
283,0.248164,-0.286396,,999.999,-3.69095e-05,-2.68892,,0.50742,-0.0055817,,-0.000191259,0.00011542,fluid
284,0.318799,-0.204879,,1000,4.84077e-05,5.52874,,0.514787,-0.00190901,,-0.000318719,5.10801e-05,fluid
285,0.363606,-0.106764,,1000.01,0.000135357,17.4878,,0.474069,0.010981,,-0.000292647,-3.38768e-05,fluid
286,0.430578,0,,999.986,-0.000125029,-27.7884,,0.424174,-1.03037e-15,,-0.000355283,-7.09398e-13,fluid
287,0.413137,0.121308,,1000,-6.10646e-05,1.38725,,0.477069,-0.0081749,,-0.000360049,-6.28892e-05,fluid
288,0.362226,0.232788,,1000.01,-8.32251e-05,27.2037,,0.517875,0.0026004,,-0.000249128,-8.97346e-05,fluid
289,0.281969,0.325409,,1000.01,3.6269e-06,19.7098,,0.512967,0.00108301,,-0.000137773,-7.97518e-05,fluid
290,0.178869,0.391668,,1000.01,2.29378e-05,14.2895,,0.506175,0.00585933,,-2.32612e-05,-8.23434e-05,fluid
291,0.0612777,0.426196,,1000.01,2.18157e-05,19.9191,,0.507089,0.00634478,,9.75552e-07,-3.00737e-05,fluid
292,-0.0612777,0.426196,,1000.01,8.45309e-06,19.0029,,0.502507,0.00704442,,3.54477e-05,-7.4046e-06,fluid
293,-0.178869,0.391668,,1000.01,-3.10367e-05,20.9632,,0.499619,0.0072334,,-6.97776e-06,6.83008e-06,fluid
294,-0.281969,0.325409,,1000.01,2.852e-05,22.2206,,0.496241,0.0060853,,-0.000180339,-3.14416e-05,fluid
295,-0.362226,0.232788,,1000.01,-0.000145543,21.8663,,0.493517,0.00471576,,-0.00030065,7.7801e-06,fluid
296,-0.413137,0.121308,,1000.01,6.07689e-05,24.6994,,0.491663,0.00282719,,-0.000456692,8.44142e-05,fluid
297,-0.430578,5.27306e-17,,1000.01,0.000475787,28.3092,,0.490583,-2.89163e-14,,-0.000562036,8.28388e-14,fluid
298,-0.413137,-0.121308,,1000.01,6.07689e-05,24.6994,,0.491663,-0.00282719,,-0.000456692,-8.44142e-05,fluid
299,-0.362226,-0.232788,,1000.01,-0.000145543,21.8663,,0.493517,-0.00471576,,-0.00030065,-7.7801e-06,fluid
300,-0.281969,-0.325409,,1000.01,2.852e-05,22.2206,,0.496241,-0.0060853,,-0.000180339,3.14416e-05,fluid
301,-0.178869,-0.391668,,1000.01,-3.10367e-05,20.9632,,0.499619,-0.0072334,,-6.97776e-06,-6.83008e-06,fluid
302,-0.0612777,-0.426196,,1000.01,8.45311e-06,19.0029,,0.502507,-0.00704442,,3.54477e-05,7.4046e-06,fluid
303,0.0612777,-0.426196,,1000.01,2.18157e-05,19.9191,,0.507089,-0.00634478,,9.75552e-07,3.00737e-05,fluid
304,0.178869,-0.391668,,1000.01,2.29379e-05,14.2895,,0.506175,-0.00585933,,-2.32612e-05,8.23434e-05,fluid
305,0.281969,-0.325409,,1000.01,3.62689e-06,19.7098,,0.512967,-0.00108301,,-0.000137773,7.97518e-05,fluid
306,0.362226,-0.232788,,1000.01,-8.32251e-05,27.2037,,0.517875,-0.0026004,,-0.000249128,8.97346e-05,fluid
307,0.413137,-0.121308,,1000,-6.10645e-05,1.38725,,0.477069,0.0081749,,-0.000360049,6.28892e-05,fluid
308,0.488082,0,,999.998,-8.83533e-05,-4.09902,,0.43603,-1.75558e-16,,-0.00034053,-5.33829e-13,fluid
309,0.468311,0.137508,,999.999,-0.000130801,-1.88446,,0.478429,-0.0134111,,-0.000345891,-0.000123249,fluid
310,0.4106,0.263877,,1000,-2.26603e-05,4.47898,,0.515816,0.000385815,,-0.000206943,-0.000136705,fluid
311,0.319625,0.368867,,1000.01,4.00855e-05,18.0429,,0.513698,-0.0017474,,-0.000113346,-5.73057e-05,fluid
312,0.202756,0.443975,,1000.01,2.46689e-05,14.0878,,0.508835,0.00278013,,2.0268e-05,-6.2981e-05,fluid
313,0.0694613,0.483114,,1000.01,3.62397e-05,14.1345,,0.506218,0.00496236,,7.96068e-05,-3.06551e-05,fluid
314,-0.0694613,0.483114,,1000.01,-4.69573e-06,16.621,,0.504155,0.00561083,,0.000101109,-2.86958e-06,fluid
315,-0.202756,0.443975,,1000.01,1.37668e-05,16.3165,,0.500784,0.00605589,,9.06137e-05,3.58465e-05,fluid
316,-0.319625,0.368867,,1000.01,-0.000138625,16.961,,0.498719,0.00582009,,8.97146e-05,0.000105882,fluid
317,-0.4106,0.263877,,1000.01,-0.000260072,16.5732,,0.495403,0.0043027,,-0.000110922,9.48532e-05,fluid
318,-0.468311,0.137508,,1000.01,9.18703e-05,21.8613,,0.492587,0.00149409,,-0.000512716,-0.000192404,fluid
319,-0.488082,5.97728e-17,,1000.01,0.000444705,25.3727,,0.491449,-5.11845e-15,,-0.000632125,-2.4737e-15,fluid
320,-0.468311,-0.137508,,1000.01,9.18703e-05,21.8613,,0.492587,-0.00149409,,-0.000512716,0.000192404,fluid
321,-0.4106,-0.263877,,1000.01,-0.000260072,16.5732,,0.495403,-0.0043027,,-0.000110922,-9.48532e-05,fluid
322,-0.319625,-0.368867,,1000.01,-0.000138625,16.961,,0.498719,-0.00582009,,8.97146e-05,-0.000105882,fluid
323,-0.202756,-0.443975,,1000.01,1.37668e-05,16.3165,,0.500784,-0.00605589,,9.06137e-05,-3.58465e-05,fluid
324,-0.0694613,-0.483114,,1000.01,-4.69582e-06,16.621,,0.504155,-0.00561083,,0.000101109,2.86958e-06,fluid
325,0.0694613,-0.483114,,1000.01,3.62397e-05,14.1345,,0.506218,-0.00496236,,7.96068e-05,3.06551e-05,fluid
326,0.202756,-0.443975,,1000.01,2.4669e-05,14.0878,,0.508835,-0.00278013,,2.0268e-05,6.2981e-05,fluid
327,0.319625,-0.368867,,1000.01,4.00855e-05,18.0429,,0.513698,0.0017474,,-0.000113346,5.73057e-05,fluid
328,0.4106,-0.263877,,1000,-2.26603e-05,4.47898,,0.515816,-0.000385815,,-0.000206943,0.000136705,fluid
329,0.468311,-0.137508,,999.999,-0.000130801,-1.88446,,0.478429,0.0134111,,-0.000345891,0.000123249,fluid
330,0.552137,0,,1000.03,0.000185399,58.4298,,0.460829,1.50118e-15,,-0.000224105,-2.72499e-13,fluid
331,0.529771,0.155555,,1000.01,0.000169396,25.092,,0.489293,-0.0119134,,-0.000178676,-3.82111e-06,fluid
332,0.464487,0.298508,,999.996,7.0431e-05,-8.09956,,0.512263,-0.00246862,,-0.000188937,-6.75379e-05,fluid
333,0.361573,0.417277,,999.999,-9.07459e-06,-1.61265,,0.508115,-0.00240119,,-1.2928e-05,-0.000128238,fluid
334,0.229366,0.502241,,1000,-3.13196e-05,8.72205,,0.509876,-0.000873735,,5.45739e-05,-7.38246e-05,fluid
335,0.0785772,0.546517,,1000,-1.53056e-05,8.05138,,0.506013,0.00234664,,0.00012145,-4.22352e-05,fluid
336,-0.0785772,0.546517,,1000.01,5.68177e-06,10.9137,,0.50502,0.00321321,,0.00011999,-3.3033e-06,fluid
337,-0.229366,0.502241,,1000.01,6.22327e-05,12.003,,0.502049,0.00400007,,6.78406e-05,2.1961e-05,fluid
338,-0.361573,0.417277,,1000.01,6.62485e-05,13.0871,,0.499851,0.00366015,,8.59899e-06,3.25115e-05,fluid
339,-0.464487,0.298508,,1000.01,0.000233454,14.15,,0.497101,0.00260192,,-0.000200072,-1.5891e-05,fluid
340,-0.529771,0.155555,,1000,-0.000267161,9.2494,,0.495472,0.00103345,,-0.000395999,-4.55136e-05,fluid
341,-0.552137,6.76172e-17,,1000,-0.000823086,3.6518,,0.49521,1.94073e-14,,-0.000403537,-1.80039e-13,fluid
342,-0.529771,-0.155555,,1000,-0.000267161,9.2494,,0.495472,-0.00103345,,-0.000395999,4.55136e-05,fluid
343,-0.464487,-0.298508,,1000.01,0.000233454,14.15,,0.497101,-0.00260192,,-0.000200072,1.5891e-05,fluid
344,-0.361573,-0.417277,,1000.01,6.62485e-05,13.0871,,0.499851,-0.00366015,,8.59899e-06,-3.25115e-05,fluid
345,-0.229366,-0.502241,,1000.01,6.22327e-05,12.003,,0.502049,-0.00400007,,6.78406e-05,-2.1961e-05,fluid
346,-0.0785772,-0.546517,,1000.01,5.68172e-06,10.9137,,0.50502,-0.00321321,,0.00011999,3.3033e-06,fluid
347,0.0785772,-0.546517,,1000,-1.53056e-05,8.05138,,0.506013,-0.00234664,,0.00012145,4.22352e-05,fluid
348,0.229366,-0.502241,,1000,-3.13196e-05,8.72205,,0.509876,0.000873735,,5.45739e-05,7.38246e-05,fluid
349,0.361573,-0.417277,,999.999,-9.07456e-06,-1.61265,,0.508115,0.00240119,,-1.2928e-05,0.000128238,fluid
350,0.464487,-0.298508,,999.996,7.0431e-05,-8.09956,,0.512263,0.00246862,,-0.000188937,6.75379e-05,fluid
351,0.529771,-0.155555,,1000.01,0.000169396,25.092,,0.489293,0.0119134,,-0.000178676,3.82111e-06,fluid
352,0.62349,0,,999.972,-0.00019871,-54.8273,,0.454362,2.58019e-15,,-0.000283536,-1.08781e-13,fluid
353,0.598234,0.175657,,999.997,-0.000172136,-5.94184,,0.48912,-0.00974873,,-0.000291279,-2.31295e-05,fluid
354,0.524513,0.337084,,1000.02,-8.23241e-05,33.9906,,0.514445,0.0032257,,-0.000113579,-8.0444e-05,fluid
355,0.408299,0.471202,,1000.01,-2.63328e-05,15.7178,,0.508103,0.0010721,,4.69752e-05,-0.000116504,fluid
356,0.259007,0.567146,,1000.01,2.31903e-05,16.1177,,0.507285,0.00156281,,0.000138562,-6.84988e-05,fluid
357,0.0887318,0.617143,,1000.01,2.17061e-05,18.9688,,0.506597,0.00401999,,0.000229361,-2.28077e-05,fluid
358,-0.0887318,0.617143,,1000.01,2.12114e-05,18.2152,,0.504061,0.00476263,,0.000236341,2.10053e-05,fluid
359,-0.259007,0.567146,,1000.01,-1.26507e-05,19.8741,,0.502078,0.00588806,,0.00023674,8.8872e-05,fluid
360,-0.408299,0.471202,,1000.01,6.01563e-05,20.4623,,0.499159,0.00520837,,9.40179e-05,8.77635e-05,fluid
361,-0.524513,0.337084,,1000.01,0.000111379,21.8734,,0.496308,0.00460115,,-9.73729e-05,0.000151776,fluid
362,-0.598234,0.175657,,1000.01,8.45214e-05,20.872,,0.49478,0.00335721,,-0.000228612,0.000329985,fluid
363,-0.62349,7.63555e-17,,1000.01,0.000144028,21.1581,,0.493849,4.94728e-15,,-0.000266011,-3.53644e-13,fluid
364,-0.598234,-0.175657,,1000.01,8.45214e-05,20.872,,0.49478,-0.00335721,,-0.000228612,-0.000329985,fluid
365,-0.524513,-0.337084,,1000.01,0.000111379,21.8734,,0.496308,-0.00460115,,-9.73729e-05,-0.000151776,fluid
366,-0.408299,-0.471202,,1000.01,6.01563e-05,20.4623,,0.499159,-0.00520837,,9.40179e-05,-8.77635e-05,fluid
367,-0.259007,-0.567146,,1000.01,-1.26507e-05,19.8741,,0.502078,-0.00588806,,0.00023674,-8.8872e-05,fluid
368,-0.0887318,-0.617143,,1000.01,2.12113e-05,18.2152,,0.504061,-0.00476263,,0.000236341,-2.10053e-05,fluid
369,0.0887318,-0.617143,,1000.01,2.17061e-05,18.9688,,0.506597,-0.00401999,,0.000229361,2.28077e-05,fluid
370,0.259007,-0.567146,,1000.01,2.31903e-05,16.1177,,0.507285,-0.00156281,,0.000138562,6.84988e-05,fluid
371,0.408299,-0.471202,,1000.01,-2.63328e-05,15.7178,,0.508103,-0.0010721,,4.69752e-05,0.000116504,fluid
372,0.524513,-0.337084,,1000.02,-8.2324e-05,33.9906,,0.514445,-0.0032257,,-0.000113579,8.0444e-05,fluid
373,0.598234,-0.175657,,999.997,-0.000172136,-5.94184,,0.48912,0.00974873,,-0.000291279,2.31295e-05,fluid
374,0.702972,0,,1000.01,-1.60726e-05,22.1906,,0.458851,1.24537e-15,,-0.000303713,-9.20279e-14,fluid
375,0.674497,0.19805,,1000.01,-1.23917e-05,12.8174,,0.488147,-0.0129147,,-0.00024806,-0.000143844,fluid
376,0.591378,0.380055,,1000,-1.30474e-05,9.09234,,0.513609,-0.00143693,,-4.78069e-05,-0.000151456,fluid
377,0.460349,0.531271,,1000.01,3.24286e-05,18.4937,,0.510157,-0.00117289,,0.000122404,-0.000130343,fluid
378,0.292025,0.639446,,1000.01,5.71852e-05,17.2692,,0.507112,-0.000463589,,0.000217695,-7.30102e-05,fluid
379,0.100043,0.695817,,1000.01,4.54159e-05,17.9258,,0.506722,0.00182131,,0.000287741,-2.26046e-05,fluid
380,-0.100043,0.695817,,1000.01,3.5827e-05,19.1205,,0.505222,0.00266128,,0.000284248,2.88356e-05,fluid
381,-0.292025,0.639446,,1000.01,-2.53681e-05,18.5722,,0.50378,0.00372928,,0.000313118,6.9215e-05,fluid
382,-0.460349,0.531271,,1000.01,-0.000109338,18.7882,,0.502004,0.00388832,,0.000234998,7.0125e-05,fluid
383,-0.591378,0.380055,,1000.01,-0.000320248,17.602,,0.499787,0.00425729,,0.00017637,0.00018611,fluid
384,-0.674497,0.19805,,1000.01,3.48933e-05,22.4234,,0.496215,0.00323682,,-0.000319041,0.000202541,fluid
385,-0.702972,8.60893e-17,,1000.01,0.000337154,26.2956,,0.493602,-7.61052e-15,,-0.000791612,-3.68613e-13,fluid
386,-0.674497,-0.19805,,1000.01,3.48933e-05,22.4234,,0.496215,-0.00323682,,-0.000319041,-0.000202541,fluid
387,-0.591378,-0.380055,,1000.01,-0.000320248,17.602,,0.499787,-0.00425729,,0.00017637,-0.00018611,fluid
388,-0.460349,-0.531271,,1000.01,-0.000109338,18.7882,,0.502004,-0.00388832,,0.000234998,-7.0125e-05,fluid
389,-0.292025,-0.639446,,1000.01,-2.53681e-05,18.5722,,0.50378,-0.00372928,,0.000313118,-6.9215e-05,fluid
390,-0.100043,-0.695817,,1000.01,3.5827e-05,19.1205,,0.505222,-0.00266128,,0.000284248,-2.88356e-05,fluid
391,0.100043,-0.695817,,1000.01,4.54159e-05,17.9258,,0.506722,-0.00182131,,0.000287741,2.26046e-05,fluid
392,0.292025,-0.639446,,1000.01,5.71852e-05,17.2692,,0.507112,0.000463589,,0.000217695,7.30102e-05,fluid
393,0.460349,-0.531271,,1000.01,3.24286e-05,18.4937,,0.510157,0.00117289,,0.000122404,0.000130343,fluid
394,0.591378,-0.380055,,1000,-1.30473e-05,9.09234,,0.513609,0.00143693,,-4.78069e-05,0.000151456,fluid
395,0.674497,-0.19805,,1000.01,-1.23917e-05,12.8174,,0.488147,0.0129147,,-0.00024806,0.000143844,fluid
396,0.791511,0,,1000,-1.95226e-05,8.79807,,0.48879,-1.83072e-16,,-0.000102292,-9.79442e-14,fluid
397,0.759449,0.222994,,1000.01,-1.43312e-05,10.2376,,0.500245,-0.01712,,-3.87708e-05,-0.000187954,fluid
398,0.665861,0.427923,,1000,1.45348e-05,3.97805,,0.511747,-0.0123585,,0.000105386,-0.000244551,fluid
399,0.518329,0.598184,,1000.01,3.79827e-06,9.83093,,0.511039,-0.00576218,,0.000218619,-0.000191088,fluid
400,0.328805,0.719984,,1000.01,1.78872e-06,13.4458,,0.510208,-0.00293973,,0.000299296,-0.000119785,fluid
401,0.112644,0.783454,,1000.01,1.7896e-05,13.9922,,0.508589,0.000282479,,0.000291934,-3.04523e-05,fluid
402,-0.112644,0.783454,,1000.01,3.30304e-05,15.6585,,0.506908,0.00228215,,0.000305638,4.17471e-05,fluid
403,-0.328805,0.719984,,1000.01,6.24133e-05,16.0887,,0.504124,0.00311919,,0.000286188,9.60244e-05,fluid
404,-0.518329,0.598184,,1000.01,7.50332e-05,16.7374,,0.501592,0.00273739,,0.000244449,0.000124631,fluid
405,-0.665861,0.427923,,1000.01,2.70706e-05,15.5813,,0.498462,1.52849e-05,,-6.87022e-06,-0.000128841,fluid
406,-0.759449,0.222994,,1000.01,-0.000186103,13.7856,,0.496384,-0.00344944,,-0.000374948,-0.00074536,fluid
407,-0.791511,9.69321e-17,,1000.01,-0.000318342,12.302,,0.496584,-3.37844e-14,,-0.000344875,-2.51982e-13,fluid
408,-0.759449,-0.222994,,1000.01,-0.000186103,13.7856,,0.496384,0.00344944,,-0.000374948,0.00074536,fluid
409,-0.665861,-0.427923,,1000.01,2.70706e-05,15.5813,,0.498462,-1.52849e-05,,-6.87022e-06,0.000128841,fluid
410,-0.518329,-0.598184,,1000.01,7.50332e-05,16.7374,,0.501592,-0.00273739,,0.000244449,-0.000124631,fluid
411,-0.328805,-0.719984,,1000.01,6.24133e-05,16.0887,,0.504124,-0.00311919,,0.000286188,-9.60244e-05,fluid
412,-0.112644,-0.783454,,1000.01,3.30304e-05,15.6585,,0.506908,-0.00228215,,0.000305638,-4.17471e-05,fluid
413,0.112644,-0.783454,,1000.01,1.7896e-05,13.9922,,0.508589,-0.000282479,,0.000291934,3.04523e-05,fluid
414,0.328805,-0.719984,,1000.01,1.78873e-06,13.4458,,0.510208,0.00293973,,0.000299296,0.000119785,fluid
415,0.518329,-0.598184,,1000.01,3.79827e-06,9.83093,,0.511039,0.00576218,,0.000218619,0.000191088,fluid
416,0.665861,-0.427923,,1000,1.45349e-05,3.97805,,0.511747,0.0123585,,0.000105386,0.000244551,fluid
417,0.759449,-0.222994,,1000.01,-1.43312e-05,10.2376,,0.500245,0.01712,,-3.87708e-05,0.000187954,fluid
418,0.890137,0,,1000,-1.13845e-05,-0.95264,,0.497178,8.79943e-16,,-3.85746e-05,-6.76976e-14,fluid
419,0.85408,0.250781,,1000,-5.19107e-06,1.48058,,0.505323,-0.0218849,,2.58408e-05,-0.000201771,fluid
420,0.748831,0.481244,,1000,5.77336e-06,0.0991916,,0.512673,-0.0172495,,0.000186793,-0.000319903,fluid
421,0.582916,0.672721,,1000,-3.87134e-06,0.658386,,0.511864,-0.00795234,,0.0002972,-0.000256896,fluid
422,0.369776,0.809697,,1000,-6.48551e-06,1.86798,,0.511968,-0.00392963,,0.000348313,-0.000150672,fluid
423,0.12668,0.881077,,1000,-2.05465e-06,1.81728,,0.51048,-0.000141585,,0.000336042,-4.0854e-05,fluid
424,-0.12668,0.881077,,1000,1.57928e-06,2.2041,,0.509381,0.00270549,,0.000343927,5.22763e-05,fluid
425,-0.369776,0.809697,,1000,6.97357e-06,2.2009,,0.50755,0.00486198,,0.000340888,0.000148251,fluid
426,-0.582916,0.672721,,1000,1.19428e-05,2.37594,,0.506049,0.0069268,,0.000422784,0.000340157,fluid
427,-0.748831,0.481244,,1000,1.70528e-05,2.20679,,0.503899,0.00856772,,0.000464814,0.000693518,fluid
428,-0.85408,0.250781,,1000,-5.35482e-05,1.48877,,0.500674,0.00834602,,0.000278012,0.00110222,fluid
429,-0.890137,1.0901e-16,,1000,-0.00013639,0.613923,,0.498079,8.3069e-14,,-9.02084e-05,-8.20112e-14,fluid
430,-0.85408,-0.250781,,1000,-5.35482e-05,1.48877,,0.500674,-0.00834602,,0.000278012,-0.00110222,fluid
431,-0.748831,-0.481244,,1000,1.70527e-05,2.20679,,0.503899,-0.00856772,,0.000464814,-0.000693518,fluid
432,-0.582916,-0.672721,,1000,1.19428e-05,2.37594,,0.506049,-0.0069268,,0.000422784,-0.000340157,fluid
433,-0.369776,-0.809697,,1000,6.97355e-06,2.2009,,0.50755,-0.00486198,,0.000340888,-0.000148251,fluid
434,-0.12668,-0.881077,,1000,1.57925e-06,2.2041,,0.509381,-0.00270549,,0.000343927,-5.22763e-05,fluid
435,0.12668,-0.881077,,1000,-2.05468e-06,1.81728,,0.51048,0.000141585,,0.000336042,4.0854e-05,fluid
436,0.369776,-0.809697,,1000,-6.48554e-06,1.86798,,0.511968,0.00392963,,0.000348313,0.000150672,fluid
437,0.582916,-0.672721,,1000,-3.87136e-06,0.658386,,0.511864,0.00795234,,0.0002972,0.000256896,fluid
438,0.748831,-0.481244,,1000,5.77337e-06,0.0991916,,0.512673,0.0172495,,0.000186793,0.000319903,fluid
439,0.85408,-0.250781,,1000,-5.19102e-06,1.48058,,0.505323,0.0218849,,2.58408e-05,0.000201771,fluid
440,1,0,,999.993,-0.000511169,-13.8492,,0.5,0,,-0.0290903,-3.42591e-14,fluid
441,0.959493,0.281733,,1000.03,-0.000396438,55.7312,,0.5,0,,0.18062,-0.00234111,fluid
442,0.841254,0.540641,,1000.05,-0.000123444,104.913,,0.5,0,,0.288451,0.145497,fluid
443,0.654861,0.75575,,1000.06,9.21424e-05,108.66,,0.5,0,,0.23452,0.243779,fluid
444,0.415415,0.909632,,1000.06,0.000227115,118.657,,0.5,0,,0.163471,0.33003,fluid
445,0.142315,0.989821,,1000.06,0.000278532,123.952,,0.5,0,,0.0603725,0.379765,fluid
446,-0.142315,0.989821,,1000.07,0.000262933,129.696,,0.5,0,,-0.0556409,0.397691,fluid
447,-0.415415,0.909632,,1000.07,0.000262746,131.593,,0.5,0,,-0.170756,0.369567,fluid
448,-0.654861,0.75575,,1000.07,0.000206642,134.089,,0.5,0,,-0.274373,0.30967,fluid
449,-0.841254,0.540641,,1000.07,0.000158234,131.9,,0.5,0,,-0.345197,0.213341,fluid
450,-0.959493,0.281733,,1000.06,-0.000362288,126.939,,0.5,0,,-0.375758,0.101812,fluid
451,-1,1.22465e-16,,1000.06,-0.00115654,118.187,,0.5,0,,-0.364,-8.52027e-14,fluid
452,-0.959493,-0.281733,,1000.06,-0.000362288,126.939,,0.5,0,,-0.375758,-0.101812,fluid
453,-0.841254,-0.540641,,1000.07,0.000158234,131.9,,0.5,0,,-0.345197,-0.213341,fluid
454,-0.654861,-0.75575,,1000.07,0.000206642,134.089,,0.5,0,,-0.274373,-0.30967,fluid
455,-0.415415,-0.909632,,1000.07,0.000262746,131.593,,0.5,0,,-0.170756,-0.369567,fluid
456,-0.142315,-0.989821,,1000.07,0.000262933,129.696,,0.5,0,,-0.0556409,-0.397691,fluid
457,0.142315,-0.989821,,1000.06,0.000278532,123.952,,0.5,0,,0.0603725,-0.379765,fluid
458,0.415415,-0.909632,,1000.06,0.000227115,118.657,,0.5,0,,0.163471,-0.33003,fluid
459,0.654861,-0.75575,,1000.06,9.21424e-05,108.66,,0.5,0,,0.23452,-0.243779,fluid
460,0.841254,-0.540641,,1000.05,-0.000123444,104.913,,0.5,0,,0.288451,-0.145497,fluid
461,0.959493,-0.281733,,1000.03,-0.000396438,55.7312,,0.5,0,,0.18062,0.00234111,fluid
