h/dp :,2
L2norm Pressure,KE,dr0,Nparticles
19883.8,392.161,0.0141421,440

t,18.55
ID,x,y,,rho,drhodt,pressure,,u,v,,dudt,dvdt,type
0,0.05,0,,1000,0,0,,0,0,,0,0,boundary
1,0.0479746,0.0140866,,1000,0,0,,0,0,,0,0,boundary
2,0.0420627,0.027032,,1000,0,0,,0,0,,0,0,boundary
3,0.032743,0.0377875,,1000,0,0,,0,0,,0,0,boundary
4,0.0207708,0.0454816,,1000,0,0,,0,0,,0,0,boundary
5,0.00711574,0.0494911,,1000,0,0,,0,0,,0,0,boundary
6,-0.00711574,0.0494911,,1000,0,0,,0,0,,0,0,boundary
7,-0.0207708,0.0454816,,1000,0,0,,0,0,,0,0,boundary
8,-0.032743,0.0377875,,1000,0,0,,0,0,,0,0,boundary
9,-0.0420627,0.027032,,1000,0,0,,0,0,,0,0,boundary
10,-0.0479746,0.0140866,,1000,0,0,,0,0,,0,0,boundary
11,-0.05,6.12323e-18,,1000,0,0,,0,0,,0,0,boundary
12,-0.0479746,-0.0140866,,1000,0,0,,0,0,,0,0,boundary
13,-0.0420627,-0.027032,,1000,0,0,,0,0,,0,0,boundary
14,-0.032743,-0.0377875,,1000,0,0,,0,0,,0,0,boundary
15,-0.0207708,-0.0454816,,1000,0,0,,0,0,,0,0,boundary
16,-0.00711574,-0.0494911,,1000,0,0,,0,0,,0,0,boundary
17,0.00711574,-0.0494911,,1000,0,0,,0,0,,0,0,boundary
18,0.0207708,-0.0454816,,1000,0,0,,0,0,,0,0,boundary
19,0.032743,-0.0377875,,1000,0,0,,0,0,,0,0,boundary
20,0.0420627,-0.027032,,1000,0,0,,0,0,,0,0,boundary
21,0.0479746,-0.0140866,,1000,0,0,,0,0,,0,0,boundary
22,0.0641421,0,,999.958,4.92179e-05,-82.5131,,0.515696,1.64995e-14,,-0.00162097,1.29037e-12,fluid
23,0.0615439,0.0180709,,999.957,0.000114527,-84.4728,,0.480602,0.104902,,-0.00103941,-0.000726708,fluid
24,0.0539598,0.0346779,,999.963,0.000112183,-71.6331,,0.462094,0.0920867,,-0.00052305,-0.000275874,fluid
25,0.0420042,0.0484754,,999.972,7.33658e-05,-54.3083,,0.478932,0.0787657,,-0.000643173,2.32784e-05,fluid
26,0.0266456,0.0583457,,999.984,1.5614e-05,-32.1345,,0.50751,0.0678166,,-0.000688906,1.0861e-06,fluid
27,0.00912838,0.0634893,,999.999,-0.000114101,-2.66792,,0.527854,0.055973,,-0.000726433,-3.33838e-05,fluid
28,-0.00912838,0.0634893,,1000.01,5.13992e-06,22.039,,0.546052,0.0480327,,-0.00100279,-0.000138084,fluid
29,-0.0266456,0.0583457,,1000.02,4.61068e-05,37.5569,,0.556024,0.046871,,-0.00100732,-5.8903e-05,fluid
30,-0.0420042,0.0484754,,1000.02,-9.66831e-05,34.7823,,0.554132,0.0394894,,-0.000850377,0.000177675,fluid
31,-0.0539598,0.0346779,,1000.02,-8.74055e-05,38.6662,,0.552302,0.026227,,-0.000997284,-1.48902e-06,fluid
32,-0.0615439,0.0180709,,1000.02,1.12734e-05,45.4234,,0.550895,0.0160594,,-0.00101887,-1.18827e-05,fluid
33,-0.0641421,7.85515e-18,,1000.02,3.22787e-05,46.3674,,0.547769,1.25129e-14,,-0.00104364,3.71002e-12,fluid
34,-0.0615439,-0.0180709,,1000.02,1.12734e-05,45.4234,,0.550895,-0.0160594,,-0.00101887,1.18827e-05,fluid
35,-0.0539598,-0.0346779,,1000.02,-8.74056e-05,38.6662,,0.552302,-0.026227,,-0.000997284,1.48901e-06,fluid
36,-0.0420042,-0.0484754,,1000.02,-9.66832e-05,34.7823,,0.554132,-0.0394894,,-0.000850377,-0.000177675,fluid
37,-0.0266456,-0.0583457,,1000.02,4.61069e-05,37.5569,,0.556024,-0.046871,,-0.00100732,5.8903e-05,fluid
38,-0.00912838,-0.0634893,,1000.01,5.13989e-06,22.039,,0.546052,-0.0480327,,-0.00100279,0.000138084,fluid
39,0.00912838,-0.0634893,,999.999,-0.000114101,-2.66792,,0.527854,-0.055973,,-0.000726433,3.33838e-05,fluid
40,0.0266456,-0.0583457,,999.984,1.5614e-05,-32.1345,,0.50751,-0.0678166,,-0.000688906,-1.0861e-06,fluid
41,0.0420042,-0.0484754,,999.972,7.33658e-05,-54.3083,,0.478932,-0.0787657,,-0.000643173,-2.32784e-05,fluid
42,0.0539598,-0.0346779,,999.963,0.000112183,-71.6331,,0.462094,-0.0920867,,-0.00052305,0.000275874,fluid
43,0.0615439,-0.0180709,,999.957,0.000114527,-84.4728,,0.480602,-0.104902,,-0.00103941,0.000726708,fluid
44,0.0798956,0,,999.941,3.7419e-05,-115.989,,0.319389,1.91247e-14,,-0.00094382,-4.10356e-13,fluid
45,0.0766592,0.0225092,,999.962,-1.66079e-05,-75.3599,,0.34725,0.000101024,,-0.000702387,-9.1426e-05,fluid
46,0.0672124,0.0431948,,999.986,-1.66164e-06,-27.8212,,0.406665,0.00239348,,-0.00052654,3.7931e-05,fluid
47,0.0523205,0.060381,,999.995,9.4786e-05,-10.1333,,0.472195,0.0114145,,-0.000638332,2.89681e-05,fluid
48,0.0331898,0.0726756,,999.999,-5.0257e-05,-1.67592,,0.515132,0.03007,,-0.000623531,-1.88956e-05,fluid
49,0.0113703,0.0790823,,1000.01,3.99101e-06,12.5061,,0.52961,0.0439503,,-0.00080987,-0.000133199,fluid
50,-0.0113703,0.0790823,,1000.01,0.000205825,21.8069,,0.527754,0.0596145,,-0.000851318,-0.00018429,fluid
51,-0.0331898,0.0726756,,1000.02,-0.000325492,44.6516,,0.506822,0.0704355,,-0.000473881,0.000153482,fluid
52,-0.0523205,0.060381,,1000.03,-0.000185471,66.97,,0.480926,0.0638126,,-0.000897979,-0.00014846,fluid
53,-0.0672124,0.0431948,,1000.05,0.000152963,92.6268,,0.458004,0.0469753,,-0.000816698,-0.000181884,fluid
54,-0.0766592,0.0225092,,1000.05,2.79074e-06,107.48,,0.443104,0.0286493,,-0.000779294,6.47198e-05,fluid
55,-0.0798956,9.78438e-18,,1000.05,-0.000107774,105.525,,0.436841,-9.49161e-14,,-0.000814112,1.90924e-12,fluid
56,-0.0766592,-0.0225092,,1000.05,2.79078e-06,107.48,,0.443104,-0.0286493,,-0.000779294,-6.47198e-05,fluid
57,-0.0672124,-0.0431948,,1000.05,0.000152963,92.6268,,0.458004,-0.0469753,,-0.000816698,0.000181884,fluid
58,-0.0523205,-0.060381,,1000.03,-0.000185471,66.97,,0.480926,-0.0638126,,-0.000897979,0.00014846,fluid
59,-0.0331898,-0.0726756,,1000.02,-0.000325492,44.6516,,0.506822,-0.0704355,,-0.000473881,-0.000153482,fluid
60,-0.0113703,-0.0790823,,1000.01,0.000205825,21.8069,,0.527754,-0.0596145,,-0.000851318,0.00018429,fluid
61,0.0113703,-0.0790823,,1000.01,3.99094e-06,12.5061,,0.52961,-0.0439503,,-0.00080987,0.000133199,fluid
62,0.0331898,-0.0726756,,999.999,-5.0257e-05,-1.67592,,0.515132,-0.03007,,-0.000623531,1.88956e-05,fluid
63,0.0523205,-0.060381,,999.995,9.4786e-05,-10.1333,,0.472195,-0.0114145,,-0.000638332,-2.89681e-05,fluid
64,0.0672124,-0.0431948,,999.986,-1.66173e-06,-27.8212,,0.406665,-0.00239348,,-0.00052654,-3.7931e-05,fluid
65,0.0766592,-0.0225092,,999.962,-1.6608e-05,-75.3599,,0.34725,-0.000101024,,-0.000702387,9.1426e-05,fluid
66,0.0974438,0,,1000.04,0.000110861,69.7403,,0.269125,-4.69215e-15,,-0.000610514,-2.71812e-13,fluid
67,0.0934967,0.0274531,,1000.02,2.61114e-05,44.3424,,0.331505,-0.0254225,,-0.000558774,-1.04767e-05,fluid
68,0.081975,0.0526821,,1000,-7.5564e-06,5.59438,,0.429652,-0.0188818,,-0.000601693,1.93254e-05,fluid
69,0.0638121,0.0736431,,1000,-0.000141649,4.58006,,0.497947,0.00371027,,-0.000659494,-4.60733e-05,fluid
70,0.0404796,0.088638,,1000.01,-0.000196822,18.2916,,0.522653,0.0300537,,-0.000719577,-0.000118536,fluid
71,0.0138677,0.096452,,1000.01,0.000267993,15.694,,0.519028,0.0416552,,-0.00104356,-6.40747e-05,fluid
72,-0.0138677,0.096452,,999.995,-0.000207997,-9.13595,,0.505185,0.0461886,,-0.000341894,5.127e-05,fluid
73,-0.0404796,0.088638,,999.987,-3.65635e-05,-24.8278,,0.475894,0.0437007,,-0.000597959,-8.08807e-05,fluid
74,-0.0638121,0.0736431,,999.993,0.000519706,-13.02,,0.462351,0.0400999,,-0.000913014,-0.000224644,fluid
75,-0.081975,0.0526821,,999.984,-9.55956e-05,-31.8488,,0.448615,0.0283707,,-0.000652382,0.000201616,fluid
76,-0.0934967,0.0274531,,999.978,-0.00033072,-43.3193,,0.43794,0.0158524,,-0.000677488,-4.79324e-05,fluid
77,-0.0974438,1.19334e-17,,999.98,-1.97348e-05,-39.5704,,0.43781,-1.94161e-13,,-0.000765347,7.8349e-13,fluid
78,-0.0934967,-0.0274531,,999.978,-0.00033072,-43.3193,,0.43794,-0.0158524,,-0.000677488,4.79324e-05,fluid
79,-0.081975,-0.0526821,,999.984,-9.55956e-05,-31.8488,,0.448615,-0.0283707,,-0.000652382,-0.000201616,fluid
80,-0.0638121,-0.0736431,,999.993,0.000519706,-13.02,,0.462351,-0.0400999,,-0.000913014,0.000224644,fluid
81,-0.0404796,-0.088638,,999.987,-3.65637e-05,-24.8278,,0.475894,-0.0437007,,-0.000597959,8.08807e-05,fluid
82,-0.0138677,-0.096452,,999.995,-0.000207997,-9.13595,,0.505185,-0.0461886,,-0.000341894,-5.127e-05,fluid
83,0.0138677,-0.096452,,1000.01,0.000267993,15.694,,0.519028,-0.0416552,,-0.00104356,6.40747e-05,fluid
84,0.0404796,-0.088638,,1000.01,-0.000196822,18.2916,,0.522653,-0.0300537,,-0.000719577,0.000118536,fluid
85,0.0638121,-0.0736431,,1000,-0.000141649,4.58006,,0.497947,-0.00371027,,-0.000659494,4.60733e-05,fluid
86,0.081975,-0.0526821,,1000,-7.5564e-06,5.59438,,0.429652,0.0188818,,-0.000601693,-1.93254e-05,fluid
87,0.0934967,-0.0274531,,1000.02,2.61114e-05,44.3424,,0.331505,0.0254225,,-0.000558774,1.04767e-05,fluid
88,0.116991,0,,999.992,2.09607e-05,-16.3285,,0.326355,3.52768e-15,,-0.000592543,-2.3535e-13,fluid
89,0.112253,0.0329603,,999.993,1.3641e-05,-13.7581,,0.391655,0.00337144,,-0.000641444,-8.27793e-05,fluid
90,0.0984195,0.0632504,,1000,5.05735e-05,1.40724,,0.475792,0.0141493,,-0.00061258,-5.81821e-05,fluid
91,0.0766131,0.0884163,,1000,-3.55324e-06,7.0909,,0.518033,0.024928,,-0.000697758,-0.000100986,fluid
92,0.0486,0.106419,,1000,0.000244355,3.9263,,0.525467,0.0320582,,-0.000760366,-2.34233e-05,fluid
93,0.0166496,0.115801,,999.999,-0.000158737,-2.30774,,0.506206,0.0348671,,-0.00044586,-0.000101498,fluid
94,-0.0166496,0.115801,,1000.01,-0.000232858,26.5134,,0.497401,0.0314667,,-0.000783577,-5.29416e-05,fluid
95,-0.0486,0.106419,,1000.02,0.000471863,39.0508,,0.486474,0.0250027,,-0.00102422,-0.000169282,fluid
96,-0.0766131,0.0884163,,1000.02,-0.00040706,31.2549,,0.477114,0.0214323,,-0.00049174,0.000162535,fluid
97,-0.0984195,0.0632504,,1000.02,-0.000350203,45.522,,0.476199,0.0172424,,-0.000666483,8.55465e-05,fluid
98,-0.112253,0.0329603,,1000.03,0.000394335,54.3576,,0.467769,0.00634307,,-0.000809109,-0.00011511,fluid
99,-0.116991,1.43273e-17,,1000.03,0.000182806,64.8172,,0.468693,1.32785e-13,,-0.000911061,4.51571e-13,fluid
100,-0.112253,-0.0329603,,1000.03,0.000394335,54.3576,,0.467769,-0.00634307,,-0.000809109,0.00011511,fluid
101,-0.0984195,-0.0632504,,1000.02,-0.000350203,45.522,,0.476199,-0.0172424,,-0.000666483,-8.55465e-05,fluid
102,-0.0766131,-0.0884163,,1000.02,-0.00040706,31.2549,,0.477114,-0.0214323,,-0.00049174,-0.000162535,fluid
103,-0.0486,-0.106419,,1000.02,0.000471863,39.0508,,0.486474,-0.0250027,,-0.00102422,0.000169282,fluid
104,-0.0166496,-0.115801,,1000.01,-0.000232858,26.5134,,0.497401,-0.0314667,,-0.000783577,5.29416e-05,fluid
105,0.0166496,-0.115801,,999.999,-0.000158737,-2.30774,,0.506206,-0.0348671,,-0.00044586,0.000101498,fluid
106,0.0486,-0.106419,,1000,0.000244355,3.9263,,0.525467,-0.0320582,,-0.000760366,2.34233e-05,fluid
107,0.0766131,-0.0884163,,1000,-3.55329e-06,7.0909,,0.518033,-0.024928,,-0.000697758,0.000100986,fluid
108,0.0984195,-0.0632504,,1000,5.05736e-05,1.40724,,0.475792,-0.0141493,,-0.00061258,5.81821e-05,fluid
109,0.112253,-0.0329603,,999.993,1.3641e-05,-13.7581,,0.391655,-0.00337144,,-0.000641444,8.27793e-05,fluid
110,0.138766,0,,999.988,-0.000246945,-22.6628,,0.3228,1.14276e-15,,-0.000687063,-3.13796e-13,fluid
111,0.133145,0.039095,,999.983,-0.000104643,-33.67,,0.393799,-0.0110066,,-0.000695344,-8.70525e-05,fluid
112,0.116738,0.0750227,,999.991,-6.00358e-05,-17.2558,,0.483502,7.72226e-05,,-0.000647524,-4.7739e-05,fluid
113,0.0908726,0.104873,,1000,7.86126e-05,1.90677,,0.520431,0.0191579,,-0.000697451,-4.75265e-05,fluid
114,0.0576456,0.126226,,1000.01,-5.24963e-05,9.92784,,0.524567,0.0247514,,-0.000670162,-3.80041e-05,fluid
115,0.0197485,0.137354,,1000.01,-6.25599e-05,10.8235,,0.511748,0.0241041,,-0.000431774,-0.00010887,fluid
116,-0.0197485,0.137354,,1000.01,0.000264721,9.94778,,0.494024,0.0252266,,-0.000695598,-3.76556e-05,fluid
117,-0.0576456,0.126226,,1000.01,-0.000275474,20.9739,,0.495184,0.0254409,,-0.000495674,4.52831e-06,fluid
118,-0.0908726,0.104873,,1000.01,-0.000249753,18.7636,,0.481744,0.021972,,-0.000500648,3.80415e-05,fluid
119,-0.116738,0.0750227,,1000.02,0.000429511,34.637,,0.474749,0.0140202,,-0.00111371,-0.000439557,fluid
120,-0.133145,0.039095,,1000.02,5.34353e-05,33.1613,,0.469559,0.00917978,,-0.000793376,0.000110901,fluid
121,-0.138766,1.6994e-17,,1000.01,-0.000503364,22.9375,,0.470862,1.23429e-13,,-0.000717406,5.71806e-13,fluid
122,-0.133145,-0.039095,,1000.02,5.34353e-05,33.1613,,0.469559,-0.00917978,,-0.000793376,-0.000110901,fluid
123,-0.116738,-0.0750227,,1000.02,0.000429511,34.637,,0.474749,-0.0140202,,-0.00111371,0.000439557,fluid
124,-0.0908726,-0.104873,,1000.01,-0.000249754,18.7636,,0.481744,-0.021972,,-0.000500648,-3.80415e-05,fluid
125,-0.0576456,-0.126226,,1000.01,-0.000275474,20.9739,,0.495184,-0.0254409,,-0.000495674,-4.52831e-06,fluid
126,-0.0197485,-0.137354,,1000.01,0.000264721,9.94778,,0.494024,-0.0252266,,-0.000695598,3.76556e-05,fluid
127,0.0197485,-0.137354,,1000.01,-6.25599e-05,10.8235,,0.511748,-0.0241041,,-0.000431774,0.00010887,fluid
128,0.0576456,-0.126226,,1000.01,-5.24964e-05,9.92784,,0.524567,-0.0247514,,-0.000670162,3.80041e-05,fluid
129,0.0908726,-0.104873,,1000,7.86126e-05,1.90677,,0.520431,-0.0191579,,-0.000697451,4.75265e-05,fluid
130,0.116738,-0.0750227,,999.991,-6.00358e-05,-17.2558,,0.483502,-7.72226e-05,,-0.000647524,4.7739e-05,fluid
131,0.133145,-0.039095,,999.983,-0.000104643,-33.67,,0.393799,0.0110066,,-0.000695344,8.70525e-05,fluid
132,0.163022,0,,1000.01,0.000235639,24.0657,,0.34126,-1.89398e-15,,-0.000492214,-2.80003e-13,fluid
133,0.156418,0.0459286,,1000,0.000171924,5.6861,,0.415116,-0.0104694,,-0.000525316,1.66494e-05,fluid
134,0.137143,0.0881364,,999.999,-7.33587e-06,-1.21707,,0.495777,-0.00136065,,-0.000675229,-8.40022e-05,fluid
135,0.106757,0.123204,,1000,-2.62824e-05,-0.0184006,,0.522091,0.0136468,,-0.0006581,-5.91866e-05,fluid
136,0.0677218,0.14829,,999.998,-0.000161111,-4.36549,,0.511651,0.0225838,,-0.000455571,-0.00014503,fluid
137,0.0232005,0.161363,,1000.01,0.000113844,17.4252,,0.506385,0.0199676,,-0.000840672,-7.80919e-06,fluid
138,-0.0232005,0.161363,,1000,-4.35291e-05,9.2739,,0.498752,0.021803,,-0.000426322,-3.24819e-05,fluid
139,-0.0677218,0.14829,,1000.01,-0.000205508,13.0322,,0.489283,0.0191685,,-0.000390692,-6.03077e-06,fluid
140,-0.106757,0.123204,,1000.01,0.000493292,26.2401,,0.48341,0.0203589,,-0.000979684,-0.000225162,fluid
141,-0.137143,0.0881364,,1000.01,-6.88233e-05,18.243,,0.47926,0.0137209,,-0.000581083,0.000268938,fluid
142,-0.156418,0.0459286,,1000.01,-0.000436632,14.768,,0.474587,0.0106815,,-0.000652462,0.00022218,fluid
143,-0.163022,1.99644e-17,,1000.01,6.1156e-05,18.0342,,0.474816,-2.18537e-13,,-0.000733551,1.59613e-13,fluid
144,-0.156418,-0.0459286,,1000.01,-0.000436632,14.768,,0.474587,-0.0106815,,-0.000652462,-0.00022218,fluid
145,-0.137143,-0.0881364,,1000.01,-6.88233e-05,18.243,,0.47926,-0.0137209,,-0.000581083,-0.000268938,fluid
146,-0.106757,-0.123204,,1000.01,0.000493292,26.2401,,0.48341,-0.0203589,,-0.000979684,0.000225162,fluid
147,-0.0677218,-0.14829,,1000.01,-0.000205508,13.0322,,0.489283,-0.0191685,,-0.000390692,6.03077e-06,fluid
148,-0.0232005,-0.161363,,1000,-4.35291e-05,9.2739,,0.498752,-0.021803,,-0.000426322,3.24819e-05,fluid
149,0.0232005,-0.161363,,1000.01,0.000113844,17.4252,,0.506385,-0.0199676,,-0.000840672,7.80919e-06,fluid
150,0.0677218,-0.14829,,999.998,-0.000161112,-4.36549,,0.511651,-0.0225838,,-0.000455571,0.00014503,fluid
151,0.106757,-0.123204,,1000,-2.62824e-05,-0.0184006,,0.522091,-0.0136468,,-0.0006581,5.91866e-05,fluid
152,0.137143,-0.0881364,,999.999,-7.33584e-06,-1.21707,,0.495777,0.00136065,,-0.000675229,8.40022e-05,fluid
153,0.156418,-0.0459286,,1000,0.000171924,5.6861,,0.415116,0.0104694,,-0.000525316,-1.66494e-05,fluid
154,0.190041,0,,999.993,-9.67214e-05,-14.3741,,0.346457,4.41001e-15,,-0.000587875,-2.97301e-13,fluid
155,0.182343,0.0535408,,999.998,-6.55024e-05,-4.80639,,0.426867,-0.0100473,,-0.00065002,-6.06543e-05,fluid
156,0.159873,0.102744,,1000.01,-1.36756e-05,17.1735,,0.507604,0.00634294,,-0.000648363,-6.21148e-05,fluid
157,0.124451,0.143624,,1000.01,1.03827e-05,22.6134,,0.522377,0.0133718,,-0.000610018,-4.47659e-05,fluid
158,0.078946,0.172868,,1000.01,9.23481e-05,10.5307,,0.51238,0.0179523,,-0.000544016,-4.91794e-05,fluid
159,0.0270457,0.188107,,1000.01,2.20706e-05,12.2612,,0.500711,0.0171085,,-0.000424497,-5.2251e-05,fluid
160,-0.0270457,0.188107,,1000.01,-0.000184255,21.0106,,0.501382,0.0200519,,-0.000377469,-6.62151e-05,fluid
161,-0.078946,0.172868,,1000.01,0.000253769,23.2141,,0.491193,0.0169301,,-0.000846559,-0.000164455,fluid
162,-0.124451,0.143624,,1000.01,-0.000138327,21.3122,,0.486478,0.0175271,,-0.000445044,0.000118277,fluid
163,-0.159873,0.102744,,1000.01,-0.000429054,22.0113,,0.483423,0.0123969,,-0.000528834,9.52316e-05,fluid
164,-0.182343,0.0535408,,1000.02,0.000246628,30.8594,,0.475607,0.00432065,,-0.000933607,-0.000351767,fluid
165,-0.190041,2.32733e-17,,1000.02,0.000517611,42.8482,,0.475848,-2.24674e-14,,-0.000909863,-8.50562e-13,fluid
166,-0.182343,-0.0535408,,1000.02,0.000246628,30.8594,,0.475607,-0.00432065,,-0.000933607,0.000351767,fluid
167,-0.159873,-0.102744,,1000.01,-0.000429054,22.0113,,0.483423,-0.0123969,,-0.000528834,-9.52316e-05,fluid
168,-0.124451,-0.143624,,1000.01,-0.000138327,21.3122,,0.486478,-0.0175271,,-0.000445044,-0.000118277,fluid
169,-0.078946,-0.172868,,1000.01,0.000253769,23.2141,,0.491193,-0.0169301,,-0.000846559,0.000164455,fluid
170,-0.0270457,-0.188107,,1000.01,-0.000184255,21.0106,,0.501382,-0.0200519,,-0.000377469,6.62151e-05,fluid
171,0.0270457,-0.188107,,1000.01,2.20705e-05,12.2612,,0.500711,-0.0171085,,-0.000424497,5.2251e-05,fluid
172,0.078946,-0.172868,,1000.01,9.23481e-05,10.5307,,0.51238,-0.0179523,,-0.000544016,4.91794e-05,fluid
173,0.124451,-0.143624,,1000.01,1.03826e-05,22.6134,,0.522377,-0.0133718,,-0.000610018,4.47659e-05,fluid
174,0.159873,-0.102744,,1000.01,-1.36756e-05,17.1735,,0.507604,-0.00634294,,-0.000648363,6.21148e-05,fluid
175,0.182343,-0.0535408,,999.998,-6.55024e-05,-4.80639,,0.426867,0.0100473,,-0.00065002,6.06543e-05,fluid
176,0.220139,0,,999.997,-8.40716e-05,-5.02343,,0.364386,9.22125e-16,,-0.000555414,-6.59335e-13,fluid
177,0.211222,0.0620203,,999.991,-0.000129531,-18.5062,,0.433212,-0.0165916,,-0.000671809,-4.76467e-05,fluid
178,0.185193,0.119016,,999.996,2.6973e-05,-7.58481,,0.50709,0.00025296,,-0.00063483,-3.30709e-05,fluid
179,0.14416,0.16637,,1000,-1.33702e-05,2.3168,,0.517365,0.0108592,,-0.000517593,-8.66929e-05,fluid
180,0.0914491,0.200246,,1000.01,3.99863e-05,12.9904,,0.514875,0.0120366,,-0.000511204,-3.04293e-05,fluid
181,0.0313291,0.217898,,1000,-9.15961e-05,7.70007,,0.505807,0.0124136,,-0.000304981,-8.32304e-05,fluid
182,-0.0313291,0.217898,,1000.01,0.000100266,12.3559,,0.497434,0.0159895,,-0.0005491,-7.56685e-05,fluid
183,-0.0914491,0.200246,,1000.01,2.22458e-05,17.0737,,0.49747,0.0157008,,-0.000379242,2.34269e-05,fluid
184,-0.14416,0.16637,,1000.01,-0.000336254,11.472,,0.488224,0.0128832,,-0.000371544,6.12938e-05,fluid
185,-0.185193,0.119016,,1000.01,0.000292544,25.9384,,0.483881,0.00820516,,-0.000852067,-0.000234334,fluid
186,-0.211222,0.0620203,,1000.01,0.00014409,22.2608,,0.479662,0.00350055,,-0.000815635,6.39929e-05,fluid
187,-0.220139,2.69593e-17,,1000.01,-0.00049864,16.6085,,0.480996,1.86501e-13,,-0.000681231,-1.71152e-12,fluid
188,-0.211222,-0.0620203,,1000.01,0.00014409,22.2608,,0.479662,-0.00350055,,-0.000815635,-6.39929e-05,fluid
189,-0.185193,-0.119016,,1000.01,0.000292544,25.9384,,0.483881,-0.00820516,,-0.000852067,0.000234334,fluid
190,-0.14416,-0.16637,,1000.01,-0.000336254,11.472,,0.488224,-0.0128832,,-0.000371544,-6.12938e-05,fluid
191,-0.0914491,-0.200246,,1000.01,2.22458e-05,17.0737,,0.49747,-0.0157008,,-0.000379242,-2.34269e-05,fluid
192,-0.0313291,-0.217898,,1000.01,0.000100266,12.3559,,0.497434,-0.0159895,,-0.0005491,7.56685e-05,fluid
193,0.0313291,-0.217898,,1000,-9.15961e-05,7.70007,,0.505807,-0.0124136,,-0.000304981,8.32304e-05,fluid
194,0.0914491,-0.200246,,1000.01,3.99862e-05,12.9904,,0.514875,-0.0120366,,-0.000511204,3.04293e-05,fluid
195,0.14416,-0.16637,,1000,-1.33703e-05,2.3168,,0.517365,-0.0108592,,-0.000517593,8.66929e-05,fluid
196,0.185193,-0.119016,,999.996,2.6973e-05,-7.58481,,0.50709,-0.00025296,,-0.00063483,3.30709e-05,fluid
197,0.211222,-0.0620203,,999.991,-0.000129531,-18.5062,,0.433212,0.0165916,,-0.000671809,4.76467e-05,fluid
198,0.253666,0,,1000.02,0.000187137,30.8091,,0.385331,2.57611e-16,,-0.000503577,-1.11951e-12,fluid
199,0.243391,0.071466,,1000.01,0.000194595,13.9558,,0.453146,-0.0102707,,-0.000479706,4.83304e-05,fluid
200,0.213397,0.137142,,1000,-2.91591e-05,7.81458,,0.512129,0.00223209,,-0.000591137,-0.000102575,fluid
201,0.166116,0.191708,,999.999,-3.39275e-05,-1.65075,,0.513995,0.00836144,,-0.000443714,-0.000121183,fluid
202,0.105377,0.230743,,1000,-7.45929e-05,2.46452,,0.505469,0.0120357,,-0.00033524,-0.000105724,fluid
203,0.0361004,0.251084,,1000.01,-3.48808e-05,15.662,,0.507029,0.0107389,,-0.0003501,-7.10571e-05,fluid
204,-0.0361004,0.251084,,1000.01,9.08023e-05,10.5628,,0.498937,0.0134963,,-0.000352886,-3.37281e-05,fluid
205,-0.105377,0.230743,,1000.01,-0.000197766,15.1996,,0.496843,0.0127575,,-0.000177087,3.70793e-05,fluid
206,-0.166116,0.191708,,1000.01,0.000270662,21.4605,,0.488807,0.010554,,-0.00068395,-0.000165554,fluid
207,-0.213397,0.137142,,1000.01,0.000233219,22.4013,,0.486342,0.00811443,,-0.000742951,-5.98609e-05,fluid
208,-0.243391,0.071466,,1000.01,-0.00037178,13.6553,,0.484428,0.0080397,,-0.000630243,0.000367734,fluid
209,-0.253666,3.10651e-17,,1000.01,-0.000358131,10.6696,,0.484221,-1.19573e-13,,-0.000599387,-1.98657e-12,fluid
210,-0.243391,-0.071466,,1000.01,-0.00037178,13.6553,,0.484428,-0.0080397,,-0.000630243,-0.000367734,fluid
211,-0.213397,-0.137142,,1000.01,0.000233219,22.4013,,0.486342,-0.00811443,,-0.000742951,5.98609e-05,fluid
212,-0.166116,-0.191708,,1000.01,0.000270662,21.4605,,0.488807,-0.010554,,-0.00068395,0.000165554,fluid
213,-0.105377,-0.230743,,1000.01,-0.000197766,15.1996,,0.496843,-0.0127575,,-0.000177087,-3.70793e-05,fluid
214,-0.0361004,-0.251084,,1000.01,9.08024e-05,10.5628,,0.498937,-0.0134963,,-0.000352886,3.37281e-05,fluid
215,0.0361004,-0.251084,,1000.01,-3.48808e-05,15.662,,0.507029,-0.0107389,,-0.0003501,7.10571e-05,fluid
216,0.105377,-0.230743,,1000,-7.45929e-05,2.46452,,0.505469,-0.0120357,,-0.00033524,0.000105724,fluid
217,0.166116,-0.191708,,999.999,-3.39276e-05,-1.65075,,0.513995,-0.00836144,,-0.000443714,0.000121183,fluid
218,0.213397,-0.137142,,1000,-2.91591e-05,7.81458,,0.512129,-0.00223209,,-0.000591137,0.000102575,fluid
219,0.243391,-0.071466,,1000.01,0.000194595,13.9558,,0.453146,0.0102707,,-0.000479706,-4.83304e-05,fluid
220,0.291013,0,,999.987,-0.000177073,-24.9171,,0.384073,2.75791e-15,,-0.000588398,-1.20131e-12,fluid
221,0.279225,0.0819878,,999.999,-0.000103151,-2.6119,,0.454815,-0.0119873,,-0.0006331,-9.2318e-05,fluid
222,0.244816,0.157333,,1000.01,-7.32561e-05,22.1963,,0.515419,0.00470205,,-0.000514353,-0.000108202,fluid
223,0.190573,0.219933,,1000.01,4.84861e-05,24.4322,,0.517192,0.00497129,,-0.000427831,-4.5882e-05,fluid
224,0.120891,0.264715,,1000.01,2.89397e-05,12.0551,,0.506932,0.0094283,,-0.000259467,-8.28407e-05,fluid
225,0.0414154,0.288051,,1000.01,7.57167e-05,19.5507,,0.504455,0.0104241,,-0.000275605,-4.73043e-05,fluid
226,-0.0414154,0.288051,,1000.01,-0.000101605,19.763,,0.50198,0.012415,,-9.16655e-05,-3.58882e-05,fluid
227,-0.120891,0.264715,,1000.01,-3.53673e-06,21.7361,,0.494643,0.0100278,,-0.000385986,-9.87523e-05,fluid
228,-0.190573,0.219933,,1000.01,0.000113387,24.7306,,0.491363,0.0102658,,-0.000444955,-3.84522e-05,fluid
229,-0.244816,0.157333,,1000.01,-0.00047768,18.6004,,0.488599,0.00746666,,-0.0003419,0.000225121,fluid
230,-0.279225,0.0819878,,1000.01,1.8914e-05,28.3004,,0.48331,0.0025195,,-0.000862168,-0.000353924,fluid
231,-0.291013,3.56388e-17,,1000.02,0.000874797,40.4955,,0.482079,-1.59595e-13,,-0.00102546,-1.65426e-12,fluid
232,-0.279225,-0.0819878,,1000.01,1.8914e-05,28.3004,,0.48331,-0.0025195,,-0.000862168,0.000353924,fluid
233,-0.244816,-0.157333,,1000.01,-0.00047768,18.6004,,0.488599,-0.00746666,,-0.0003419,-0.000225121,fluid
234,-0.190573,-0.219933,,1000.01,0.000113387,24.7306,,0.491363,-0.0102658,,-0.000444955,3.84522e-05,fluid
235,-0.120891,-0.264715,,1000.01,-3.53667e-06,21.7361,,0.494643,-0.0100278,,-0.000385986,9.87523e-05,fluid
236,-0.0414154,-0.288051,,1000.01,-0.000101605,19.763,,0.50198,-0.012415,,-9.16655e-05,3.58882e-05,fluid
237,0.0414154,-0.288051,,1000.01,7.57168e-05,19.5507,,0.504455,-0.0104241,,-0.000275605,4.73043e-05,fluid
238,0.120891,-0.264715,,1000.01,2.89397e-05,12.0551,,0.506932,-0.0094283,,-0.000259467,8.28407e-05,fluid
239,0.190573,-0.219933,,1000.01,4.84861e-05,24.4322,,0.517192,-0.00497129,,-0.000427831,4.5882e-05,fluid
240,0.244816,-0.157333,,1000.01,-7.3256e-05,22.1963,,0.515419,-0.00470205,,-0.000514353,0.000108202,fluid
241,0.279225,-0.0819878,,999.999,-0.000103151,-2.6119,,0.454815,0.0119873,,-0.0006331,9.2318e-05,fluid
242,0.332615,0,,1000,-3.80673e-05,2.34913,,0.407643,2.46692e-15,,-0.000519018,-9.70815e-13,fluid
243,0.319141,0.0937084,,999.996,-0.000120572,-6.93847,,0.460917,-0.0147796,,-0.000567404,-4.81506e-05,fluid
244,0.279813,0.179825,,999.998,4.1408e-05,-4.26175,,0.51261,0.00240705,,-0.000488105,-6.91386e-05,fluid
245,0.217816,0.251373,,1000,1.60229e-05,8.92358,,0.513453,0.00334113,,-0.000339177,-6.38763e-05,fluid
246,0.138173,0.302557,,1000.01,3.35069e-05,12.9046,,0.510625,0.00513973,,-0.000217925,-4.97479e-05,fluid
247,0.047336,0.329229,,1000,3.83471e-06,8.68981,,0.504701,0.007751,,-0.000122933,-5.49041e-05,fluid
248,-0.047336,0.329229,,1000.01,-3.25276e-05,13.2143,,0.502187,0.0096432,,-0.000151111,-4.56652e-05,fluid
249,-0.138173,0.302557,,1000.01,0.000127872,15.0481,,0.498147,0.00880868,,-0.000235641,-2.17229e-05,fluid
250,-0.217816,0.251373,,1000.01,-0.000293644,11.4109,,0.49436,0.00854321,,-0.000112051,0.000106999,fluid
251,-0.279813,0.179825,,1000.01,-4.8068e-05,17.3068,,0.489948,0.00552361,,-0.000521645,-5.13187e-05,fluid
252,-0.319141,0.0937084,,1000.01,0.000223558,21.1309,,0.485607,0.000689955,,-0.000794134,-9.64065e-05,fluid
253,-0.332615,4.07336e-17,,1000.01,-8.46089e-05,20.6812,,0.485527,1.28221e-13,,-0.000802318,-1.1518e-12,fluid
254,-0.319141,-0.0937084,,1000.01,0.000223558,21.1309,,0.485607,-0.000689955,,-0.000794134,9.64065e-05,fluid
255,-0.279813,-0.179825,,1000.01,-4.8068e-05,17.3068,,0.489948,-0.00552361,,-0.000521645,5.13187e-05,fluid
256,-0.217816,-0.251373,,1000.01,-0.000293644,11.4109,,0.49436,-0.00854321,,-0.000112051,-0.000106999,fluid
257,-0.138173,-0.302557,,1000.01,0.000127872,15.0481,,0.498147,-0.00880868,,-0.000235641,2.17229e-05,fluid
258,-0.047336,-0.329229,,1000.01,-3.25276e-05,13.2143,,0.502187,-0.0096432,,-0.000151111,4.56652e-05,fluid
259,0.047336,-0.329229,,1000,3.83471e-06,8.68981,,0.504701,-0.007751,,-0.000122933,5.49041e-05,fluid
260,0.138173,-0.302557,,1000.01,3.35069e-05,12.9046,,0.510625,-0.00513973,,-0.000217925,4.97479e-05,fluid
261,0.217816,-0.251373,,1000,1.60228e-05,8.92358,,0.513453,-0.00334113,,-0.000339177,6.38763e-05,fluid
262,0.279813,-0.179825,,999.998,4.14081e-05,-4.26175,,0.51261,-0.00240705,,-0.000488105,6.91386e-05,fluid
263,0.319141,-0.0937084,,999.996,-0.000120572,-6.93847,,0.460917,0.0147796,,-0.000567404,4.81506e-05,fluid
264,0.378957,0,,1000.02,0.000213718,38.1038,,0.423269,9.30161e-15,,-0.000474156,-8.58501e-13,fluid
265,0.363606,0.106764,,1000.01,0.000157021,19.0022,,0.472208,-0.0108152,,-0.00044762,1.64197e-05,fluid
266,0.318799,0.204879,,1000,2.75712e-05,5.91059,,0.512845,0.00155394,,-0.000433457,-9.62424e-05,fluid
267,0.248164,0.286396,,999.998,-7.37961e-05,-3.29928,,0.506344,0.00482535,,-0.000208014,-0.000179843,fluid
268,0.157424,0.344711,,1000,-5.52027e-05,9.13912,,0.506767,0.00507195,,-0.000157272,-8.71304e-05,fluid
269,0.0539311,0.375099,,1000.01,-5.05431e-05,11.2922,,0.506977,0.00578385,,-1.77318e-05,-7.0334e-05,fluid
270,-0.0539311,0.375099,,1000.01,7.51061e-05,12.2224,,0.50074,0.00727621,,-8.27076e-05,-3.16556e-05,fluid
271,-0.157424,0.344711,,1000.01,1.2481e-06,15.6359,,0.500217,0.00791758,,-2.28365e-05,3.62616e-05,fluid
272,-0.248164,0.286396,,1000.01,3.52962e-05,16.9487,,0.494255,0.00605892,,-0.000223925,-2.31883e-05,fluid
273,-0.318799,0.204879,,1000.01,0.000499024,23.8956,,0.490783,0.00489947,,-0.000665662,-0.000184444,fluid
274,-0.363606,0.106764,,1000.01,-0.000207946,10.4231,,0.489721,0.00548681,,-0.000615946,0.000347908,fluid
275,-0.378957,4.64088e-17,,999.999,-0.00119974,-2.03053,,0.489691,1.44128e-14,,-0.000497987,-7.19224e-13,fluid
276,-0.363606,-0.106764,,1000.01,-0.000207946,10.4231,,0.489721,-0.00548681,,-0.000615946,-0.000347908,fluid
277,-0.318799,-0.204879,,1000.01,0.000499024,23.8956,,0.490783,-0.00489947,,-0.000665662,0.000184444,fluid
278,-0.248164,-0.286396,,1000.01,3.52962e-05,16.9487,,0.494255,-0.00605892,,-0.000223925,2.31883e-05,fluid
279,-0.157424,-0.344711,,1000.01,1.24811e-06,15.6359,,0.500217,-0.00791758,,-2.28365e-05,-3.62616e-05,fluid
280,-0.0539311,-0.375099,,1000.01,7.51061e-05,12.2224,,0.50074,-0.00727621,,-8.27076e-05,3.16556e-05,fluid
281,0.0539311,-0.375099,,1000.01,-5.05431e-05,11.2922,,0.506977,-0.00578385,,-1.77318e-05,7.0334e-05,fluid
282,0.157424,-0.344711,,1000,-5.52026e-05,9.13912,,0.506767,-0.00507195,,-0.000157272,8.71304e-05,fluid
283,0.248164,-0.286396,,999.998,-7.37961e-05,-3.29928,,0.506344,-0.00482535,,-0.000208014,0.000179843,fluid
284,0.318799,-0.204879,,1000,2.75713e-05,5.91059,,0.512845,-0.00155394,,-0.000433457,9.62424e-05,fluid
285,0.363606,-0.106764,,1000.01,0.000157021,19.0022,,0.472208,0.0108152,,-0.00044762,-1.64197e-05,fluid
286,0.430578,0,,999.985,-0.000199997,-29.3878,,0.421927,9.67342e-15,,-0.000538427,-8.91621e-13,fluid
287,0.413137,0.121308,,1000,-0.000117493,0.612626,,0.474844,-0.00854706,,-0.000506918,-8.61614e-05,fluid
288,0.362226,0.232788,,1000.01,-0.00010184,26.2762,,0.516401,0.00207157,,-0.000326353,-0.000118146,fluid
289,0.281969,0.325409,,1000.01,3.69132e-05,19.9407,,0.512242,0.00062153,,-0.000129645,-0.000105618,fluid
290,0.178869,0.391668,,1000.01,2.42865e-05,14.522,,0.506204,0.00538117,,4.33419e-05,-0.000101809,fluid
291,0.0612777,0.426196,,1000.01,2.06448e-05,20.2006,,0.507258,0.00615147,,7.44608e-05,-4.7657e-05,fluid
292,-0.0612777,0.426196,,1000.01,1.1041e-05,19.0264,,0.50291,0.00699579,,0.00010441,-1.21213e-05,fluid
293,-0.178869,0.391668,,1000.01,-0.000136296,20.0082,,0.49981,0.00725077,,9.35477e-05,2.10642e-05,fluid
294,-0.281969,0.325409,,1000.01,0.000152212,23.3085,,0.49525,0.00583815,,-0.000191768,-7.47481e-05,fluid
295,-0.362226,0.232788,,1000.01,-0.000293669,19.3258,,0.492028,0.00492252,,-0.000279775,0.000105711,fluid
296,-0.413137,0.121308,,1000.01,-5.50381e-05,24.7052,,0.4887,0.00295467,,-0.000696183,2.56671e-05,fluid
297,-0.430578,5.27306e-17,,1000.02,0.000941667,35.9626,,0.486702,-1.10443e-13,,-0.000880358,-4.1446e-13,fluid
298,-0.413137,-0.121308,,1000.01,-5.50381e-05,24.7052,,0.4887,-0.00295467,,-0.000696183,-2.56671e-05,fluid
299,-0.362226,-0.232788,,1000.01,-0.000293669,19.3258,,0.492028,-0.00492252,,-0.000279775,-0.000105711,fluid
300,-0.281969,-0.325409,,1000.01,0.000152212,23.3085,,0.49525,-0.00583815,,-0.000191768,7.47481e-05,fluid
301,-0.178869,-0.391668,,1000.01,-0.000136296,20.0082,,0.49981,-0.00725077,,9.35477e-05,-2.10642e-05,fluid
302,-0.0612777,-0.426196,,1000.01,1.1041e-05,19.0264,,0.50291,-0.00699579,,0.00010441,1.21213e-05,fluid
303,0.0612777,-0.426196,,1000.01,2.06448e-05,20.2006,,0.507258,-0.00615147,,7.44608e-05,4.7657e-05,fluid
304,0.178869,-0.391668,,1000.01,2.42865e-05,14.522,,0.506204,-0.00538117,,4.33419e-05,0.000101809,fluid
305,0.281969,-0.325409,,1000.01,3.69133e-05,19.9407,,0.512242,-0.00062153,,-0.000129645,0.000105618,fluid
306,0.362226,-0.232788,,1000.01,-0.00010184,26.2762,,0.516401,-0.00207157,,-0.000326353,0.000118146,fluid
307,0.413137,-0.121308,,1000,-0.000117493,0.612626,,0.474844,0.00854706,,-0.000506918,8.61614e-05,fluid
308,0.488082,0,,999.997,-0.00011304,-5.13207,,0.433885,9.11112e-15,,-0.000500378,-7.98652e-13,fluid
309,0.468311,0.137508,,999.998,-0.000114864,-3.26116,,0.476325,-0.0141312,,-0.000461618,-0.000147108,fluid
310,0.4106,0.263877,,1000,-3.42354e-06,4.33451,,0.514626,-0.000432684,,-0.000252772,-0.000178405,fluid
311,0.319625,0.368867,,1000.01,6.63077e-05,18.6343,,0.513129,-0.00204865,,-0.000104282,-5.94907e-05,fluid
312,0.202756,0.443975,,1000.01,3.94832e-05,14.3904,,0.50923,0.00237061,,0.000120434,-9.78274e-05,fluid
313,0.0694613,0.483114,,1000.01,6.10262e-05,14.6579,,0.506815,0.00479492,,0.0001465,-3.43123e-05,fluid
314,-0.0694613,0.483114,,1000.01,-3.85758e-05,16.3271,,0.505164,0.0055973,,0.000279666,-2.21737e-06,fluid
315,-0.202756,0.443975,,1000.01,2.38824e-05,16.6615,,0.501205,0.00612536,,7.23174e-05,-2.52717e-06,fluid
316,-0.319625,0.368867,,1000.01,-9.64331e-05,15.6113,,0.499366,0.00647732,,0.000161213,0.000144571,fluid
317,-0.4106,0.263877,,1000.01,-0.00039312,13.1284,,0.495055,0.00497525,,-4.99674e-05,0.000166691,fluid
318,-0.468311,0.137508,,1000.01,3.73051e-05,22.7187,,0.489558,0.000557222,,-0.00067685,-0.000159211,fluid
319,-0.488082,5.97728e-17,,1000.02,0.000564997,30.2717,,0.487247,-9.8555e-14,,-0.000949205,-2.63021e-13,fluid
320,-0.468311,-0.137508,,1000.01,3.73051e-05,22.7187,,0.489558,-0.000557222,,-0.00067685,0.000159211,fluid
321,-0.4106,-0.263877,,1000.01,-0.00039312,13.1284,,0.495055,-0.00497525,,-4.99674e-05,-0.000166691,fluid
322,-0.319625,-0.368867,,1000.01,-9.64331e-05,15.6113,,0.499366,-0.00647732,,0.000161213,-0.000144571,fluid
323,-0.202756,-0.443975,,1000.01,2.38825e-05,16.6615,,0.501205,-0.00612536,,7.23174e-05,2.52717e-06,fluid
324,-0.0694613,-0.483114,,1000.01,-3.85758e-05,16.3271,,0.505164,-0.0055973,,0.000279666,2.21737e-06,fluid
325,0.0694613,-0.483114,,1000.01,6.10262e-05,14.6579,,0.506815,-0.00479492,,0.0001465,3.43123e-05,fluid
326,0.202756,-0.443975,,1000.01,3.94832e-05,14.3904,,0.50923,-0.00237061,,0.000120434,9.78274e-05,fluid
327,0.319625,-0.368867,,1000.01,6.63077e-05,18.6343,,0.513129,0.00204865,,-0.000104282,5.94907e-05,fluid
328,0.4106,-0.263877,,1000,-3.42346e-06,4.33451,,0.514626,0.000432684,,-0.000252772,0.000178405,fluid
329,0.468311,-0.137508,,999.998,-0.000114864,-3.26116,,0.476325,0.0141312,,-0.000461618,0.000147108,fluid
330,0.552137,0,,1000.03,0.000284751,60.777,,0.459409,1.14207e-14,,-0.00033408,-6.21392e-13,fluid
331,0.529771,0.155555,,1000.01,0.000201725,27.0163,,0.488159,-0.0119743,,-0.000282797,-3.62789e-05,fluid
332,0.464487,0.298508,,999.996,6.02746e-05,-7.46793,,0.511171,-0.00296191,,-0.000227284,-0.000128179,fluid
333,0.361573,0.417277,,999.999,-4.70784e-05,-1.91893,,0.508201,-0.00319102,,4.98946e-05,-0.000174407,fluid
334,0.229366,0.502241,,1000,-5.26549e-05,8.28627,,0.510347,-0.00131331,,0.000126776,-0.000101013,fluid
335,0.0785772,0.546517,,1000,-1.14883e-05,7.89744,,0.506885,0.00211238,,0.000212866,-4.84728e-05,fluid
336,-0.0785772,0.546517,,1000.01,2.27908e-05,11.0979,,0.505759,0.0031497,,0.000177988,-1.80553e-05,fluid
337,-0.229366,0.502241,,1000.01,0.000149847,13.1809,,0.502724,0.00423183,,0.000192389,7.09121e-05,fluid
338,-0.361573,0.417277,,1000.01,-4.48958e-05,13.0222,,0.500221,0.00392167,,0.000122365,6.92006e-05,fluid
339,-0.464487,0.298508,,1000.01,0.000449953,17.9517,,0.49598,0.00238559,,-0.000203435,-1.24269e-05,fluid
340,-0.529771,0.155555,,1000,-0.000212617,6.94839,,0.492837,0.000588335,,-0.000613124,-0.00011784,fluid
341,-0.552137,6.76172e-17,,999.996,-0.00139179,-8.19505,,0.492568,1.08579e-13,,-0.00059901,-1.03415e-13,fluid
342,-0.529771,-0.155555,,1000,-0.000212617,6.94839,,0.492837,-0.000588335,,-0.000613124,0.00011784,fluid
343,-0.464487,-0.298508,,1000.01,0.000449953,17.9517,,0.49598,-0.00238559,,-0.000203435,1.24269e-05,fluid
344,-0.361573,-0.417277,,1000.01,-4.48957e-05,13.0222,,0.500221,-0.00392167,,0.000122365,-6.92006e-05,fluid
345,-0.229366,-0.502241,,1000.01,0.000149847,13.1809,,0.502724,-0.00423183,,0.000192389,-7.09121e-05,fluid
346,-0.0785772,-0.546517,,1000.01,2.27908e-05,11.0979,,0.505759,-0.0031497,,0.000177988,1.80553e-05,fluid
347,0.0785772,-0.546517,,1000,-1.14883e-05,7.89744,,0.506885,-0.00211238,,0.000212866,4.84728e-05,fluid
348,0.229366,-0.502241,,1000,-5.26549e-05,8.28627,,0.510347,0.00131331,,0.000126776,0.000101013,fluid
349,0.361573,-0.417277,,999.999,-4.70784e-05,-1.91893,,0.508201,0.00319102,,4.98946e-05,0.000174407,fluid
350,0.464487,-0.298508,,999.996,6.02746e-05,-7.46793,,0.511171,0.00296191,,-0.000227284,0.000128179,fluid
351,0.529771,-0.155555,,1000.01,0.000201725,27.0163,,0.488159,0.0119743,,-0.000282797,3.62789e-05,fluid
352,0.62349,0,,999.971,-0.000294913,-57.2926,,0.452553,1.67495e-14,,-0.000428547,-5.54388e-13,fluid
353,0.598234,0.175657,,999.996,-0.000262144,-8.06563,,0.487398,-0.0099011,,-0.000366621,-3.81831e-05,fluid
354,0.524513,0.337084,,1000.02,-8.78374e-05,33.1455,,0.51388,0.00270663,,-0.000105173,-0.000128304,fluid
355,0.408299,0.471202,,1000.01,-1.36932e-05,15.5049,,0.508566,0.000357524,,0.000132125,-0.000158108,fluid
356,0.259007,0.567146,,1000.01,3.6961e-05,16.4439,,0.508181,0.00117588,,0.000205928,-8.64485e-05,fluid
357,0.0887318,0.617143,,1000.01,1.2694e-05,19.1103,,0.508051,0.00387918,,0.000332133,-2.70403e-05,fluid
358,-0.0887318,0.617143,,1000.01,3.57082e-05,18.5146,,0.505514,0.00486046,,0.000337165,2.16926e-05,fluid
359,-0.259007,0.567146,,1000.01,-5.30811e-05,19.4026,,0.503597,0.0064118,,0.000353363,0.000123744,fluid
360,-0.408299,0.471202,,1000.01,2.6969e-05,21.0522,,0.499977,0.00570851,,0.000228432,0.000107269,fluid
361,-0.524513,0.337084,,1000.01,9.13145e-05,22.832,,0.495777,0.00522816,,-0.000129971,8.54776e-05,fluid
362,-0.598234,0.175657,,1000.01,0.000145851,21.8132,,0.493284,0.00552773,,-0.000368769,0.000498748,fluid
363,-0.62349,7.63555e-17,,1000.01,0.00034425,24.13,,0.492163,6.76455e-14,,-0.000351894,4.09622e-14,fluid
364,-0.598234,-0.175657,,1000.01,0.000145851,21.8132,,0.493284,-0.00552773,,-0.000368769,-0.000498748,fluid
365,-0.524513,-0.337084,,1000.01,9.13146e-05,22.832,,0.495777,-0.00522816,,-0.000129971,-8.54776e-05,fluid
366,-0.408299,-0.471202,,1000.01,2.69689e-05,21.0522,,0.499977,-0.00570851,,0.000228432,-0.000107269,fluid
367,-0.259007,-0.567146,,1000.01,-5.30811e-05,19.4026,,0.503597,-0.0064118,,0.000353363,-0.000123744,fluid
368,-0.0887318,-0.617143,,1000.01,3.57082e-05,18.5146,,0.505514,-0.00486046,,0.000337165,-2.16926e-05,fluid
369,0.0887318,-0.617143,,1000.01,1.2694e-05,19.1103,,0.508051,-0.00387918,,0.000332133,2.70403e-05,fluid
370,0.259007,-0.567146,,1000.01,3.6961e-05,16.4439,,0.508181,-0.00117588,,0.000205928,8.64485e-05,fluid
371,0.408299,-0.471202,,1000.01,-1.36932e-05,15.5049,,0.508566,-0.000357524,,0.000132125,0.000158108,fluid
372,0.524513,-0.337084,,1000.02,-8.78374e-05,33.1455,,0.51388,-0.00270663,,-0.000105173,0.000128304,fluid
373,0.598234,-0.175657,,999.996,-0.000262144,-8.06563,,0.487398,0.0099011,,-0.000366621,3.81831e-05,fluid
374,0.702972,0,,1000.01,-4.06988e-06,22.0697,,0.45694,2.49411e-14,,-0.000440848,-5.95912e-13,fluid
375,0.674497,0.19805,,1000.01,2.33816e-06,12.7322,,0.486663,-0.0138056,,-0.000325632,-0.000207291,fluid
376,0.591378,0.380055,,1000,3.7354e-06,9.03157,,0.513418,-0.00229621,,-2.37394e-05,-0.000193275,fluid
377,0.460349,0.531271,,1000.01,4.22481e-05,18.9032,,0.51102,-0.00191175,,0.000210603,-0.000158808,fluid
378,0.292025,0.639446,,1000.01,8.10419e-05,17.9526,,0.508489,-0.000870739,,0.000316514,-9.17987e-05,fluid
379,0.100043,0.695817,,1000.01,3.88212e-05,18.3805,,0.508465,0.00166559,,0.000389183,-3.60751e-05,fluid
380,-0.100043,0.695817,,1000.01,4.77158e-05,19.5125,,0.50684,0.00277701,,0.000336351,1.88204e-05,fluid
381,-0.292025,0.639446,,1000.01,-5.92207e-05,18.1229,,0.505641,0.00404886,,0.000404405,6.91148e-05,fluid
382,-0.460349,0.531271,,1000.01,-2.10839e-06,18.2213,,0.503175,0.0041453,,0.000253071,3.90112e-05,fluid
383,-0.591378,0.380055,,1000.01,-0.000492775,13.3091,,0.50116,0.00510542,,0.000313734,0.000158648,fluid
384,-0.674497,0.19805,,1000.01,-0.000110077,22.061,,0.494409,0.00443124,,-0.000380425,0.00033065,fluid
385,-0.702972,8.60893e-17,,1000.02,0.000526683,30.7457,,0.487996,-5.83546e-14,,-0.00126211,1.38723e-13,fluid
386,-0.674497,-0.19805,,1000.01,-0.000110077,22.061,,0.494409,-0.00443124,,-0.000380425,-0.00033065,fluid
387,-0.591378,-0.380055,,1000.01,-0.000492775,13.3091,,0.50116,-0.00510542,,0.000313734,-0.000158648,fluid
388,-0.460349,-0.531271,,1000.01,-2.10839e-06,18.2213,,0.503175,-0.0041453,,0.000253071,-3.90112e-05,fluid
389,-0.292025,-0.639446,,1000.01,-5.92207e-05,18.1229,,0.505641,-0.00404886,,0.000404405,-6.91148e-05,fluid
390,-0.100043,-0.695817,,1000.01,4.77158e-05,19.5125,,0.50684,-0.00277701,,0.000336351,-1.88204e-05,fluid
391,0.100043,-0.695817,,1000.01,3.88212e-05,18.3805,,0.508465,-0.00166559,,0.000389183,3.60751e-05,fluid
392,0.292025,-0.639446,,1000.01,8.10418e-05,17.9526,,0.508489,0.000870739,,0.000316514,9.17987e-05,fluid
393,0.460349,-0.531271,,1000.01,4.22481e-05,18.9032,,0.51102,0.00191175,,0.000210603,0.000158808,fluid
394,0.591378,-0.380055,,1000,3.73544e-06,9.03157,,0.513418,0.00229621,,-2.37394e-05,0.000193275,fluid
395,0.674497,-0.19805,,1000.01,2.33816e-06,12.7322,,0.486663,0.0138056,,-0.000325632,0.000207291,fluid
396,0.791511,0,,1000,-2.21935e-05,8.5851,,0.488155,3.00456e-14,,-0.000144064,-6.02698e-13,fluid
397,0.759449,0.222994,,1000.01,-1.77949e-05,10.0832,,0.500022,-0.0182703,,-4.69369e-05,-0.000260012,fluid
398,0.665861,0.427923,,1000,1.40007e-05,4.11503,,0.512416,-0.0138096,,0.000154199,-0.000319655,fluid
399,0.518329,0.598184,,1000.01,-7.03159e-06,9.82873,,0.512347,-0.00684984,,0.000294975,-0.00023868,fluid
400,0.328805,0.719984,,1000.01,5.16117e-06,13.4706,,0.51194,-0.00360716,,0.000373791,-0.000141564,fluid
401,0.112644,0.783454,,1000.01,2.29146e-05,14.2077,,0.510312,9.66555e-05,,0.000383624,-4.30899e-05,fluid
402,-0.112644,0.783454,,1000.01,4.95965e-05,16.0844,,0.508745,0.00251289,,0.000403837,4.95942e-05,fluid
403,-0.328805,0.719984,,1000.01,8.22325e-05,16.8678,,0.505871,0.00369285,,0.000386406,0.000128212,fluid
404,-0.518329,0.598184,,1000.01,9.11419e-05,17.5582,,0.503199,0.00367044,,0.000362275,0.000220749,fluid
405,-0.665861,0.427923,,1000.01,0.000107259,16.3543,,0.499288,0.000255783,,0.00029905,0.000214237,fluid
406,-0.759449,0.222994,,1000.01,-0.00024578,11.6648,,0.493981,-0.00871005,,-0.000545091,-0.00124925,fluid
407,-0.791511,9.69321e-17,,1000,-0.000447604,8.21018,,0.494216,-1.87999e-13,,-0.000534237,1.47242e-13,fluid
408,-0.759449,-0.222994,,1000.01,-0.00024578,11.6648,,0.493981,0.00871005,,-0.000545091,0.00124925,fluid
409,-0.665861,-0.427923,,1000.01,0.000107259,16.3543,,0.499288,-0.000255783,,0.00029905,-0.000214237,fluid
410,-0.518329,-0.598184,,1000.01,9.11419e-05,17.5582,,0.503199,-0.00367044,,0.000362275,-0.000220749,fluid
411,-0.328805,-0.719984,,1000.01,8.22325e-05,16.8678,,0.505871,-0.00369285,,0.000386406,-0.000128212,fluid
412,-0.112644,-0.783454,,1000.01,4.95965e-05,16.0844,,0.508745,-0.00251289,,0.000403837,-4.95942e-05,fluid
413,0.112644,-0.783454,,1000.01,2.29146e-05,14.2077,,0.510312,-9.66555e-05,,0.000383624,4.30899e-05,fluid
414,0.328805,-0.719984,,1000.01,5.16117e-06,13.4706,,0.51194,0.00360716,,0.000373791,0.000141564,fluid
415,0.518329,-0.598184,,1000.01,-7.03158e-06,9.82873,,0.512347,0.00684984,,0.000294975,0.00023868,fluid
416,0.665861,-0.427923,,1000,1.40007e-05,4.11503,,0.512416,0.0138096,,0.000154199,0.000319655,fluid
417,0.759449,-0.222994,,1000.01,-1.77948e-05,10.0832,,0.500022,0.0182703,,-4.69369e-05,0.000260012,fluid
418,0.890137,0,,999.999,-1.57335e-05,-1.09041,,0.496942,3.35458e-14,,-5.2739e-05,-4.95123e-13,fluid
419,0.85408,0.250781,,1000,-7.59124e-06,1.42053,,0.505491,-0.0231336,,3.92876e-05,-0.000282263,fluid
420,0.748831,0.481244,,1000,4.43274e-06,0.146765,,0.513798,-0.0191502,,0.000247283,-0.00041443,fluid
421,0.582916,0.672721,,1000,-9.36627e-06,0.592002,,0.51356,-0.00940018,,0.00036204,-0.000306955,fluid
422,0.369776,0.809697,,1000,-7.60761e-06,1.79052,,0.513881,-0.0047459,,0.000397343,-0.000168109,fluid
423,0.12668,0.881077,,1000,-8.45366e-07,1.80652,,0.512254,-0.00035475,,0.00036561,-4.40812e-05,fluid
424,-0.12668,0.881077,,1000,5.80506e-06,2.24172,,0.51125,0.00298394,,0.000387343,5.75442e-05,fluid
425,-0.369776,0.809697,,1000,1.0053e-05,2.30129,,0.50944,0.00568186,,0.000400086,0.000173659,fluid
426,-0.582916,0.672721,,1000,-2.60097e-06,2.41283,,0.508438,0.00884736,,0.000497211,0.000400413,fluid
427,-0.748831,0.481244,,1000,3.5646e-05,2.49001,,0.50633,0.0120895,,0.000483654,0.00069017,fluid
428,-0.85408,0.250781,,1000,-6.15799e-05,0.954927,,0.502617,0.0158534,,0.000445215,0.00169851,fluid
429,-0.890137,1.0901e-16,,999.999,-0.000203372,-1.21738,,0.497473,2.39848e-13,,-0.000137107,1.96528e-13,fluid
430,-0.85408,-0.250781,,1000,-6.15799e-05,0.954927,,0.502617,-0.0158534,,0.000445215,-0.00169851,fluid
431,-0.748831,-0.481244,,1000,3.5646e-05,2.49001,,0.50633,-0.0120895,,0.000483654,-0.00069017,fluid
432,-0.582916,-0.672721,,1000,-2.601e-06,2.41283,,0.508438,-0.00884736,,0.000497211,-0.000400413,fluid
433,-0.369776,-0.809697,,1000,1.0053e-05,2.30129,,0.50944,-0.00568186,,0.000400086,-0.000173659,fluid
434,-0.12668,-0.881077,,1000,5.80506e-06,2.24172,,0.51125,-0.00298394,,0.000387343,-5.75442e-05,fluid
435,0.12668,-0.881077,,1000,-8.45365e-07,1.80652,,0.512254,0.00035475,,0.00036561,4.40812e-05,fluid
436,0.369776,-0.809697,,1000,-7.6076e-06,1.79052,,0.513881,0.0047459,,0.000397343,0.000168109,fluid
437,0.582916,-0.672721,,1000,-9.36625e-06,0.592002,,0.51356,0.00940018,,0.00036204,0.000306955,fluid
438,0.748831,-0.481244,,1000,4.43273e-06,0.146765,,0.513798,0.0191502,,0.000247283,0.00041443,fluid
439,0.85408,-0.250781,,1000,-7.59123e-06,1.42053,,0.505491,0.0231336,,3.92876e-05,0.000282263,fluid
440,1,0,,999.99,-0.000686963,-19.921,,0.5,0,,-0.0474097,-3.88146e-13,fluid
441,0.959493,0.281733,,1000.03,-0.00050359,51.2336,,0.5,0,,0.168544,-0.00905774,fluid
442,0.841254,0.540641,,1000.05,-0.000118534,103.671,,0.5,0,,0.287499,0.140365,fluid
443,0.654861,0.75575,,1000.06,0.000143864,109.915,,0.5,0,,0.239449,0.245014,fluid
444,0.415415,0.909632,,1000.06,0.000293612,121.242,,0.5,0,,0.168533,0.336754,fluid
445,0.142315,0.989821,,1000.06,0.0003307,127.079,,0.5,0,,0.0625806,0.389444,fluid
446,-0.142315,0.989821,,1000.07,0.000331739,132.615,,0.5,0,,-0.0568058,0.407076,fluid
447,-0.415415,0.909632,,1000.07,0.000363572,134.922,,0.5,0,,-0.175811,0.378951,fluid
448,-0.654861,0.75575,,1000.07,0.000202794,135.967,,0.5,0,,-0.279795,0.313547,fluid
449,-0.841254,0.540641,,1000.07,0.000280802,134.165,,0.5,0,,-0.352585,0.213999,fluid
450,-0.959493,0.281733,,1000.06,-0.000398118,123.621,,0.5,0,,-0.366241,0.0908175,fluid
451,-1,1.22465e-16,,1000.05,-0.00162732,103.164,,0.5,0,,-0.318227,-1.00059e-13,fluid
452,-0.959493,-0.281733,,1000.06,-0.000398118,123.621,,0.5,0,,-0.366241,-0.0908175,fluid
453,-0.841254,-0.540641,,1000.07,0.000280802,134.165,,0.5,0,,-0.352585,-0.213999,fluid
454,-0.654861,-0.75575,,1000.07,0.000202794,135.967,,0.5,0,,-0.279795,-0.313547,fluid
455,-0.415415,-0.909632,,1000.07,0.000363572,134.922,,0.5,0,,-0.175811,-0.378951,fluid
456,-0.142315,-0.989821,,1000.07,0.000331739,132.615,,0.5,0,,-0.0568058,-0.407076,fluid
457,0.142315,-0.989821,,1000.06,0.0003307,127.079,,0.5,0,,0.0625806,-0.389444,fluid
458,0.415415,-0.909632,,1000.06,0.000293612,121.242,,0.5,0,,0.168533,-0.336754,fluid
459,0.654861,-0.75575,,1000.06,0.000143864,109.915,,0.5,0,,0.239449,-0.245014,fluid
460,0.841254,-0.540641,,1000.05,-0.000118534,103.671,,0.5,0,,0.287499,-0.140365,fluid
461,0.959493,-0.281733,,1000.03,-0.00050359,51.2336,,0.5,0,,0.168544,0.00905774,fluid
