h/dp :,2
L2norm Pressure,KE,dr0,Nparticles
19883.8,392.163,0.0141421,440

t,19.6601
ID,x,y,,rho,drhodt,pressure,,u,v,,dudt,dvdt,type
0,0.05,0,,1000,0,0,,0,0,,0,0,boundary
1,0.0479746,0.0140866,,1000,0,0,,0,0,,0,0,boundary
2,0.0420627,0.027032,,1000,0,0,,0,0,,0,0,boundary
3,0.032743,0.0377875,,1000,0,0,,0,0,,0,0,boundary
4,0.0207708,0.0454816,,1000,0,0,,0,0,,0,0,boundary
5,0.00711574,0.0494911,,1000,0,0,,0,0,,0,0,boundary
6,-0.00711574,0.0494911,,1000,0,0,,0,0,,0,0,boundary
7,-0.0207708,0.0454816,,1000,0,0,,0,0,,0,0,boundary
8,-0.032743,0.0377875,,1000,0,0,,0,0,,0,0,boundary
9,-0.0420627,0.027032,,1000,0,0,,0,0,,0,0,boundary
10,-0.0479746,0.0140866,,1000,0,0,,0,0,,0,0,boundary
11,-0.05,6.12323e-18,,1000,0,0,,0,0,,0,0,boundary
12,-0.0479746,-0.0140866,,1000,0,0,,0,0,,0,0,boundary
13,-0.0420627,-0.027032,,1000,0,0,,0,0,,0,0,boundary
14,-0.032743,-0.0377875,,1000,0,0,,0,0,,0,0,boundary
15,-0.0207708,-0.0454816,,1000,0,0,,0,0,,0,0,boundary
16,-0.00711574,-0.0494911,,1000,0,0,,0,0,,0,0,boundary
17,0.00711574,-0.0494911,,1000,0,0,,0,0,,0,0,boundary
18,0.0207708,-0.0454816,,1000,0,0,,0,0,,0,0,boundary
19,0.032743,-0.0377875,,1000,0,0,,0,0,,0,0,boundary
20,0.0420627,-0.027032,,1000,0,0,,0,0,,0,0,boundary
21,0.0479746,-0.0140866,,1000,0,0,,0,0,,0,0,boundary
22,0.0641421,0,,999.958,5.26607e-05,-82.402,,0.513819,3.99999e-14,,-0.00173761,-2.7654e-12,fluid
23,0.0615439,0.0180709,,999.957,0.000120748,-84.2155,,0.479402,0.104058,,-0.00110498,-0.000787361,fluid
24,0.0539598,0.0346779,,999.964,0.000118953,-71.3788,,0.461496,0.0917743,,-0.000545356,-0.000284605,fluid
25,0.0420042,0.0484754,,999.972,6.92949e-05,-54.1532,,0.478202,0.0788014,,-0.000667357,4.06907e-05,fluid
26,0.0266456,0.0583457,,999.984,7.41272e-06,-32.1091,,0.506706,0.0678294,,-0.000751545,2.06464e-05,fluid
27,0.00912838,0.0634893,,999.999,-0.00010722,-2.90614,,0.526999,0.0559427,,-0.000809632,-2.11079e-05,fluid
28,-0.00912838,0.0634893,,1000.01,3.00672e-06,22.0488,,0.544905,0.0478879,,-0.0010601,-0.000122099,fluid
29,-0.0266456,0.0583457,,1000.02,3.95352e-05,37.6499,,0.554866,0.0468086,,-0.00107002,-5.48007e-05,fluid
30,-0.0420042,0.0484754,,1000.02,-8.87096e-05,34.5784,,0.553153,0.0396936,,-0.000902569,0.000184702,fluid
31,-0.0539598,0.0346779,,1000.02,-9.15153e-05,38.4722,,0.55117,0.0262446,,-0.0010291,3.14764e-05,fluid
32,-0.0615439,0.0180709,,1000.02,1.22423e-05,45.4538,,0.549741,0.0160337,,-0.0010454,-3.27394e-05,fluid
33,-0.0641421,7.85515e-18,,1000.02,5.12665e-05,46.4636,,0.5466,2.86997e-15,,-0.00104799,-1.39119e-12,fluid
34,-0.0615439,-0.0180709,,1000.02,1.22424e-05,45.4538,,0.549741,-0.0160337,,-0.0010454,3.27394e-05,fluid
35,-0.0539598,-0.0346779,,1000.02,-9.15152e-05,38.4722,,0.55117,-0.0262446,,-0.0010291,-3.14764e-05,fluid
36,-0.0420042,-0.0484754,,1000.02,-8.87095e-05,34.5784,,0.553153,-0.0396936,,-0.000902569,-0.000184702,fluid
37,-0.0266456,-0.0583457,,1000.02,3.9535e-05,37.6499,,0.554866,-0.0468086,,-0.00107002,5.48007e-05,fluid
38,-0.00912838,-0.0634893,,1000.01,3.00666e-06,22.0488,,0.544905,-0.0478879,,-0.0010601,0.000122099,fluid
39,0.00912838,-0.0634893,,999.999,-0.00010722,-2.90614,,0.526999,-0.0559427,,-0.000809632,2.11079e-05,fluid
40,0.0266456,-0.0583457,,999.984,7.41292e-06,-32.1091,,0.506706,-0.0678294,,-0.000751545,-2.06464e-05,fluid
41,0.0420042,-0.0484754,,999.972,6.92949e-05,-54.1532,,0.478202,-0.0788014,,-0.000667357,-4.06907e-05,fluid
42,0.0539598,-0.0346779,,999.964,0.000118953,-71.3788,,0.461496,-0.0917743,,-0.000545356,0.000284605,fluid
43,0.0615439,-0.0180709,,999.957,0.000120748,-84.2155,,0.479402,-0.104058,,-0.00110498,0.000787361,fluid
44,0.0798956,0,,999.941,2.24299e-05,-115.923,,0.318293,1.08075e-14,,-0.00101349,2.84751e-13,fluid
45,0.0766592,0.0225092,,999.962,-2.92953e-05,-75.4076,,0.346433,-4.73424e-07,,-0.00075601,-9.07709e-05,fluid
46,0.0672124,0.0431948,,999.986,-3.27443e-06,-27.8256,,0.40606,0.00244339,,-0.000558946,5.16665e-05,fluid
47,0.0523205,0.060381,,999.995,0.000102764,-9.91822,,0.471457,0.0114578,,-0.000685007,4.59315e-05,fluid
48,0.0331898,0.0726756,,999.999,-3.01039e-05,-1.75871,,0.514398,0.0300523,,-0.000691498,-1.61117e-05,fluid
49,0.0113703,0.0790823,,1000.01,7.03176e-06,12.5152,,0.528686,0.043807,,-0.000856479,-0.000126854,fluid
50,-0.0113703,0.0790823,,1000.01,0.000176047,22.2227,,0.526782,0.0594179,,-0.000895033,-0.000166997,fluid
51,-0.0331898,0.0726756,,1000.02,-0.000322177,43.9474,,0.506254,0.070602,,-0.00054646,0.000146988,fluid
52,-0.0523205,0.060381,,1000.03,-0.000206225,66.5399,,0.479903,0.0636636,,-0.000939468,-0.000124086,fluid
53,-0.0672124,0.0431948,,1000.05,0.000136497,92.9545,,0.457064,0.046775,,-0.000861409,-0.000174531,fluid
54,-0.0766592,0.0225092,,1000.05,-1.02944e-05,107.478,,0.442232,0.0287246,,-0.000784877,6.09584e-05,fluid
55,-0.0798956,9.78438e-18,,1000.05,-0.000144913,105.235,,0.435931,-7.81835e-14,,-0.000817925,-3.32385e-12,fluid
56,-0.0766592,-0.0225092,,1000.05,-1.02943e-05,107.478,,0.442232,-0.0287246,,-0.000784877,-6.09584e-05,fluid
57,-0.0672124,-0.0431948,,1000.05,0.000136497,92.9545,,0.457064,-0.046775,,-0.000861409,0.000174531,fluid
58,-0.0523205,-0.060381,,1000.03,-0.000206225,66.5399,,0.479903,-0.0636636,,-0.000939468,0.000124086,fluid
59,-0.0331898,-0.0726756,,1000.02,-0.000322177,43.9474,,0.506254,-0.070602,,-0.00054646,-0.000146988,fluid
60,-0.0113703,-0.0790823,,1000.01,0.000176047,22.2227,,0.526782,-0.0594179,,-0.000895033,0.000166997,fluid
61,0.0113703,-0.0790823,,1000.01,7.03168e-06,12.5152,,0.528686,-0.043807,,-0.000856479,0.000126854,fluid
62,0.0331898,-0.0726756,,999.999,-3.01039e-05,-1.75871,,0.514398,-0.0300523,,-0.000691498,1.61117e-05,fluid
63,0.0523205,-0.060381,,999.995,0.000102764,-9.91822,,0.471457,-0.0114578,,-0.000685007,-4.59315e-05,fluid
64,0.0672124,-0.0431948,,999.986,-3.27458e-06,-27.8256,,0.40606,-0.00244339,,-0.000558946,-5.16665e-05,fluid
65,0.0766592,-0.0225092,,999.962,-2.92955e-05,-75.4076,,0.346433,4.73424e-07,,-0.00075601,9.07709e-05,fluid
66,0.0974438,0,,1000.04,0.000125614,70.0004,,0.268413,-4.14854e-15,,-0.000660414,6.91164e-13,fluid
67,0.0934967,0.0274531,,1000.02,4.82748e-05,44.424,,0.330855,-0.0254313,,-0.000604246,-4.15154e-06,fluid
68,0.081975,0.0526821,,1000,-1.31162e-05,5.56317,,0.428958,-0.0188551,,-0.000641739,2.83128e-05,fluid
69,0.0638121,0.0736431,,1000,-0.000161857,4.25508,,0.497177,0.00366201,,-0.000719912,-4.38598e-05,fluid
70,0.0404796,0.088638,,1000.01,-0.000204991,17.8505,,0.521823,0.0299253,,-0.000772425,-0.000114474,fluid
71,0.0138677,0.096452,,1000.01,0.000225801,16.2231,,0.517855,0.0415835,,-0.00105603,-6.91192e-05,fluid
72,-0.0138677,0.096452,,999.995,-0.000180897,-9.55781,,0.504753,0.0462469,,-0.000436817,5.37157e-05,fluid
73,-0.0404796,0.088638,,999.987,1.26087e-05,-24.8543,,0.47521,0.0436291,,-0.000638837,-5.00045e-05,fluid
74,-0.0638121,0.0736431,,999.994,0.000484665,-11.9197,,0.461315,0.0398587,,-0.000951805,-0.000210682,fluid
75,-0.081975,0.0526821,,999.984,-6.06589e-05,-32.0355,,0.447846,0.0285883,,-0.000725947,0.000185904,fluid
76,-0.0934967,0.0274531,,999.978,-0.000285984,-44.0079,,0.437183,0.0158328,,-0.000679052,3.49184e-06,fluid
77,-0.0974438,1.19334e-17,,999.98,-6.36462e-05,-39.6557,,0.436973,-2.00475e-13,,-0.00074466,-3.58316e-12,fluid
78,-0.0934967,-0.0274531,,999.978,-0.000285984,-44.0079,,0.437183,-0.0158328,,-0.000679052,-3.49185e-06,fluid
79,-0.081975,-0.0526821,,999.984,-6.06588e-05,-32.0355,,0.447846,-0.0285883,,-0.000725947,-0.000185904,fluid
80,-0.0638121,-0.0736431,,999.994,0.000484665,-11.9197,,0.461315,-0.0398587,,-0.000951805,0.000210682,fluid
81,-0.0404796,-0.088638,,999.987,1.26087e-05,-24.8543,,0.47521,-0.0436291,,-0.000638837,5.00045e-05,fluid
82,-0.0138677,-0.096452,,999.995,-0.000180897,-9.55781,,0.504753,-0.0462469,,-0.000436817,-5.37157e-05,fluid
83,0.0138677,-0.096452,,1000.01,0.000225801,16.2231,,0.517855,-0.0415835,,-0.00105603,6.91192e-05,fluid
84,0.0404796,-0.088638,,1000.01,-0.000204991,17.8505,,0.521823,-0.0299253,,-0.000772425,0.000114474,fluid
85,0.0638121,-0.0736431,,1000,-0.000161856,4.25508,,0.497177,-0.00366201,,-0.000719912,4.38598e-05,fluid
86,0.081975,-0.0526821,,1000,-1.31163e-05,5.56317,,0.428958,0.0188551,,-0.000641739,-2.83128e-05,fluid
87,0.0934967,-0.0274531,,1000.02,4.82748e-05,44.424,,0.330855,0.0254313,,-0.000604246,4.15154e-06,fluid
88,0.116991,0,,999.992,2.1103e-05,-16.2813,,0.325664,2.58814e-15,,-0.000641787,2.95388e-13,fluid
89,0.112253,0.0329603,,999.993,5.96388e-06,-13.74,,0.390911,0.00327646,,-0.00068981,-8.58494e-05,fluid
90,0.0984195,0.0632504,,1000,4.97641e-05,1.521,,0.475083,0.0140862,,-0.000657427,-5.69125e-05,fluid
91,0.0766131,0.0884163,,1000,1.11606e-05,7.10134,,0.517226,0.0248167,,-0.000752656,-9.95976e-05,fluid
92,0.0486,0.106419,,1000,0.000225547,4.42963,,0.524596,0.0320351,,-0.000803002,-1.5199e-05,fluid
93,0.0166496,0.115801,,999.999,-0.000124157,-2.5988,,0.50567,0.0347624,,-0.000512846,-9.47649e-05,fluid
94,-0.0166496,0.115801,,1000.01,-0.000220122,26.0259,,0.496516,0.0314182,,-0.000803109,-4.17916e-05,fluid
95,-0.0486,0.106419,,1000.02,0.000399817,39.9891,,0.485315,0.024827,,-0.0010645,-0.00014551,fluid
96,-0.0766131,0.0884163,,1000.02,-0.000358739,30.4284,,0.47654,0.0216128,,-0.000538639,0.0001618,fluid
97,-0.0984195,0.0632504,,1000.02,-0.00036375,44.7468,,0.475423,0.0173549,,-0.000729476,0.000104587,fluid
98,-0.112253,0.0329603,,1000.03,0.000338275,55.167,,0.466851,0.0061986,,-0.000831076,-0.000138693,fluid
99,-0.116991,1.43273e-17,,1000.03,0.000267652,65.3337,,0.467682,1.15652e-13,,-0.000908704,-2.80481e-12,fluid
100,-0.112253,-0.0329603,,1000.03,0.000338275,55.167,,0.466851,-0.0061986,,-0.000831076,0.000138693,fluid
101,-0.0984195,-0.0632504,,1000.02,-0.00036375,44.7468,,0.475423,-0.0173549,,-0.000729476,-0.000104587,fluid
102,-0.0766131,-0.0884163,,1000.02,-0.000358739,30.4284,,0.47654,-0.0216128,,-0.000538639,-0.0001618,fluid
103,-0.0486,-0.106419,,1000.02,0.000399817,39.9891,,0.485315,-0.024827,,-0.0010645,0.00014551,fluid
104,-0.0166496,-0.115801,,1000.01,-0.000220122,26.0259,,0.496516,-0.0314182,,-0.000803109,4.17916e-05,fluid
105,0.0166496,-0.115801,,999.999,-0.000124157,-2.5988,,0.50567,-0.0347624,,-0.000512846,9.47649e-05,fluid
106,0.0486,-0.106419,,1000,0.000225547,4.42963,,0.524596,-0.0320351,,-0.000803002,1.5199e-05,fluid
107,0.0766131,-0.0884163,,1000,1.11606e-05,7.10134,,0.517226,-0.0248167,,-0.000752656,9.95976e-05,fluid
108,0.0984195,-0.0632504,,1000,4.9764e-05,1.521,,0.475083,-0.0140862,,-0.000657427,5.69125e-05,fluid
109,0.112253,-0.0329603,,999.993,5.96385e-06,-13.74,,0.390911,-0.00327646,,-0.00068981,8.58494e-05,fluid
110,0.138766,0,,999.988,-0.000272285,-23.229,,0.321997,-3.95421e-15,,-0.000748664,5.65578e-14,fluid
111,0.133145,0.039095,,999.983,-0.000120828,-33.9177,,0.392987,-0.0111094,,-0.00075722,-9.48476e-05,fluid
112,0.116738,0.0750227,,999.991,-6.7949e-05,-17.3896,,0.482753,2.98627e-05,,-0.000698097,-3.73457e-05,fluid
113,0.0908726,0.104873,,1000,9.49588e-05,2.08825,,0.519628,0.0191057,,-0.000747308,-4.28989e-05,fluid
114,0.0576456,0.126226,,1000.01,-4.00905e-05,9.83446,,0.523792,0.0247207,,-0.000718734,-1.77905e-05,fluid
115,0.0197485,0.137354,,1000.01,-5.98641e-05,10.6863,,0.51125,0.0239911,,-0.000473449,-9.79631e-05,fluid
116,-0.0197485,0.137354,,1000.01,0.000246729,10.4935,,0.493241,0.0251933,,-0.000723277,-2.46772e-05,fluid
117,-0.0576456,0.126226,,1000.01,-0.000286101,20.3749,,0.494608,0.0254484,,-0.000537972,5.91337e-06,fluid
118,-0.0908726,0.104873,,1000.01,-0.000246664,18.2123,,0.481146,0.0220009,,-0.00057986,1.44433e-05,fluid
119,-0.116738,0.0750227,,1000.02,0.000404487,35.5555,,0.473485,0.013562,,-0.00114771,-0.000385959,fluid
120,-0.133145,0.039095,,1000.02,2.88922e-05,33.2521,,0.468669,0.00928833,,-0.000803758,6.8219e-05,fluid
121,-0.138766,1.6994e-17,,1000.01,-0.000497312,21.817,,0.470064,1.44857e-13,,-0.000733243,-1.75968e-12,fluid
122,-0.133145,-0.039095,,1000.02,2.88923e-05,33.2521,,0.468669,-0.00928833,,-0.000803758,-6.8219e-05,fluid
123,-0.116738,-0.0750227,,1000.02,0.000404488,35.5555,,0.473485,-0.013562,,-0.00114771,0.000385959,fluid
124,-0.0908726,-0.104873,,1000.01,-0.000246664,18.2123,,0.481146,-0.0220009,,-0.00057986,-1.44433e-05,fluid
125,-0.0576456,-0.126226,,1000.01,-0.000286101,20.3749,,0.494608,-0.0254484,,-0.000537972,-5.91337e-06,fluid
126,-0.0197485,-0.137354,,1000.01,0.000246729,10.4935,,0.493241,-0.0251933,,-0.000723277,2.46772e-05,fluid
127,0.0197485,-0.137354,,1000.01,-5.9864e-05,10.6863,,0.51125,-0.0239911,,-0.000473449,9.79631e-05,fluid
128,0.0576456,-0.126226,,1000.01,-4.00904e-05,9.83446,,0.523792,-0.0247207,,-0.000718734,1.77905e-05,fluid
129,0.0908726,-0.104873,,1000,9.4959e-05,2.08825,,0.519628,-0.0191057,,-0.000747308,4.28989e-05,fluid
130,0.116738,-0.0750227,,999.991,-6.7949e-05,-17.3896,,0.482753,-2.98627e-05,,-0.000698097,3.73457e-05,fluid
131,0.133145,-0.039095,,999.983,-0.000120828,-33.9177,,0.392987,0.0111094,,-0.00075722,9.48476e-05,fluid
132,0.163022,0,,1000.01,0.000259885,24.6067,,0.340692,-2.41269e-15,,-0.000524893,-2.83287e-14,fluid
133,0.156418,0.0459286,,1000,0.00019377,6.08755,,0.414502,-0.0104473,,-0.000574736,2.57274e-05,fluid
134,0.137143,0.0881364,,999.999,-5.03887e-06,-1.23425,,0.495001,-0.0014498,,-0.000719334,-7.14008e-05,fluid
135,0.106757,0.123204,,1000,-5.53885e-05,-0.107327,,0.521326,0.0135705,,-0.00071802,-7.73158e-05,fluid
136,0.0677218,0.14829,,999.998,-0.000170031,-4.71586,,0.511126,0.0224314,,-0.000495512,-0.000130357,fluid
137,0.0232005,0.161363,,1000.01,9.34146e-05,17.637,,0.505438,0.0199563,,-0.000870426,-1.15904e-05,fluid
138,-0.0232005,0.161363,,1000,-4.43904e-05,9.18277,,0.498243,0.0217748,,-0.000484903,-2.2068e-05,fluid
139,-0.0677218,0.14829,,1000.01,-0.000171518,12.631,,0.488833,0.0191816,,-0.000434883,1.56588e-05,fluid
140,-0.106757,0.123204,,1000.01,0.000477216,27.287,,0.482316,0.0201094,,-0.00100567,-0.000220981,fluid
141,-0.137143,0.0881364,,1000.01,-4.7015e-05,18.1188,,0.478565,0.0140277,,-0.000654178,0.000289662,fluid
142,-0.156418,0.0459286,,1000.01,-0.000386095,13.8661,,0.473852,0.010953,,-0.000667258,0.000248301,fluid
143,-0.163022,1.99644e-17,,1000.01,7.57896e-06,18.1002,,0.474007,-2.18369e-13,,-0.000744031,-6.23795e-13,fluid
144,-0.156418,-0.0459286,,1000.01,-0.000386095,13.8661,,0.473852,-0.010953,,-0.000667258,-0.000248301,fluid
145,-0.137143,-0.0881364,,1000.01,-4.70149e-05,18.1188,,0.478565,-0.0140277,,-0.000654178,-0.000289662,fluid
146,-0.106757,-0.123204,,1000.01,0.000477216,27.287,,0.482316,-0.0201094,,-0.00100567,0.000220981,fluid
147,-0.0677218,-0.14829,,1000.01,-0.000171518,12.631,,0.488833,-0.0191816,,-0.000434883,-1.56588e-05,fluid
148,-0.0232005,-0.161363,,1000,-4.43903e-05,9.18277,,0.498243,-0.0217748,,-0.000484903,2.2068e-05,fluid
149,0.0232005,-0.161363,,1000.01,9.34148e-05,17.637,,0.505438,-0.0199563,,-0.000870426,1.15904e-05,fluid
150,0.0677218,-0.14829,,999.998,-0.000170031,-4.71586,,0.511126,-0.0224314,,-0.000495512,0.000130357,fluid
151,0.106757,-0.123204,,1000,-5.53884e-05,-0.107327,,0.521326,-0.0135705,,-0.00071802,7.73158e-05,fluid
152,0.137143,-0.0881364,,999.999,-5.0388e-06,-1.23425,,0.495001,0.0014498,,-0.000719334,7.14008e-05,fluid
153,0.156418,-0.0459286,,1000,0.00019377,6.08755,,0.414502,0.0104473,,-0.000574736,-2.57274e-05,fluid
154,0.190041,0,,999.993,-0.000120107,-14.6147,,0.345766,7.24048e-15,,-0.000649301,-5.3169e-15,fluid
155,0.182343,0.0535408,,999.997,-6.9634e-05,-4.95093,,0.426106,-0.0101195,,-0.000715356,-6.48217e-05,fluid
156,0.159873,0.102744,,1000.01,-2.25871e-05,17.1299,,0.506858,0.006272,,-0.000694672,-5.95243e-05,fluid
157,0.124451,0.143624,,1000.01,2.15164e-05,22.6534,,0.521675,0.0133282,,-0.00065443,-3.13589e-05,fluid
158,0.078946,0.172868,,1000.01,9.16279e-05,10.7286,,0.511768,0.0179032,,-0.000565188,-3.98271e-05,fluid
159,0.0270457,0.188107,,1000.01,2.67426e-05,12.3174,,0.500219,0.017047,,-0.000472722,-5.70281e-05,fluid
160,-0.0270457,0.188107,,1000.01,-0.000180439,20.6287,,0.500906,0.0199868,,-0.000475397,-5.76427e-05,fluid
161,-0.078946,0.172868,,1000.01,0.000249746,23.7469,,0.490233,0.0167608,,-0.00088131,-0.000149046,fluid
162,-0.124451,0.143624,,1000.01,-0.000147192,21.0116,,0.485978,0.0176516,,-0.000467248,0.000114607,fluid
163,-0.159873,0.102744,,1000.01,-0.00043655,21.0585,,0.482762,0.0124662,,-0.000650025,3.87131e-05,fluid
164,-0.182343,0.0535408,,1000.02,0.000263222,31.418,,0.474548,0.00392683,,-0.00094295,-0.000332862,fluid
165,-0.190041,2.32733e-17,,1000.02,0.000489187,43.986,,0.474842,-4.55471e-14,,-0.000906205,1.95435e-13,fluid
166,-0.182343,-0.0535408,,1000.02,0.000263222,31.418,,0.474548,-0.00392683,,-0.00094295,0.000332862,fluid
167,-0.159873,-0.102744,,1000.01,-0.00043655,21.0585,,0.482762,-0.0124662,,-0.000650025,-3.87131e-05,fluid
168,-0.124451,-0.143624,,1000.01,-0.000147191,21.0116,,0.485978,-0.0176516,,-0.000467248,-0.000114607,fluid
169,-0.078946,-0.172868,,1000.01,0.000249746,23.7469,,0.490233,-0.0167608,,-0.00088131,0.000149046,fluid
170,-0.0270457,-0.188107,,1000.01,-0.000180439,20.6287,,0.500906,-0.0199868,,-0.000475397,5.76427e-05,fluid
171,0.0270457,-0.188107,,1000.01,2.67427e-05,12.3174,,0.500219,-0.017047,,-0.000472722,5.70281e-05,fluid
172,0.078946,-0.172868,,1000.01,9.1628e-05,10.7286,,0.511768,-0.0179032,,-0.000565188,3.98271e-05,fluid
173,0.124451,-0.143624,,1000.01,2.15166e-05,22.6534,,0.521675,-0.0133282,,-0.00065443,3.13589e-05,fluid
174,0.159873,-0.102744,,1000.01,-2.2587e-05,17.1299,,0.506858,-0.006272,,-0.000694672,5.95243e-05,fluid
175,0.182343,-0.0535408,,999.997,-6.96339e-05,-4.95093,,0.426106,0.0101195,,-0.000715356,6.48217e-05,fluid
176,0.220139,0,,999.997,-9.25337e-05,-5.21829,,0.363739,-9.86954e-16,,-0.000607698,3.81151e-14,fluid
177,0.211222,0.0620203,,999.99,-0.000137573,-18.7952,,0.432432,-0.0166452,,-0.000729476,-4.69482e-05,fluid
178,0.185193,0.119016,,999.996,1.40233e-05,-7.53976,,0.506358,0.000214416,,-0.000682032,-3.33754e-05,fluid
179,0.14416,0.16637,,1000,8.61995e-06,2.31658,,0.516767,0.0107668,,-0.000560242,-7.75615e-05,fluid
180,0.0914491,0.200246,,1000.01,2.82043e-05,13.0516,,0.514301,0.0120054,,-0.000524821,-2.73336e-05,fluid
181,0.0313291,0.217898,,1000,-7.64807e-05,7.52881,,0.505456,0.0123231,,-0.000327941,-8.29612e-05,fluid
182,-0.0313291,0.217898,,1000.01,0.000100823,12.5733,,0.496887,0.0159204,,-0.000461881,-5.02313e-05,fluid
183,-0.0914491,0.200246,,1000.01,-1.1185e-05,17.0628,,0.497015,0.0157238,,-0.000433424,1.91051e-05,fluid
184,-0.14416,0.16637,,1000.01,-0.000317202,10.7785,,0.487794,0.0129435,,-0.000405169,6.00649e-05,fluid
185,-0.185193,0.119016,,1000.01,0.000270465,26.54,,0.482932,0.00800444,,-0.000867364,-0.000145868,fluid
186,-0.211222,0.0620203,,1000.01,0.000115333,22.5465,,0.47874,0.00358967,,-0.000838667,8.05107e-05,fluid
187,-0.220139,2.69593e-17,,1000.01,-0.000493238,15.5249,,0.480249,2.17242e-13,,-0.000684738,5.55876e-13,fluid
188,-0.211222,-0.0620203,,1000.01,0.000115333,22.5465,,0.47874,-0.00358967,,-0.000838667,-8.05107e-05,fluid
189,-0.185193,-0.119016,,1000.01,0.000270465,26.54,,0.482932,-0.00800444,,-0.000867364,0.000145868,fluid
190,-0.14416,-0.16637,,1000.01,-0.000317202,10.7785,,0.487794,-0.0129435,,-0.000405169,-6.00649e-05,fluid
191,-0.0914491,-0.200246,,1000.01,-1.1185e-05,17.0628,,0.497015,-0.0157238,,-0.000433424,-1.91051e-05,fluid
192,-0.0313291,-0.217898,,1000.01,0.000100823,12.5733,,0.496887,-0.0159204,,-0.000461881,5.02313e-05,fluid
193,0.0313291,-0.217898,,1000,-7.64807e-05,7.52881,,0.505456,-0.0123231,,-0.000327941,8.29613e-05,fluid
194,0.0914491,-0.200246,,1000.01,2.82044e-05,13.0516,,0.514301,-0.0120054,,-0.000524821,2.73336e-05,fluid
195,0.14416,-0.16637,,1000,8.62007e-06,2.31658,,0.516767,-0.0107668,,-0.000560242,7.75615e-05,fluid
196,0.185193,-0.119016,,999.996,1.40233e-05,-7.53976,,0.506358,-0.000214416,,-0.000682032,3.33754e-05,fluid
197,0.211222,-0.0620203,,999.99,-0.000137573,-18.7952,,0.432432,0.0166452,,-0.000729476,4.69482e-05,fluid
198,0.253666,0,,1000.02,0.000199046,31.2312,,0.384743,-4.976e-15,,-0.00055549,9.54373e-14,fluid
199,0.243391,0.071466,,1000.01,0.000218767,14.4077,,0.452589,-0.0102147,,-0.000519841,5.50861e-05,fluid
200,0.213397,0.137142,,1000,-3.69831e-05,7.74065,,0.511446,0.00211423,,-0.000636814,-0.00010758,fluid
201,0.166116,0.191708,,999.999,-4.12568e-05,-1.72958,,0.513488,0.00822656,,-0.000468421,-0.000120332,fluid
202,0.105377,0.230743,,1000,-9.64157e-05,2.27712,,0.505089,0.0119197,,-0.000352168,-0.000106625,fluid
203,0.0361004,0.251084,,1000.01,-2.59586e-05,15.6022,,0.506624,0.0106656,,-0.000382287,-6.58937e-05,fluid
204,-0.0361004,0.251084,,1000.01,7.25439e-05,10.7283,,0.498506,0.0134521,,-0.000421995,-4.19314e-05,fluid
205,-0.105377,0.230743,,1000.01,-0.000183475,14.7881,,0.496595,0.0127929,,-0.000253757,2.77882e-05,fluid
206,-0.166116,0.191708,,1000.01,0.00027177,22.0546,,0.488029,0.010367,,-0.000717794,-0.000161884,fluid
207,-0.213397,0.137142,,1000.01,0.000247746,22.9217,,0.485454,0.00801603,,-0.000846145,-0.000102076,fluid
208,-0.243391,0.071466,,1000.01,-0.000356259,12.8773,,0.483693,0.00843082,,-0.00067808,0.000346733,fluid
209,-0.253666,3.10651e-17,,1000.01,-0.000387361,9.83145,,0.48357,-1.10565e-13,,-0.000569364,7.34559e-13,fluid
210,-0.243391,-0.071466,,1000.01,-0.000356259,12.8773,,0.483693,-0.00843082,,-0.00067808,-0.000346733,fluid
211,-0.213397,-0.137142,,1000.01,0.000247746,22.9217,,0.485454,-0.00801603,,-0.000846145,0.000102076,fluid
212,-0.166116,-0.191708,,1000.01,0.00027177,22.0546,,0.488029,-0.010367,,-0.000717794,0.000161884,fluid
213,-0.105377,-0.230743,,1000.01,-0.000183475,14.7881,,0.496595,-0.0127929,,-0.000253757,-2.77882e-05,fluid
214,-0.0361004,-0.251084,,1000.01,7.25439e-05,10.7283,,0.498506,-0.0134521,,-0.000421995,4.19314e-05,fluid
215,0.0361004,-0.251084,,1000.01,-2.59586e-05,15.6022,,0.506624,-0.0106656,,-0.000382287,6.58937e-05,fluid
216,0.105377,-0.230743,,1000,-9.64157e-05,2.27712,,0.505089,-0.0119197,,-0.000352168,0.000106625,fluid
217,0.166116,-0.191708,,999.999,-4.12566e-05,-1.72958,,0.513488,-0.00822656,,-0.000468421,0.000120332,fluid
218,0.213397,-0.137142,,1000,-3.6983e-05,7.74065,,0.511446,-0.00211423,,-0.000636814,0.00010758,fluid
219,0.243391,-0.071466,,1000.01,0.000218767,14.4077,,0.452589,0.0102147,,-0.000519841,-5.50861e-05,fluid
220,0.291013,0,,999.987,-0.000201598,-25.3307,,0.383385,-2.56775e-15,,-0.000650066,1.27928e-13,fluid
221,0.279225,0.0819878,,999.999,-0.000119102,-2.85233,,0.454075,-0.0120951,,-0.00069617,-9.97502e-05,fluid
222,0.244816,0.157333,,1000.01,-7.4036e-05,22.0327,,0.514824,0.00458147,,-0.000554938,-0.000105971,fluid
223,0.190573,0.219933,,1000.01,5.45049e-05,24.5445,,0.5167,0.00492567,,-0.000455552,-3.43757e-05,fluid
224,0.120891,0.264715,,1000.01,3.06256e-05,12.1262,,0.506635,0.00934307,,-0.000277034,-7.56253e-05,fluid
225,0.0414154,0.288051,,1000.01,8.331e-05,19.7248,,0.50414,0.0103783,,-0.000292578,-4.03056e-05,fluid
226,-0.0414154,0.288051,,1000.01,-0.000117714,19.5197,,0.501873,0.0123666,,-9.66633e-05,-4.45256e-05,fluid
227,-0.120891,0.264715,,1000.01,5.77111e-06,21.7465,,0.494209,0.00992199,,-0.000390848,-8.63862e-05,fluid
228,-0.190573,0.219933,,1000.01,0.000104106,24.9656,,0.490854,0.0102145,,-0.000469989,-4.19521e-05,fluid
229,-0.244816,0.157333,,1000.01,-0.000478307,17.562,,0.488185,0.00772548,,-0.000394904,0.000240172,fluid
230,-0.279225,0.0819878,,1000.01,2.88054e-05,28.3628,,0.482319,0.00215107,,-0.000911533,-0.00032477,fluid
231,-0.291013,3.56388e-17,,1000.02,0.000899315,42.4196,,0.480954,-1.77054e-13,,-0.00101044,6.35434e-13,fluid
232,-0.279225,-0.0819878,,1000.01,2.88054e-05,28.3628,,0.482319,-0.00215107,,-0.000911533,0.00032477,fluid
233,-0.244816,-0.157333,,1000.01,-0.000478307,17.562,,0.488185,-0.00772548,,-0.000394904,-0.000240172,fluid
234,-0.190573,-0.219933,,1000.01,0.000104106,24.9656,,0.490854,-0.0102145,,-0.000469989,4.19521e-05,fluid
235,-0.120891,-0.264715,,1000.01,5.77107e-06,21.7465,,0.494209,-0.00992199,,-0.000390848,8.63862e-05,fluid
236,-0.0414154,-0.288051,,1000.01,-0.000117714,19.5197,,0.501873,-0.0123666,,-9.66633e-05,4.45256e-05,fluid
237,0.0414154,-0.288051,,1000.01,8.331e-05,19.7248,,0.50414,-0.0103783,,-0.000292578,4.03056e-05,fluid
238,0.120891,-0.264715,,1000.01,3.06257e-05,12.1262,,0.506635,-0.00934307,,-0.000277034,7.56253e-05,fluid
239,0.190573,-0.219933,,1000.01,5.4505e-05,24.5445,,0.5167,-0.00492567,,-0.000455552,3.43757e-05,fluid
240,0.244816,-0.157333,,1000.01,-7.4036e-05,22.0327,,0.514824,-0.00458147,,-0.000554938,0.000105971,fluid
241,0.279225,-0.0819878,,999.999,-0.000119102,-2.85233,,0.454075,0.0120951,,-0.00069617,9.97502e-05,fluid
242,0.332615,0,,1000,-3.60148e-05,2.26396,,0.407036,-2.66261e-15,,-0.000572272,9.66932e-14,fluid
243,0.319141,0.0937084,,999.996,-0.000129816,-7.20727,,0.46026,-0.0148309,,-0.000615255,-4.409e-05,fluid
244,0.279813,0.179825,,999.998,3.96446e-05,-4.17212,,0.512046,0.00232839,,-0.000527729,-6.88604e-05,fluid
245,0.217816,0.251373,,1000,1.87256e-05,8.9608,,0.513063,0.0032739,,-0.000361919,-5.39384e-05,fluid
246,0.138173,0.302557,,1000.01,4.13004e-05,12.9841,,0.510368,0.00509455,,-0.00024523,-3.36728e-05,fluid
247,0.047336,0.329229,,1000,1.83732e-06,8.69343,,0.504573,0.0076942,,-0.000104696,-5.0514e-05,fluid
248,-0.047336,0.329229,,1000.01,-3.30381e-05,13.1474,,0.502026,0.00958771,,-0.000136249,-4.84675e-05,fluid
249,-0.138173,0.302557,,1000.01,0.000128565,15.325,,0.497882,0.00879241,,-0.000242343,-6.51881e-06,fluid
250,-0.217816,0.251373,,1000.01,-0.000308474,10.7564,,0.494246,0.00867762,,-9.77154e-05,0.000137143,fluid
251,-0.279813,0.179825,,1000.01,-5.69337e-05,17.1909,,0.489337,0.00546559,,-0.000574268,-5.84422e-05,fluid
252,-0.319141,0.0937084,,1000.01,0.000202694,21.5894,,0.484702,0.000611867,,-0.000831141,-6.21298e-05,fluid
253,-0.332615,4.07336e-17,,1000.01,-6.92785e-05,20.517,,0.484652,1.36133e-13,,-0.000783386,4.91166e-13,fluid
254,-0.319141,-0.0937084,,1000.01,0.000202694,21.5894,,0.484702,-0.000611867,,-0.000831141,6.21298e-05,fluid
255,-0.279813,-0.179825,,1000.01,-5.69338e-05,17.1909,,0.489337,-0.00546559,,-0.000574268,5.84422e-05,fluid
256,-0.217816,-0.251373,,1000.01,-0.000308474,10.7564,,0.494246,-0.00867762,,-9.77154e-05,-0.000137143,fluid
257,-0.138173,-0.302557,,1000.01,0.000128565,15.325,,0.497882,-0.00879241,,-0.000242343,6.51881e-06,fluid
258,-0.047336,-0.329229,,1000.01,-3.30381e-05,13.1474,,0.502026,-0.00958771,,-0.000136249,4.84675e-05,fluid
259,0.047336,-0.329229,,1000,1.83724e-06,8.69343,,0.504573,-0.0076942,,-0.000104696,5.0514e-05,fluid
260,0.138173,-0.302557,,1000.01,4.13004e-05,12.9841,,0.510368,-0.00509455,,-0.00024523,3.36728e-05,fluid
261,0.217816,-0.251373,,1000,1.87257e-05,8.9608,,0.513063,-0.0032739,,-0.000361919,5.39384e-05,fluid
262,0.279813,-0.179825,,999.998,3.96445e-05,-4.17212,,0.512046,-0.00232839,,-0.000527729,6.88604e-05,fluid
263,0.319141,-0.0937084,,999.996,-0.000129816,-7.20727,,0.46026,0.0148309,,-0.000615255,4.409e-05,fluid
264,0.378957,0,,1000.02,0.000230794,38.5882,,0.422713,1.55296e-15,,-0.000527239,-3.2355e-14,fluid
265,0.363606,0.106764,,1000.01,0.000173269,19.3624,,0.471687,-0.0107981,,-0.000489471,1.60266e-05,fluid
266,0.318799,0.204879,,1000,1.83006e-05,5.96136,,0.512345,0.00143937,,-0.000466673,-0.00010701,fluid
267,0.248164,0.286396,,999.998,-8.42183e-05,-3.46813,,0.506109,0.00461975,,-0.000215409,-0.000187346,fluid
268,0.157424,0.344711,,1000,-6.08497e-05,9.00836,,0.506607,0.00497053,,-0.000138828,-9.14502e-05,fluid
269,0.0539311,0.375099,,1000.01,-5.88101e-05,11.1737,,0.506944,0.00571251,,-3.42009e-05,-6.14274e-05,fluid
270,-0.0539311,0.375099,,1000.01,8.55937e-05,12.3997,,0.500649,0.00724092,,-8.35116e-05,-2.87016e-05,fluid
271,-0.157424,0.344711,,1000.01,4.92479e-06,15.6406,,0.50021,0.00797804,,5.43737e-06,6.94017e-05,fluid
272,-0.248164,0.286396,,1000.01,3.16341e-05,17.0245,,0.494009,0.00604173,,-0.000226084,-1.32945e-05,fluid
273,-0.318799,0.204879,,1000.01,0.000518234,25.0018,,0.490056,0.00475526,,-0.000652301,-0.000100405,fluid
274,-0.363606,0.106764,,1000.01,-0.000216787,9.95692,,0.488992,0.00583034,,-0.00068368,0.000288421,fluid
275,-0.378957,4.64088e-17,,999.998,-0.00125039,-4.69073,,0.489153,3.40905e-14,,-0.000477181,2.79933e-13,fluid
276,-0.363606,-0.106764,,1000.01,-0.000216787,9.95692,,0.488992,-0.00583034,,-0.00068368,-0.000288421,fluid
277,-0.318799,-0.204879,,1000.01,0.000518234,25.0018,,0.490056,-0.00475526,,-0.000652301,0.000100405,fluid
278,-0.248164,-0.286396,,1000.01,3.16341e-05,17.0245,,0.494009,-0.00604173,,-0.000226084,1.32945e-05,fluid
279,-0.157424,-0.344711,,1000.01,4.92477e-06,15.6406,,0.50021,-0.00797804,,5.43737e-06,-6.94017e-05,fluid
280,-0.0539311,-0.375099,,1000.01,8.55937e-05,12.3997,,0.500649,-0.00724092,,-8.35116e-05,2.87016e-05,fluid
281,0.0539311,-0.375099,,1000.01,-5.88101e-05,11.1737,,0.506944,-0.00571251,,-3.42009e-05,6.14274e-05,fluid
282,0.157424,-0.344711,,1000,-6.08497e-05,9.00836,,0.506607,-0.00497053,,-0.000138828,9.14502e-05,fluid
283,0.248164,-0.286396,,999.998,-8.42182e-05,-3.46813,,0.506109,-0.00461975,,-0.000215409,0.000187346,fluid
284,0.318799,-0.204879,,1000,1.83006e-05,5.96136,,0.512345,-0.00143937,,-0.000466673,0.00010701,fluid
285,0.363606,-0.106764,,1000.01,0.000173269,19.3624,,0.471687,0.0107981,,-0.000489471,-1.60266e-05,fluid
286,0.430578,0,,999.985,-0.000229978,-29.851,,0.421296,1.37844e-15,,-0.000599441,-2.99795e-13,fluid
287,0.413137,0.121308,,1000,-0.000129104,0.34271,,0.474256,-0.00864632,,-0.000551005,-9.11212e-05,fluid
288,0.362226,0.232788,,1000.01,-0.000102417,26.0493,,0.516028,0.00193586,,-0.000345273,-0.000124885,fluid
289,0.281969,0.325409,,1000.01,3.91503e-05,20.0295,,0.512102,0.000501351,,-0.000124678,-0.000109354,fluid
290,0.178869,0.391668,,1000.01,2.31389e-05,14.5757,,0.506256,0.0052684,,4.92225e-05,-9.98492e-05,fluid
291,0.0612777,0.426196,,1000.01,2.39433e-05,20.2506,,0.507352,0.00610084,,9.40366e-05,-4.30103e-05,fluid
292,-0.0612777,0.426196,,1000.01,1.30806e-05,19.0529,,0.503035,0.00698948,,0.000119547,-2.5774e-07,fluid
293,-0.178869,0.391668,,1000.01,-0.000145681,19.7001,,0.499921,0.00728167,,0.000100464,3.26987e-05,fluid
294,-0.281969,0.325409,,1000.01,0.00015955,23.6483,,0.495032,0.00575609,,-0.00020544,-7.78256e-05,fluid
295,-0.362226,0.232788,,1000.01,-0.000298298,18.6829,,0.491694,0.00502514,,-0.000324001,7.38758e-05,fluid
296,-0.413137,0.121308,,1000.01,-5.38761e-05,24.5893,,0.487915,0.00299769,,-0.000719394,4.40685e-05,fluid
297,-0.430578,5.27306e-17,,1000.02,0.00097696,38.0503,,0.485717,-1.09349e-13,,-0.000897477,-1.7449e-14,fluid
298,-0.413137,-0.121308,,1000.01,-5.38762e-05,24.5893,,0.487915,-0.00299769,,-0.000719394,-4.40685e-05,fluid
299,-0.362226,-0.232788,,1000.01,-0.000298298,18.6829,,0.491694,-0.00502514,,-0.000324001,-7.38758e-05,fluid
300,-0.281969,-0.325409,,1000.01,0.00015955,23.6483,,0.495032,-0.00575609,,-0.00020544,7.78256e-05,fluid
301,-0.178869,-0.391668,,1000.01,-0.000145681,19.7001,,0.499921,-0.00728167,,0.000100464,-3.26987e-05,fluid
302,-0.0612777,-0.426196,,1000.01,1.30805e-05,19.0529,,0.503035,-0.00698948,,0.000119547,2.57739e-07,fluid
303,0.0612777,-0.426196,,1000.01,2.39433e-05,20.2506,,0.507352,-0.00610084,,9.40366e-05,4.30103e-05,fluid
304,0.178869,-0.391668,,1000.01,2.3139e-05,14.5757,,0.506256,-0.0052684,,4.92225e-05,9.98492e-05,fluid
305,0.281969,-0.325409,,1000.01,3.91504e-05,20.0295,,0.512102,-0.000501351,,-0.000124678,0.000109354,fluid
306,0.362226,-0.232788,,1000.01,-0.000102417,26.0493,,0.516028,-0.00193586,,-0.000345273,0.000124885,fluid
307,0.413137,-0.121308,,1000,-0.000129104,0.34271,,0.474256,0.00864632,,-0.000551005,9.11212e-05,fluid
308,0.488082,0,,999.997,-0.000117798,-5.38665,,0.433298,4.87827e-16,,-0.000555238,-5.99722e-13,fluid
309,0.468311,0.137508,,999.998,-0.000128363,-3.52233,,0.475789,-0.014299,,-0.000502931,-0.000154816,fluid
310,0.4106,0.263877,,1000,-8.76325e-07,4.32931,,0.514337,-0.00063652,,-0.000266006,-0.000188032,fluid
311,0.319625,0.368867,,1000.01,7.73627e-05,18.7886,,0.513016,-0.00211389,,-9.91741e-05,-5.7436e-05,fluid
312,0.202756,0.443975,,1000.01,3.7652e-05,14.4785,,0.509373,0.00226114,,0.000134265,-9.73094e-05,fluid
313,0.0694613,0.483114,,1000.01,6.77561e-05,14.798,,0.506989,0.00476021,,0.000165343,-2.69377e-05,fluid
314,-0.0694613,0.483114,,1000.01,-4.90612e-05,16.2316,,0.505489,0.00559866,,0.000303668,3.58959e-06,fluid
315,-0.202756,0.443975,,1000.01,2.20544e-05,16.7119,,0.50128,0.00612192,,6.08508e-05,-7.06274e-06,fluid
316,-0.319625,0.368867,,1000.01,-9.63642e-05,15.4003,,0.499544,0.00663963,,0.000155881,0.000142728,fluid
317,-0.4106,0.263877,,1000.01,-0.000416822,12.2471,,0.494986,0.00515333,,-7.19564e-05,0.000154063,fluid
318,-0.468311,0.137508,,1000.01,3.5202e-05,22.8001,,0.488789,0.000383978,,-0.000710061,-0.000159626,fluid
319,-0.488082,5.97728e-17,,1000.02,0.000594607,31.5303,,0.48618,-1.21332e-13,,-0.000976412,-1.99365e-13,fluid
320,-0.468311,-0.137508,,1000.01,3.5202e-05,22.8001,,0.488789,-0.000383978,,-0.000710061,0.000159626,fluid
321,-0.4106,-0.263877,,1000.01,-0.000416822,12.2471,,0.494986,-0.00515333,,-7.19564e-05,-0.000154063,fluid
322,-0.319625,-0.368867,,1000.01,-9.63643e-05,15.4003,,0.499544,-0.00663963,,0.000155881,-0.000142728,fluid
323,-0.202756,-0.443975,,1000.01,2.20544e-05,16.7119,,0.50128,-0.00612192,,6.08508e-05,7.06274e-06,fluid
324,-0.0694613,-0.483114,,1000.01,-4.90613e-05,16.2316,,0.505489,-0.00559866,,0.000303668,-3.58959e-06,fluid
325,0.0694613,-0.483114,,1000.01,6.77561e-05,14.798,,0.506989,-0.00476021,,0.000165343,2.69377e-05,fluid
326,0.202756,-0.443975,,1000.01,3.7652e-05,14.4785,,0.509373,-0.00226114,,0.000134265,9.73094e-05,fluid
327,0.319625,-0.368867,,1000.01,7.73627e-05,18.7886,,0.513016,0.00211389,,-9.91741e-05,5.7436e-05,fluid
328,0.4106,-0.263877,,1000,-8.76314e-07,4.32931,,0.514337,0.00063652,,-0.000266006,0.000188032,fluid
329,0.468311,-0.137508,,999.998,-0.000128363,-3.52233,,0.475789,0.014299,,-0.000502931,0.000154816,fluid
330,0.552137,0,,1000.03,0.000321023,61.4313,,0.459017,2.87666e-15,,-0.000371261,-8.25985e-13,fluid
331,0.529771,0.155555,,1000.01,0.000214621,27.4728,,0.487831,-0.0120183,,-0.000307884,-4.21127e-05,fluid
332,0.464487,0.298508,,999.996,5.11637e-05,-7.34154,,0.510913,-0.00311079,,-0.00023877,-0.000138938,fluid
333,0.361573,0.417277,,999.999,-5.52032e-05,-2.03416,,0.508264,-0.00339192,,6.22489e-05,-0.000187993,fluid
334,0.229366,0.502241,,1000,-5.83154e-05,8.16496,,0.510498,-0.00142785,,0.000144123,-0.000102711,fluid
335,0.0785772,0.546517,,1000,-1.3053e-05,7.87052,,0.507135,0.00206136,,0.000235657,-4.2077e-05,fluid
336,-0.0785772,0.546517,,1000.01,1.69248e-05,11.1413,,0.505966,0.00313094,,0.000194839,-1.73297e-05,fluid
337,-0.229366,0.502241,,1000.01,0.000156165,13.5166,,0.502948,0.00431586,,0.000209315,7.75721e-05,fluid
338,-0.361573,0.417277,,1000.01,-5.52816e-05,12.9127,,0.500359,0.0039993,,0.000125827,6.91694e-05,fluid
339,-0.464487,0.298508,,1000.01,0.000471318,18.9546,,0.495755,0.00238784,,-0.000203471,1.34621e-05,fluid
340,-0.529771,0.155555,,1000,-0.000212155,6.48663,,0.492135,0.000449447,,-0.000651696,-0.000133568,fluid
341,-0.552137,6.76172e-17,,999.994,-0.00146887,-11.3101,,0.491901,1.22765e-13,,-0.000608573,-2.41838e-14,fluid
342,-0.529771,-0.155555,,1000,-0.000212155,6.48663,,0.492135,-0.000449447,,-0.000651696,0.000133568,fluid
343,-0.464487,-0.298508,,1000.01,0.000471318,18.9546,,0.495755,-0.00238784,,-0.000203471,-1.34621e-05,fluid
344,-0.361573,-0.417277,,1000.01,-5.52816e-05,12.9127,,0.500359,-0.0039993,,0.000125827,-6.91694e-05,fluid
345,-0.229366,-0.502241,,1000.01,0.000156165,13.5166,,0.502948,-0.00431586,,0.000209315,-7.75721e-05,fluid
346,-0.0785772,-0.546517,,1000.01,1.69247e-05,11.1413,,0.505966,-0.00313094,,0.000194839,1.73297e-05,fluid
347,0.0785772,-0.546517,,1000,-1.3053e-05,7.87052,,0.507135,-0.00206136,,0.000235657,4.2077e-05,fluid
348,0.229366,-0.502241,,1000,-5.83154e-05,8.16496,,0.510498,0.00142785,,0.000144123,0.000102711,fluid
349,0.361573,-0.417277,,999.999,-5.52032e-05,-2.03416,,0.508264,0.00339192,,6.22489e-05,0.000187993,fluid
350,0.464487,-0.298508,,999.996,5.11637e-05,-7.34154,,0.510913,0.00311079,,-0.00023877,0.000138938,fluid
351,0.529771,-0.155555,,1000.01,0.000214621,27.4728,,0.487831,0.0120183,,-0.000307884,4.21127e-05,fluid
352,0.62349,0,,999.97,-0.000338168,-57.9746,,0.45205,7.79144e-15,,-0.000478486,-8.63241e-13,fluid
353,0.598234,0.175657,,999.996,-0.000279568,-8.65941,,0.486975,-0.00994719,,-0.000395702,-4.37724e-05,fluid
354,0.524513,0.337084,,1000.02,-9.08759e-05,32.9514,,0.513764,0.00255914,,-0.000104824,-0.000136351,fluid
355,0.408299,0.471202,,1000.01,-1.25342e-05,15.4772,,0.508725,0.00017852,,0.000152652,-0.000163719,fluid
356,0.259007,0.567146,,1000.01,4.38478e-05,16.5304,,0.508422,0.00107805,,0.000232065,-9.12852e-05,fluid
357,0.0887318,0.617143,,1000.01,1.12618e-05,19.1382,,0.508433,0.00385142,,0.000355724,-2.29875e-05,fluid
358,-0.0887318,0.617143,,1000.01,4.15766e-05,18.5989,,0.5059,0.00488736,,0.000357075,2.61465e-05,fluid
359,-0.259007,0.567146,,1000.01,-5.85861e-05,19.2809,,0.504002,0.00655328,,0.00037551,0.000129658,fluid
360,-0.408299,0.471202,,1000.01,2.03573e-05,21.1033,,0.50024,0.00582806,,0.000245799,0.000108907,fluid
361,-0.524513,0.337084,,1000.01,9.51598e-05,23.0348,,0.495616,0.00530821,,-0.000156638,6.11871e-05,fluid
362,-0.598234,0.175657,,1000.01,0.000159102,22.1456,,0.49285,0.0060637,,-0.00041011,0.000473599,fluid
363,-0.62349,7.63555e-17,,1000.01,0.000365662,24.9039,,0.491768,8.48901e-14,,-0.000363896,3.07706e-13,fluid
364,-0.598234,-0.175657,,1000.01,0.000159102,22.1456,,0.49285,-0.0060637,,-0.00041011,-0.000473599,fluid
365,-0.524513,-0.337084,,1000.01,9.51599e-05,23.0348,,0.495616,-0.00530821,,-0.000156638,-6.11871e-05,fluid
366,-0.408299,-0.471202,,1000.01,2.03573e-05,21.1033,,0.50024,-0.00582806,,0.000245799,-0.000108907,fluid
367,-0.259007,-0.567146,,1000.01,-5.85861e-05,19.2809,,0.504002,-0.00655328,,0.00037551,-0.000129658,fluid
368,-0.0887318,-0.617143,,1000.01,4.15767e-05,18.5989,,0.5059,-0.00488736,,0.000357075,-2.61465e-05,fluid
369,0.0887318,-0.617143,,1000.01,1.12618e-05,19.1382,,0.508433,-0.00385142,,0.000355724,2.29875e-05,fluid
370,0.259007,-0.567146,,1000.01,4.38478e-05,16.5304,,0.508422,-0.00107805,,0.000232065,9.12852e-05,fluid
371,0.408299,-0.471202,,1000.01,-1.25342e-05,15.4772,,0.508725,-0.00017852,,0.000152652,0.000163719,fluid
372,0.524513,-0.337084,,1000.02,-9.08758e-05,32.9514,,0.513764,-0.00255914,,-0.000104824,0.000136351,fluid
373,0.598234,-0.175657,,999.996,-0.000279568,-8.65941,,0.486975,0.00994719,,-0.000395702,4.37724e-05,fluid
374,0.702972,0,,1000.01,-5.77434e-06,22.0616,,0.456425,2.01311e-14,,-0.000491348,-7.23728e-13,fluid
375,0.674497,0.19805,,1000.01,2.87981e-06,12.7375,,0.486288,-0.0140472,,-0.000348838,-0.000225454,fluid
376,0.591378,0.380055,,1000,7.47157e-06,9.04272,,0.513397,-0.00252025,,-1.29561e-05,-0.000209869,fluid
377,0.460349,0.531271,,1000.01,4.2187e-05,18.9964,,0.511267,-0.0020921,,0.000233424,-0.000166342,fluid
378,0.292025,0.639446,,1000.01,8.21137e-05,18.1328,,0.508855,-0.000974508,,0.000341289,-9.40956e-05,fluid
379,0.100043,0.695817,,1000.01,3.36436e-05,18.4617,,0.508909,0.0016263,,0.000407813,-3.38069e-05,fluid
380,-0.100043,0.695817,,1000.01,5.20322e-05,19.6214,,0.50722,0.00279951,,0.000347083,2.16909e-05,fluid
381,-0.292025,0.639446,,1000.01,-4.99598e-05,17.9953,,0.506102,0.00412693,,0.00042849,6.84005e-05,fluid
382,-0.460349,0.531271,,1000.01,6.64668e-06,18.2287,,0.503462,0.00418889,,0.000264565,4.05115e-05,fluid
383,-0.591378,0.380055,,1000.01,-0.000518385,12.2081,,0.501522,0.00529193,,0.000337097,0.000175539,fluid
384,-0.674497,0.19805,,1000.01,-0.000130126,21.7994,,0.493985,0.00483474,,-0.000382909,0.000396964,fluid
385,-0.702972,8.60893e-17,,1000.02,0.000548922,31.9179,,0.486558,-6.46471e-14,,-0.00132936,4.63419e-13,fluid
386,-0.674497,-0.19805,,1000.01,-0.000130126,21.7994,,0.493985,-0.00483474,,-0.000382909,-0.000396964,fluid
387,-0.591378,-0.380055,,1000.01,-0.000518385,12.2081,,0.501522,-0.00529193,,0.000337097,-0.000175539,fluid
388,-0.460349,-0.531271,,1000.01,6.64669e-06,18.2287,,0.503462,-0.00418889,,0.000264565,-4.05115e-05,fluid
389,-0.292025,-0.639446,,1000.01,-4.99599e-05,17.9953,,0.506102,-0.00412693,,0.00042849,-6.84005e-05,fluid
390,-0.100043,-0.695817,,1000.01,5.20322e-05,19.6214,,0.50722,-0.00279951,,0.000347083,-2.16909e-05,fluid
391,0.100043,-0.695817,,1000.01,3.36437e-05,18.4617,,0.508909,-0.0016263,,0.000407813,3.38069e-05,fluid
392,0.292025,-0.639446,,1000.01,8.21137e-05,18.1328,,0.508855,0.000974508,,0.000341289,9.40956e-05,fluid
393,0.460349,-0.531271,,1000.01,4.2187e-05,18.9964,,0.511267,0.0020921,,0.000233424,0.000166342,fluid
394,0.591378,-0.380055,,1000,7.47156e-06,9.04272,,0.513397,0.00252025,,-1.29561e-05,0.000209869,fluid
395,0.674497,-0.19805,,1000.01,2.87985e-06,12.7375,,0.486288,0.0140472,,-0.000348838,0.000225454,fluid
396,0.791511,0,,1000,-1.7698e-05,8.53772,,0.487987,3.0283e-14,,-0.00015968,-5.27774e-13,fluid
397,0.759449,0.222994,,1000.01,-2.3879e-05,10.0406,,0.499968,-0.0185718,,-5.02244e-05,-0.000280054,fluid
398,0.665861,0.427923,,1000,1.07032e-05,4.14365,,0.512596,-0.0141791,,0.000172938,-0.00034814,fluid
399,0.518329,0.598184,,1000,-1.08119e-05,9.80825,,0.512689,-0.00712415,,0.000319818,-0.000255561,fluid
400,0.328805,0.719984,,1000.01,3.15913e-06,13.4805,,0.512368,-0.00376834,,0.000395878,-0.000148453,fluid
401,0.112644,0.783454,,1000.01,2.54057e-05,14.2593,,0.510751,4.76154e-05,,0.000408641,-4.53448e-05,fluid
402,-0.112644,0.783454,,1000.01,4.93548e-05,16.1932,,0.509205,0.00256996,,0.000424265,5.29586e-05,fluid
403,-0.328805,0.719984,,1000.01,7.98453e-05,17.05,,0.506311,0.00383926,,0.000407426,0.000135532,fluid
404,-0.518329,0.598184,,1000.01,9.24969e-05,17.7576,,0.503614,0.00392547,,0.000385879,0.000239152,fluid
405,-0.665861,0.427923,,1000.01,0.000114303,16.5959,,0.49964,0.000516406,,0.000335344,0.000255541,fluid
406,-0.759449,0.222994,,1000.01,-0.00025799,11.1168,,0.493357,-0.0101494,,-0.000578896,-0.00134413,fluid
407,-0.791511,9.69321e-17,,1000,-0.000470458,7.21126,,0.493608,-2.35166e-13,,-0.000562263,3.46287e-13,fluid
408,-0.759449,-0.222994,,1000.01,-0.00025799,11.1168,,0.493357,0.0101494,,-0.000578896,0.00134413,fluid
409,-0.665861,-0.427923,,1000.01,0.000114303,16.5959,,0.49964,-0.000516406,,0.000335344,-0.000255541,fluid
410,-0.518329,-0.598184,,1000.01,9.24969e-05,17.7576,,0.503614,-0.00392547,,0.000385879,-0.000239152,fluid
411,-0.328805,-0.719984,,1000.01,7.98453e-05,17.05,,0.506311,-0.00383926,,0.000407426,-0.000135532,fluid
412,-0.112644,-0.783454,,1000.01,4.93548e-05,16.1932,,0.509205,-0.00256996,,0.000424265,-5.29586e-05,fluid
413,0.112644,-0.783454,,1000.01,2.54057e-05,14.2593,,0.510751,-4.76154e-05,,0.000408641,4.53448e-05,fluid
414,0.328805,-0.719984,,1000.01,3.15914e-06,13.4805,,0.512368,0.00376834,,0.000395878,0.000148453,fluid
415,0.518329,-0.598184,,1000,-1.08119e-05,9.80825,,0.512689,0.00712415,,0.000319818,0.000255561,fluid
416,0.665861,-0.427923,,1000,1.07032e-05,4.14365,,0.512596,0.0141791,,0.000172938,0.00034814,fluid
417,0.759449,-0.222994,,1000.01,-2.3879e-05,10.0406,,0.499968,0.0185718,,-5.02244e-05,0.000280054,fluid
418,0.890137,0,,999.999,-1.38568e-05,-1.12458,,0.496881,3.71649e-14,,-5.75825e-05,-3.42625e-13,fluid
419,0.85408,0.250781,,1000,-1.16706e-05,1.40154,,0.505538,-0.0234625,,4.52781e-05,-0.000315002,fluid
420,0.748831,0.481244,,1000,2.15676e-06,0.155016,,0.514083,-0.019627,,0.000263996,-0.000440827,fluid
421,0.582916,0.672721,,1000,-8.14562e-06,0.572454,,0.513975,-0.00975134,,0.000385759,-0.000325898,fluid
422,0.369776,0.809697,,1000,-8.82254e-06,1.77286,,0.514333,-0.00493709,,0.000417047,-0.000176015,fluid
423,0.12668,0.881077,,1000,6.96935e-08,1.80531,,0.512669,-0.000404578,,0.00038202,-4.57628e-05,fluid
424,-0.12668,0.881077,,1000,5.48147e-06,2.25408,,0.511689,0.00304925,,0.000402723,5.99068e-05,fluid
425,-0.369776,0.809697,,1000,3.96198e-06,2.32149,,0.509892,0.00587829,,0.000415214,0.000180387,fluid
426,-0.582916,0.672721,,1000,-2.37115e-06,2.40773,,0.509001,0.00930065,,0.00051644,0.000416155,fluid
427,-0.748831,0.481244,,1000,3.64762e-05,2.5688,,0.506873,0.0128631,,0.000495206,0.000704207,fluid
428,-0.85408,0.250781,,1000,-6.39187e-05,0.818385,,0.503126,0.0177911,,0.000471267,0.00179309,fluid
429,-0.890137,1.0901e-16,,999.999,-0.00021519,-1.6733,,0.497317,2.87623e-13,,-0.000144187,2.62538e-13,fluid
430,-0.85408,-0.250781,,1000,-6.39187e-05,0.818385,,0.503126,-0.0177911,,0.000471267,-0.00179309,fluid
431,-0.748831,-0.481244,,1000,3.64763e-05,2.5688,,0.506873,-0.0128631,,0.000495206,-0.000704207,fluid
432,-0.582916,-0.672721,,1000,-2.37113e-06,2.40773,,0.509001,-0.00930065,,0.00051644,-0.000416155,fluid
433,-0.369776,-0.809697,,1000,3.96197e-06,2.32149,,0.509892,-0.00587829,,0.000415214,-0.000180387,fluid
434,-0.12668,-0.881077,,1000,5.48147e-06,2.25408,,0.511689,-0.00304925,,0.000402723,-5.99068e-05,fluid
435,0.12668,-0.881077,,1000,6.97051e-08,1.80531,,0.512669,0.000404578,,0.00038202,4.57628e-05,fluid
436,0.369776,-0.809697,,1000,-8.82257e-06,1.77286,,0.514333,0.00493709,,0.000417047,0.000176015,fluid
437,0.582916,-0.672721,,1000,-8.14562e-06,0.572454,,0.513975,0.00975134,,0.000385759,0.000325898,fluid
438,0.748831,-0.481244,,1000,2.15678e-06,0.155016,,0.514083,0.019627,,0.000263996,0.000440827,fluid
439,0.85408,-0.250781,,1000,-1.16706e-05,1.40154,,0.505538,0.0234625,,4.52781e-05,0.000315002,fluid
440,1,0,,999.989,-0.000720238,-21.4718,,0.5,0,,-0.0520836,-1.37781e-13,fluid
441,0.959493,0.281733,,1000.03,-0.000567236,50.0837,,0.5,0,,0.165464,-0.0107894,fluid
442,0.841254,0.540641,,1000.05,-0.000130265,103.402,,0.5,0,,0.287377,0.139136,fluid
443,0.654861,0.75575,,1000.06,0.000173349,110.258,,0.5,0,,0.24072,0.245395,fluid
444,0.415415,0.909632,,1000.06,0.000296467,121.892,,0.5,0,,0.16978,0.338454,fluid
445,0.142315,0.989821,,1000.07,0.000351266,127.822,,0.5,0,,0.0631102,0.391748,fluid
446,-0.142315,0.989821,,1000.07,0.000338829,133.349,,0.5,0,,-0.0570974,0.409431,fluid
447,-0.415415,0.909632,,1000.07,0.000374769,135.729,,0.5,0,,-0.177046,0.381216,fluid
448,-0.654861,0.75575,,1000.07,0.000210186,136.419,,0.5,0,,-0.281105,0.314515,fluid
449,-0.841254,0.540641,,1000.07,0.000294151,134.794,,0.5,0,,-0.354602,0.21426,fluid
450,-0.959493,0.281733,,1000.06,-0.00041769,122.736,,0.5,0,,-0.36367,0.0880287,fluid
451,-1,1.22465e-16,,1000.05,-0.00171357,99.5263,,0.5,0,,-0.307132,-1.33789e-13,fluid
452,-0.959493,-0.281733,,1000.06,-0.00041769,122.736,,0.5,0,,-0.36367,-0.0880287,fluid
453,-0.841254,-0.540641,,1000.07,0.000294151,134.794,,0.5,0,,-0.354602,-0.21426,fluid
454,-0.654861,-0.75575,,1000.07,0.000210186,136.419,,0.5,0,,-0.281105,-0.314515,fluid
455,-0.415415,-0.909632,,1000.07,0.000374769,135.729,,0.5,0,,-0.177046,-0.381216,fluid
456,-0.142315,-0.989821,,1000.07,0.000338829,133.349,,0.5,0,,-0.0570974,-0.409431,fluid
457,0.142315,-0.989821,,1000.07,0.000351266,127.822,,0.5,0,,0.0631102,-0.391748,fluid
458,0.415415,-0.909632,,1000.06,0.000296467,121.892,,0.5,0,,0.16978,-0.338454,fluid
459,0.654861,-0.75575,,1000.06,0.000173349,110.258,,0.5,0,,0.24072,-0.245395,fluid
460,0.841254,-0.540641,,1000.05,-0.000130265,103.402,,0.5,0,,0.287377,-0.139136,fluid
461,0.959493,-0.281733,,1000.03,-0.000567236,50.0837,,0.5,0,,0.165464,0.0107894,fluid
