h/dp :,2
L2norm Pressure,KE,dp,Nparticles
41104.6,2.75823e+07,0.5,640

t,5.13
ID,x,y,,rho,drhodt,pressure,,u,v,,du_rdt,du_zdt,Type
0,0.25,-0.25,,1002.16,0,17035.3,,0,0,,0,0,boundary
1,0.75,-0.25,,1002.06,0,16233.2,,0,0,,0,0,boundary
2,1.25,-0.25,,1001.96,0,15434.9,,0,0,,0,0,boundary
3,1.75,-0.25,,1001.94,0,15324.1,,0,0,,0,0,boundary
4,2.25,-0.25,,1001.95,0,15402.2,,0,0,,0,0,boundary
5,2.75,-0.25,,1001.97,0,15577.3,,0,0,,0,0,boundary
6,3.25,-0.25,,1002.02,0,15911.8,,0,0,,0,0,boundary
7,3.75,-0.25,,1002.04,0,16092.7,,0,0,,0,0,boundary
8,4.25,-0.25,,1002.06,0,16269.3,,0,0,,0,0,boundary
9,4.75,-0.25,,1002.08,0,16392.5,,0,0,,0,0,boundary
10,5.25,-0.25,,1002.09,0,16491.6,,0,0,,0,0,boundary
11,5.75,-0.25,,1002.05,0,16225.1,,0,0,,0,0,boundary
12,6.25,-0.25,,1002.06,0,16232.6,,0,0,,0,0,boundary
13,6.75,-0.25,,1002.05,0,16183.8,,0,0,,0,0,boundary
14,7.25,-0.25,,1002.06,0,16254.5,,0,0,,0,0,boundary
15,7.75,-0.25,,1002.06,0,16280.1,,0,0,,0,0,boundary
16,8.25,-0.25,,1002.09,0,16518.4,,0,0,,0,0,boundary
17,8.75,-0.25,,1002.11,0,16682.6,,0,0,,0,0,boundary
18,9.25,-0.25,,1002.13,0,16795.2,,0,0,,0,0,boundary
19,9.75,-0.25,,1002.14,0,16892.3,,0,0,,0,0,boundary
20,10.25,-0.25,,1002.13,0,16812.1,,0,0,,0,0,boundary
21,10.75,-0.25,,1002.16,0,17089,,0,0,,0,0,boundary
22,11.25,-0.25,,1002.21,0,17444,,0,0,,0,0,boundary
23,11.75,-0.25,,1002.27,0,17900.8,,0,0,,0,0,boundary
24,12.25,-0.25,,1002.34,0,18533.5,,0,0,,0,0,boundary
25,12.75,-0.25,,1002.44,0,19281.6,,0,0,,0,0,boundary
26,13.25,-0.25,,1002.41,0,19022,,0,0,,0,0,boundary
27,13.75,-0.25,,1002.45,0,19394.4,,0,0,,0,0,boundary
28,14.25,-0.25,,1002.69,0,21311.1,,0,0,,0,0,boundary
29,14.75,-0.25,,1002.95,0,23317.7,,0,0,,0,0,boundary
30,15.25,-0.25,,1003.07,0,24355.4,,0,0,,0,0,boundary
31,15.75,-0.25,,1003.21,0,25421.5,,0,0,,0,0,boundary
32,16.25,-0.25,,1003.59,0,28482.7,,0,0,,0,0,boundary
33,16.75,-0.25,,1004.01,0,31876,,0,0,,0,0,boundary
34,17.25,-0.25,,1004.2,0,33381.2,,0,0,,0,0,boundary
35,17.75,-0.25,,1004.3,0,34151.7,,0,0,,0,0,boundary
36,18.25,-0.25,,1004.48,0,35665.8,,0,0,,0,0,boundary
37,18.75,-0.25,,1004.8,0,38181.8,,0,0,,0,0,boundary
38,19.25,-0.25,,1005.06,0,40291.8,,0,0,,0,0,boundary
39,19.75,-0.25,,1005.03,0,40051.7,,0,0,,0,0,boundary
40,20.25,-0.25,,1004.59,0,36516.2,,0,0,,0,0,boundary
41,20.75,-0.25,,1004.14,0,32894.2,,0,0,,0,0,boundary
42,21.25,-0.25,,1003.87,0,30723.8,,0,0,,0,0,boundary
43,21.75,-0.25,,1003.69,0,29294.5,,0,0,,0,0,boundary
44,22.25,-0.25,,1003.58,0,28415,,0,0,,0,0,boundary
45,22.75,-0.25,,1003.52,0,27957.6,,0,0,,0,0,boundary
46,23.25,-0.25,,1003.55,0,28141.3,,0,0,,0,0,boundary
47,23.75,-0.25,,1003.74,0,29701,,0,0,,0,0,boundary
48,24.25,-0.25,,1004,0,31801.1,,0,0,,0,0,boundary
49,24.75,-0.25,,1004.06,0,32288,,0,0,,0,0,boundary
50,25.25,-0.25,,1003.86,0,30656.5,,0,0,,0,0,boundary
51,25.75,-0.25,,1003.81,0,30207.3,,0,0,,0,0,boundary
52,26.25,-0.25,,1004.06,0,32256,,0,0,,0,0,boundary
53,26.75,-0.25,,1004.33,0,34422.5,,0,0,,0,0,boundary
54,27.25,-0.25,,1004.52,0,35949.7,,0,0,,0,0,boundary
55,27.75,-0.25,,1004.73,0,37652.7,,0,0,,0,0,boundary
56,28.25,-0.25,,1004.99,0,39724.7,,0,0,,0,0,boundary
57,28.75,-0.25,,1005,0,39855,,0,0,,0,0,boundary
58,29.25,-0.25,,1004.89,0,38944.9,,0,0,,0,0,boundary
59,29.75,-0.25,,1004.78,0,38037.2,,0,0,,0,0,boundary
60,30.25,-0.25,,1004.76,0,37884.5,,0,0,,0,0,boundary
61,30.75,-0.25,,1004.84,0,38568.7,,0,0,,0,0,boundary
62,31.25,-0.25,,1004.78,0,38038.5,,0,0,,0,0,boundary
63,31.75,-0.25,,1004.58,0,36434.8,,0,0,,0,0,boundary
64,0.25,-0.75,,1002.59,0,20494.1,,0,0,,0,0,boundary
65,0.75,-0.75,,1002.54,0,20083.7,,0,0,,0,0,boundary
66,1.25,-0.75,,1002.44,0,19250.3,,0,0,,0,0,boundary
67,1.75,-0.75,,1002.38,0,18810.3,,0,0,,0,0,boundary
68,2.25,-0.75,,1002.35,0,18596,,0,0,,0,0,boundary
69,2.75,-0.75,,1002.35,0,18562.9,,0,0,,0,0,boundary
70,3.25,-0.75,,1002.37,0,18696.4,,0,0,,0,0,boundary
71,3.75,-0.75,,1002.36,0,18663.3,,0,0,,0,0,boundary
72,4.25,-0.75,,1002.39,0,18886.9,,0,0,,0,0,boundary
73,4.75,-0.75,,1002.4,0,18948.2,,0,0,,0,0,boundary
74,5.25,-0.75,,1002.43,0,19183.9,,0,0,,0,0,boundary
75,5.75,-0.75,,1002.43,0,19243.9,,0,0,,0,0,boundary
76,6.25,-0.75,,1002.45,0,19371.9,,0,0,,0,0,boundary
77,6.75,-0.75,,1002.49,0,19717.9,,0,0,,0,0,boundary
78,7.25,-0.75,,1002.46,0,19427.2,,0,0,,0,0,boundary
79,7.75,-0.75,,1002.45,0,19376.8,,0,0,,0,0,boundary
80,8.25,-0.75,,1002.49,0,19657.9,,0,0,,0,0,boundary
81,8.75,-0.75,,1002.48,0,19645.1,,0,0,,0,0,boundary
82,9.25,-0.75,,1002.61,0,20628,,0,0,,0,0,boundary
83,9.75,-0.75,,1002.62,0,20755.8,,0,0,,0,0,boundary
84,10.25,-0.75,,1002.67,0,21158.9,,0,0,,0,0,boundary
85,10.75,-0.75,,1002.64,0,20857.2,,0,0,,0,0,boundary
86,11.25,-0.75,,1002.71,0,21427.7,,0,0,,0,0,boundary
87,11.75,-0.75,,1002.71,0,21408.5,,0,0,,0,0,boundary
88,12.25,-0.75,,1002.74,0,21677,,0,0,,0,0,boundary
89,12.75,-0.75,,1002.61,0,20628.8,,0,0,,0,0,boundary
90,13.25,-0.75,,1002.26,0,17839.8,,0,0,,0,0,boundary
91,13.75,-0.75,,1002.14,0,16902.1,,0,0,,0,0,boundary
92,14.25,-0.75,,1002.79,0,22044.9,,0,0,,0,0,boundary
93,14.75,-0.75,,1003.55,0,28186.4,,0,0,,0,0,boundary
94,15.25,-0.75,,1003.6,0,28588.1,,0,0,,0,0,boundary
95,15.75,-0.75,,1003.52,0,27895.8,,0,0,,0,0,boundary
96,16.25,-0.75,,1003.98,0,31626.3,,0,0,,0,0,boundary
97,16.75,-0.75,,1004.66,0,37078.5,,0,0,,0,0,boundary
98,17.25,-0.75,,1004.82,0,38361.1,,0,0,,0,0,boundary
99,17.75,-0.75,,1004.62,0,36780.3,,0,0,,0,0,boundary
100,18.25,-0.75,,1004.55,0,36192,,0,0,,0,0,boundary
101,18.75,-0.75,,1004.73,0,37646.8,,0,0,,0,0,boundary
102,19.25,-0.75,,1005.12,0,40776.3,,0,0,,0,0,boundary
103,19.75,-0.75,,1005.25,0,41878.2,,0,0,,0,0,boundary
104,20.25,-0.75,,1004.91,0,39095.7,,0,0,,0,0,boundary
105,20.75,-0.75,,1004.39,0,34931.8,,0,0,,0,0,boundary
106,21.25,-0.75,,1003.76,0,29868,,0,0,,0,0,boundary
107,21.75,-0.75,,1002.89,0,22895.1,,0,0,,0,0,boundary
108,22.25,-0.75,,1002.36,0,18620.6,,0,0,,0,0,boundary
109,22.75,-0.75,,1002.2,0,17406.7,,0,0,,0,0,boundary
110,23.25,-0.75,,1001.92,0,15170.6,,0,0,,0,0,boundary
111,23.75,-0.75,,1001.4,0,11065.2,,0,0,,0,0,boundary
112,24.25,-0.75,,1001.34,0,10540.8,,0,0,,0,0,boundary
113,24.75,-0.75,,1001.89,0,14925.2,,0,0,,0,0,boundary
114,25.25,-0.75,,1002.61,0,20628.2,,0,0,,0,0,boundary
115,25.75,-0.75,,1003.59,0,28444,,0,0,,0,0,boundary
116,26.25,-0.75,,1004.64,0,36930,,0,0,,0,0,boundary
117,26.75,-0.75,,1005.33,0,42531.8,,0,0,,0,0,boundary
118,27.25,-0.75,,1005.43,0,43280.4,,0,0,,0,0,boundary
119,27.75,-0.75,,1005.26,0,41931.1,,0,0,,0,0,boundary
120,28.25,-0.75,,1005.21,0,41553.2,,0,0,,0,0,boundary
121,28.75,-0.75,,1005.29,0,42164.1,,0,0,,0,0,boundary
122,29.25,-0.75,,1005.28,0,42126.9,,0,0,,0,0,boundary
123,29.75,-0.75,,1005.22,0,41597.4,,0,0,,0,0,boundary
124,30.25,-0.75,,1005.25,0,41825.1,,0,0,,0,0,boundary
125,30.75,-0.75,,1005.35,0,42666.5,,0,0,,0,0,boundary
126,31.25,-0.75,,1005.05,0,40267.6,,0,0,,0,0,boundary
127,31.75,-0.75,,1004.37,0,34738.7,,0,0,,0,0,boundary
128,0.25,-1.25,,1002.8,0,22197.4,,0,0,,0,0,boundary
129,0.75,-1.25,,1002.81,0,22234.9,,0,0,,0,0,boundary
130,1.25,-1.25,,1002.75,0,21761.6,,0,0,,0,0,boundary
131,1.75,-1.25,,1002.56,0,20243.1,,0,0,,0,0,boundary
132,2.25,-1.25,,1002.34,0,18508,,0,0,,0,0,boundary
133,2.75,-1.25,,1002.3,0,18148.4,,0,0,,0,0,boundary
134,3.25,-1.25,,1002.2,0,17354.1,,0,0,,0,0,boundary
135,3.75,-1.25,,1002.07,0,16334.1,,0,0,,0,0,boundary
136,4.25,-1.25,,1002.06,0,16233,,0,0,,0,0,boundary
137,4.75,-1.25,,1002.02,0,15971.5,,0,0,,0,0,boundary
138,5.25,-1.25,,1002,0,15807.1,,0,0,,0,0,boundary
139,5.75,-1.25,,1002.1,0,16581.5,,0,0,,0,0,boundary
140,6.25,-1.25,,1002.1,0,16551.7,,0,0,,0,0,boundary
141,6.75,-1.25,,1002.17,0,17156.6,,0,0,,0,0,boundary
142,7.25,-1.25,,1002.14,0,16892.5,,0,0,,0,0,boundary
143,7.75,-1.25,,1002.14,0,16901.5,,0,0,,0,0,boundary
144,8.25,-1.25,,1002.14,0,16926.5,,0,0,,0,0,boundary
145,8.75,-1.25,,1002.28,0,18019.5,,0,0,,0,0,boundary
146,9.25,-1.25,,1002.43,0,19237.6,,0,0,,0,0,boundary
147,9.75,-1.25,,1002.57,0,20364,,0,0,,0,0,boundary
148,10.25,-1.25,,1002.63,0,20831.3,,0,0,,0,0,boundary
149,10.75,-1.25,,1002.66,0,21043.3,,0,0,,0,0,boundary
150,11.25,-1.25,,1002.74,0,21684,,0,0,,0,0,boundary
151,11.75,-1.25,,1002.78,0,22012.9,,0,0,,0,0,boundary
152,12.25,-1.25,,1002.77,0,21915.2,,0,0,,0,0,boundary
153,12.75,-1.25,,1002.4,0,18967.6,,0,0,,0,0,boundary
154,13.25,-1.25,,1001.67,0,13185.6,,0,0,,0,0,boundary
155,13.75,-1.25,,1001.77,0,13975.6,,0,0,,0,0,boundary
156,14.25,-1.25,,1002.78,0,22032.6,,0,0,,0,0,boundary
157,14.75,-1.25,,1003.7,0,29390.3,,0,0,,0,0,boundary
158,15.25,-1.25,,1003.53,0,28013.6,,0,0,,0,0,boundary
159,15.75,-1.25,,1003.09,0,24477.6,,0,0,,0,0,boundary
160,16.25,-1.25,,1003.39,0,26849.7,,0,0,,0,0,boundary
161,16.75,-1.25,,1004.18,0,33256.8,,0,0,,0,0,boundary
162,17.25,-1.25,,1004.89,0,38965.9,,0,0,,0,0,boundary
163,17.75,-1.25,,1005.01,0,39909.1,,0,0,,0,0,boundary
164,18.25,-1.25,,1004.61,0,36674.5,,0,0,,0,0,boundary
165,18.75,-1.25,,1004.26,0,33836.4,,0,0,,0,0,boundary
166,19.25,-1.25,,1004.4,0,35005.6,,0,0,,0,0,boundary
167,19.75,-1.25,,1004.77,0,38013.9,,0,0,,0,0,boundary
168,20.25,-1.25,,1004.95,0,39469.5,,0,0,,0,0,boundary
169,20.75,-1.25,,1004.66,0,37094.7,,0,0,,0,0,boundary
170,21.25,-1.25,,1003.99,0,31691.5,,0,0,,0,0,boundary
171,21.75,-1.25,,1003.37,0,26698.3,,0,0,,0,0,boundary
172,22.25,-1.25,,1003.12,0,24710.4,,0,0,,0,0,boundary
173,22.75,-1.25,,1003.22,0,25511,,0,0,,0,0,boundary
174,23.25,-1.25,,1002.16,0,17023.8,,0,0,,0,0,boundary
175,23.75,-1.25,,1000,0,0,,0,0,,0,0,boundary
176,24.25,-1.25,,1000,0,0,,0,0,,0,0,boundary
177,24.75,-1.25,,1000,0,0,,0,0,,0,0,boundary
178,25.25,-1.25,,1001.83,0,14403.7,,0,0,,0,0,boundary
179,25.75,-1.25,,1004,0,31774.6,,0,0,,0,0,boundary
180,26.25,-1.25,,1005.44,0,43395,,0,0,,0,0,boundary
181,26.75,-1.25,,1006.26,0,50085.5,,0,0,,0,0,boundary
182,27.25,-1.25,,1006.53,0,52296.5,,0,0,,0,0,boundary
183,27.75,-1.25,,1006.21,0,49669.5,,0,0,,0,0,boundary
184,28.25,-1.25,,1005.88,0,46943.7,,0,0,,0,0,boundary
185,28.75,-1.25,,1005.97,0,47740.5,,0,0,,0,0,boundary
186,29.25,-1.25,,1006.11,0,48837.8,,0,0,,0,0,boundary
187,29.75,-1.25,,1006.12,0,48961.2,,0,0,,0,0,boundary
188,30.25,-1.25,,1006.2,0,49542.3,,0,0,,0,0,boundary
189,30.75,-1.25,,1006.19,0,49513.5,,0,0,,0,0,boundary
190,31.25,-1.25,,1005.52,0,44024.2,,0,0,,0,0,boundary
191,31.75,-1.25,,1004.93,0,39271.8,,0,0,,0,0,boundary
192,0.25,-1.75,,1002.89,0,22913.9,,0,0,,0,0,boundary
193,0.75,-1.75,,1002.98,0,23626.1,,0,0,,0,0,boundary
194,1.25,-1.75,,1002.85,0,22530.8,,0,0,,0,0,boundary
195,1.75,-1.75,,1000.39,0,3028.01,,0,0,,0,0,boundary
196,2.25,-1.75,,1000.33,0,2604.24,,0,0,,0,0,boundary
197,2.75,-1.75,,1000.29,0,2246.76,,0,0,,0,0,boundary
198,3.25,-1.75,,1000.25,0,1975.53,,0,0,,0,0,boundary
199,3.75,-1.75,,1000.22,0,1740.47,,0,0,,0,0,boundary
200,4.25,-1.75,,1000.2,0,1593.81,,0,0,,0,0,boundary
201,4.75,-1.75,,1000.19,0,1516.45,,0,0,,0,0,boundary
202,5.25,-1.75,,1000.18,0,1427.72,,0,0,,0,0,boundary
203,5.75,-1.75,,1000.18,0,1407.51,,0,0,,0,0,boundary
204,6.25,-1.75,,1000.18,0,1402.29,,0,0,,0,0,boundary
205,6.75,-1.75,,1000.18,0,1437.19,,0,0,,0,0,boundary
206,7.25,-1.75,,1000.2,0,1534.03,,0,0,,0,0,boundary
207,7.75,-1.75,,1000.21,0,1657.47,,0,0,,0,0,boundary
208,8.25,-1.75,,1000.23,0,1789.42,,0,0,,0,0,boundary
209,8.75,-1.75,,1000.24,0,1876.33,,0,0,,0,0,boundary
210,9.25,-1.75,,1000.25,0,1985.92,,0,0,,0,0,boundary
211,9.75,-1.75,,1000.28,0,2171.33,,0,0,,0,0,boundary
212,10.25,-1.75,,1000.31,0,2474.09,,0,0,,0,0,boundary
213,10.75,-1.75,,1000.36,0,2849.72,,0,0,,0,0,boundary
214,11.25,-1.75,,1000.42,0,3296.74,,0,0,,0,0,boundary
215,11.75,-1.75,,1000.48,0,3795.08,,0,0,,0,0,boundary
216,12.25,-1.75,,1000.56,0,4412.12,,0,0,,0,0,boundary
217,12.75,-1.75,,1000.66,0,5213.31,,0,0,,0,0,boundary
218,13.25,-1.75,,1000.69,0,5449.54,,0,0,,0,0,boundary
219,13.75,-1.75,,1017.34,0,143415,,0,0,,0,0,boundary
220,14.25,-1.75,,1005.52,0,44063.8,,0,0,,0,0,boundary
221,14.75,-1.75,,1001.38,0,10861.9,,0,0,,0,0,boundary
222,15.25,-1.75,,1001.77,0,13940.6,,0,0,,0,0,boundary
223,15.75,-1.75,,1001.26,0,9944.61,,0,0,,0,0,boundary
224,16.25,-1.75,,1000,0,0,,0,0,,0,0,boundary
225,16.75,-1.75,,1000.1,0,778.922,,0,0,,0,0,boundary
226,17.25,-1.75,,1002.14,0,16940.1,,0,0,,0,0,boundary
227,17.75,-1.75,,1004.11,0,32687.1,,0,0,,0,0,boundary
228,18.25,-1.75,,1004.25,0,33767.8,,0,0,,0,0,boundary
229,18.75,-1.75,,1003.44,0,27254.6,,0,0,,0,0,boundary
230,19.25,-1.75,,1003.31,0,26202,,0,0,,0,0,boundary
231,19.75,-1.75,,1004.31,0,34285.2,,0,0,,0,0,boundary
232,20.25,-1.75,,1005.5,0,43882.3,,0,0,,0,0,boundary
233,20.75,-1.75,,1005.96,0,47606.7,,0,0,,0,0,boundary
234,21.25,-1.75,,1005.76,0,46005.6,,0,0,,0,0,boundary
235,21.75,-1.75,,1006.37,0,50991.2,,0,0,,0,0,boundary
236,22.25,-1.75,,1007.94,0,63837,,0,0,,0,0,boundary
237,22.75,-1.75,,1008.5,0,68457.7,,0,0,,0,0,boundary
238,23.25,-1.75,,1008.09,0,65075.4,,0,0,,0,0,boundary
239,23.75,-1.75,,1007.49,0,60097.6,,0,0,,0,0,boundary
240,24.25,-1.75,,1006.76,0,54176.2,,0,0,,0,0,boundary
241,24.75,-1.75,,1006.64,0,53167,,0,0,,0,0,boundary
242,25.25,-1.75,,1007.64,0,61338,,0,0,,0,0,boundary
243,25.75,-1.75,,1006.66,0,53343.5,,0,0,,0,0,boundary
244,26.25,-1.75,,1004.93,0,39260.4,,0,0,,0,0,boundary
245,26.75,-1.75,,1004.75,0,37794.2,,0,0,,0,0,boundary
246,27.25,-1.75,,1005.87,0,46916.3,,0,0,,0,0,boundary
247,27.75,-1.75,,1006.74,0,53972.7,,0,0,,0,0,boundary
248,28.25,-1.75,,1007.04,0,56455.2,,0,0,,0,0,boundary
249,28.75,-1.75,,1007.01,0,56180.7,,0,0,,0,0,boundary
250,29.25,-1.75,,1006.97,0,55885.4,,0,0,,0,0,boundary
251,29.75,-1.75,,1006.93,0,55510,,0,0,,0,0,boundary
252,30.25,-1.75,,1007.03,0,56358.5,,0,0,,0,0,boundary
253,30.75,-1.75,,1007.06,0,56572.8,,0,0,,0,0,boundary
254,31.25,-1.75,,1006.34,0,50698.8,,0,0,,0,0,boundary
255,31.75,-1.75,,1005.98,0,47749.5,,0,0,,0,0,boundary
256,30.25,0.25,,1004.35,0,34552.4,,0,0,,0,0,boundary
257,30.25,0.75,,1004.01,0,31836.2,,0,0,,0,0,boundary
258,30.25,1.25,,1003.62,0,28742,,0,0,,0,0,boundary
259,30.25,1.75,,1003.12,0,24699,,0,0,,0,0,boundary
260,30.25,2.25,,1002.84,0,22472.2,,0,0,,0,0,boundary
261,30.25,2.75,,1002.6,0,20580.4,,0,0,,0,0,boundary
262,30.25,3.25,,1001.62,0,12768.4,,0,0,,0,0,boundary
263,30.25,3.75,,1000,0,0,,0,0,,0,0,boundary
264,30.25,4.25,,1000,0,0,,0,0,,0,0,boundary
265,30.25,4.75,,1000,0,0,,0,0,,0,0,boundary
266,30.25,5.25,,1000,0,0,,0,0,,0,0,boundary
267,30.25,5.75,,1000,0,0,,0,0,,0,0,boundary
268,30.25,6.25,,1000,0,0,,0,0,,0,0,boundary
269,30.25,6.75,,1000,0,0,,0,0,,0,0,boundary
270,30.25,7.25,,1000,0,0,,0,0,,0,0,boundary
271,30.25,7.75,,1000,0,0,,0,0,,0,0,boundary
272,30.25,8.25,,1000,0,0,,0,0,,0,0,boundary
273,30.25,8.75,,1000,0,0,,0,0,,0,0,boundary
274,30.25,9.25,,1000,0,0,,0,0,,0,0,boundary
275,30.25,9.75,,1000,0,0,,0,0,,0,0,boundary
276,30.75,0.25,,1004.37,0,34740.8,,0,0,,0,0,boundary
277,30.75,0.75,,1004.02,0,31955.9,,0,0,,0,0,boundary
278,30.75,1.25,,1003.57,0,28322.4,,0,0,,0,0,boundary
279,30.75,1.75,,1003,0,23788.4,,0,0,,0,0,boundary
280,30.75,2.25,,1002.67,0,21103.6,,0,0,,0,0,boundary
281,30.75,2.75,,1002.33,0,18424.3,,0,0,,0,0,boundary
282,30.75,3.25,,1000.94,0,7420.34,,0,0,,0,0,boundary
283,30.75,3.75,,1000,0,0,,0,0,,0,0,boundary
284,30.75,4.25,,1000,0,0,,0,0,,0,0,boundary
285,30.75,4.75,,1000,0,0,,0,0,,0,0,boundary
286,30.75,5.25,,1000,0,0,,0,0,,0,0,boundary
287,30.75,5.75,,1000,0,0,,0,0,,0,0,boundary
288,30.75,6.25,,1000,0,0,,0,0,,0,0,boundary
289,30.75,6.75,,1000,0,0,,0,0,,0,0,boundary
290,30.75,7.25,,1000,0,0,,0,0,,0,0,boundary
291,30.75,7.75,,1000,0,0,,0,0,,0,0,boundary
292,30.75,8.25,,1000,0,0,,0,0,,0,0,boundary
293,30.75,8.75,,1000,0,0,,0,0,,0,0,boundary
294,30.75,9.25,,1000,0,0,,0,0,,0,0,boundary
295,30.75,9.75,,1000,0,0,,0,0,,0,0,boundary
296,31.25,0.25,,1004.25,0,33766,,0,0,,0,0,boundary
297,31.25,0.75,,1003.73,0,29565.7,,0,0,,0,0,boundary
298,31.25,1.25,,1003.05,0,24145.5,,0,0,,0,0,boundary
299,31.25,1.75,,1002.29,0,18094.6,,0,0,,0,0,boundary
300,31.25,2.25,,1001.97,0,15542.6,,0,0,,0,0,boundary
301,31.25,2.75,,1002.08,0,16438.5,,0,0,,0,0,boundary
302,31.25,3.25,,1001.35,0,10637.9,,0,0,,0,0,boundary
303,31.25,3.75,,1000,0,0,,0,0,,0,0,boundary
304,31.25,4.25,,1000,0,0,,0,0,,0,0,boundary
305,31.25,4.75,,1000.33,0,2579.88,,0,0,,0,0,boundary
306,31.25,5.25,,1000.34,0,2639.46,,0,0,,0,0,boundary
307,31.25,5.75,,1000.5,0,3890.56,,0,0,,0,0,boundary
308,31.25,6.25,,1000,0,0,,0,0,,0,0,boundary
309,31.25,6.75,,1000,0,0,,0,0,,0,0,boundary
310,31.25,7.25,,1000,0,0,,0,0,,0,0,boundary
311,31.25,7.75,,1000,0,0,,0,0,,0,0,boundary
312,31.25,8.25,,1000,0,0,,0,0,,0,0,boundary
313,31.25,8.75,,1000,0,0,,0,0,,0,0,boundary
314,31.25,9.25,,1000,0,0,,0,0,,0,0,boundary
315,31.25,9.75,,1000,0,0,,0,0,,0,0,boundary
316,31.75,0.25,,1004.1,0,32559.5,,0,0,,0,0,boundary
317,31.75,0.75,,1003.2,0,25367.5,,0,0,,0,0,boundary
318,31.75,1.25,,1002.7,0,21329.2,,0,0,,0,0,boundary
319,31.75,1.75,,1002.07,0,16335.6,,0,0,,0,0,boundary
320,31.75,2.25,,1001.29,0,10178.1,,0,0,,0,0,boundary
321,31.75,2.75,,1001.6,0,12610.3,,0,0,,0,0,boundary
322,31.75,3.25,,1002.84,0,22447.2,,0,0,,0,0,boundary
323,31.75,3.75,,1002.83,0,22371.4,,0,0,,0,0,boundary
324,31.75,4.25,,1001.43,0,11298.3,,0,0,,0,0,boundary
325,31.75,4.75,,1000.85,0,6720.13,,0,0,,0,0,boundary
326,31.75,5.25,,1001.08,0,8481.35,,0,0,,0,0,boundary
327,31.75,5.75,,1000.75,0,5932.15,,0,0,,0,0,boundary
328,31.75,6.25,,1000,0,0,,0,0,,0,0,boundary
329,31.75,6.75,,1000,0,0,,0,0,,0,0,boundary
330,31.75,7.25,,1000,0,0,,0,0,,0,0,boundary
331,31.75,7.75,,1000,0,0,,0,0,,0,0,boundary
332,31.75,8.25,,1000,0,0,,0,0,,0,0,boundary
333,31.75,8.75,,1000,0,0,,0,0,,0,0,boundary
334,31.75,9.25,,1000,0,0,,0,0,,0,0,boundary
335,31.75,9.75,,1000,0,0,,0,0,,0,0,boundary
336,0.353031,0.152222,,1001.74,96.9329,13765.4,,0.0263036,-0.0547554,,-39.4656,10.0123,fluid
337,0.421516,0.352787,,1001.55,145.859,12227.3,,0.0482723,-0.0831185,,-28.9946,9.97043,fluid
338,0.507543,0.508202,,1001.35,180.484,10609.5,,0.0796183,-0.111578,,-20.6503,9.94852,fluid
339,0.589654,0.613159,,1001.15,194.714,9074.03,,0.107921,-0.130529,,-15.0745,9.94241,fluid
340,0.655276,0.696083,,1000.98,195.441,7694.14,,0.127775,-0.142863,,-11.4365,9.93298,fluid
341,0.697901,0.759624,,1000.85,188.872,6660.16,,0.137163,-0.151236,,-9.29079,9.9137,fluid
342,0.719233,0.818712,,1000.75,179.283,5917.32,,0.137991,-0.159642,,-7.9875,9.88072,fluid
343,0.720943,0.878475,,1000.68,168.251,5366.01,,0.132199,-0.16931,,-7.21074,9.8341,fluid
344,0.703367,0.939443,,1000.63,157.009,4973.45,,0.121477,-0.180446,,-6.848,9.76985,fluid
345,0.667344,1.0081,,1000.59,144.994,4627.63,,0.106749,-0.196554,,-6.77898,9.66223,fluid
346,0.614205,1.09237,,1000.53,131.431,4150.62,,0.089127,-0.225679,,-6.88031,9.44279,fluid
347,0.54565,1.20161,,1000.51,117.655,3986.89,,0.0713883,-0.284275,,-6.98712,9.23999,fluid
348,0.456856,1.36325,,1000.42,113.282,3331.04,,0.0593538,-0.415928,,-6.99356,8.67671,fluid
349,0.367769,1.51918,,1000.37,124.779,2877.16,,0.0600767,-0.55344,,-7.30131,8.2272,fluid
350,0.327774,1.56784,,1000.22,342.108,1688.93,,0.0858353,-0.857589,,-8.05581,7.51292,fluid
351,0.449371,1.45177,,1000.38,337.167,2948.06,,0.162732,-0.821327,,-6.18156,9.01817,fluid
352,1.0953,0.174763,,1001.4,130.623,11025.7,,0.15993,-0.0419213,,-9.97069,9.99513,fluid
353,1.31358,0.373791,,1001.19,165.748,9393.58,,0.222656,-0.0625939,,-7.01111,9.96628,fluid
354,1.54571,0.51777,,1001.08,175.488,8479.64,,0.258272,-0.0854353,,-5.39256,9.96702,fluid
355,1.78324,0.596137,,1000.94,170.507,7370.06,,0.288941,-0.09864,,-4.11448,9.98742,fluid
356,2.03664,0.662443,,1000.68,154.513,5378.03,,0.32522,-0.105386,,-2.74203,9.96714,fluid
357,2.2314,0.73242,,1000.42,123.912,3293.77,,0.326177,-0.114019,,-1.73744,9.90005,fluid
358,2.31124,0.79357,,1000.29,98.9043,2286.6,,0.295467,-0.134684,,-1.31477,9.8381,fluid
359,2.30163,0.84577,,1000.24,84.4489,1898.62,,0.263355,-0.162884,,-1.11712,9.78932,fluid
360,2.22171,0.894818,,1000.24,78.4706,1878.55,,0.23604,-0.195708,,-1.04941,9.73443,fluid
361,2.08049,0.941653,,1000.28,76.8232,2200.46,,0.206842,-0.230893,,-1.20481,9.69884,fluid
362,1.89885,0.9758,,1000.35,61.4776,2710.62,,0.148988,-0.245277,,-1.6341,9.70214,fluid
363,1.71199,0.989474,,1000.41,44.9983,3216.16,,0.0997168,-0.2358,,-2.04598,9.70149,fluid
364,1.52697,1.02072,,1000.45,51.6473,3559.73,,0.0955783,-0.263454,,-2.37169,9.76411,fluid
365,1.30456,1.12646,,1000.39,121.399,3085.04,,0.180903,-0.456287,,-2.40742,10.2212,fluid
366,1.18661,1.19082,,1000.34,291.334,2652.28,,0.373815,-0.774389,,-2.64687,11.0475,fluid
367,1.51533,1.21076,,1000.36,205.259,2792.81,,0.33014,-0.61824,,-1.85331,10.1445,fluid
368,1.85981,0.1493,,1001.53,145.761,12097.2,,0.253125,-0.0398956,,-6.31605,9.99627,fluid
369,2.29914,0.335481,,1001.16,171.884,9166.94,,0.38392,-0.0510173,,-3.89863,10.0454,fluid
370,2.72578,0.501612,,1000.81,167.555,6384.85,,0.470037,-0.0506878,,-2.45171,10.0293,fluid
371,3.02775,0.590929,,1000.7,167.036,5480.98,,0.514373,-0.0578802,,-1.9373,10.0032,fluid
372,3.36815,0.65222,,1000.43,147.758,3405.85,,0.560479,-0.0611801,,-1.22928,9.96331,fluid
373,3.69065,0.723587,,1000.18,109.249,1407.34,,0.525399,-0.0830826,,-0.949061,9.91103,fluid
374,3.81269,0.788437,,1000.02,86.6262,189.553,,0.488927,-0.118793,,-0.797394,9.72942,fluid
375,3.76202,0.835242,,999.986,72.9136,-110.319,,0.431546,-0.157792,,-0.657831,9.67331,fluid
376,3.60194,0.868892,,1000.03,66.5912,225.741,,0.370812,-0.189731,,-0.511069,9.69745,fluid
377,3.37592,0.894743,,1000.1,73.367,770.8,,0.349238,-0.212066,,-0.433973,9.77718,fluid
378,3.14793,0.908466,,1000.15,80.5703,1187.24,,0.3364,-0.223375,,-0.575869,9.79487,fluid
379,2.93936,0.918346,,1000.17,75.1649,1320.32,,0.297298,-0.236613,,-0.834924,9.83087,fluid
380,2.64775,0.979745,,1000.12,78.1679,945.947,,0.286338,-0.335096,,-0.843756,10.0357,fluid
381,2.02486,1.23399,,1000.32,277.226,2476.59,,0.574815,-0.673287,,-0.714781,9.74488,fluid
382,1.95406,1.24023,,1000.32,309.89,2502.43,,0.619578,-0.715781,,-0.971488,9.91676,fluid
383,2.60485,1.17591,,1000.27,266.414,2101.92,,0.711224,-0.690272,,-0.740327,10.0599,fluid
384,2.6767,0.127614,,1001.5,137.538,11803.9,,0.349124,-0.0237583,,-4.27019,10.0302,fluid
385,3.20037,0.311456,,1001.33,178.294,10454.5,,0.501905,-0.0284988,,-3.07623,10.0588,fluid
386,3.85987,0.467265,,1000.86,174.759,6736.54,,0.662964,-0.0247346,,-1.94555,10.0689,fluid
387,4.27495,0.570583,,1000.46,160.91,3624.78,,0.778657,-0.022919,,-1.24443,9.99082,fluid
388,4.62154,0.627222,,1000.4,140.494,3155.04,,0.736465,-0.0316164,,-1.15705,9.96215,fluid
389,5.10514,0.706928,,1000.04,123.631,318.942,,0.851851,-0.056703,,-0.825335,9.75878,fluid
390,5.21447,0.779244,,999.841,103.637,-1250.53,,0.829266,-0.104136,,-0.602674,9.7848,fluid
391,5.07167,0.826576,,999.865,89.9176,-1057.42,,0.705943,-0.146491,,-0.595995,9.78405,fluid
392,4.83138,0.858909,,999.898,67.4717,-799.8,,0.541955,-0.181215,,-0.601208,9.7433,fluid
393,4.55499,0.885843,,999.977,68.799,-181.291,,0.478015,-0.207994,,-0.457047,9.74449,fluid
394,4.33695,0.906309,,1000,88.9201,3.07039,,0.5294,-0.24075,,-0.446225,9.79608,fluid
395,4.10319,0.930793,,999.94,101.892,-470.365,,0.575772,-0.300459,,-0.597191,10.0174,fluid
396,3.29416,1.12113,,1000.27,192.131,2144.31,,0.638293,-0.537243,,-0.394919,9.99485,fluid
397,3.00373,1.13893,,1000.25,243.287,1961.28,,0.749316,-0.620603,,-0.685135,10.1739,fluid
398,2.89746,1.17121,,1000.3,274.369,2336.89,,0.797079,-0.673605,,-0.78963,10.184,fluid
399,3.63068,1.18154,,1000.37,269.939,2917.27,,0.928275,-0.648936,,-0.418827,10.0621,fluid
400,3.47662,0.0920873,,1001.61,135.909,12677.7,,0.422384,-0.0119837,,-3.36479,10.0413,fluid
401,4.18545,0.290384,,1001.29,171.355,10138.6,,0.644447,-0.00532577,,-2.32127,10.056,fluid
402,4.87244,0.429962,,1001.12,176.281,8849.98,,0.733073,-0.00840753,,-1.99874,10.0468,fluid
403,5.47846,0.537849,,1000.43,162.662,3410.23,,1.02941,-0.00485954,,-1.21803,9.96008,fluid
404,5.87093,0.602984,,1000.51,148.712,4026.82,,0.926977,-0.0112405,,-1.1736,9.93644,fluid
405,6.46802,0.693889,,999.975,128.066,-198.751,,1.15375,-0.0429312,,-1.04046,9.66271,fluid
406,6.4708,0.76729,,999.797,108.575,-1590.85,,1.09298,-0.0876689,,-0.837834,9.72251,fluid
407,6.21482,0.813028,,999.753,88.6465,-1939.74,,0.929889,-0.135781,,-0.618089,9.77663,fluid
408,5.99628,0.85375,,999.825,77.0576,-1376.13,,0.768277,-0.175717,,-0.647694,9.78824,fluid
409,5.71394,0.890295,,999.952,78.4213,-378.579,,0.652956,-0.212503,,-0.539731,9.83697,fluid
410,5.47091,0.92635,,999.948,110.743,-409.078,,0.790202,-0.279113,,-0.494744,9.96195,fluid
411,5.08555,0.983278,,999.945,145.703,-431.162,,0.900865,-0.391967,,-0.543866,10.1313,fluid
412,4.28645,1.09659,,1000.23,212.196,1797.01,,0.91154,-0.54595,,-0.53742,10.1367,fluid
413,4.08946,1.08393,,1000.14,232.573,1064.11,,0.998207,-0.587665,,-0.697304,10.2665,fluid
414,3.90404,1.13993,,1000.27,271.824,2144.37,,1.04488,-0.647378,,-0.595342,10.1936,fluid
415,4.76754,1.15981,,1000.44,239.128,3425.24,,1.01924,-0.566401,,-0.616705,10.1757,fluid
416,4.29564,0.0529139,,1001.68,121.426,13235,,0.455572,-0.00294194,,-2.83161,9.99438,fluid
417,5.14695,0.268933,,1001.35,172.744,10651.8,,0.778831,0.0647488,,-1.78878,10.2734,fluid
418,5.88826,0.399466,,1001.21,171.184,9514.21,,0.831155,0.0248444,,-1.74158,10.0377,fluid
419,6.63184,0.50972,,1000.73,177.657,5741.13,,1.17908,0.0622867,,-1.61791,9.90489,fluid
420,7.27316,0.585867,,1000.29,143.847,2240.77,,1.29542,-0.00834943,,-0.937212,9.96876,fluid
421,7.69938,0.678633,,1000.08,140.432,651.778,,1.41864,-0.0316528,,-1.24738,9.68845,fluid
422,7.60647,0.753533,,999.866,117.751,-1052.79,,1.32845,-0.0733175,,-1.07112,9.69067,fluid
423,7.26407,0.803012,,999.739,89.566,-2048.57,,1.11907,-0.119435,,-0.659488,9.71473,fluid
424,7.12394,0.855513,,999.803,85.4832,-1544.44,,0.993366,-0.174932,,-0.547278,9.83026,fluid
425,6.84433,0.902216,,999.973,97.4319,-212.732,,0.896125,-0.216093,,-0.555649,9.86226,fluid
426,6.56913,0.949592,,999.972,132.244,-221.357,,1.06507,-0.303797,,-0.635452,10.0112,fluid
427,6.05031,1.00731,,1000.07,153.733,535.068,,1.03688,-0.410547,,-0.586144,10.2158,fluid
428,5.36835,1.07798,,1000.22,213.629,1694.2,,1.1412,-0.511634,,-0.588819,10.1831,fluid
429,5.14944,1.07437,,1000.17,223.508,1300.16,,1.17508,-0.529691,,-0.584438,10.1613,fluid
430,4.85567,1.13966,,1000.38,239.48,3000.97,,1.06989,-0.55938,,-0.562582,10.1925,fluid
431,6.03275,1.13071,,1000.38,233.475,2990.5,,1.2847,-0.527614,,-0.586528,10.2471,fluid
432,5.15853,0.0176548,,1001.75,106.18,13795.5,,0.459193,0.00815353,,-2.52137,10.0135,fluid
433,6.09689,0.274216,,1001.35,169.498,10657.9,,0.892965,0.20348,,-1.37021,10.2537,fluid
434,6.90463,0.393748,,1001.38,180.254,10837.7,,0.936942,0.136292,,-1.46215,10.0702,fluid
435,7.73787,0.472063,,1000.97,172.697,7602.57,,1.21449,0.0724742,,-1.59632,9.89746,fluid
436,8.54885,0.561523,,1000.4,151.204,3151.44,,1.54516,-0.00869304,,-1.46038,9.97801,fluid
437,8.79638,0.659156,,1000.18,144.291,1418.66,,1.62526,-0.0248249,,-1.54375,9.81349,fluid
438,8.61978,0.73482,,999.922,120.879,-609.702,,1.53069,-0.0593114,,-1.19249,9.66325,fluid
439,8.31935,0.795913,,999.808,96.2307,-1508,,1.31251,-0.10418,,-0.803073,9.78804,fluid
440,8.2382,0.859158,,999.826,93.8387,-1362.69,,1.22158,-0.172067,,-0.709779,9.88549,fluid
441,7.95118,0.916128,,1000.03,110.869,220.277,,1.11878,-0.22539,,-0.668589,9.93178,fluid
442,7.64944,0.96869,,1000.06,147.771,501.147,,1.30026,-0.316928,,-0.75263,10.1505,fluid
443,7.04463,1.02637,,1000.18,152.744,1401.72,,1.11961,-0.391106,,-0.613683,10.2382,fluid
444,6.4719,1.06792,,1000.24,202.087,1919.56,,1.28221,-0.456983,,-0.68449,10.2074,fluid
445,6.28772,1.05266,,1000.16,205.01,1230.54,,1.32631,-0.477704,,-0.703372,10.3284,fluid
446,5.85084,1.128,,1000.41,208.889,3228.78,,1.08567,-0.505452,,-0.65989,10.26,fluid
447,7.2756,1.11598,,1000.36,224.845,2827.05,,1.51518,-0.492884,,-0.750725,10.2685,fluid
448,6.0393,-0.00962635,,1001.66,75.1259,13065.4,,0.423541,0.0277845,,-2.2954,10.0685,fluid
449,7.0398,0.287241,,1001.48,178.927,11648.1,,1.00136,0.309464,,-1.11403,10.1146,fluid
450,8.09607,0.401167,,1001.23,179.731,9671.65,,1.22353,0.250764,,-1.2653,10.0576,fluid
451,8.90577,0.430649,,1001.31,145.02,10320.6,,0.940855,-0.0103169,,-1.75034,9.9386,fluid
452,9.37608,0.561973,,1000.57,148.19,4513.7,,1.56525,0.109626,,-1.39475,10.068,fluid
453,9.9602,0.654412,,1000.32,154.129,2521.19,,1.89543,-0.0125814,,-1.87439,9.90955,fluid
454,9.65861,0.731532,,999.926,116.628,-582.751,,1.74189,-0.0428851,,-1.41909,9.71556,fluid
455,9.41478,0.807677,,999.825,95.8932,-1369.61,,1.51213,-0.092393,,-1.05035,9.81558,fluid
456,9.27192,0.878683,,999.915,97.6335,-668.342,,1.36127,-0.16535,,-1.0109,9.906,fluid
457,9.00405,0.945264,,1000.12,121.858,923.402,,1.30807,-0.233291,,-0.758574,10.1234,fluid
458,8.72371,0.994619,,1000.15,157.774,1146.11,,1.52154,-0.321004,,-0.820465,10.2451,fluid
459,8.14827,1.0353,,1000.25,153.907,1947.03,,1.26918,-0.365852,,-0.642443,10.2143,fluid
460,7.60179,1.06107,,1000.28,191.858,2196.26,,1.42346,-0.413602,,-0.77045,10.2898,fluid
461,7.40732,1.04674,,1000.2,194.52,1531.76,,1.47155,-0.438778,,-0.794388,10.314,fluid
462,6.91409,1.12085,,1000.41,199.47,3237.8,,1.22154,-0.459177,,-0.601286,10.2496,fluid
463,8.45363,1.12122,,1000.4,216.473,3103.71,,1.69227,-0.449082,,-0.876191,10.3691,fluid
464,6.93277,-0.0307745,,1001.62,56.1935,12769.3,,0.405336,0.0460046,,-2.21558,10.0559,fluid
465,8.12231,0.292631,,1001.44,173.654,11334.7,,1.154,0.349265,,-1.30558,9.93572,fluid
466,9.18458,0.356331,,1001.37,155.162,10817.9,,1.13789,0.168014,,-2.06731,9.82353,fluid
467,10.6886,0.462006,,1000.87,149.558,6866.55,,1.73404,0.147989,,-2.0871,9.98696,fluid
468,10.1563,0.523279,,1001.14,157.894,8957,,1.34093,0.00598787,,-1.52271,9.91,fluid
469,11.0182,0.640378,,1000.51,150.949,3985.9,,1.98776,-0.00842534,,-2.23502,9.89508,fluid
470,10.7141,0.72101,,1000.2,123.404,1552.37,,1.82279,-0.0319488,,-1.85946,9.82108,fluid
471,10.541,0.80416,,1000,102.982,5.95691,,1.68158,-0.076075,,-1.4788,9.70866,fluid
472,10.3133,0.879684,,1000.05,104.568,401.9,,1.52793,-0.1354,,-1.17221,9.8701,fluid
473,10.1215,0.957286,,1000.17,124.513,1351.64,,1.51333,-0.203063,,-1.02104,10.162,fluid
474,9.85233,1.00903,,1000.19,153.755,1494.63,,1.69214,-0.283246,,-1.10301,10.2531,fluid
475,9.31568,1.04414,,1000.23,151.946,1832.1,,1.48765,-0.335609,,-0.852408,10.2451,fluid
476,8.74164,1.06622,,1000.3,186.097,2363.72,,1.60312,-0.378752,,-0.787344,10.3435,fluid
477,8.53158,1.05419,,1000.25,189.106,1953.36,,1.63278,-0.401888,,-0.902989,10.3091,fluid
478,8.02871,1.11468,,1000.43,189.97,3351.53,,1.35922,-0.418113,,-0.679657,10.3249,fluid
479,9.60855,1.12862,,1000.39,204.145,3030.05,,1.8631,-0.397366,,-1.13114,10.4235,fluid
480,7.71077,-0.0398072,,1001.71,38.2497,13454,,0.262449,0.107854,,-2.10947,10.3305,fluid
481,9.38844,0.285256,,1001.5,167.739,11790.4,,1.29519,0.361203,,-1.60921,9.86117,fluid
482,9.99442,0.315425,,1001.64,140.46,12899.1,,0.957651,0.0417086,,-1.98125,9.67913,fluid
483,11.8264,0.430679,,1001.14,142.153,8960.14,,1.74904,0.0685295,,-2.71894,9.86798,fluid
484,11.3337,0.514035,,1001.11,140.851,8729.62,,1.48946,0.0193789,,-1.78213,9.84831,fluid
485,12.0611,0.627958,,1000.66,137.751,5214.28,,2.02404,-0.00847569,,-2.49887,9.87843,fluid
486,11.777,0.714385,,1000.5,127.979,3921.69,,1.87701,-0.0231649,,-2.21253,9.90545,fluid
487,11.5812,0.80209,,1000.32,113.437,2550.04,,1.74817,-0.0527253,,-1.86243,9.93455,fluid
488,11.3179,0.882646,,1000.3,113.337,2328.64,,1.62803,-0.0919856,,-1.5523,10.0665,fluid
489,11.1884,0.974175,,1000.31,126.528,2447.93,,1.65579,-0.157586,,-1.44611,10.3055,fluid
490,10.932,1.02997,,1000.32,149.45,2487.2,,1.79362,-0.229544,,-1.46864,10.4354,fluid
491,10.4334,1.05634,,1000.31,147.004,2440.85,,1.61856,-0.286262,,-1.1734,10.3861,fluid
492,9.89356,1.07127,,1000.32,171.253,2475.19,,1.71663,-0.319495,,-1.02903,10.3478,fluid
493,9.68589,1.0597,,1000.26,178.238,2005.34,,1.79715,-0.350155,,-1.1591,10.3422,fluid
494,9.18462,1.11328,,1000.39,181.508,3090.24,,1.54931,-0.379774,,-0.840566,10.3865,fluid
495,10.6769,1.14954,,1000.44,188.215,3469.45,,1.93384,-0.330225,,-1.42817,10.5946,fluid
496,8.49756,-0.0526706,,1001.82,33.5856,14325,,0.203919,0.0953631,,-1.4001,10.0423,fluid
497,10.4001,0.272305,,1001.57,141.147,12397,,1.16842,0.343401,,-1.61787,9.89497,fluid
498,11.0025,0.288161,,1001.7,123.866,13435.9,,0.938243,0.0421496,,-2.23028,9.78593,fluid
499,12.8922,0.426232,,1001.02,113.92,8034.85,,1.91251,0.0673054,,-2.39683,9.46417,fluid
500,12.4139,0.502643,,1001.15,113.936,9028.25,,1.46405,-0.00574847,,-2.23023,9.91951,fluid
501,13.0929,0.617172,,1000.62,108.1,4897.53,,2.11307,-0.04569,,-3.07007,9.73145,fluid
502,12.8359,0.710537,,1000.65,116.781,5094.66,,1.94903,-0.0405915,,-2.85413,9.78997,fluid
503,12.6061,0.8042,,1000.58,112.818,4597.51,,1.76733,-0.0462891,,-2.51011,9.98293,fluid
504,12.3269,0.891829,,1000.54,116.165,4280.84,,1.66634,-0.0615148,,-2.02924,10.2448,fluid
505,12.2266,1.00146,,1000.5,125.806,3957.2,,1.71631,-0.108634,,-1.89187,10.6292,fluid
506,11.989,1.06118,,1000.46,140.227,3650.19,,1.82341,-0.162034,,-1.77911,10.7181,fluid
507,11.543,1.07759,,1000.42,137.301,3293.7,,1.69772,-0.208356,,-1.58501,10.5918,fluid
508,11.0146,1.08664,,1000.39,157.14,3067.14,,1.78953,-0.24482,,-1.38063,10.5074,fluid
509,10.7854,1.07587,,1000.35,167.095,2746.21,,1.8796,-0.283121,,-1.4933,10.5248,fluid
510,10.3068,1.12288,,1000.42,168.055,3291.04,,1.65485,-0.321072,,-1.10923,10.4754,fluid
511,11.7329,1.18005,,1000.49,166.461,3865.17,,1.95827,-0.23714,,-1.72382,10.8202,fluid
512,9.43512,-0.0241025,,1001.67,37.5641,13166.7,,0.407099,0.136552,,-1.92774,9.80895,fluid
513,11.418,0.256795,,1001.65,124.085,12991.9,,1.155,0.302637,,-1.68522,9.7092,fluid
514,12.0679,0.267903,,1001.84,99.13,14540,,0.780772,0.011462,,-2.32051,9.62987,fluid
515,13.6182,0.384971,,1001.21,62.6478,9553.24,,1.2264,-0.0284828,,-3.85799,10.0605,fluid
516,13.5757,0.491571,,1000.99,56.6896,7808.13,,1.27003,-0.0418494,,-3.42231,9.97663,fluid
517,13.9758,0.604666,,1000.08,5.78032,638.384,,1.84917,-0.0233107,,-3.08267,9.4413,fluid
518,13.8912,0.704813,,1000.27,29.8124,2122.19,,1.76743,-0.0677188,,-2.64499,9.60341,fluid
519,13.6029,0.801996,,1000.82,83.0517,6461.4,,1.52395,-0.0947579,,-2.79667,9.75876,fluid
520,13.3151,0.890639,,1001.01,120.464,7960.83,,1.56608,-0.0603982,,-2.99569,9.87724,fluid
521,13.228,1.01375,,1000.92,126.151,7238.42,,1.64213,-0.027476,,-3.15669,10.635,fluid
522,13.0411,1.07942,,1000.7,123.093,5518.98,,1.76252,-0.0467701,,-3.32516,10.7487,fluid
523,12.6187,1.10426,,1000.58,124.623,4590.72,,1.69845,-0.107954,,-2.56129,10.8989,fluid
524,12.1035,1.11575,,1000.5,140.028,3921.52,,1.78786,-0.159119,,-1.71057,10.8564,fluid
525,11.8731,1.10386,,1000.46,151.571,3620.76,,1.90341,-0.197095,,-1.79372,10.7755,fluid
526,11.4601,1.139,,1000.46,150.171,3621.89,,1.73903,-0.234978,,-1.55973,10.6443,fluid
527,12.7386,1.2064,,1000.55,132.438,4354.57,,1.86391,-0.107552,,-2.83213,11.0978,fluid
528,10.3441,-0.0670563,,1001.66,16.8714,13126.5,,0.341629,0.0294981,,-2.06167,9.91551,fluid
529,12.5717,0.218896,,1001.65,101.046,13044.6,,1.24911,0.195433,,-2.52988,9.76327,fluid
530,13.8212,0.274098,,1001.5,65.7642,11788.2,,1.16732,-0.00558715,,-4.38895,10.1511,fluid
531,14.3722,0.393218,,1001.41,52.1247,11103.5,,1.23667,0.11335,,-4.66587,11.2533,fluid
532,15.1892,0.551682,,1001.98,112.217,15601.7,,1.60021,0.426087,,-5.79945,10.974,fluid
533,14.7294,0.60306,,1001.68,110.063,13243,,1.47267,0.175531,,-5.53311,11.8999,fluid
534,14.9599,0.713073,,1001.52,117.799,12012.7,,1.74995,0.210019,,-6.06731,12.2874,fluid
535,14.6994,0.797111,,1001.37,122.371,10756.8,,1.71023,0.0749666,,-4.60017,12.2583,fluid
536,14.3743,0.879633,,1001.55,157.811,12223.5,,1.7778,-0.0153636,,-2.12507,11.1216,fluid
537,14.2793,1.04141,,1001.88,200.155,14821.5,,1.79959,0.266878,,-1.27949,13.1669,fluid
538,14.1052,1.11233,,1001.81,193.639,14263.2,,1.75124,0.380052,,-1.64025,14.3492,fluid
539,13.6299,1.11296,,1001.46,152.2,11501.6,,1.49403,0.118738,,-2.93847,13.7541,fluid
540,13.1706,1.12716,,1000.78,118.869,6147.3,,1.66395,-0.00688729,,-3.20967,11.4085,fluid
541,12.9428,1.12395,,1000.62,125.442,4839.28,,1.8382,-0.0672447,,-3.29519,10.8745,fluid
542,12.5615,1.16328,,1000.56,127.675,4396.66,,1.71725,-0.120565,,-2.48065,11.0233,fluid
543,13.7581,1.22927,,1001.44,162.736,11358.3,,1.72706,0.333525,,-2.76547,15.8889,fluid
544,11.2196,-0.0739052,,1001.88,24.4731,14857.1,,0.308198,-0.00353707,,-2.29004,9.9485,fluid
545,12.8866,0.124622,,1002.45,99.1466,19358.4,,0.453779,0.0301553,,-1.62898,9.21637,fluid
546,15.1957,0.38654,,1002.21,67.4632,17423.1,,0.975034,0.707274,,-4.51357,10.4774,fluid
547,14.8009,0.396341,,1002.18,75.3894,17242.6,,0.791444,0.32596,,-5.73293,11.7451,fluid
548,16.1412,0.594645,,1001.58,16.2873,12449.6,,1.36331,0.295297,,-5.12316,9.82821,fluid
549,15.6366,0.644766,,1002.46,103.644,19477.8,,1.01714,0.302027,,-5.18947,9.13064,fluid
550,15.9965,0.760318,,1001.6,40.2491,12601.5,,1.42903,0.298371,,-3.90747,9.9415,fluid
551,15.7923,0.841521,,1002.08,92.7586,16438.3,,1.28091,0.311546,,-4.1344,10.1016,fluid
552,15.4235,0.885054,,1002.38,165.366,18814.4,,1.39767,0.160875,,-6.8665,11.2627,fluid
553,15.344,1.0966,,1001.69,142.078,13347.8,,1.57442,0.19966,,-7.99002,12.7003,fluid
554,15.1325,1.22994,,1000.34,50.5603,2647.1,,1.65873,0.195111,,-7.74494,10.3174,fluid
555,14.6843,1.22852,,999.835,-0.839038,-1296.64,,1.638,0.510672,,-2.67572,7.97714,fluid
556,14.2946,1.19487,,1001.26,138.142,9888.02,,1.73064,0.629835,,-0.963189,13.3513,fluid
557,14.016,1.15687,,1001.7,185.149,13406.4,,1.75567,0.419191,,-2.00556,15.0807,fluid
558,13.6244,1.17127,,1001.36,145.488,10681.8,,1.5481,0.182841,,-3.11598,14.574,fluid
559,14.7384,1.40717,,998.772,-89.9608,-9604.26,,1.71885,0.530936,,-2.36758,2.64355,fluid
560,12.0982,-0.0750248,,1002,18.7655,15761,,0.254032,-0.011261,,-2.76145,9.93579,fluid
561,14.0467,0.133211,,1002.27,70.5141,17948.3,,0.574008,0.0962589,,-4.26853,10.7968,fluid
562,16.2141,0.481205,,1002.14,21.0958,16926.6,,0.799249,0.441624,,-5.4498,9.26467,fluid
563,15.7657,0.489691,,1002.3,30.2775,18153.5,,0.473963,0.37141,,-4.10247,8.44159,fluid
564,17.0085,0.663798,,1002.89,84.5838,22848,,1.01762,0.501708,,-6.65993,10.8138,fluid
565,16.5273,0.661036,,1002.33,55.8968,18432.3,,0.879713,0.209302,,-6.57468,11.4905,fluid
566,16.9064,0.836368,,1002.45,89.8851,19387.3,,1.20256,0.620982,,-7.11404,13.3862,fluid
567,16.7426,0.906785,,1001.89,57.6672,14924,,1.22113,0.544325,,-6.61632,13.6583,fluid
568,16.3636,0.904651,,1001.47,32.7916,11577.3,,1.31972,0.240809,,-4.4684,11.7896,fluid
569,16.3191,1.13691,,1001.05,21.3685,8305.48,,1.49748,0.366121,,-2.9011,10.5822,fluid
570,16.0774,1.34358,,1001.71,77.5704,13451.7,,1.20244,0.728703,,-2.85829,11.3614,fluid
571,15.6711,1.32641,,1002.35,151.422,18601.2,,1.10422,0.491292,,-6.63474,15.7232,fluid
572,15.3231,1.32882,,1001.41,129.6,11095.8,,1.46793,0.19091,,-8.67606,14.6751,fluid
573,15.0548,1.3078,,999.726,5.52158,-2151.9,,1.69126,0.197161,,-6.61315,7.82492,fluid
574,14.6943,1.32027,,999.309,-46.5196,-5414.22,,1.6557,0.558853,,-2.60421,5.41065,fluid
575,15.6562,1.52446,,1002.32,154.106,18345.9,,1.0593,0.683757,,-8.81989,19.5889,fluid
576,13.1436,-0.135994,,1002.58,66.6955,20378.3,,0.212523,-0.0349569,,-2.23661,9.85482,fluid
577,14.9455,0.192404,,1002.21,-3.64562,17431.3,,0.19773,0.617899,,-4.66934,11.7066,fluid
578,17.1136,0.573117,,1003.3,70.2775,26136.6,,0.493958,0.502864,,-5.68034,8.82957,fluid
579,16.6986,0.572407,,1002.9,47.6134,22954.6,,0.24242,0.319737,,-6.07959,10.3305,fluid
580,17.8377,0.708832,,1002.38,-13.6755,18793.7,,0.875967,0.407967,,-4.46259,8.03309,fluid
581,17.4483,0.756442,,1003.12,56.0447,24727.7,,0.417772,0.417937,,-5.70493,9.75471,fluid
582,17.705,0.94394,,1002.69,48.9116,21251.2,,0.829577,0.795839,,-5.59523,10.677,fluid
583,17.6154,1.04782,,1002.72,65.0501,21538.9,,0.729264,0.93325,,-6.43949,12.4961,fluid
584,17.2333,0.985503,,1003.06,122.424,24268.5,,0.821543,0.629657,,-7.39651,13.6995,fluid
585,17.2927,1.19935,,1002.66,120.123,21003.7,,1.05218,0.553315,,-7.78024,14.4765,fluid
586,17.0144,1.46623,,1001.28,25.4311,10068.5,,1.09154,0.363439,,-6.25709,9.97548,fluid
587,16.5923,1.49355,,1000.33,-47.9141,2594.44,,1.15166,0.595265,,-3.37041,6.26247,fluid
588,16.2596,1.50006,,1000.97,4.15021,7650.29,,1.08771,0.940465,,-2.50792,8.62196,fluid
589,16.0285,1.45252,,1001.77,81.7738,13993.3,,1.088,0.924266,,-3.98177,12.6891,fluid
590,15.6948,1.43492,,1002.35,153.791,18604.4,,1.10593,0.632563,,-7.42493,17.7418,fluid
591,16.4508,1.77946,,1000.74,-41.8125,5784.5,,0.672591,1.01184,,-3.7559,4.56097,fluid
592,14.0058,-0.153418,,1003.05,71.3904,24132.3,,-0.0790985,-0.0281576,,-5.98435,10.1803,fluid
593,15.7527,0.323002,,1002.43,-6.96079,19232.1,,-0.0429292,0.609425,,-4.01933,8.50794,fluid
594,17.444,0.436475,,1003.05,-55.5461,24196.2,,-0.641668,-0.0115091,,-4.38965,8.26785,fluid
595,17.7566,0.648047,,1002.73,-19.7335,21602.5,,0.235857,0.282799,,-3.98511,7.55189,fluid
596,18.317,0.684965,,1002.98,-22.3445,23609.2,,0.0629131,0.0107319,,-5.76508,7.21325,fluid
597,18.5826,0.930379,,1002.76,-13.2946,21838.3,,0.487738,0.459298,,-4.46899,7.43194,fluid
598,18.3062,1.06736,,1003.15,37.9721,24953.7,,0.247941,0.653536,,-5.90146,8.31767,fluid
599,18.4317,1.25428,,1003.03,40.6657,24019.1,,0.402527,0.928685,,-6.03787,9.23806,fluid
600,17.9629,1.13686,,1002.99,66.5079,23661.8,,0.448094,0.75491,,-6.50015,10.7806,fluid
601,18.125,1.32312,,1002.96,82.4275,23451.5,,0.622539,0.658341,,-7.73286,11.2106,fluid
602,17.8608,1.59377,,1002.13,47.7912,16839,,0.503533,0.623611,,-8.80377,11.5833,fluid
603,17.5042,1.61361,,1001.53,5.95818,12093.8,,0.600168,0.565347,,-6.90321,11.0653,fluid
604,17.185,1.6562,,1001.18,-13.6358,9305.75,,0.817868,0.4598,,-5.51672,8.90726,fluid
605,16.9819,1.64609,,1000.94,-17.2623,7391.2,,0.986342,0.435469,,-5.16527,7.18989,fluid
606,16.6082,1.6623,,1000.33,-56.0674,2597.16,,1.04343,0.720764,,-3.37909,4.01366,fluid
607,17.2494,1.94881,,1001.33,-50.7678,10462.5,,0.343448,0.891707,,-4.01304,6.96561,fluid
608,14.7896,-0.153919,,1002.95,-29.6895,23340.4,,-0.692159,-0.000896961,,-5.2765,9.8895,fluid
609,16.665,0.3901,,1003.18,19.5708,25189.5,,-0.221799,0.380793,,-6.1369,9.21943,fluid
610,18.2074,0.386851,,1003.52,-42.9231,27898.8,,-0.796286,-0.0499169,,-5.62009,10.0151,fluid
611,18.9341,0.592946,,1003.2,-41.5572,25347,,-0.200428,-0.0813283,,-4.68713,10.5778,fluid
612,18.5505,0.767897,,1002.99,-32.8626,23642.3,,-0.0994707,0.113717,,-4.36478,7.08507,fluid
613,19.4643,1.02819,,1002.32,-71.6472,18324.4,,0.143152,0.0999928,,-3.47499,7.64442,fluid
614,19.0173,1.16897,,1002.72,-36.6829,21538.2,,-0.0188095,0.455103,,-2.52129,6.95119,fluid
615,19.2026,1.37717,,1002.42,-58.5763,19136.7,,-0.0365675,0.624541,,-2.62521,6.92302,fluid
616,18.7482,1.26794,,1003.2,15.051,25324,,-0.0146614,0.638636,,-3.86741,7.88503,fluid
617,18.8981,1.41035,,1003.11,13.5955,24674.1,,0.100687,0.512538,,-3.41191,7.95389,fluid
618,18.6011,1.73558,,1003.69,92.5551,29258.8,,-0.0938036,0.437399,,-7.01074,9.22568,fluid
619,18.2645,1.8277,,1002.53,33.3124,19979.9,,-0.0168328,0.776438,,-9.78799,9.74582,fluid
620,17.9765,1.87407,,1001.39,-37.4202,10944.4,,0.120887,1.03764,,-9.60066,9.56764,fluid
621,17.8371,1.85667,,1001.09,-52.3679,8618.58,,0.22947,1.03944,,-8.81555,9.3944,fluid
622,17.5085,1.83169,,1000.85,-62.4763,6659.4,,0.540731,0.866655,,-5.95837,8.30629,fluid
623,17.8961,2.27791,,1001.75,-38.0427,13842.8,,-0.779088,2.01629,,-9.96495,8.32737,fluid
624,15.4331,-0.141392,,1002.95,-54.3682,23367.9,,-0.819292,-0.0040172,,-2.57281,9.77032,fluid
625,17.6511,0.376341,,1002.85,-72.2315,22591.2,,-0.344228,0.121913,,-3.65125,7.7706,fluid
626,18.388,0.37778,,1003.59,-48.0206,28516.5,,-0.89405,-0.0552607,,-5.0803,10.2823,fluid
627,19.5072,0.740362,,1003.06,-52.8109,24204.8,,-0.282979,-0.0610161,,-3.2449,11.0112,fluid
628,19.0292,0.802773,,1003.1,-48.1209,24564.9,,-0.525853,-0.0267955,,-3.00656,9.06266,fluid
629,20.1722,0.909846,,1003.67,2.5333,29088.6,,-0.250259,-0.229537,,-4.23902,10.3886,fluid
630,19.75,1.19561,,1002.87,-30.0625,22722.1,,-0.19958,-0.132667,,-4.07321,7.52111,fluid
631,19.8926,1.46832,,1002.91,-29.8415,23050.4,,-0.382007,0.316086,,-5.01722,7.84835,fluid
632,19.4596,1.30982,,1002.61,-52.237,20659.1,,-0.335331,0.207411,,-2.86254,7.1343,fluid
633,19.5062,1.46374,,1002.49,-58.4904,19698.7,,-0.296579,0.350992,,-2.91703,7.6159,fluid
634,19.2486,1.77689,,1002.88,-34.8582,22825.6,,-0.492571,0.240365,,-1.79549,7.32224,fluid
635,18.928,1.94405,,1003.43,8.78084,27202.5,,-0.682449,0.404434,,-3.87545,8.57403,fluid
636,18.6256,2.08892,,1002.75,-33.7428,21767.3,,-0.8022,0.777485,,-7.7008,9.73702,fluid
637,18.4753,2.13412,,1002.05,-83.2462,16186.9,,-0.813169,1.02054,,-9.49158,9.34692,fluid
638,18.1978,2.15447,,1001.09,-121.583,8584.85,,-0.471966,1.44642,,-10.7148,8.20773,fluid
639,18.2686,2.66547,,1004.4,103.411,35008,,-2.38702,2.15142,,-10.6953,6.33379,fluid
640,16.1371,-0.114474,,1003.29,-59.0622,26057.7,,-1.10573,0.0650429,,-6.33789,10.3306,fluid
641,18.7017,0.391103,,1003.71,-48.2819,29475.1,,-0.924953,-0.0595382,,-3.9186,10.2684,fluid
642,19.2073,0.540956,,1003.75,-37.8852,29788.5,,-0.920302,-0.0723711,,-3.66311,11.0001,fluid
643,20.179,0.579664,,1004.04,-14.5371,32073.8,,-0.659938,-0.0999406,,-2.11568,9.91203,fluid
644,19.864,0.645117,,1003.83,-16.1709,30397.8,,-0.555537,-0.0525688,,-3.17624,10.4097,fluid
645,20.7943,0.850886,,1003.56,-21.903,28205.2,,-0.388623,-0.322214,,-2.55787,9.86297,fluid
646,20.4711,1.00468,,1003.59,-11.9152,28457.8,,-0.354314,-0.40597,,-2.76056,9.87716,fluid
647,20.4669,1.44035,,1003.44,-18.1812,27256.1,,-0.611271,0.0198476,,-3.62836,7.4406,fluid
648,20.1075,1.24293,,1003.5,-3.47814,27794.6,,-0.578098,-0.350163,,-4.79267,7.89695,fluid
649,20.1225,1.52926,,1003.29,-10.3926,26085.2,,-0.558433,0.331411,,-5.02654,8.64362,fluid
650,19.8926,1.83333,,1002.97,-20.4416,23522.8,,-0.595218,0.371217,,-4.12841,8.50976,fluid
651,19.5901,1.98329,,1002.49,-77.0622,19673.1,,-0.77323,0.293899,,-2.16253,7.28553,fluid
652,19.247,2.15761,,1002.71,-85.4678,21424,,-1.04846,0.474736,,-1.79876,8.29374,fluid
653,19.0356,2.26222,,1003.05,-70.281,24119.1,,-1.37164,0.65917,,-3.71322,10.6212,fluid
654,18.7279,2.39183,,1002.52,-101.588,19903.9,,-1.47437,1.01885,,-6.77443,10.7935,fluid
655,18.5842,2.93854,,1004.59,79.0874,36497.6,,-3.11869,1.40135,,-6.95043,6.63001,fluid
656,16.6865,-0.0818377,,1003.91,-59.0335,31062.3,,-1.48513,0.298362,,-5.89202,11.3177,fluid
657,19.6106,0.338068,,1004.34,-21.0722,34480.2,,-0.843375,-0.0470856,,-3.01091,10.2991,fluid
658,19.254,0.437229,,1004.07,-33.9115,32322.9,,-1.10945,-0.0740219,,-3.83067,10.6857,fluid
659,20.7436,0.496386,,1003.66,-41.8693,29007,,-0.645851,-0.195405,,-0.43434,10.0667,fluid
660,20.3907,0.579313,,1003.9,-22.4648,30945.5,,-0.581188,-0.139089,,-0.381471,9.85353,fluid
661,21.3446,0.781644,,1003.5,-30.7645,27770.8,,-0.451442,-0.369981,,-2.53222,10.1093,fluid
662,20.9886,0.85941,,1003.55,-25.0606,28174.3,,-0.4989,-0.35468,,-2.42818,9.8813,fluid
663,21.0159,1.22817,,1003.21,-57.9572,25418.2,,-0.656137,-0.549742,,-2.12021,9.26285,fluid
664,20.5717,1.39741,,1003.49,-26.46,27654.3,,-0.791664,-0.31705,,-2.11993,7.25506,fluid
665,20.5642,1.68286,,1003.24,-41.192,25709.6,,-0.981494,0.423542,,-2.52913,9.68929,fluid
666,20.3252,2.05798,,1003.63,30.363,28765.1,,-1.11769,0.375048,,-3.84959,9.98339,fluid
667,20.1041,2.17468,,1003.26,10.8191,25870.7,,-0.966242,0.350519,,-3.69032,9.97667,fluid
668,19.8719,2.26398,,1002.48,-72.728,19613.5,,-0.996466,0.424736,,-2.35779,8.97596,fluid
669,19.59,2.39592,,1002.17,-136.456,17177.4,,-1.34517,0.58539,,-1.24066,8.47006,fluid
670,19.2915,2.5178,,1003.23,-58.4045,25557.7,,-1.636,0.816191,,-3.31541,10.6256,fluid
671,18.7694,3.02977,,1004.88,103.307,38842,,-3.38382,0.525745,,-4.74884,6.70956,fluid
672,17.2834,-0.0512153,,1004.06,-92.0373,32263.2,,-1.84689,0.36951,,-3.4499,11.4878,fluid
673,20.1937,0.20343,,1004.3,-44.683,34196,,-0.995192,-0.0914564,,0.438152,9.94751,fluid
674,19.7944,0.360268,,1004.44,-20.1383,35280.3,,-1.01802,-0.0576269,,-1.49074,10.1311,fluid
675,21.5334,0.433332,,1003.52,-15.2547,27948.7,,-0.152465,-0.254111,,-1.3065,10.144,fluid
676,20.9912,0.503623,,1003.63,-28.5332,28792.7,,-0.522789,-0.228873,,-1.00913,10.1953,fluid
677,22.0486,0.619232,,1002.7,-86.0078,21351.6,,0.281563,-0.336663,,1.62951,10.0437,fluid
678,21.431,0.817546,,1003.51,-34.4868,27808.8,,-0.492301,-0.37191,,-1.95082,9.99962,fluid
679,21.3596,1.2426,,1003.36,-58.8367,26672.1,,-0.716968,-0.50463,,-0.714452,11.1664,fluid
680,20.8086,1.61039,,1003.04,-77.2621,24071.3,,-1.10869,-0.0107383,,-0.167642,9.19529,fluid
681,20.7286,2.02337,,1003.19,-40.0031,25303,,-1.60064,0.307406,,-1.04105,9.53155,fluid
682,20.6402,2.46648,,1001.84,-128.839,14535.2,,-1.76728,0.439264,,-2.39769,10.0221,fluid
683,20.3267,2.59914,,1001.72,-130.036,13599.4,,-1.62276,0.317152,,-1.94997,9.6351,fluid
684,20.1069,2.72627,,1001.54,-148.348,12121.3,,-1.47447,0.415718,,-0.935158,9.06075,fluid
685,19.8431,2.80713,,1002.17,-114.134,17118.1,,-1.67203,0.600593,,-0.681905,9.246,fluid
686,19.5087,2.79033,,1003.99,21.3026,31690.6,,-2.1395,0.732831,,-2.67692,9.4261,fluid
687,18.1089,3.11135,,1000.04,-481.929,347.137,,-6.62422,-0.196409,,-6.01709,10.3637,fluid
688,17.9448,-0.123171,,1004.48,-63.2383,35614.9,,-1.79537,0.0170859,,-2.53068,10.2935,fluid
689,21.0713,0.155092,,1003.78,-6.17339,29974.1,,-0.216814,-0.137516,,0.670781,9.9939,fluid
690,20.3749,0.321461,,1004.14,-45.8582,32894.8,,-1.09101,-0.118599,,1.50475,9.93871,fluid
691,22.4729,0.360297,,1002.94,-40.4776,23257.3,,0.325082,-0.157099,,0.152057,10.2228,fluid
692,21.882,0.415596,,1003.33,-18.6598,26383.8,,0.206459,-0.254608,,-0.628705,10.1797,fluid
693,22.8874,0.550907,,1002.78,-38.4967,21997.4,,0.578191,-0.214883,,-1.41698,10.0803,fluid
694,21.9637,0.659251,,1003.13,-62.308,24759,,-0.109256,-0.346306,,0.543012,9.99878,fluid
695,21.6166,1.03802,,1004.01,-21.6104,31877.9,,-1.0199,-0.247517,,-0.786107,10.23,fluid
696,21.1503,1.43927,,1003.14,-90.2685,24859,,-1.20045,-0.306872,,-0.226004,10.4804,fluid
697,20.8106,2.32346,,1002.35,-102.161,18585.8,,-1.91882,0.440994,,-1.35177,9.57253,fluid
698,20.5999,2.83883,,1000.73,-228.172,5737.2,,-2.01079,0.483008,,-1.99749,8.02418,fluid
699,20.3754,3.2398,,1001.61,-100.461,12723.3,,-1.81872,1.10231,,-2.61214,9.24027,fluid
700,20.0783,3.37564,,1003.01,50.9446,23865.9,,-2.0822,1.34015,,-2.0642,9.88033,fluid
701,19.8502,3.3544,,1003.82,100.767,30336.9,,-2.5084,1.12061,,-1.72796,8.74307,fluid
702,19.3523,3.24556,,1004.63,137.629,36822.3,,-2.82756,0.00398889,,-2.28633,5.88989,fluid
703,17.5232,3.30686,,999.634,-400.036,-2867.48,,-5.80412,-0.234352,,0.526983,6.64544,fluid
704,18.6512,-0.0244222,,1004.75,-33.1329,37831.3,,-1.57131,-0.0194486,,-3.69859,10.2252,fluid
705,21.9669,0.0346684,,1004.28,81.9677,34024.5,,0.123353,-0.161915,,-2.77659,9.98113,fluid
706,21.3873,0.246483,,1003.78,7.67637,29990.8,,-0.180966,-0.195438,,-0.39759,10.0045,fluid
707,23.7421,0.321616,,1002.95,-9.56276,23350.1,,0.94405,-0.0762768,,-1.01125,10.4527,fluid
708,22.9761,0.347396,,1003.12,0.0726088,24708.8,,0.557146,-0.143407,,-1.39871,10.1477,fluid
709,23.4227,0.482481,,1003.01,-14.0185,23803,,0.623238,-0.168798,,-0.766189,9.99525,fluid
710,22.9012,0.602692,,1002.78,-39.46,22022.4,,0.605611,-0.231295,,-1.21865,10.1136,fluid
711,22.0799,0.893394,,1003.75,-31.5839,29760.7,,-0.394992,-0.445141,,2.07121,9.80635,fluid
712,21.3749,1.38749,,1003.33,-80.6789,26403.9,,-1.06591,-0.313337,,0.498683,11.7855,fluid
713,20.9534,2.45891,,1001.71,-154.896,13506.5,,-1.84522,0.702407,,-1.34287,9.62501,fluid
714,20.7205,3.02938,,1000.99,-202.279,7813.32,,-2.11669,0.847638,,-2.58177,7.73022,fluid
715,20.6364,3.87309,,1002.66,116.411,21031.2,,-1.63817,1.65569,,-2.4606,10.9969,fluid
716,20.1844,4.07656,,997.094,-364.75,-22610.2,,-2.21118,0.363453,,0.452059,0.231371,fluid
717,20.0155,3.98444,,995.568,-541.063,-34325.1,,-2.4537,0.458497,,2.79635,-2.28515,fluid
718,19.0122,3.54446,,999.406,-365.256,-4651.06,,-3.94472,0.545171,,-2.46934,11.7148,fluid
719,17.5798,3.41515,,1000.37,-294.857,2926.31,,-5.59121,-0.844669,,-2.8803,8.04218,fluid
720,19.4759,-0.152994,,1005.19,-13.9713,41399.1,,-1.16884,-0.0517381,,-2.18187,10.139,fluid
721,22.9267,-0.0440105,,1004.17,60.3608,33145.6,,-0.554467,-0.0985064,,-0.813114,9.97483,fluid
722,22.299,0.163161,,1003.87,42.1139,30750.4,,0.0990177,-0.129809,,-0.641888,10.269,fluid
723,24.8944,0.340869,,1003.57,9.02877,28347.9,,0.162725,0.31359,,-2.88742,9.97208,fluid
724,24.369,0.341395,,1003.52,42.0219,27895.9,,0.877217,-0.0240286,,-4.27912,10.8834,fluid
725,24.5359,0.462056,,1003.49,32.784,27695.5,,0.65136,-0.00608848,,-2.8924,10.7725,fluid
726,23.3779,0.56468,,1003.01,-18.9676,23860.7,,0.543733,-0.197848,,-0.885829,9.88277,fluid
727,22.8062,0.796654,,1003.04,-40.6288,24098.7,,0.391673,-0.364681,,-0.386765,10.5943,fluid
728,21.9397,0.98469,,1004.36,0.578475,34657.7,,-0.972312,-0.321623,,-0.214051,10.0815,fluid
729,21.1567,1.99535,,1003.33,-68.2054,26363.8,,-2.01372,-0.0136084,,1.12549,8.64152,fluid
730,20.5674,3.40916,,1003.27,73.0105,25901.8,,-2.0773,1.67877,,-1.70003,9.20483,fluid
731,20.9924,4.32699,,995.737,-489.558,-33030.5,,-1.79292,0.983983,,0.78292,-1.56318,fluid
732,20.4225,4.1872,,1000.44,-68.5878,3436.11,,-2.49704,0.0201514,,-3.31664,10.325,fluid
733,19.6559,3.94356,,999.93,-165.73,-546.004,,-3.27236,-1.08172,,-0.684179,10.9099,fluid
734,18.415,3.58641,,998.659,-358.019,-10484.1,,-3.68117,-2.1868,,-2.51898,5.27102,fluid
735,17.9945,3.52819,,1000.12,-283.685,973.363,,-5.1824,-2.13714,,-3.78186,8.01832,fluid
736,20.8259,-0.256297,,1003.84,-24.2869,30518.3,,-0.124063,-0.119801,,3.66311,9.73143,fluid
737,24.0337,-0.108942,,1004.96,133.718,39501,,-0.39505,-0.125696,,-3.44552,9.70713,fluid
738,23.6651,0.105887,,1003.94,68.4591,31262.5,,0.392503,-0.0734828,,-2.91315,10.3302,fluid
739,26.0932,0.771336,,1003.5,-9.01122,27784.2,,0.440712,1.00448,,-3.22033,10.1948,fluid
740,25.4951,0.472243,,1003.1,-44.8065,24569.5,,0.414109,0.51393,,-2.4449,7.16523,fluid
741,25.892,0.699171,,1003.46,-12.9972,27470.8,,0.49884,0.702624,,-3.05902,8.9378,fluid
742,25.1634,0.549848,,1003.4,8.3224,26932,,0.727974,0.373114,,-4.77514,10.1917,fluid
743,24.2911,0.57766,,1002.35,-88.8784,18577.7,,0.467159,-0.110093,,-2.23972,10.3345,fluid
744,24.0045,0.654626,,1001.61,-143.996,12719.5,,1.12501,-0.244351,,-0.553567,9.64145,fluid
745,21.2482,2.37079,,1002.63,-109.447,20768.4,,-2.10499,1.28202,,0.86911,9.61546,fluid
746,21.1256,2.83413,,1001.04,-210.877,8202.56,,-1.85507,1.17791,,-2.08838,7.34122,fluid
747,21.3932,4.43799,,996.36,-360.733,-28253.8,,-0.713281,-0.294513,,2.80683,-0.434934,fluid
748,20.4582,4.19335,,1000.63,-57.8371,4988.56,,-2.60342,0.0248421,,-3.49432,10.9972,fluid
749,19.0563,3.67644,,999.972,-210.371,-221.865,,-3.23962,-1.26522,,-1.78277,13.2906,fluid
750,19.341,3.82389,,1000.67,-80.2339,5269.07,,-2.4293,-1.15201,,-1.18083,14.1266,fluid
751,18.8829,3.81098,,1000.6,-136.767,4709.18,,-3.483,-1.66061,,-3.45124,12.8612,fluid
752,22.5171,-0.39352,,1004.32,100.609,34348.7,,-0.204849,-0.259086,,-3.5404,9.32794,fluid
753,25.0933,-0.171056,,1004.24,29.6684,33697.8,,-1.03501,-0.215837,,-2.10041,8.84629,fluid
754,24.7057,0.0988877,,1004.73,95.2657,37626.8,,-0.454971,-0.0535841,,-2.76606,10.2543,fluid
755,26.5814,0.623365,,1004.43,28.5143,35234.5,,-0.708459,0.0547083,,-1.81252,7.77905,fluid
756,26.2991,0.554533,,1004.07,13.1994,32346.6,,-0.182243,0.383065,,-3.31228,6.70835,fluid
757,27.1364,0.534011,,1003.84,-33.4084,30461.9,,-0.16958,-0.118883,,-3.80794,9.30767,fluid
758,26.4786,0.751492,,1004.42,60.2554,35133.7,,-0.0943484,0.328504,,-3.10531,10.4217,fluid
759,27.0308,1.0183,,1003.07,-42.8991,24340.7,,0.290925,0.326472,,-4.70613,9.61856,fluid
760,26.1413,0.909012,,1003.85,49.1884,30554.7,,0.909824,0.997149,,-3.81465,13.2061,fluid
761,25.1778,0.742055,,1003.85,62.2202,30555.9,,1.11264,0.323342,,-6.17836,13.8716,fluid
762,22.2333,1.75981,,1004.26,-57.182,33878.4,,-1.54645,0.24145,,-2.57426,12.8023,fluid
763,20.9087,4.15075,,998.451,-288.514,-12098.7,,-1.88076,2.05914,,-3.7948,5.80002,fluid
764,19.1898,3.74963,,999.867,-215.972,-1043.71,,-3.30653,-1.14041,,-0.437613,12.5584,fluid
765,18.9888,3.61194,,998.679,-390.094,-10322.5,,-3.95482,-1.0776,,-1.62241,10.6072,fluid
766,19.8578,3.96092,,999.328,-196.369,-5262.37,,-2.87956,-0.878644,,-1.83205,9.00441,fluid
767,20.4015,4.30177,,1000.61,-36.7682,4778.22,,-2.52921,-0.0953105,,-3.47142,9.82883,fluid
768,23.3755,-0.436995,,1003.85,67.1078,30581.5,,-0.419202,-0.363408,,-0.0933549,8.28675,fluid
769,25.871,-0.0615073,,1003.75,-36.0993,29749.6,,-0.723883,-0.104646,,-1.94792,9.38876,fluid
770,25.7253,0.254862,,1003.61,-36.3187,28600.5,,-0.515521,0.0347923,,-0.98196,5.39806,fluid
771,28.249,1.24142,,1003.65,-25.6621,28971.7,,-0.667596,-0.117884,,-2.45941,8.32409,fluid
772,27.6314,1.28724,,1004.47,42.8546,35562.8,,-1.05463,0.370442,,-2.81117,10.1616,fluid
773,29.1089,2.74611,,1002.28,45.2858,18001.1,,0.53022,-0.131998,,-0.606915,11.8012,fluid
774,28.6624,2.76159,,1001.96,36.0612,15459.1,,0.887767,-0.157681,,-0.716057,8.90088,fluid
775,27.6414,2.96077,,1003.47,139.266,27534.7,,-1.16427,0.463953,,-3.56174,10.3484,fluid
776,29.1655,1.32943,,1003.66,28.1592,29060.5,,-0.10833,-0.265754,,-2.86565,10.9098,fluid
777,26.9908,2.47887,,1003.77,71.4238,29903.8,,-0.727023,0.87617,,-0.468356,8.27633,fluid
778,27.8828,2.23035,,1003.06,63.1582,24201.6,,0.660504,-0.167081,,-2.83082,10.4817,fluid
779,23.3393,0.888064,,1003.56,-1.73061,28249,,0.28217,-0.325428,,-1.62479,10.1185,fluid
780,21.7706,4.58833,,999.132,-109.351,-6794.41,,-0.97643,-0.282745,,-0.497039,2.50175,fluid
781,19.6479,4.04948,,1000.26,-126.107,2028.89,,-3.51607,-1.17559,,-0.580925,10.4476,fluid
782,17.822,3.22372,,1000.17,-379.025,1315.05,,-6.31729,-2.42787,,-4.26855,9.69471,fluid
783,21.6346,4.64675,,999.749,-23.0921,-1971.58,,-0.744349,-0.454309,,-0.384488,3.39394,fluid
784,24.269,-0.333554,,1004.89,130.007,38980.7,,-0.720405,-0.381165,,-1.83579,7.75414,fluid
785,26.2334,0.13258,,1004.11,-29.1283,32690.8,,-1.10373,-0.0665572,,-2.54713,9.37616,fluid
786,26.2838,2.16011,,1001.79,-184.993,14107.2,,-1.78653,0.740002,,-4.9171,5.98796,fluid
787,28.7955,1.73085,,1002.85,-14.4468,22553.7,,-0.312131,-1.12434,,-1.0217,8.38287,fluid
788,26.7519,2.87907,,1005.49,241.745,43803.1,,-2.45083,0.487498,,-3.16976,12.7461,fluid
789,28.4097,2.83559,,1001.98,30.8562,15645.7,,0.320415,-0.531163,,-2.47126,8.14484,fluid
790,27.0717,2.84145,,1004.68,216.656,37247.2,,-0.941099,0.150972,,1.5815,13.2734,fluid
791,25.8802,3.45694,,1000.21,-154.837,1610.36,,-3.35583,-1.12771,,-0.167669,11.7155,fluid
792,25.0732,2.528,,1001.5,-239.886,11792,,-4.7404,-1.32427,,4.32644,8.59173,fluid
793,27.3385,3.53493,,997.021,-360.181,-23169.1,,-1.23757,-1.28141,,-1.88256,-0.626531,fluid
794,25.1465,3.23592,,1000.77,-129.314,6037.27,,-3.51181,-1.32823,,-1.9767,11.531,fluid
795,25.8844,3.46333,,999.586,-212.062,-3244.16,,-3.37607,-1.02156,,0.605337,9.24696,fluid
796,26.7564,2.78784,,1005.76,253.815,46027.3,,-2.07109,0.699418,,-3.85015,9.85149,fluid
797,25.2099,0.819472,,1003.98,75.7118,31575,,1.29459,0.370721,,-6.50052,15.4696,fluid
798,17.0824,2.43374,,1005.2,-178.628,41446.7,,-8.21499,-0.37439,,-6.65304,19.0007,fluid
799,18.4845,3.95263,,1000.75,-148.449,5884.21,,-4.28407,-2.18311,,-3.84806,9.52605,fluid
800,25.339,0.0319029,,1003.55,-29.2353,28187.4,,-0.447042,-0.0987962,,-1.02801,9.36592,fluid
801,26.7618,0.0793773,,1003.8,-65.2221,30133.7,,-0.617263,-0.0741982,,-1.51482,9.5635,fluid
802,27.2212,1.83406,,1001.96,-83.5009,15477.1,,-0.215502,0.980073,,-2.0419,6.26253,fluid
803,29.4672,1.18888,,1003.59,10.7179,28442.6,,0.151275,-0.516086,,-1.29117,10.8775,fluid
804,27.5665,1.50081,,1004.41,78.0973,35047.2,,-0.75079,0.00828243,,-2.68548,11.3198,fluid
805,28.1947,2.04626,,1002.68,-24.7029,21225.8,,-0.455666,-0.837234,,-2.43296,10.6925,fluid
806,28.3985,2.37095,,1001.65,-63.4783,13009.6,,0.0527875,-0.812958,,-2.29061,9.9434,fluid
807,29.581,2.56998,,1002.01,-24.6305,15846.7,,0.129154,-0.681256,,-1.94953,10.0931,fluid
808,27.769,2.98892,,1002.29,45.114,18078.6,,-0.819056,-0.085342,,-3.02359,10.8838,fluid
809,28.8619,3.16485,,1002.12,85.3575,16783.4,,0.803258,-1.40895,,2.71872,9.98737,fluid
810,28.2314,3.34613,,1000.88,-47.828,6907.93,,-0.734422,-0.902015,,-4.173,8.10392,fluid
811,24.3521,3.10169,,999.807,-272.057,-1513.56,,-3.82843,-1.11727,,0.152324,12.7882,fluid
812,27.5418,3.53836,,998.155,-247.791,-14398.4,,-0.981371,-1.88423,,-2.12617,5.63738,fluid
813,23.4101,2.92878,,1001.01,-237.555,7982.95,,-4.74122,-0.442404,,0.240092,14.8359,fluid
814,24.1852,2.54583,,1003.15,-145.689,24969.6,,-4.85957,-1.34587,,-2.89737,10.9578,fluid
815,22.3961,4.12676,,999.506,-109.248,-3869.17,,-0.399259,-0.442619,,2.07211,9.21216,fluid
816,26.9916,1.94806,,1001.47,-135.536,11583.2,,-0.562653,0.872624,,-1.82805,4.71917,fluid
817,26.6244,0.200077,,1004.16,-35.8564,33044.1,,-1.09709,-0.0620946,,-2.19239,9.24275,fluid
818,27.8662,1.01874,,1003.92,-55.3166,31116.3,,-1.50943,-0.192803,,-1.73893,9.21052,fluid
819,29.5935,1.66711,,1003.45,38.6114,27379.9,,-0.174903,-1.23916,,-2.29591,9.55989,fluid
820,28.6753,1.82805,,1002.51,-53.5525,19835.1,,-0.658924,-1.05781,,-1.0944,8.7882,fluid
821,28.029,2.99165,,1001.78,12.0598,14060.4,,-0.443948,-0.39633,,-2.90206,8.70516,fluid
822,29.0651,2.36294,,1001.88,-39.0133,14810.3,,-0.016975,-0.661672,,-1.66745,9.52794,fluid
823,29.7974,2.67959,,1002.06,-24.2821,16245.4,,-0.0178418,-0.948974,,-2.00633,9.7388,fluid
824,28.5914,2.80959,,1002.16,46.1558,17052.1,,0.503555,-1.38104,,-1.13793,9.64746,fluid
825,29.3293,3.33778,,1002.66,194.067,21029.1,,0.883051,-0.737221,,-0.0715228,13.4272,fluid
826,28.5136,3.65145,,999.498,-162.305,-3930.09,,-0.542687,-1.07901,,-0.826746,6.10482,fluid
827,24.9447,3.11373,,1000.78,-150.467,6164.92,,-3.80809,-1.51189,,-0.626061,11.8355,fluid
828,23.0866,2.98061,,1001.76,-205.007,13882.2,,-5.41517,-0.0815336,,-0.382352,19.1899,fluid
829,27.9818,3.63241,,1000.11,-67.0367,829.125,,-0.841802,-2.0744,,-6.7492,9.08192,fluid
830,23.1329,2.00957,,1004.22,-36.5824,33504.5,,-3.24965,-2.3898,,11.2036,8.54888,fluid
831,25.4148,1.50604,,1006.44,313.495,51517.7,,1.99597,0.295786,,-8.47823,20.2135,fluid
832,25.5951,2.13873,,1000.63,-358.39,4914.48,,-3.12174,0.159233,,-4.27623,10.8563,fluid
833,28.0478,1.30562,,1003.74,-50.2315,29675.9,,-1.57316,0.00503711,,-3.03447,9.13653,fluid
834,28.5649,1.02275,,1003.42,-57.8627,27122.7,,-0.867261,-0.268398,,-1.65991,9.87058,fluid
835,30.2194,1.47877,,1003.61,55.9302,28670.9,,0.840902,-0.83922,,0.775293,11.0338,fluid
836,29.0754,1.99232,,1002.23,-33.5521,17586.5,,-0.0373479,-0.803812,,-1.28712,8.37429,fluid
837,27.6459,3.25288,,998.606,-325.823,-10898.1,,-1.66219,0.616992,,-2.39303,11.4682,fluid
838,29.2572,1.86518,,1002.51,-12.2499,19861.8,,0.146911,-1.23824,,-1.62235,8.74836,fluid
839,29.7312,1.95659,,1002.49,-26.2271,19687.3,,0.0240327,-1.04559,,-1.78143,9.928,fluid
840,29.8774,3.59303,,1002.36,216.415,18613.4,,0.498807,0.656822,,-3.32436,16.1583,fluid
841,29.5776,3.89455,,994.327,-488.575,-43768.6,,0.536986,-0.403959,,-14.2122,-7.01835,fluid
842,29.4048,4.00958,,997.735,-264.184,-17652,,-5.52849,-3.90566,,3.78416,2.22957,fluid
843,29.7448,3.44988,,1003.48,319.539,27583.7,,1.02132,-0.210276,,-5.81714,15.7072,fluid
844,26.1934,3.41828,,1000.36,-124.861,2864.82,,-3.2298,-1.2261,,0.708492,14.6661,fluid
845,24.8894,3.16087,,1000.74,-147.277,5794.37,,-3.6899,-1.43242,,-1.01839,12.631,fluid
846,22.231,1.72146,,1005.79,30.6737,46210,,-3.02626,-1.30705,,-1.3261,14.1358,fluid
847,23.9764,1.36155,,1005.59,1.6474,44603.1,,-1.26448,0.0531785,,-3.98261,12.5808,fluid
848,27.3833,1.87197,,1001.95,-82.0989,15416.6,,0.0588289,1.21669,,-1.67006,7.16219,fluid
849,28.2808,0.600077,,1003.72,-83.0154,29510.6,,-1.26336,-0.11565,,-2.68955,10.0922,fluid
850,29.9351,0.827213,,1003.83,-10.7265,30403.3,,-0.200998,-0.329755,,-2.52823,9.90491,fluid
851,29.5647,0.998658,,1003.77,-11.9844,29956.8,,-0.526824,-0.484788,,-1.19973,10.1068,fluid
852,27.7547,0.780802,,1004.36,-33.5901,34657.3,,-1.65061,-0.164257,,-0.134181,9.95789,fluid
853,28.4513,1.32153,,1003.74,-13.9885,29681,,-1.03791,-0.680753,,-0.704294,10.9494,fluid
854,29.2792,2.46091,,1002.22,-0.275796,17516.1,,0.142461,-0.855453,,-1.11463,10.8347,fluid
855,29.8334,1.86637,,1002.81,0.407481,22252,,0.201542,-1.20981,,-1.67682,10.206,fluid
856,29.6385,2.17787,,1002.21,-41.1449,17483.9,,-0.19916,-1.08692,,-1.10926,9.58381,fluid
857,29.6813,2.91819,,1002.59,53.2046,20464.4,,-0.369583,-0.928288,,-3.65831,12.1404,fluid
858,28.886,3.88652,,1003.27,129.359,25930.9,,-4.03334,-1.97511,,10.6246,28.0763,fluid
859,27.368,3.74426,,1002.07,41.7455,16346.3,,-5.28742,-2.52195,,-3.41471,22.2339,fluid
860,28.936,3.92406,,1000.77,-29.698,6037,,-1.76309,-1.76771,,8.87708,14.1499,fluid
861,29.9338,4.11228,,999.956,82.2925,-344.642,,-0.848607,-2.07472,,-1.31791,9.0024,fluid
862,25.4654,3.30778,,1000.27,-219.433,2110.43,,-4.58613,-1.3915,,-1.52526,10.2689,fluid
863,22.2322,3.92416,,1001.52,85.8714,12016.6,,0.91381,2.23445,,9.16546,4.57593,fluid
864,27.0995,0.323001,,1004.08,-40.1726,32395.9,,-0.730706,-0.114768,,-2.04153,9.47354,fluid
865,29.3123,0.506543,,1004.07,-18.2265,32356.2,,-0.354043,-0.154452,,0.291548,9.71536,fluid
866,29.0641,0.701793,,1004,-25.208,31737,,-0.865727,-0.234495,,-1.26772,9.7279,fluid
867,27.5402,0.618553,,1004.65,-1.74271,37005.9,,-1.27243,-0.140561,,0.00186017,9.68352,fluid
868,27.1992,1.22651,,1004.28,25.8585,34023.6,,-1.49971,1.03508,,-2.02968,11.1459,fluid
869,28.5572,2.45113,,1001.91,-18.0626,15068.2,,0.281154,-1.18104,,-1.98794,9.94404,fluid
870,28.9977,1.05512,,1003.66,-31.4909,29010.9,,-1.00877,-0.416743,,-2.94049,11.8198,fluid
871,29.8931,1.10342,,1003.85,12.1615,30588,,-0.212067,-0.4762,,-2.43023,10.3309,fluid
872,29.998,3.16253,,1003.45,198.525,27387.8,,0.0783627,-0.27342,,-2.8382,12.0271,fluid
873,26.5239,3.53036,,1000.44,-110.383,3454.67,,-4.17791,-1.1527,,-0.526365,15.6183,fluid
874,26.5578,3.55998,,1000.48,-71.2307,3775.49,,-3.48062,-1.17407,,-1.10302,15.6382,fluid
875,28.5431,3.73561,,1001.55,50.3806,12218.3,,-0.27485,-1.65936,,-0.2276,14.4241,fluid
876,27.1358,3.53324,,1001.62,34.2582,12805.3,,-3.68097,-1.86417,,-2.48137,18.5659,fluid
877,28.3834,3.81055,,1000.52,-95.3982,4081.89,,-1.63926,-1.78011,,-2.6915,11.3629,fluid
878,29.7181,4.0433,,998.411,-28.3155,-12409,,0.192226,-1.65635,,-3.49971,5.01301,fluid
879,23.0411,2.81933,,1001.76,-205.913,13873.1,,-4.9945,0.0507962,,-0.209294,14.6457,fluid
880,26.7973,1.08812,,1003.08,-100.648,24363.2,,-1.73283,0.592082,,-4.18366,10.62,fluid
881,34.0075,-0.694338,,919.153,0,-499735,,-1.09448,-5.5659,,0,0,fluid
882,23.733,3.01065,,1000.23,-284.556,1838.52,,-4.45358,-0.777963,,0.638836,13.8675,fluid
883,28.8016,0.506342,,1004.03,-21.5478,32041.9,,-0.342692,-0.151206,,-2.26591,9.7396,fluid
884,28.4777,0.84945,,1003.35,-86.8375,26576.3,,-1.05668,-0.235623,,-2.3091,9.93511,fluid
885,29.2448,1.27134,,1003.9,28.4804,30929.3,,-0.546478,-0.931029,,-1.90931,13.0657,fluid
886,29.2012,2.36285,,1002.4,12.1237,18972.3,,0.0653274,-1.14906,,-1.2282,10.1275,fluid
887,27.2275,3.64517,,1001.59,27.8816,12554.2,,-4.17675,-2.09679,,-3.79845,18.8555,fluid
888,26.0914,3.53592,,1000.5,-142.276,3957.97,,-4.3556,-1.26902,,2.01896,13.6888,fluid
889,24.2331,3.03667,,1000.39,-288.631,3082.58,,-5.30369,-1.42946,,0.307115,15.9847,fluid
890,25.9289,3.49097,,1000.36,-159.85,2792.22,,-4.02736,-1.26851,,0.693192,12.6172,fluid
891,28.1273,3.70251,,1000.75,-44.6506,5911.63,,-1.44891,-2.16532,,-6.53953,11.8251,fluid
892,28.0959,3.6678,,1000.64,-56.6607,5051.58,,-1.54041,-2.23416,,-6.48851,11.2014,fluid
893,29.6205,3.91498,,997.376,-157.011,-20434.3,,0.70816,-1.13412,,-6.20436,2.84802,fluid
894,28.4964,3.66407,,1002,93.6419,15801.8,,-0.312081,-1.81838,,-1.24123,13.8082,fluid
895,22.1042,3.04037,,1003.95,8.68261,31346.3,,-3.16681,1.55239,,6.44936,17.1814,fluid
896,27.5968,0.125774,,1004.31,-19.6027,34283.3,,-0.138252,-0.0784734,,-3.23098,9.7712,fluid
897,29.7744,0.100879,,1004.5,2.89654,35809.1,,-0.0716632,-0.0583515,,-0.645329,9.78896,fluid
898,28.7542,3.76221,,1001.16,22.3665,9102.18,,-0.000667274,-1.564,,4.37966,12.71,fluid
899,29.9488,0.489743,,1004.07,-15.7019,32306,,-0.32563,-0.164474,,-2.39226,9.77516,fluid
900,29.1078,0.837781,,1003.84,-24.1032,30506.3,,-0.745919,-0.268642,,-1.12069,9.87611,fluid
901,25.6095,3.40268,,1000.21,-219.759,1674.51,,-4.69386,-1.48648,,-0.966287,10.8532,fluid
902,24.7219,3.06881,,1000.69,-206.481,5390.91,,-4.69773,-1.67423,,0.711619,13.3627,fluid
903,24.1687,2.88094,,1000.95,-223.781,7476.96,,-4.2566,-1.16172,,-1.31837,16.5471,fluid
904,23.4666,2.73916,,1002.19,-144.684,17318.1,,-4.69102,-1.3822,,0.133136,10.2307,fluid
905,22.6525,2.0082,,1003.22,-149.463,25506.3,,-3.28831,-1.79788,,4.42301,11.8011,fluid
906,22.1716,2.42343,,1000.84,-382.02,6571.57,,-4.27331,0.417844,,2.04968,12.0525,fluid
907,23.5641,2.83275,,1001.75,-162.438,13775.1,,-4.48167,-0.967267,,0.501159,13.5979,fluid
908,24.5257,2.99386,,1000.82,-201.646,6464.5,,-4.38548,-1.57901,,0.634198,15.2023,fluid
909,29.9568,3.96194,,996.915,-215.141,-23987.5,,0.244543,-0.663987,,-13.9475,2.58879,fluid
910,23.4319,2.95538,,1000.83,-249.916,6492.52,,-4.66445,-0.446534,,0.50761,14.8549,fluid
911,22.2198,4.39339,,998.02,-189.987,-15450.5,,0.48763,2.31728,,-6.39278,4.62848,fluid
912,27.9077,0.268622,,1004.52,1.30376,35924.9,,-0.252102,-0.0706166,,-3.08114,9.94422,fluid
913,29.4475,0.119148,,1004.51,1.12078,35852.8,,-0.0502259,-0.0515314,,-0.993789,9.80985,fluid
914,22.2065,1.35838,,1006.19,122.677,49483.1,,-1.481,-0.604303,,0.0849259,12.2758,fluid
915,21.2603,3.67948,,1004.53,207.115,36004.9,,-1.64184,2.47835,,6.28152,9.90075,fluid
916,25.0992,1.67871,,1005.16,13.5767,41143.5,,-0.941903,-1.46921,,4.25836,15.9375,fluid
917,26.25,1.79808,,1001.76,-137.424,13862.3,,-0.289552,1.87637,,-3.73388,6.32272,fluid
918,26.7773,1.84853,,1001.46,-105.461,11518.8,,0.363983,1.23786,,-3.29984,4.37446,fluid
919,27.2747,2.28487,,1001.98,-40.4691,15621.9,,0.748574,0.743338,,0.519448,7.20029,fluid
920,25.5207,1.05805,,1003.71,-0.326698,29420.3,,0.617872,0.803637,,-5.20292,16.3703,fluid
921,24.5857,0.816168,,1002.32,-63.1846,18352.4,,1.39581,-0.297823,,-0.115324,11.6816,fluid
922,23.2206,1.31288,,1004.53,13.0066,36007.1,,-0.478452,-0.136212,,1.58967,15.9758,fluid
923,22.8078,2.07067,,1002.6,-185.084,20547.8,,-3.17323,-1.87979,,6.12888,11.3058,fluid
924,29.224,3.6948,,999.586,-28.9204,-3244.93,,1.1021,-1.50678,,4.39004,11.7512,fluid
925,26.6537,3.37916,,999.194,-219.97,-6308.15,,-3.07867,-0.543286,,-1.97493,14.0257,fluid
926,22.3217,2.97105,,1003.22,-50.4557,25523.3,,-3.43121,1.23142,,5.56524,18.1312,fluid
927,22.0088,4.02898,,1002.68,215.841,21223.2,,0.565003,2.12022,,5.70356,3.10172,fluid
928,28.3552,0.058051,,1005.07,30.7365,40385.4,,-0.402602,-0.05512,,-1.44189,9.85529,fluid
929,29.0593,0.136461,,1004.65,5.17491,36989.2,,-0.251575,-0.0650032,,-1.75782,9.79087,fluid
930,24.3818,2.23957,,1006.57,55.972,52624,,-4.37419,-1.61998,,3.29912,6.02298,fluid
931,21.5225,1.98479,,1003.83,-66.1943,30376.5,,-2.19899,0.244241,,1.19455,8.52998,fluid
932,27.9176,1.9948,,1003.65,60.239,28964.3,,-0.384845,-0.508737,,-3.54117,10.2882,fluid
933,23.5636,0.922351,,1003.46,-10.9276,27436.1,,0.574341,-0.380634,,-0.0603779,9.29254,fluid
934,26.8171,1.25113,,1003.02,-0.917986,23949.4,,0.42953,0.685452,,-5.67972,11.4415,fluid
935,17.5035,2.83218,,1000.79,-435.445,6233.31,,-7.16951,-1.20747,,-2.61526,10.5343,fluid
936,21.1186,3.21169,,1002.13,-99.3014,16848.7,,-1.98165,1.59701,,-0.521962,9.00906,fluid
937,22.3709,4.81083,,1000.5,53.9196,3893.41,,-0.267011,0.573446,,1.73204,3.75598,fluid
938,25.0597,3.04772,,1000.6,-208.789,4748.52,,-4.62119,-1.42407,,0.441112,9.94909,fluid
939,22.4898,1.05595,,1004.09,-2.91293,32480.4,,-0.155929,-0.714618,,3.56706,10.2368,fluid
940,21.6654,3.31086,,1003.44,-5.957,27263.1,,-2.27122,2.64932,,7.79562,11.1406,fluid
941,21.7656,2.25188,,1005.11,8.32794,40726.7,,-3.96075,0.537746,,3.92827,12.5147,fluid
942,22.9772,2.30356,,1002.03,-220.438,16010.1,,-3.80924,-1.65478,,5.07662,11.2159,fluid
943,26.227,2.57274,,1005.99,245.043,47899.1,,-2.21295,1.15948,,-10.786,5.98615,fluid
944,27.2678,0.682683,,1004.54,0.862487,36140.7,,-1.20979,-0.101171,,-1.9078,9.73008,fluid
945,24.1478,1.72305,,1008.51,152.961,68487.2,,-2.54987,0.661467,,-7.37287,20.7814,fluid
946,24.566,1.82051,,1009.11,240.549,73494.4,,-1.81236,-1.52708,,15.2178,15.5201,fluid
947,24.3246,1.43934,,1004.9,-68.3117,39014.7,,-0.0715328,-0.286204,,5.01623,6.32051,fluid
948,16.5303,2.51896,,1003.73,-177.063,29564.8,,-4.5859,1.79222,,-12.1368,21.0904,fluid
949,24.543,0.978078,,1002.4,-82.4769,18944,,1.50284,-0.673326,,2.04299,11.601,fluid
950,26.8018,3.45023,,993.574,-729.095,-49473.1,,-1.96665,0.680873,,1.55378,-4.02301,fluid
951,25.722,3.01898,,1002.67,-16.3837,21142.3,,-3.87145,-0.374603,,-4.25049,7.21212,fluid
952,17.9542,3.2582,,999.512,-429.823,-3827.33,,-6.05024,-2.26964,,-3.91653,9.30536,fluid
953,25.6299,0.898562,,1003.85,23.1662,30590.3,,0.595058,0.738515,,-3.82125,14.0214,fluid
954,14.6331,1.95507,,1001.09,-221.929,8556.26,,-4.07356,0.097588,,-2.85124,12.5547,fluid
955,26.1361,2.31301,,1003.18,-55.954,25178.5,,-2.15083,0.998151,,-10.5786,6.74417,fluid
956,26.1179,1.44196,,1003.94,79.8289,31258.4,,0.648569,1.41365,,-7.08018,9.55371,fluid
957,22.9556,1.37158,,1004.93,48.7315,39235.4,,-0.654887,-0.398113,,3.99192,14.0114,fluid
958,22.5355,2.62918,,1000.34,-363.677,2696.16,,-4.17974,0.487797,,2.74422,10.919,fluid
959,21.9742,4.8797,,1000.22,-15.0995,1740.25,,-1.37397,0.367069,,-1.50628,2.07213,fluid
960,23.7305,1.22119,,1005.19,31.0064,41341.6,,-0.997909,0.0321752,,-2.80564,13.1703,fluid
961,28.3642,0.306956,,1004.52,-2.59658,35980.9,,-0.511215,-0.0631773,,-1.69211,9.97145,fluid
962,28.6226,2.09727,,1002.12,-33.9988,16716.1,,0.25157,-0.425711,,-1.65031,9.18315,fluid
963,27.6609,2.55882,,1003.5,118.279,27766.5,,0.0598253,0.194278,,-0.358798,8.77554,fluid
964,21.4821,2.80857,,1001.51,-219.884,11916.3,,-2.44724,2.38507,,1.4302,7.6659,fluid
965,26.4338,1.63722,,1002.45,-38.7487,19374.5,,0.236488,1.30245,,-3.1099,6.78053,fluid
966,27.0034,2.08952,,1001.6,-113.923,12593.8,,-0.237219,0.853897,,-1.52762,5.00602,fluid
967,25.4114,2.58036,,1001.4,-210.505,11033.9,,-4.00152,-0.948715,,-2.45389,6.63646,fluid
968,28.2102,1.65248,,1004.11,66.439,32669.8,,-0.380118,-0.270453,,-3.4846,10.186,fluid
969,16.1027,2.2021,,1001.81,-276.241,14295.9,,-4.23862,0.520082,,-12.0399,11.8107,fluid
970,25.8324,1.83344,,1004.78,158.106,38091.6,,0.547405,2.2303,,-14.7955,11.4,fluid
971,22.1011,4.55581,,1000.26,18.249,2016.14,,-0.410135,0.437104,,-0.873853,6.1809,fluid
972,20.9191,4.25127,,1001.14,22.5426,8981.36,,-2.03956,-0.1787,,-1.19342,13.0281,fluid
973,13.5746,3.2513,,963.138,48.3531,-259195,,6.00845,-0.998987,,1.08022,-1.32282,fluid
974,22.3344,4.71467,,999.79,-42.0892,-1648.51,,-0.745745,1.44732,,-1.40224,1.63831,fluid
975,20.924,4.68601,,1001.4,62.5968,11065.8,,-2.62428,-0.416634,,-0.760716,12.3962,fluid
