h/dp :,2
L2norm Pressure,KE,dr0,Nparticles
19938.1,532.367,0.0141421,682

t,7.93021
ID,x,y,,rho,drhodt,pressure,,u,v,,dudt,dvdt,type
0,0.05,0,,999.865,-0.0502745,-264.737,,0,0,,9.21036,9.63063e-13,boundary
1,0.0479746,0.0140866,,999.868,-0.0141214,-259.176,,0,0,,8.62508,5.10909,boundary
2,0.0420627,0.027032,,999.794,-0.0615616,-404.088,,0,0,,9.62717,12.0066,boundary
3,0.032743,0.0377875,,999.622,-0.117361,-741.049,,0,0,,11.4123,22.0253,boundary
4,0.0207708,0.0454816,,999.449,-0.147163,-1079.03,,0,0,,6.17862,32.4279,boundary
5,0.00711574,0.0494911,,999.032,-0.365918,-1893.97,,0,0,,2.98865,54.9197,boundary
6,-0.00711574,0.0494911,,998.919,-0.49023,-2113.3,,0,0,,-1.51714,60.1174,boundary
7,-0.0207708,0.0454816,,999.239,-0.374876,-1490.35,,0,0,,-1.75074,43.3307,boundary
8,-0.032743,0.0377875,,999.614,-0.233751,-757.112,,0,0,,5.17514,28.7004,boundary
9,-0.0420627,0.027032,,1000.3,0.0857233,595.843,,0,0,,31.3642,7.63416,boundary
10,-0.0479746,0.0140866,,1000.82,0.372436,1618.99,,0,0,,53.8008,-2.22642,boundary
11,-0.05,6.12323e-18,,1000.96,0.515036,1882.27,,0,0,,59.5284,5.44009e-15,boundary
12,-0.0479746,-0.0140866,,1000.82,0.372436,1618.99,,0,0,,53.8008,2.22642,boundary
13,-0.0420627,-0.027032,,1000.3,0.0857233,595.843,,0,0,,31.3642,-7.63416,boundary
14,-0.032743,-0.0377875,,999.614,-0.233751,-757.112,,0,0,,5.17514,-28.7004,boundary
15,-0.0207708,-0.0454816,,999.239,-0.374876,-1490.35,,0,0,,-1.75074,-43.3307,boundary
16,-0.00711574,-0.0494911,,998.919,-0.49023,-2113.3,,0,0,,-1.51714,-60.1174,boundary
17,0.00711574,-0.0494911,,999.032,-0.365918,-1893.97,,0,0,,2.98865,-54.9197,boundary
18,0.0207708,-0.0454816,,999.449,-0.147163,-1079.03,,0,0,,6.17862,-32.4279,boundary
19,0.032743,-0.0377875,,999.622,-0.117361,-741.049,,0,0,,11.4123,-22.0253,boundary
20,0.0420627,-0.027032,,999.794,-0.0615616,-404.088,,0,0,,9.62717,-12.0066,boundary
21,0.0479746,-0.0140866,,999.868,-0.0141214,-259.176,,0,0,,8.62508,-5.10909,boundary
22,0.0641421,0,,999.971,-0.014706,-56.0785,,-0.0174246,1.60653e-14,,-0.0140945,-4.35992e-13,fluid
23,0.0615439,0.0180709,,999.957,-0.0224488,-84.462,,-0.00650916,0.033712,,-0.0197355,0.0367529,fluid
24,0.0539598,0.0346779,,999.921,-0.0471213,-154.124,,0.0676985,-0.0212618,,-0.0147564,0.0359398,fluid
25,0.0420042,0.0484754,,999.907,-0.0497131,-183.394,,0.27003,-0.118294,,0.0299372,0.00844571,fluid
26,0.0266456,0.0583457,,999.919,-0.0324664,-159.514,,0.593508,-0.155989,,0.123987,-0.0196277,fluid
27,0.00912838,0.0634893,,999.941,-0.0172181,-115.574,,0.918626,-0.0413679,,0.222972,-0.00236862,fluid
28,-0.00912838,0.0634893,,999.973,-0.00831642,-52.1835,,1.07872,0.20892,,0.27427,0.0605616,fluid
29,-0.0266456,0.0583457,,1000,0.00524574,9.78903,,1.04725,0.480954,,0.277981,0.135139,fluid
30,-0.0420042,0.0484754,,1000.03,0.0159235,60.1183,,0.814172,0.638933,,0.225594,0.185437,fluid
31,-0.0539598,0.0346779,,1000.06,0.0299852,121.338,,0.498686,0.593166,,0.145029,0.178704,fluid
32,-0.0615439,0.0180709,,1000.08,0.0418181,160.719,,0.236898,0.355162,,0.0745265,0.113295,fluid
33,-0.0641421,7.85515e-18,,1000.09,0.0456825,168.889,,0.134271,2.60608e-14,,0.0479758,5.52637e-13,fluid
34,-0.0615439,-0.0180709,,1000.08,0.0418181,160.719,,0.236898,-0.355162,,0.0745265,-0.113295,fluid
35,-0.0539598,-0.0346779,,1000.06,0.0299852,121.338,,0.498686,-0.593166,,0.145029,-0.178704,fluid
36,-0.0420042,-0.0484754,,1000.03,0.0159235,60.1183,,0.814172,-0.638933,,0.225594,-0.185437,fluid
37,-0.0266456,-0.0583457,,1000,0.00524574,9.78903,,1.04725,-0.480954,,0.277981,-0.135139,fluid
38,-0.00912838,-0.0634893,,999.973,-0.00831642,-52.1835,,1.07872,-0.20892,,0.27427,-0.0605616,fluid
39,0.00912838,-0.0634893,,999.941,-0.0172181,-115.574,,0.918626,0.0413679,,0.222972,0.00236862,fluid
40,0.0266456,-0.0583457,,999.919,-0.0324664,-159.514,,0.593508,0.155989,,0.123987,0.0196277,fluid
41,0.0420042,-0.0484754,,999.907,-0.0497131,-183.394,,0.27003,0.118294,,0.0299372,-0.00844571,fluid
42,0.0539598,-0.0346779,,999.921,-0.0471213,-154.124,,0.0676985,0.0212618,,-0.0147564,-0.0359398,fluid
43,0.0615439,-0.0180709,,999.957,-0.0224488,-84.462,,-0.00650916,-0.033712,,-0.0197355,-0.0367529,fluid
44,0.0789501,0,,999.959,-0.01656,-80.5854,,-0.0406173,1.05757e-14,,-0.0364357,4.35367e-14,fluid
45,0.075752,0.0222428,,999.954,-0.0165403,-89.9599,,0.0563228,-0.0515688,,-0.00871869,-0.0174864,fluid
46,0.066417,0.0426836,,999.991,0.0145532,-17.8406,,0.307813,-0.12759,,0.0779427,-0.0429554,fluid
47,0.0517013,0.0596665,,1000.01,0.0258258,27.8723,,0.638925,-0.152702,,0.179208,-0.040027,fluid
48,0.032797,0.0718155,,1000.01,0.0104515,19.6702,,0.882544,-0.056264,,0.21582,0.00462265,fluid
49,0.0112358,0.0781465,,1000,0.00131118,8.57302,,0.986798,0.0949106,,0.221999,0.0398811,fluid
50,-0.0112358,0.0781465,,999.986,-0.00526043,-27.7835,,0.987963,0.247801,,0.220652,0.0738503,fluid
51,-0.032797,0.0718155,,999.954,-0.0179024,-91.0241,,0.877134,0.341912,,0.199153,0.0899372,fluid
52,-0.0517013,0.0596665,,999.958,-0.00621653,-81.6555,,0.722423,0.36377,,0.166689,0.0947843,fluid
53,-0.066417,0.0426836,,999.967,0.00141315,-63.9901,,0.575866,0.301441,,0.147381,0.0820755,fluid
54,-0.075752,0.0222428,,999.981,0.0142687,-36.5633,,0.455191,0.171786,,0.131032,0.0514226,fluid
55,-0.0789501,9.66859e-18,,999.99,0.0116196,-20.3627,,0.40381,1.17775e-14,,0.136363,1.03567e-12,fluid
56,-0.075752,-0.0222428,,999.981,0.0142687,-36.5633,,0.455191,-0.171786,,0.131032,-0.0514226,fluid
57,-0.066417,-0.0426836,,999.967,0.00141315,-63.9901,,0.575866,-0.301441,,0.147381,-0.0820755,fluid
58,-0.0517013,-0.0596665,,999.958,-0.00621653,-81.6555,,0.722423,-0.36377,,0.166689,-0.0947843,fluid
59,-0.032797,-0.0718155,,999.954,-0.0179024,-91.0241,,0.877134,-0.341912,,0.199153,-0.0899372,fluid
60,-0.0112358,-0.0781465,,999.986,-0.00526043,-27.7835,,0.987963,-0.247801,,0.220652,-0.0738503,fluid
61,0.0112358,-0.0781465,,1000,0.00131118,8.57302,,0.986798,-0.0949106,,0.221999,-0.0398811,fluid
62,0.032797,-0.0718155,,1000.01,0.0104515,19.6702,,0.882544,0.056264,,0.21582,-0.00462265,fluid
63,0.0517013,-0.0596665,,1000.01,0.0258258,27.8723,,0.638925,0.152702,,0.179208,0.040027,fluid
64,0.066417,-0.0426836,,999.991,0.0145532,-17.8406,,0.307813,0.12759,,0.0779427,0.0429554,fluid
65,0.075752,-0.0222428,,999.954,-0.0165403,-89.9599,,0.0563228,0.0515688,,-0.00871869,0.0174864,fluid
66,0.0944551,0,,999.976,-0.00114926,-47.0734,,-0.0370334,1.5042e-15,,-0.0391386,9.02168e-14,fluid
67,0.090629,0.0266111,,999.975,0.000302579,-48.2094,,0.142826,-0.0430418,,0.0106957,-0.0106492,fluid
68,0.0794607,0.0510663,,999.964,-0.012057,-70.438,,0.466993,-0.0389912,,0.102438,0.00311329,fluid
69,0.0618549,0.0713844,,999.941,-0.0275541,-115.279,,0.737024,0.0179232,,0.157777,0.0265045,fluid
70,0.0392381,0.0859194,,999.918,-0.0314044,-160.394,,0.875069,0.094318,,0.183689,0.0446636,fluid
71,0.0134424,0.0934937,,999.914,-0.0345597,-169.529,,0.913724,0.158958,,0.189442,0.0512677,fluid
72,-0.0134424,0.0934937,,999.922,-0.0313379,-152.141,,0.85896,0.211075,,0.164673,0.0629965,fluid
73,-0.0392381,0.0859194,,999.976,-0.00578422,-47.9163,,0.784872,0.214837,,0.148595,0.0506024,fluid
74,-0.0618549,0.0713844,,1000.03,0.0148212,64.9132,,0.712582,0.202979,,0.140959,0.0529959,fluid
75,-0.0794607,0.0510663,,1000.07,0.0201924,142.99,,0.670453,0.153466,,0.157,0.0338316,fluid
76,-0.090629,0.0266111,,1000.11,0.0397099,209.293,,0.623852,0.0874366,,0.167737,0.0222712,fluid
77,-0.0944551,1.15674e-17,,1000.13,0.0450628,257.261,,0.59188,-3.7819e-15,,0.204675,1.05937e-12,fluid
78,-0.090629,-0.0266111,,1000.11,0.0397099,209.293,,0.623852,-0.0874366,,0.167737,-0.0222712,fluid
79,-0.0794607,-0.0510663,,1000.07,0.0201924,142.99,,0.670453,-0.153466,,0.157,-0.0338316,fluid
80,-0.0618549,-0.0713844,,1000.03,0.0148212,64.9132,,0.712582,-0.202979,,0.140959,-0.0529959,fluid
81,-0.0392381,-0.0859194,,999.976,-0.00578422,-47.9163,,0.784872,-0.214837,,0.148595,-0.0506024,fluid
82,-0.0134424,-0.0934937,,999.922,-0.0313379,-152.141,,0.85896,-0.211075,,0.164673,-0.0629965,fluid
83,0.0134424,-0.0934937,,999.914,-0.0345597,-169.529,,0.913724,-0.158958,,0.189442,-0.0512677,fluid
84,0.0392381,-0.0859194,,999.918,-0.0314044,-160.394,,0.875069,-0.094318,,0.183689,-0.0446636,fluid
85,0.0618549,-0.0713844,,999.941,-0.0275541,-115.279,,0.737024,-0.0179232,,0.157777,-0.0265045,fluid
86,0.0794607,-0.0510663,,999.964,-0.012057,-70.438,,0.466993,0.0389912,,0.102438,-0.00311329,fluid
87,0.090629,-0.0266111,,999.975,0.000302579,-48.2094,,0.142826,0.0430418,,0.0106957,0.0106492,fluid
88,0.11069,0,,999.977,-0.00760643,-44.3431,,-0.000746228,-8.13176e-17,,-0.0244544,-7.64556e-13,fluid
89,0.106206,0.031185,,999.958,-0.0149712,-82.5584,,0.211943,-0.0393069,,0.0278242,-0.00646364,fluid
90,0.0931184,0.0598436,,999.941,-0.0244435,-116.152,,0.552894,-0.0400649,,0.120311,0.00221045,fluid
91,0.0724866,0.083654,,999.948,-0.0105416,-102.476,,0.778699,0.00325817,,0.162718,0.0172583,fluid
92,0.0459823,0.100687,,999.954,-0.0154057,-91.1312,,0.858421,0.0639172,,0.171825,0.0330661,fluid
93,0.0157528,0.109563,,999.959,-0.0111636,-79.5306,,0.839039,0.105714,,0.149016,0.0334693,fluid
94,-0.0157528,0.109563,,999.965,-0.0124913,-68.8603,,0.77487,0.144762,,0.129425,0.0431948,fluid
95,-0.0459823,0.100687,,999.988,-0.00401923,-24.4919,,0.730638,0.153417,,0.131401,0.0390546,fluid
96,-0.0724866,0.083654,,1000.01,-0.0117548,11.5142,,0.676899,0.161246,,0.132719,0.0513473,fluid
97,-0.0931184,0.0598436,,1000.05,0.0165426,101.359,,0.645478,0.127727,,0.146136,0.0350652,fluid
98,-0.106206,0.031185,,1000.09,0.0325784,170.643,,0.60413,0.0692256,,0.148854,0.0303777,fluid
99,-0.11069,1.35556e-17,,1000.1,0.0502591,197.524,,0.574756,5.46109e-15,,0.196349,8.15062e-13,fluid
100,-0.106206,-0.031185,,1000.09,0.0325784,170.643,,0.60413,-0.0692256,,0.148854,-0.0303777,fluid
101,-0.0931184,-0.0598436,,1000.05,0.0165426,101.359,,0.645478,-0.127727,,0.146136,-0.0350652,fluid
102,-0.0724866,-0.083654,,1000.01,-0.0117548,11.5142,,0.676899,-0.161246,,0.132719,-0.0513473,fluid
103,-0.0459823,-0.100687,,999.988,-0.00401923,-24.4919,,0.730638,-0.153417,,0.131401,-0.0390546,fluid
104,-0.0157528,-0.109563,,999.965,-0.0124913,-68.8603,,0.77487,-0.144762,,0.129425,-0.0431948,fluid
105,0.0157528,-0.109563,,999.959,-0.0111636,-79.5306,,0.839039,-0.105714,,0.149016,-0.0334693,fluid
106,0.0459823,-0.100687,,999.954,-0.0154057,-91.1312,,0.858421,-0.0639172,,0.171825,-0.0330661,fluid
107,0.0724866,-0.083654,,999.948,-0.0105416,-102.476,,0.778699,-0.00325817,,0.162718,-0.0172583,fluid
108,0.0931184,-0.0598436,,999.941,-0.0244435,-116.152,,0.552894,0.0400649,,0.120311,-0.00221045,fluid
109,0.106206,-0.031185,,999.958,-0.0149712,-82.5584,,0.211943,0.0393069,,0.0278242,0.00646364,fluid
110,0.127689,0,,999.979,-0.00711562,-40.9682,,0.0330953,1.74372e-15,,-0.0186167,-1.5389e-12,fluid
111,0.122517,0.0359743,,999.97,-0.00720582,-58.7726,,0.271212,-0.0491472,,0.0415554,-0.00952072,fluid
112,0.107419,0.0690341,,999.975,-0.00550116,-49.4259,,0.619556,-0.0461393,,0.134604,-0.00028267,fluid
113,0.0836188,0.0965012,,999.997,0.00689784,-5.91332,,0.791902,0.00735379,,0.159427,0.0133767,fluid
114,0.0530441,0.11615,,999.985,-0.0100884,-30.1914,,0.818698,0.0609888,,0.145157,0.0331257,fluid
115,0.0181721,0.12639,,999.983,-0.000741673,-33.1245,,0.765303,0.0876336,,0.120028,0.0294268,fluid
116,-0.0181721,0.12639,,999.979,-0.0109971,-41.4365,,0.726636,0.119283,,0.11824,0.0394971,fluid
117,-0.0530441,0.11615,,999.989,-0.0101556,-22.3059,,0.70449,0.13175,,0.125864,0.0388249,fluid
118,-0.0836188,0.0965012,,1000,-0.00539605,8.00926,,0.66919,0.146039,,0.127007,0.0489823,fluid
119,-0.107419,0.0690341,,1000.02,0.016641,47.1385,,0.656959,0.119718,,0.144021,0.0360562,fluid
120,-0.122517,0.0359743,,1000.02,-8.58314e-05,35.1788,,0.639315,0.0688787,,0.16136,0.0361332,fluid
121,-0.127689,1.56374e-17,,1000.01,0.00562203,20.4381,,0.61763,5.46799e-15,,0.217732,5.19993e-13,fluid
122,-0.122517,-0.0359743,,1000.02,-8.58314e-05,35.1788,,0.639315,-0.0688787,,0.16136,-0.0361332,fluid
123,-0.107419,-0.0690341,,1000.02,0.016641,47.1385,,0.656959,-0.119718,,0.144021,-0.0360562,fluid
124,-0.0836188,-0.0965012,,1000,-0.00539605,8.00926,,0.66919,-0.146039,,0.127007,-0.0489823,fluid
125,-0.0530441,-0.11615,,999.989,-0.0101556,-22.3059,,0.70449,-0.13175,,0.125864,-0.0388249,fluid
126,-0.0181721,-0.12639,,999.979,-0.0109971,-41.4365,,0.726636,-0.119283,,0.11824,-0.0394971,fluid
127,0.0181721,-0.12639,,999.983,-0.000741673,-33.1245,,0.765303,-0.0876336,,0.120028,-0.0294268,fluid
128,0.0530441,-0.11615,,999.985,-0.0100884,-30.1914,,0.818698,-0.0609888,,0.145157,-0.0331257,fluid
129,0.0836188,-0.0965012,,999.997,0.00689784,-5.91332,,0.791902,-0.00735379,,0.159427,-0.0133767,fluid
130,0.107419,-0.0690341,,999.975,-0.00550116,-49.4259,,0.619556,0.0461393,,0.134604,0.00028267,fluid
131,0.122517,-0.0359743,,999.97,-0.00720582,-58.7726,,0.271212,0.0491472,,0.0415554,0.00952072,fluid
132,0.145489,0,,999.988,-0.00288742,-24.4962,,0.0713745,-3.59911e-17,,-0.010764,-1.81883e-12,fluid
133,0.139596,0.040989,,999.975,-0.00222156,-49.0209,,0.329314,-0.0517765,,0.0526378,-0.00729163,fluid
134,0.122393,0.0786573,,999.979,-0.00307719,-41.0821,,0.668508,-0.0305777,,0.136905,0.00771911,fluid
135,0.0952751,0.109953,,999.994,0.000810049,-12.0282,,0.785364,0.0222564,,0.144593,0.0180928,fluid
136,0.0604383,0.132341,,999.974,-0.0115936,-50.1918,,0.768823,0.068038,,0.125644,0.0314759,fluid
137,0.0207052,0.144008,,999.977,-0.00516136,-44.3332,,0.719999,0.0771871,,0.105923,0.0279481,fluid
138,-0.0207052,0.144008,,999.987,-0.00972782,-26.2581,,0.698621,0.111599,,0.108288,0.0405819,fluid
139,-0.0604383,0.132341,,1000.01,0.0055232,19.0675,,0.691021,0.125133,,0.111579,0.041166,fluid
140,-0.0952751,0.109953,,1000.03,0.0130762,50.7656,,0.671168,0.137199,,0.117443,0.0491617,fluid
141,-0.122393,0.0786573,,1000.03,0.0111902,50.9691,,0.679914,0.115672,,0.14222,0.036402,fluid
142,-0.139596,0.040989,,1000.03,0.00278262,57.1653,,0.67633,0.0714302,,0.166395,0.0300075,fluid
143,-0.145489,1.78173e-17,,1000.04,0.0134534,70.7315,,0.655356,-1.8177e-15,,0.229512,5.4544e-13,fluid
144,-0.139596,-0.040989,,1000.03,0.00278262,57.1653,,0.67633,-0.0714302,,0.166395,-0.0300075,fluid
145,-0.122393,-0.0786573,,1000.03,0.0111902,50.9691,,0.679914,-0.115672,,0.14222,-0.036402,fluid
146,-0.0952751,-0.109953,,1000.03,0.0130762,50.7656,,0.671168,-0.137199,,0.117443,-0.0491617,fluid
147,-0.0604383,-0.132341,,1000.01,0.0055232,19.0675,,0.691021,-0.125133,,0.111579,-0.041166,fluid
148,-0.0207052,-0.144008,,999.987,-0.00972782,-26.2581,,0.698621,-0.111599,,0.108288,-0.0405819,fluid
149,0.0207052,-0.144008,,999.977,-0.00516136,-44.3332,,0.719999,-0.0771871,,0.105923,-0.0279481,fluid
150,0.0604383,-0.132341,,999.974,-0.0115936,-50.1918,,0.768823,-0.068038,,0.125644,-0.0314759,fluid
151,0.0952751,-0.109953,,999.994,0.000810049,-12.0282,,0.785364,-0.0222564,,0.144593,-0.0180928,fluid
152,0.122393,-0.0786573,,999.979,-0.00307719,-41.0821,,0.668508,0.0305777,,0.136905,-0.00771911,fluid
153,0.139596,-0.040989,,999.975,-0.00222156,-49.0209,,0.329314,0.0517765,,0.0526378,0.00729163,fluid
154,0.164127,0,,999.989,-0.00354145,-22.0402,,0.111312,-1.73792e-15,,-0.00353419,-1.39045e-12,fluid
155,0.157478,0.0462398,,999.975,-0.00407947,-49.595,,0.378304,-0.0550192,,0.0599881,-0.00572575,fluid
156,0.138072,0.0887336,,999.981,-0.00944657,-38.126,,0.694696,-0.0182442,,0.131887,0.0141161,fluid
157,0.10748,0.124039,,999.987,-0.00364002,-25.1068,,0.760996,0.0295985,,0.128165,0.0240297,fluid
158,0.0681807,0.149295,,999.976,-0.00785856,-47.0855,,0.726138,0.0674548,,0.107235,0.030508,fluid
159,0.0233577,0.162456,,999.986,-0.00450765,-28.408,,0.694556,0.0699975,,0.0935651,0.027864,fluid
160,-0.0233577,0.162456,,999.993,-0.00471116,-14.0167,,0.680096,0.107464,,0.0941111,0.0406867,fluid
161,-0.0681807,0.149295,,1000,0.00633024,1.54058,,0.682298,0.116692,,0.0965803,0.0394428,fluid
162,-0.10748,0.124039,,1000,-0.00538636,2.37875,,0.67051,0.121102,,0.112451,0.0428309,fluid
163,-0.138072,0.0887336,,1000.01,0.000610481,28.9076,,0.682442,0.0958425,,0.13589,0.0281276,fluid
164,-0.157478,0.0462398,,1000.05,0.0199734,101.967,,0.688165,0.0487901,,0.161197,0.0237277,fluid
165,-0.164127,2.00997e-17,,1000.08,0.040078,151.723,,0.672426,-5.12969e-15,,0.230344,7.75232e-13,fluid
166,-0.157478,-0.0462398,,1000.05,0.0199734,101.967,,0.688165,-0.0487901,,0.161197,-0.0237277,fluid
167,-0.138072,-0.0887336,,1000.01,0.000610481,28.9076,,0.682442,-0.0958425,,0.13589,-0.0281276,fluid
168,-0.10748,-0.124039,,1000,-0.00538637,2.37875,,0.67051,-0.121102,,0.112451,-0.0428309,fluid
169,-0.0681807,-0.149295,,1000,0.00633024,1.54058,,0.682298,-0.116692,,0.0965803,-0.0394428,fluid
170,-0.0233577,-0.162456,,999.993,-0.00471116,-14.0167,,0.680096,-0.107464,,0.0941111,-0.0406867,fluid
171,0.0233577,-0.162456,,999.986,-0.00450765,-28.408,,0.694556,-0.0699975,,0.0935651,-0.027864,fluid
172,0.0681807,-0.149295,,999.976,-0.00785856,-47.0855,,0.726138,-0.0674548,,0.107235,-0.030508,fluid
173,0.10748,-0.124039,,999.987,-0.00364002,-25.1068,,0.760996,-0.0295985,,0.128165,-0.0240297,fluid
174,0.138072,-0.0887336,,999.981,-0.00944657,-38.126,,0.694696,0.0182442,,0.131887,-0.0141161,fluid
175,0.157478,-0.0462398,,999.975,-0.00407947,-49.595,,0.378304,0.0550192,,0.0599881,0.00572575,fluid
176,0.183642,0,,999.988,-0.00308413,-24.1048,,0.149794,4.16501e-17,,0.00347464,-6.35092e-13,fluid
177,0.176203,0.0517378,,999.98,-0.00463109,-39.2872,,0.41863,-0.0557318,,0.0663682,-0.00806217,fluid
178,0.154489,0.0992842,,999.988,0.000667546,-23.7621,,0.709147,-0.00724528,,0.134828,0.0169385,fluid
179,0.12026,0.138787,,999.988,-0.00183885,-24.3741,,0.737361,0.0285676,,0.114201,0.0256964,fluid
180,0.0762875,0.167046,,999.982,-0.00405957,-35.3779,,0.691022,0.0636515,,0.0923733,0.0295106,fluid
181,0.0261349,0.181772,,999.994,-0.00144674,-11.3189,,0.674074,0.0677877,,0.0811117,0.0288835,fluid
182,-0.0261349,0.181772,,999.989,-0.00627156,-21.8312,,0.663774,0.102259,,0.0804877,0.0380259,fluid
183,-0.0762875,0.167046,,999.984,-0.0104285,-30.9419,,0.668265,0.10375,,0.0859053,0.032626,fluid
184,-0.12026,0.138787,,999.992,-0.0204577,-15.3321,,0.655986,0.100405,,0.10384,0.0329485,fluid
185,-0.154489,0.0992842,,1000.02,0.00287427,37.9111,,0.678699,0.0818498,,0.130422,0.0255475,fluid
186,-0.176203,0.0517378,,1000.03,0.00538412,55.6949,,0.706107,0.0396702,,0.16595,0.0267214,fluid
187,-0.183642,2.24896e-17,,1000.03,0.00729568,62.6923,,0.701345,-3.96689e-15,,0.244628,9.62251e-13,fluid
188,-0.176203,-0.0517378,,1000.03,0.00538412,55.6949,,0.706107,-0.0396702,,0.16595,-0.0267214,fluid
189,-0.154489,-0.0992842,,1000.02,0.00287427,37.9111,,0.678699,-0.0818498,,0.130422,-0.0255475,fluid
190,-0.12026,-0.138787,,999.992,-0.0204577,-15.3321,,0.655986,-0.100405,,0.10384,-0.0329485,fluid
191,-0.0762875,-0.167046,,999.984,-0.0104285,-30.9419,,0.668265,-0.10375,,0.0859053,-0.032626,fluid
192,-0.0261349,-0.181772,,999.989,-0.00627156,-21.8312,,0.663774,-0.102259,,0.0804877,-0.0380259,fluid
193,0.0261349,-0.181772,,999.994,-0.00144674,-11.3189,,0.674074,-0.0677877,,0.0811117,-0.0288835,fluid
194,0.0762875,-0.167046,,999.982,-0.00405957,-35.3779,,0.691022,-0.0636515,,0.0923733,-0.0295106,fluid
195,0.12026,-0.138787,,999.988,-0.00183885,-24.3741,,0.737361,-0.0285676,,0.114201,-0.0256964,fluid
196,0.154489,-0.0992842,,999.988,0.000667546,-23.7621,,0.709147,0.00724528,,0.134828,-0.0169385,fluid
197,0.176203,-0.0517378,,999.98,-0.00463109,-39.2872,,0.41863,0.0557318,,0.0663682,0.00806217,fluid
198,0.204075,0,,999.99,-0.000350377,-19.9065,,0.188611,2.38924e-15,,0.012821,-6.67747e-15,fluid
199,0.195809,0.0574947,,999.988,-0.00141942,-22.6936,,0.450641,-0.0514431,,0.0732064,-0.0110745,fluid
200,0.171679,0.110331,,999.996,0.00439241,-8.25139,,0.713393,0.0055883,,0.128421,0.0124468,fluid
201,0.133641,0.15423,,999.991,-0.00106802,-18.2612,,0.713068,0.0256481,,0.105595,0.0201552,fluid
202,0.084776,0.185634,,999.986,-0.00393906,-27.5123,,0.665575,0.0589488,,0.0777319,0.0284939,fluid
203,0.029043,0.201998,,999.993,-0.00209809,-13.057,,0.654465,0.0667811,,0.069096,0.029234,fluid
204,-0.029043,0.201998,,999.989,-0.0075831,-20.785,,0.640819,0.0959084,,0.0650699,0.034158,fluid
205,-0.084776,0.185634,,1000,-0.0101296,0.0214619,,0.638291,0.0945447,,0.0684161,0.0297344,fluid
206,-0.133641,0.15423,,1000.03,0.00466731,49.0575,,0.634673,0.0951045,,0.0839999,0.035832,fluid
207,-0.171679,0.110331,,1000.03,0.0162367,61.865,,0.670519,0.0807902,,0.113107,0.0303829,fluid
208,-0.195809,0.0574947,,1000,-0.0187368,-0.183646,,0.727348,0.0530635,,0.171872,0.030874,fluid
209,-0.204075,2.4992e-17,,999.983,-0.0249535,-33.8215,,0.729152,6.38577e-16,,0.257254,1.04253e-12,fluid
210,-0.195809,-0.0574947,,1000,-0.0187368,-0.183646,,0.727348,-0.0530635,,0.171872,-0.030874,fluid
211,-0.171679,-0.110331,,1000.03,0.0162367,61.865,,0.670519,-0.0807902,,0.113107,-0.0303829,fluid
212,-0.133641,-0.15423,,1000.03,0.00466731,49.0575,,0.634673,-0.0951045,,0.0839999,-0.035832,fluid
213,-0.084776,-0.185634,,1000,-0.0101296,0.0214619,,0.638291,-0.0945447,,0.0684161,-0.0297344,fluid
214,-0.029043,-0.201998,,999.989,-0.0075831,-20.785,,0.640819,-0.0959084,,0.0650699,-0.034158,fluid
215,0.029043,-0.201998,,999.993,-0.00209809,-13.057,,0.654465,-0.0667811,,0.069096,-0.029234,fluid
216,0.084776,-0.185634,,999.986,-0.00393906,-27.5123,,0.665575,-0.0589488,,0.0777319,-0.0284939,fluid
217,0.133641,-0.15423,,999.991,-0.00106802,-18.2612,,0.713068,-0.0256481,,0.105595,-0.0201552,fluid
218,0.171679,-0.110331,,999.996,0.00439241,-8.25139,,0.713393,-0.0055883,,0.128421,-0.0124468,fluid
219,0.195809,-0.0574947,,999.988,-0.00141942,-22.6936,,0.450641,0.0514431,,0.0732064,0.0110745,fluid
220,0.225471,0,,999.992,-0.00141618,-15.9793,,0.224577,5.55227e-16,,0.0215974,2.35283e-13,fluid
221,0.216338,0.0635226,,999.992,0.00187708,-16.3318,,0.473837,-0.0462276,,0.0768815,-0.0101387,fluid
222,0.189678,0.121899,,999.993,-0.00193265,-14.1303,,0.706195,0.0152064,,0.121198,0.014593,fluid
223,0.147652,0.1704,,999.993,-0.0024346,-14.2356,,0.68311,0.029748,,0.0943554,0.0171544,fluid
224,0.0936641,0.205096,,999.991,-0.00425693,-18.4292,,0.64606,0.0559654,,0.0657423,0.0266308,fluid
225,0.0320879,0.223176,,999.99,-0.00440798,-19.7427,,0.633356,0.0649299,,0.0561058,0.0286886,fluid
226,-0.0320879,0.223176,,999.995,-0.00449058,-8.87718,,0.612685,0.0890972,,0.0479114,0.030864,fluid
227,-0.0936641,0.205096,,1000.01,0.00552924,27.2445,,0.612121,0.0881485,,0.0515154,0.0338157,fluid
228,-0.147652,0.1704,,1000.02,0.012805,48.8564,,0.622192,0.0878324,,0.0705099,0.0325854,fluid
229,-0.189678,0.121899,,1000.02,0.00204813,30.8614,,0.664944,0.0745158,,0.108262,0.0279949,fluid
230,-0.216338,0.0635226,,1000.02,-0.00616415,46.4117,,0.72797,0.0475904,,0.167126,0.0260725,fluid
231,-0.225471,2.76122e-17,,1000.04,0.0185691,69.3264,,0.73433,-6.37059e-16,,0.253467,1.00934e-12,fluid
232,-0.216338,-0.0635226,,1000.02,-0.00616415,46.4117,,0.72797,-0.0475904,,0.167126,-0.0260725,fluid
233,-0.189678,-0.121899,,1000.02,0.00204813,30.8614,,0.664944,-0.0745158,,0.108262,-0.0279949,fluid
234,-0.147652,-0.1704,,1000.02,0.012805,48.8564,,0.622192,-0.0878324,,0.0705099,-0.0325854,fluid
235,-0.0936641,-0.205096,,1000.01,0.00552924,27.2445,,0.612121,-0.0881485,,0.0515154,-0.0338157,fluid
236,-0.0320879,-0.223176,,999.995,-0.00449058,-8.87718,,0.612685,-0.0890972,,0.0479114,-0.030864,fluid
237,0.0320879,-0.223176,,999.99,-0.00440798,-19.7427,,0.633356,-0.0649299,,0.0561058,-0.0286886,fluid
238,0.0936641,-0.205096,,999.991,-0.00425693,-18.4292,,0.64606,-0.0559654,,0.0657423,-0.0266308,fluid
239,0.147652,-0.1704,,999.993,-0.0024346,-14.2356,,0.68311,-0.029748,,0.0943554,-0.0171544,fluid
240,0.189678,-0.121899,,999.993,-0.00193265,-14.1303,,0.706195,-0.0152064,,0.121198,-0.014593,fluid
241,0.216338,-0.0635226,,999.992,0.00187708,-16.3318,,0.473837,0.0462276,,0.0768815,0.0101387,fluid
242,0.247874,0,,999.991,-0.00512747,-17.6381,,0.256007,-2.66626e-15,,0.0273762,4.09688e-14,fluid
243,0.237833,0.0698342,,999.992,0.00323668,-16.1693,,0.491368,-0.0419543,,0.0754196,-0.00345734,fluid
244,0.208525,0.134011,,999.991,-0.00437763,-18.6304,,0.698474,0.0216153,,0.10965,0.0221829,fluid
245,0.162323,0.187331,,999.994,-0.00151285,-11.101,,0.654234,0.0358461,,0.0760059,0.0234678,fluid
246,0.102971,0.225474,,999.995,-0.00185627,-10.3116,,0.628357,0.0553501,,0.0551228,0.0258479,fluid
247,0.0352762,0.245351,,999.992,-0.00409148,-16.4143,,0.61068,0.0630132,,0.0423533,0.0279797,fluid
248,-0.0352762,0.245351,,999.998,-0.00190487,-4.00255,,0.589661,0.0826137,,0.0342357,0.0283852,fluid
249,-0.102971,0.225474,,999.996,0.000585033,-7.55979,,0.598282,0.0788789,,0.0399068,0.0291971,fluid
250,-0.162323,0.187331,,999.987,-0.0156724,-25.0762,,0.61649,0.0754193,,0.0665264,0.0247414,fluid
251,-0.208525,0.134011,,999.992,-0.0248098,-16.068,,0.660387,0.0619142,,0.103947,0.0176562,fluid
252,-0.237833,0.0698342,,1000.05,0.0221049,98.918,,0.721417,0.0286608,,0.154328,0.0240657,fluid
253,-0.247874,3.03558e-17,,1000.08,0.0518347,165.308,,0.737812,-1.05744e-15,,0.251927,9.26695e-13,fluid
254,-0.237833,-0.0698342,,1000.05,0.0221049,98.918,,0.721417,-0.0286608,,0.154328,-0.0240657,fluid
255,-0.208525,-0.134011,,999.992,-0.0248098,-16.068,,0.660387,-0.0619142,,0.103947,-0.0176562,fluid
256,-0.162323,-0.187331,,999.987,-0.0156724,-25.0762,,0.61649,-0.0754193,,0.0665264,-0.0247414,fluid
257,-0.102971,-0.225474,,999.996,0.000585033,-7.55979,,0.598282,-0.0788789,,0.0399068,-0.0291971,fluid
258,-0.0352762,-0.245351,,999.998,-0.00190487,-4.00255,,0.589661,-0.0826137,,0.0342357,-0.0283852,fluid
259,0.0352762,-0.245351,,999.992,-0.00409148,-16.4143,,0.61068,-0.0630132,,0.0423533,-0.0279797,fluid
260,0.102971,-0.225474,,999.995,-0.00185627,-10.3116,,0.628357,-0.0553501,,0.0551228,-0.0258479,fluid
261,0.162323,-0.187331,,999.994,-0.00151285,-11.101,,0.654234,-0.0358461,,0.0760059,-0.0234678,fluid
262,0.208525,-0.134011,,999.991,-0.00437763,-18.6304,,0.698474,-0.0216153,,0.10965,-0.0221829,fluid
263,0.237833,-0.0698342,,999.992,0.00323668,-16.1693,,0.491368,0.0419543,,0.0754196,0.00345734,fluid
264,0.271332,0,,999.991,-0.00393637,-18.6324,,0.28374,-4.39605e-15,,0.031195,-4.19415e-13,fluid
265,0.260341,0.076443,,999.996,0.00406384,-7.71684,,0.507872,-0.0373716,,0.0730048,0.00372467,fluid
266,0.228259,0.146693,,999.996,-0.00102504,-7.53696,,0.692208,0.0230907,,0.0996597,0.0274464,fluid
267,0.177685,0.205059,,999.997,0.00137578,-6.66109,,0.636122,0.0338805,,0.0627159,0.0271073,fluid
268,0.112715,0.246812,,999.995,0.000524089,-9.08112,,0.609194,0.0556216,,0.0444382,0.0260746,fluid
269,0.0386145,0.26857,,999.996,-0.00243248,-7.57808,,0.588696,0.0611084,,0.0296204,0.0269517,fluid
270,-0.0386145,0.26857,,999.997,-0.00235007,-5.98305,,0.570913,0.0765852,,0.0229791,0.0258023,fluid
271,-0.112715,0.246812,,999.98,-0.017018,-38.7127,,0.582198,0.0694257,,0.0301087,0.0228012,fluid
272,-0.177685,0.205059,,999.984,-0.0258176,-31.7388,,0.60215,0.0658799,,0.0568962,0.0182197,fluid
273,-0.228259,0.146693,,1000,-0.00760661,2.06873,,0.650768,0.0589845,,0.0862898,0.0214322,fluid
274,-0.260341,0.076443,,1000.02,0.00632514,38.487,,0.731149,0.0280395,,0.15493,0.0203317,fluid
275,-0.271332,3.32286e-17,,1000.01,-0.0084645,29.3172,,0.762706,-2.17859e-15,,0.267289,8.78496e-13,fluid
276,-0.260341,-0.076443,,1000.02,0.00632514,38.487,,0.731149,-0.0280395,,0.15493,-0.0203317,fluid
277,-0.228259,-0.146693,,1000,-0.00760661,2.06873,,0.650768,-0.0589845,,0.0862898,-0.0214322,fluid
278,-0.177685,-0.205059,,999.984,-0.0258176,-31.7388,,0.60215,-0.0658799,,0.0568962,-0.0182197,fluid
279,-0.112715,-0.246812,,999.98,-0.017018,-38.7127,,0.582198,-0.0694257,,0.0301087,-0.0228012,fluid
280,-0.0386145,-0.26857,,999.997,-0.00235007,-5.98305,,0.570913,-0.0765852,,0.0229791,-0.0258023,fluid
281,0.0386145,-0.26857,,999.996,-0.00243248,-7.57808,,0.588696,-0.0611084,,0.0296204,-0.0269517,fluid
282,0.112715,-0.246812,,999.995,0.000524089,-9.08112,,0.609194,-0.0556216,,0.0444382,-0.0260746,fluid
283,0.177685,-0.205059,,999.997,0.00137578,-6.66109,,0.636122,-0.0338805,,0.0627159,-0.0271073,fluid
284,0.228259,-0.146693,,999.996,-0.00102504,-7.53696,,0.692208,-0.0230907,,0.0996597,-0.0274464,fluid
285,0.260341,-0.076443,,999.996,0.00406384,-7.71684,,0.507872,0.0373716,,0.0730048,-0.00372467,fluid
286,0.295894,0,,999.993,0.00119766,-14.0769,,0.309759,-4.75891e-15,,0.0345302,-8.34177e-13,fluid
287,0.283908,0.0833629,,1000,0.00414656,2.44917,,0.522448,-0.0334416,,0.0726903,0.00503356,fluid
288,0.248922,0.159972,,999.999,0.00155185,-2.42637,,0.683551,0.0236926,,0.0957688,0.0237671,fluid
289,0.193769,0.223622,,999.997,0.00102146,-5.67788,,0.622968,0.0272472,,0.056738,0.0231488,fluid
290,0.122919,0.269155,,999.993,-0.000568443,-13.556,,0.589197,0.0550308,,0.0337623,0.0255138,fluid
291,0.0421101,0.292882,,999.997,-0.00301913,-6.23723,,0.568343,0.0582229,,0.0185608,0.025073,fluid
292,-0.0421101,0.292882,,999.997,-0.00355721,-6.72579,,0.549964,0.0705625,,0.0108116,0.0227862,fluid
293,-0.122919,0.269155,,1000,-0.00862028,6.67006,,0.552276,0.0708652,,0.012598,0.0252545,fluid
294,-0.193769,0.223622,,1000.03,0.0115575,67.3776,,0.568216,0.0747257,,0.0316388,0.0268556,fluid
295,-0.248922,0.159972,,1000.04,0.0296559,69.113,,0.630838,0.0732364,,0.0671728,0.0346641,fluid
296,-0.283908,0.0833629,,999.977,-0.0337764,-46.1012,,0.750398,0.0446796,,0.166388,0.0318096,fluid
297,-0.295894,3.62365e-17,,999.94,-0.0647323,-116.824,,0.789428,-3.14158e-15,,0.282525,8.18505e-13,fluid
298,-0.283908,-0.0833629,,999.977,-0.0337764,-46.1012,,0.750398,-0.0446796,,0.166388,-0.0318096,fluid
299,-0.248922,-0.159972,,1000.04,0.0296559,69.113,,0.630838,-0.0732364,,0.0671728,-0.0346641,fluid
300,-0.193769,-0.223622,,1000.03,0.0115575,67.3776,,0.568216,-0.0747257,,0.0316388,-0.0268556,fluid
301,-0.122919,-0.269155,,1000,-0.00862028,6.67006,,0.552276,-0.0708652,,0.012598,-0.0252545,fluid
302,-0.0421101,-0.292882,,999.997,-0.00355721,-6.72579,,0.549964,-0.0705625,,0.0108116,-0.0227862,fluid
303,0.0421101,-0.292882,,999.997,-0.00301913,-6.23723,,0.568343,-0.0582229,,0.0185608,-0.025073,fluid
304,0.122919,-0.269155,,999.993,-0.000568443,-13.556,,0.589197,-0.0550308,,0.0337623,-0.0255138,fluid
305,0.193769,-0.223622,,999.997,0.00102146,-5.67788,,0.622968,-0.0272472,,0.056738,-0.0231488,fluid
306,0.248922,-0.159972,,999.999,0.00155185,-2.42637,,0.683551,-0.0236926,,0.0957688,-0.0237671,fluid
307,0.283908,-0.0833629,,1000,0.00414656,2.44917,,0.522448,0.0334416,,0.0726903,-0.00503356,fluid
308,0.321612,0,,999.994,0.00158127,-12.4,,0.333652,-4.71891e-15,,0.0365457,-9.46008e-13,fluid
309,0.308585,0.0906086,,1000,0.00150328,1.48178,,0.531055,-0.0306784,,0.0730324,0.000119625,fluid
310,0.270557,0.173877,,999.993,-0.000272645,-13.0558,,0.668789,0.0285263,,0.092096,0.0173011,fluid
311,0.210611,0.243058,,999.995,-0.00278664,-9.09973,,0.604695,0.0261895,,0.0510101,0.0177005,fluid
312,0.133603,0.292549,,999.993,-0.00292151,-14.4925,,0.57236,0.0533277,,0.0230848,0.0241561,fluid
313,0.0457702,0.318339,,999.994,-0.0049754,-12.3595,,0.549714,0.0543923,,0.00815682,0.0228381,fluid
314,-0.0457702,0.318339,,999.996,-0.00417967,-7.19982,,0.529893,0.065028,,-0.00148066,0.0198832,fluid
315,-0.133603,0.292549,,1000.02,0.00492771,31.3718,,0.532466,0.0655947,,-0.000495659,0.0243364,fluid
316,-0.210611,0.243058,,1000.03,0.0164989,59.6607,,0.555199,0.0641499,,0.0207845,0.0201815,fluid
317,-0.270557,0.173877,,1000.02,0.00758486,39.3372,,0.622304,0.0629771,,0.0625297,0.0254478,fluid
318,-0.308585,0.0906086,,1000,-0.0308771,1.6896,,0.744032,0.0414426,,0.160171,0.0279554,fluid
319,-0.321612,3.93861e-17,,1000.01,0.00725795,24.704,,0.785789,9.30035e-18,,0.269624,7.20232e-13,fluid
320,-0.308585,-0.0906086,,1000,-0.0308771,1.6896,,0.744032,-0.0414426,,0.160171,-0.0279554,fluid
321,-0.270557,-0.173877,,1000.02,0.00758486,39.3372,,0.622304,-0.0629771,,0.0625297,-0.0254478,fluid
322,-0.210611,-0.243058,,1000.03,0.0164989,59.6607,,0.555199,-0.0641499,,0.0207845,-0.0201815,fluid
323,-0.133603,-0.292549,,1000.02,0.00492771,31.3718,,0.532466,-0.0655947,,-0.000495659,-0.0243364,fluid
324,-0.0457702,-0.318339,,999.996,-0.00417967,-7.19982,,0.529893,-0.065028,,-0.00148066,-0.0198832,fluid
325,0.0457702,-0.318339,,999.994,-0.0049754,-12.3595,,0.549714,-0.0543923,,0.00815682,-0.0228381,fluid
326,0.133603,-0.292549,,999.993,-0.00292151,-14.4925,,0.57236,-0.0533277,,0.0230848,-0.0241561,fluid
327,0.210611,-0.243058,,999.995,-0.00278664,-9.09973,,0.604695,-0.0261895,,0.0510101,-0.0177005,fluid
328,0.270557,-0.173877,,999.993,-0.000272645,-13.0558,,0.668789,-0.0285263,,0.092096,-0.0173011,fluid
329,0.308585,-0.0906086,,1000,0.00150328,1.48178,,0.531055,0.0306784,,0.0730324,-0.000119625,fluid
330,0.348541,0,,999.993,-0.00331975,-12.9169,,0.355268,-5.83524e-15,,0.0384122,-7.80793e-13,fluid
331,0.334423,0.0981955,,999.998,8.12079e-05,-4.3512,,0.534874,-0.0265305,,0.0735743,-0.00472645,fluid
332,0.293212,0.188436,,999.991,-0.00167495,-17.7326,,0.651188,0.0367699,,0.0823367,0.0195757,fluid
333,0.228246,0.26341,,999.995,-0.00445433,-9.32113,,0.581223,0.0327963,,0.0407487,0.0170996,fluid
334,0.144789,0.317044,,999.997,-0.00180196,-6.13481,,0.558486,0.0522153,,0.0131489,0.0232142,fluid
335,0.0496026,0.344994,,999.993,-0.00462634,-13.674,,0.532774,0.0509754,,-0.00207216,0.0213152,fluid
336,-0.0496026,0.344994,,999.997,-0.00347221,-5.39198,,0.514568,0.0610588,,-0.0116366,0.0177956,fluid
337,-0.144789,0.317044,,999.994,-0.00218421,-12.7339,,0.52252,0.0578602,,-0.00769034,0.0210771,fluid
338,-0.228246,0.26341,,999.972,-0.0223511,-54.5356,,0.548876,0.049326,,0.0171412,0.0109952,fluid
339,-0.293212,0.188436,,999.971,-0.0450768,-57.3248,,0.61252,0.0417805,,0.0560166,0.0110142,fluid
340,-0.334423,0.0981955,,1000.06,0.0169622,118.883,,0.718933,0.0207516,,0.134726,0.0187262,fluid
341,-0.348541,4.2684e-17,,1000.13,0.104073,258.654,,0.76911,2.8735e-15,,0.253448,5.70613e-13,fluid
342,-0.334423,-0.0981955,,1000.06,0.0169622,118.883,,0.718933,-0.0207516,,0.134726,-0.0187262,fluid
343,-0.293212,-0.188436,,999.971,-0.0450768,-57.3248,,0.61252,-0.0417805,,0.0560166,-0.0110142,fluid
344,-0.228246,-0.26341,,999.972,-0.0223511,-54.5356,,0.548876,-0.049326,,0.0171412,-0.0109952,fluid
345,-0.144789,-0.317044,,999.994,-0.00218421,-12.7339,,0.52252,-0.0578602,,-0.00769034,-0.0210771,fluid
346,-0.0496026,-0.344994,,999.997,-0.00347221,-5.39198,,0.514568,-0.0610588,,-0.0116366,-0.0177956,fluid
347,0.0496026,-0.344994,,999.993,-0.00462634,-13.674,,0.532774,-0.0509754,,-0.00207216,-0.0213152,fluid
348,0.144789,-0.317044,,999.997,-0.00180196,-6.13481,,0.558486,-0.0522153,,0.0131489,-0.0232142,fluid
349,0.228246,-0.26341,,999.995,-0.00445433,-9.32113,,0.581223,-0.0327963,,0.0407487,-0.0170996,fluid
350,0.293212,-0.188436,,999.991,-0.00167495,-17.7326,,0.651188,-0.0367699,,0.0823367,-0.0195757,fluid
351,0.334423,-0.0981955,,999.998,8.12079e-05,-4.3512,,0.534874,0.0265305,,0.0735743,0.00472645,fluid
352,0.376738,0,,999.995,-0.00404681,-10.259,,0.373891,-7.60309e-15,,0.0423549,-5.34075e-13,fluid
353,0.361478,0.106139,,1000,0.00389082,1.74583,,0.538078,-0.017424,,0.0713164,-0.00123816,fluid
354,0.316932,0.20368,,999.998,0.000923901,-3.25416,,0.638162,0.0410275,,0.0707931,0.0256495,fluid
355,0.246711,0.28472,,999.998,-0.00130316,-3.11541,,0.564184,0.0361192,,0.0274965,0.0212497,fluid
356,0.156503,0.342693,,1000,0.0019028,3.07093,,0.544805,0.0516051,,0.00355798,0.0230711,fluid
357,0.0536155,0.372904,,999.997,-0.00225378,-6.31718,,0.516178,0.0484534,,-0.0115335,0.0203374,fluid
358,-0.0536155,0.372904,,1000,-0.00117054,2.6527,,0.500595,0.0580984,,-0.0192912,0.0163373,fluid
359,-0.156503,0.342693,,999.976,-0.0166975,-47.2304,,0.509489,0.0505671,,-0.015007,0.0165132,fluid
360,-0.246711,0.28472,,999.96,-0.0387063,-78.7997,,0.534281,0.0399549,,0.00934836,0.00353352,fluid
361,-0.316932,0.20368,,999.97,-0.0358083,-59.6143,,0.597156,0.0350628,,0.0371725,0.00938349,fluid
362,-0.361478,0.106139,,1000.04,0.0215598,84.1646,,0.720089,0.0095496,,0.130928,0.0131885,fluid
363,-0.376738,4.61371e-17,,1000.08,0.0392513,148.7,,0.788745,7.88941e-15,,0.270722,3.64173e-13,fluid
364,-0.361478,-0.106139,,1000.04,0.0215598,84.1646,,0.720089,-0.0095496,,0.130928,-0.0131885,fluid
365,-0.316932,-0.20368,,999.97,-0.0358083,-59.6143,,0.597156,-0.0350628,,0.0371725,-0.00938349,fluid
366,-0.246711,-0.28472,,999.96,-0.0387063,-78.7997,,0.534281,-0.0399549,,0.00934836,-0.00353352,fluid
367,-0.156503,-0.342693,,999.976,-0.0166975,-47.2304,,0.509489,-0.0505671,,-0.015007,-0.0165132,fluid
368,-0.0536155,-0.372904,,1000,-0.00117054,2.6527,,0.500595,-0.0580984,,-0.0192912,-0.0163373,fluid
369,0.0536155,-0.372904,,999.997,-0.00225378,-6.31718,,0.516178,-0.0484534,,-0.0115335,-0.0203374,fluid
370,0.156503,-0.342693,,1000,0.0019028,3.07093,,0.544805,-0.0516051,,0.00355798,-0.0230711,fluid
371,0.246711,-0.28472,,999.998,-0.00130316,-3.11541,,0.564184,-0.0361192,,0.0274965,-0.0212497,fluid
372,0.316932,-0.20368,,999.998,0.000923901,-3.25416,,0.638162,-0.0410275,,0.0707931,-0.0256495,fluid
373,0.361478,-0.106139,,1000,0.00389082,1.74583,,0.538078,0.017424,,0.0713164,0.00123816,fluid
374,0.406263,0,,999.994,0.00176279,-11.2389,,0.386383,-8.16663e-15,,0.0462115,-3.72022e-13,fluid
375,0.389806,0.114457,,1000.01,0.00842522,15.5655,,0.542248,-0.00793334,,0.0666673,0.00730322,fluid
376,0.34177,0.219642,,1000,0.00314514,8.68754,,0.630647,0.0374417,,0.0612879,0.0288564,fluid
377,0.266045,0.307033,,1000,0.00162963,0.828785,,0.555951,0.0315737,,0.0176962,0.0231194,fluid
378,0.168768,0.36955,,999.999,0.00213935,-1.11221,,0.531469,0.0491091,,-0.0036654,0.0215084,fluid
379,0.0578172,0.402128,,999.999,-0.0020444,-1.53529,,0.499678,0.0454204,,-0.0198756,0.0187479,fluid
380,-0.0578172,0.402128,,1000,0.000106326,6.29887,,0.484077,0.0537153,,-0.0271766,0.0143382,fluid
381,-0.168768,0.36955,,1000,-0.0105461,1.40649,,0.481009,0.0484301,,-0.0292373,0.0148516,fluid
382,-0.266045,0.307033,,1000.04,0.0138893,86.2731,,0.492327,0.0541719,,-0.0168655,0.0127398,fluid
383,-0.34177,0.219642,,1000.05,0.0415164,88.6296,,0.568922,0.0623579,,0.0128909,0.0316683,fluid
384,-0.389806,0.114457,,999.961,-0.0313793,-75.7952,,0.740488,0.0289738,,0.144208,0.0266474,fluid
385,-0.406263,4.97528e-17,,999.897,-0.114611,-202.158,,0.823002,1.12288e-14,,0.294634,3.7711e-14,fluid
386,-0.389806,-0.114457,,999.961,-0.0313793,-75.7952,,0.740488,-0.0289738,,0.144208,-0.0266474,fluid
387,-0.34177,-0.219642,,1000.05,0.0415164,88.6296,,0.568922,-0.0623579,,0.0128909,-0.0316683,fluid
388,-0.266045,-0.307033,,1000.04,0.0138893,86.2731,,0.492327,-0.0541719,,-0.0168655,-0.0127398,fluid
389,-0.168768,-0.36955,,1000,-0.0105461,1.40649,,0.481009,-0.0484301,,-0.0292373,-0.0148516,fluid
390,-0.0578172,-0.402128,,1000,0.000106326,6.29887,,0.484077,-0.0537153,,-0.0271766,-0.0143382,fluid
391,0.0578172,-0.402128,,999.999,-0.0020444,-1.53529,,0.499678,-0.0454204,,-0.0198756,-0.0187479,fluid
392,0.168768,-0.36955,,999.999,0.00213935,-1.11221,,0.531469,-0.0491091,,-0.0036654,-0.0215084,fluid
393,0.266045,-0.307033,,1000,0.00162963,0.828785,,0.555951,-0.0315737,,0.0176962,-0.0231194,fluid
394,0.34177,-0.219642,,1000,0.00314514,8.68754,,0.630647,-0.0374417,,0.0612879,-0.0288564,fluid
395,0.389806,-0.114457,,1000.01,0.00842522,15.5655,,0.542248,0.00793334,,0.0666673,-0.00730322,fluid
396,0.437177,0,,999.996,0.00409631,-8.09901,,0.39748,-7.78532e-15,,0.0460848,-3.06334e-13,fluid
397,0.419468,0.123167,,1000,0.00275726,8.76942,,0.543433,-0.00667227,,0.0598447,0.010437,fluid
398,0.367777,0.236356,,999.998,-1.95805e-05,-3.33155,,0.622147,0.0322345,,0.0550199,0.026266,fluid
399,0.28629,0.330396,,999.998,-0.000422441,-4.27082,,0.548231,0.0258593,,0.0132857,0.0199349,fluid
400,0.18161,0.39767,,999.992,-0.00246519,-15.9108,,0.5186,0.0452393,,-0.00869699,0.0183372,fluid
401,0.0622168,0.432727,,999.996,-0.00507739,-7.46664,,0.485496,0.0410204,,-0.0267225,0.0161046,fluid
402,-0.0622168,0.432727,,999.995,-0.00312127,-9.46971,,0.467352,0.0470411,,-0.0356542,0.011306,fluid
403,-0.18161,0.39767,,1000.02,0.00040411,36.5531,,0.459236,0.03982,,-0.0410802,0.0106922,fluid
404,-0.28629,0.330396,,1000.06,0.0367695,121.714,,0.472884,0.0425405,,-0.0324174,0.00546704,fluid
405,-0.367777,0.236356,,1000.05,0.045428,104.587,,0.55609,0.057431,,0.00473645,0.0283177,fluid
406,-0.419468,0.123167,,999.949,-0.0603871,-99.4922,,0.744542,0.034031,,0.147282,0.0288066,fluid
407,-0.437177,5.35387e-17,,999.899,-0.0967845,-198.454,,0.830415,1.15811e-14,,0.294838,-3.15373e-13,fluid
408,-0.419468,-0.123167,,999.949,-0.0603871,-99.4922,,0.744542,-0.034031,,0.147282,-0.0288066,fluid
409,-0.367777,-0.236356,,1000.05,0.045428,104.587,,0.55609,-0.057431,,0.00473645,-0.0283177,fluid
410,-0.28629,-0.330396,,1000.06,0.0367695,121.714,,0.472884,-0.0425405,,-0.0324174,-0.00546704,fluid
411,-0.18161,-0.39767,,1000.02,0.00040411,36.5531,,0.459236,-0.03982,,-0.0410802,-0.0106922,fluid
412,-0.0622168,-0.432727,,999.995,-0.00312127,-9.46971,,0.467352,-0.0470411,,-0.0356542,-0.011306,fluid
413,0.0622168,-0.432727,,999.996,-0.00507739,-7.46664,,0.485496,-0.0410204,,-0.0267225,-0.0161046,fluid
414,0.18161,-0.39767,,999.992,-0.00246519,-15.9108,,0.5186,-0.0452393,,-0.00869699,-0.0183372,fluid
415,0.28629,-0.330396,,999.998,-0.000422441,-4.27082,,0.548231,-0.0258593,,0.0132857,-0.0199349,fluid
416,0.367777,-0.236356,,999.998,-1.95804e-05,-3.33155,,0.622147,-0.0322345,,0.0550199,-0.026266,fluid
417,0.419468,-0.123167,,1000,0.00275726,8.76942,,0.543433,0.00667227,,0.0598447,-0.010437,fluid
418,0.469547,0,,999.999,-0.000884462,-2.05981,,0.410674,-7.08976e-15,,0.0434236,-2.76377e-13,fluid
419,0.450527,0.132287,,999.995,-0.00229431,-9.50305,,0.543965,-0.0116997,,0.0582373,0.00878688,fluid
420,0.395008,0.253856,,999.99,-0.00371991,-20.5402,,0.60793,0.0348723,,0.0499277,0.0229636,fluid
421,0.307488,0.35486,,999.994,-0.0038568,-10.9136,,0.534226,0.0264275,,0.00945476,0.0167931,fluid
422,0.195057,0.427115,,999.991,-0.00478708,-17.7973,,0.506853,0.042737,,-0.013948,0.0159182,fluid
423,0.0668235,0.464767,,999.993,-0.00642182,-14.447,,0.476479,0.0363391,,-0.0320071,0.0134153,fluid
424,-0.0668235,0.464767,,999.986,-0.00737931,-26.554,,0.456657,0.0413026,,-0.0444008,0.00826757,fluid
425,-0.195057,0.427115,,999.995,-0.00446059,-10.1116,,0.453909,0.0327601,,-0.0436226,0.0084986,fluid
426,-0.307488,0.35486,,999.966,-0.017879,-66.999,,0.470008,0.0249924,,-0.0317356,-0.0045229,fluid
427,-0.395008,0.253856,,999.963,-0.0505295,-73.5516,,0.540671,0.0258315,,-0.0040594,0.00563251,fluid
428,-0.450527,0.132287,,1000.07,0.011526,137.727,,0.696692,0.0133271,,0.109048,0.0159767,fluid
429,-0.469547,5.75029e-17,,1000.16,0.14022,319.985,,0.78514,1.12967e-14,,0.250121,-5.3295e-13,fluid
430,-0.450527,-0.132287,,1000.07,0.011526,137.727,,0.696692,-0.0133271,,0.109048,-0.0159767,fluid
431,-0.395008,-0.253856,,999.963,-0.0505295,-73.5516,,0.540671,-0.0258315,,-0.0040594,-0.00563251,fluid
432,-0.307488,-0.35486,,999.966,-0.017879,-66.999,,0.470008,-0.0249924,,-0.0317356,0.0045229,fluid
433,-0.195057,-0.427115,,999.995,-0.00446059,-10.1116,,0.453909,-0.0327601,,-0.0436226,-0.0084986,fluid
434,-0.0668235,-0.464767,,999.986,-0.00737931,-26.554,,0.456657,-0.0413026,,-0.0444008,-0.00826757,fluid
435,0.0668235,-0.464767,,999.993,-0.00642182,-14.447,,0.476479,-0.0363391,,-0.0320071,-0.0134153,fluid
436,0.195057,-0.427115,,999.991,-0.00478708,-17.7973,,0.506853,-0.042737,,-0.013948,-0.0159182,fluid
437,0.307488,-0.35486,,999.994,-0.0038568,-10.9136,,0.534226,-0.0264275,,0.00945476,-0.0167931,fluid
438,0.395008,-0.253856,,999.99,-0.00371991,-20.5402,,0.60793,-0.0348723,,0.0499277,-0.0229636,fluid
439,0.450527,-0.132287,,999.995,-0.00229431,-9.50305,,0.543965,0.0116997,,0.0582373,-0.00878688,fluid
440,0.50344,0,,999.997,-0.00419745,-6.54769,,0.422106,-7.61037e-15,,0.0422705,-2.00342e-13,fluid
441,0.483048,0.141836,,999.999,0.00155144,-2.6124,,0.545683,-0.0116981,,0.0565809,0.00661208,fluid
442,0.423521,0.27218,,999.995,-0.000274633,-10.4747,,0.592232,0.0427026,,0.0440226,0.0234148,fluid
443,0.329683,0.380475,,999.996,-0.0029966,-7.60399,,0.517221,0.0318312,,0.00334082,0.0164326,fluid
444,0.209137,0.457946,,1000,0.000376288,3.28223,,0.495528,0.0426463,,-0.0210627,0.0158615,fluid
445,0.071647,0.498316,,999.996,-0.00299029,-8.5574,,0.464689,0.0336097,,-0.0364464,0.0114281,fluid
446,-0.071647,0.498316,,999.995,-0.00461717,-9.14203,,0.44818,0.03884,,-0.0497386,0.0067972,fluid
447,-0.209137,0.457946,,999.97,-0.0143646,-59.1164,,0.450996,0.0272221,,-0.0443866,0.00718317,fluid
448,-0.329683,0.380475,,999.912,-0.060482,-172.108,,0.465832,0.0108242,,-0.0298077,-0.0125837,fluid
449,-0.423521,0.27218,,999.913,-0.0989004,-170.053,,0.525886,0.00112199,,-0.0137102,-0.0104096,fluid
450,-0.483048,0.141836,,1000.1,0.0471176,201.421,,0.6796,-0.0128837,,0.0931617,-0.00664923,fluid
451,-0.50344,6.16537e-17,,1000.25,0.210097,496.823,,0.773009,1.57156e-14,,0.240746,-5.46228e-13,fluid
452,-0.483048,-0.141836,,1000.1,0.0471176,201.421,,0.6796,0.0128837,,0.0931617,0.00664923,fluid
453,-0.423521,-0.27218,,999.913,-0.0989004,-170.053,,0.525886,-0.00112199,,-0.0137102,0.0104096,fluid
454,-0.329683,-0.380475,,999.912,-0.060482,-172.108,,0.465832,-0.0108242,,-0.0298077,0.0125837,fluid
455,-0.209137,-0.457946,,999.97,-0.0143646,-59.1164,,0.450996,-0.0272221,,-0.0443866,-0.00718317,fluid
456,-0.071647,-0.498316,,999.995,-0.00461717,-9.14203,,0.44818,-0.03884,,-0.0497386,-0.0067972,fluid
457,0.071647,-0.498316,,999.996,-0.00299029,-8.5574,,0.464689,-0.0336097,,-0.0364464,-0.0114281,fluid
458,0.209137,-0.457946,,1000,0.000376288,3.28223,,0.495528,-0.0426463,,-0.0210627,-0.0158615,fluid
459,0.329683,-0.380475,,999.996,-0.0029966,-7.60399,,0.517221,-0.0318312,,0.00334082,-0.0164326,fluid
460,0.423521,-0.27218,,999.995,-0.000274633,-10.4747,,0.592232,-0.0427026,,0.0440226,-0.0234148,fluid
461,0.483048,-0.141836,,999.999,0.00155144,-2.6124,,0.545683,0.0116981,,0.0565809,-0.00661208,fluid
462,0.53893,0,,999.998,0.000607164,-4.55199,,0.433094,-6.86681e-15,,0.0438081,-7.6916e-14,fluid
463,0.517099,0.151834,,1000.01,0.00799371,20.1533,,0.54446,-0.00221964,,0.0538376,0.00582348,fluid
464,0.453377,0.291367,,1000.01,0.00608804,15.4213,,0.581494,0.0451983,,0.0382735,0.0243016,fluid
465,0.352924,0.407296,,1000,0.000799252,1.76612,,0.505368,0.0341851,,-0.0042002,0.0179189,fluid
466,0.223879,0.490228,,1000.01,0.00566011,17.684,,0.484426,0.0421887,,-0.0284511,0.0163313,fluid
467,0.0766977,0.533444,,1000,-1.64549e-05,2.71535,,0.449624,0.0315088,,-0.0426169,0.00985068,fluid
468,-0.0766977,0.533444,,1000.01,0.00239639,22.2346,,0.435633,0.0369725,,-0.0539168,0.00598458,fluid
469,-0.223879,0.490228,,999.992,-0.0102983,-14.9608,,0.430717,0.0208003,,-0.0533972,0.003502,fluid
470,-0.352924,0.407296,,1000.01,-0.00812948,25.7003,,0.434474,0.0135737,,-0.0463898,-0.0133437,fluid
471,-0.453377,0.291367,,1000,-0.00396121,0.82142,,0.504721,0.015271,,-0.0289864,0.00343002,fluid
472,-0.517099,0.151834,,999.975,-0.0271609,-49.2577,,0.691658,-0.00673272,,0.103122,0.00247184,fluid
473,-0.53893,6.59999e-17,,999.976,-0.0417338,-46.6598,,0.798314,2.03177e-14,,0.261929,-3.98766e-13,fluid
474,-0.517099,-0.151834,,999.975,-0.0271609,-49.2577,,0.691658,0.00673272,,0.103122,-0.00247184,fluid
475,-0.453377,-0.291367,,1000,-0.00396121,0.82142,,0.504721,-0.015271,,-0.0289864,-0.00343002,fluid
476,-0.352924,-0.407296,,1000.01,-0.00812948,25.7003,,0.434474,-0.0135737,,-0.0463898,0.0133437,fluid
477,-0.223879,-0.490228,,999.992,-0.0102983,-14.9608,,0.430717,-0.0208003,,-0.0533972,-0.003502,fluid
478,-0.0766977,-0.533444,,1000.01,0.00239639,22.2346,,0.435633,-0.0369725,,-0.0539168,-0.00598458,fluid
479,0.0766977,-0.533444,,1000,-1.64549e-05,2.71535,,0.449624,-0.0315088,,-0.0426169,-0.00985068,fluid
480,0.223879,-0.490228,,1000.01,0.00566011,17.684,,0.484426,-0.0421887,,-0.0284511,-0.0163313,fluid
481,0.352924,-0.407296,,1000,0.000799252,1.76612,,0.505368,-0.0341851,,-0.0042002,-0.0179189,fluid
482,0.453377,-0.291367,,1000.01,0.00608804,15.4213,,0.581494,-0.0451983,,0.0382735,-0.0243016,fluid
483,0.517099,-0.151834,,1000.01,0.00799371,20.1533,,0.54446,0.00221964,,0.0538376,-0.00582348,fluid
484,0.57609,0,,999.996,0.00669766,-8.03377,,0.434786,-5.51761e-15,,0.0453792,4.87133e-14,fluid
485,0.552754,0.162303,,1000.01,0.00543683,20.6837,,0.540658,0.00719498,,0.0496968,0.00829162,fluid
486,0.484638,0.311458,,1000.01,0.00455512,15.1248,,0.57454,0.0409092,,0.0324355,0.0235417,fluid
487,0.377259,0.43538,,1000,0.000408888,0.931839,,0.501565,0.0290718,,-0.0104451,0.0175534,fluid
488,0.239316,0.52403,,1000,0.00188243,-0.816483,,0.478281,0.0369045,,-0.0332124,0.0144477,fluid
489,0.0819861,0.570226,,999.999,-0.0034082,-1.99059,,0.437611,0.0273839,,-0.0485838,0.00766295,fluid
490,-0.0819861,0.570226,,1000.01,0.00258675,14.7634,,0.421151,0.0321528,,-0.0585426,0.00433483,fluid
491,-0.239316,0.52403,,1000.02,-0.00268559,44.0033,,0.404963,0.0113824,,-0.0650054,-0.00261485,fluid
492,-0.377259,0.43538,,1000.12,0.0662188,243.557,,0.392255,0.0235825,,-0.0731332,-0.0066602,fluid
493,-0.484638,0.311458,,1000.12,0.120513,236.062,,0.468524,0.0394985,,-0.0537404,0.031919,fluid
494,-0.552754,0.162303,,999.886,-0.0884031,-223.519,,0.703799,-0.0164329,,0.106475,-0.00558572,fluid
495,-0.57609,7.05507e-17,,999.73,-0.270141,-529.901,,0.839582,2.38297e-14,,0.297021,-2.07536e-13,fluid
496,-0.552754,-0.162303,,999.886,-0.0884031,-223.519,,0.703799,0.0164329,,0.106475,0.00558572,fluid
497,-0.484638,-0.311458,,1000.12,0.120513,236.062,,0.468524,-0.0394985,,-0.0537404,-0.031919,fluid
498,-0.377259,-0.43538,,1000.12,0.0662188,243.557,,0.392255,-0.0235825,,-0.0731332,0.0066602,fluid
499,-0.239316,-0.52403,,1000.02,-0.00268559,44.0033,,0.404963,-0.0113824,,-0.0650054,0.00261485,fluid
500,-0.0819861,-0.570226,,1000.01,0.00258675,14.7634,,0.421151,-0.0321528,,-0.0585426,-0.00433483,fluid
501,0.0819861,-0.570226,,999.999,-0.0034082,-1.99059,,0.437611,-0.0273839,,-0.0485838,-0.00766295,fluid
502,0.239316,-0.52403,,1000,0.00188243,-0.816483,,0.478281,-0.0369045,,-0.0332124,-0.0144477,fluid
503,0.377259,-0.43538,,1000,0.000408888,0.931839,,0.501565,-0.0290718,,-0.0104451,-0.0175534,fluid
504,0.484638,-0.311458,,1000.01,0.00455512,15.1248,,0.57454,-0.0409092,,0.0324355,-0.0235417,fluid
505,0.552754,-0.162303,,1000.01,0.00543683,20.6837,,0.540658,-0.00719498,,0.0496968,-0.00829162,fluid
506,0.614999,0,,999.993,0.00231217,-13.7185,,0.43675,-4.67169e-15,,0.0424314,1.59157e-13,fluid
507,0.590087,0.173265,,999.997,-0.00531573,-5.1498,,0.537036,0.00917501,,0.0451303,0.0104805,fluid
508,0.51737,0.332494,,999.991,-0.00508186,-18.1053,,0.566966,0.0345908,,0.0263891,0.0211161,fluid
509,0.402739,0.464785,,999.995,-0.00476668,-10.2457,,0.498538,0.023314,,-0.0147625,0.0150146,fluid
510,0.25548,0.559423,,999.984,-0.00710898,-32.2857,,0.474501,0.0287514,,-0.0351488,0.0103021,fluid
511,0.0875235,0.608739,,999.99,-0.00934833,-20.3366,,0.432794,0.0211771,,-0.0530257,0.00475322,fluid
512,-0.0875235,0.608739,,999.982,-0.00605828,-35.369,,0.413322,0.0241098,,-0.062217,0.00148773,fluid
513,-0.25548,0.559423,,1000,-0.0107112,-0.66517,,0.393081,0.000568855,,-0.0687841,-0.0074469,fluid
514,-0.402739,0.464785,,1000.03,0.0270429,67.1174,,0.379237,0.00670043,,-0.0816309,-0.0155406,fluid
515,-0.51737,0.332494,,1000.06,0.0516223,111.333,,0.448365,0.0202517,,-0.0674495,0.0223522,fluid
516,-0.590087,0.173265,,1000,-0.0155511,4.22633,,0.687996,-0.0359926,,0.0888841,-0.0203785,fluid
517,-0.614999,7.53157e-17,,999.937,-0.0812357,-124.183,,0.848168,2.81632e-14,,0.30035,-3.17351e-14,fluid
518,-0.590087,-0.173265,,1000,-0.0155511,4.22633,,0.687996,0.0359926,,0.0888841,0.0203785,fluid
519,-0.51737,-0.332494,,1000.06,0.0516223,111.333,,0.448365,-0.0202517,,-0.0674495,-0.0223522,fluid
520,-0.402739,-0.464785,,1000.03,0.0270429,67.1174,,0.379237,-0.00670043,,-0.0816309,0.0155406,fluid
521,-0.25548,-0.559423,,1000,-0.0107112,-0.66517,,0.393081,-0.000568855,,-0.0687841,0.0074469,fluid
522,-0.0875235,-0.608739,,999.982,-0.00605828,-35.369,,0.413322,-0.0241098,,-0.062217,-0.00148773,fluid
523,0.0875235,-0.608739,,999.99,-0.00934833,-20.3366,,0.432794,-0.0211771,,-0.0530257,-0.00475322,fluid
524,0.25548,-0.559423,,999.984,-0.00710898,-32.2857,,0.474501,-0.0287514,,-0.0351488,-0.0103021,fluid
525,0.402739,-0.464785,,999.995,-0.00476668,-10.2457,,0.498538,-0.023314,,-0.0147625,-0.0150146,fluid
526,0.51737,-0.332494,,999.991,-0.00508186,-18.1053,,0.566966,-0.0345908,,0.0263891,-0.0211161,fluid
527,0.590087,-0.173265,,999.997,-0.00531573,-5.1498,,0.537036,-0.00917501,,0.0451303,-0.0104805,fluid
528,0.655741,0,,1000.01,-0.00624324,16.3263,,0.451315,-5.42472e-15,,0.0379643,2.33781e-13,fluid
529,0.629178,0.184743,,999.988,-0.00936146,-24.0081,,0.533974,0.00583346,,0.0412811,0.010056,fluid
530,0.551644,0.35452,,999.982,-0.00854956,-35.3156,,0.556928,0.0325984,,0.0203902,0.0197055,fluid
531,0.429419,0.495576,,999.995,-0.00553082,-9.89043,,0.490839,0.0230504,,-0.0175881,0.0124111,fluid
532,0.272404,0.596483,,999.985,-0.00769381,-28.9701,,0.468636,0.0234539,,-0.0361269,0.00652568,fluid
533,0.0933216,0.649066,,999.99,-0.0069743,-18.9899,,0.428556,0.0162551,,-0.0556425,0.00230591,fluid
534,-0.0933216,0.649066,,999.967,-0.0123929,-65.1449,,0.413948,0.0148012,,-0.0651494,-0.00220912,fluid
535,-0.272404,0.596483,,999.956,-0.0227975,-86.438,,0.395573,-0.00935029,,-0.0657484,-0.0111493,fluid
536,-0.429419,0.495576,,999.831,-0.0882002,-330.882,,0.392838,-0.0274893,,-0.0723463,-0.0353518,fluid
537,-0.551644,0.35452,,999.81,-0.208984,-371.757,,0.451267,-0.0265579,,-0.0594415,-0.0184769,fluid
538,-0.629178,0.184743,,1000.23,0.111221,449.755,,0.62037,-0.00689026,,0.0636659,0.0147854,fluid
539,-0.655741,8.03051e-17,,1000.53,0.492116,1045.46,,0.72396,3.3992e-14,,0.187707,1.16278e-13,fluid
540,-0.629178,-0.184743,,1000.23,0.111221,449.755,,0.62037,0.00689026,,0.0636659,-0.0147854,fluid
541,-0.551644,-0.35452,,999.81,-0.208984,-371.757,,0.451267,0.0265579,,-0.0594415,0.0184769,fluid
542,-0.429419,-0.495576,,999.831,-0.0882002,-330.882,,0.392838,0.0274893,,-0.0723463,0.0353518,fluid
543,-0.272404,-0.596483,,999.956,-0.0227975,-86.438,,0.395573,0.00935029,,-0.0657484,0.0111493,fluid
544,-0.0933216,-0.649066,,999.967,-0.0123929,-65.1449,,0.413948,-0.0148012,,-0.0651494,0.00220912,fluid
545,0.0933216,-0.649066,,999.99,-0.0069743,-18.9899,,0.428556,-0.0162551,,-0.0556425,-0.00230591,fluid
546,0.272404,-0.596483,,999.985,-0.00769381,-28.9701,,0.468636,-0.0234539,,-0.0361269,-0.00652568,fluid
547,0.429419,-0.495576,,999.995,-0.00553082,-9.89043,,0.490839,-0.0230504,,-0.0175881,-0.0124111,fluid
548,0.551644,-0.35452,,999.982,-0.00854956,-35.3156,,0.556928,-0.0325984,,0.0203902,-0.0197055,fluid
549,0.629178,-0.184743,,999.988,-0.00936146,-24.0081,,0.533974,-0.00583346,,0.0412811,-0.010056,fluid
550,0.6984,0,,1000.01,-0.000375591,15.7082,,0.455343,-6.36949e-15,,0.0373164,2.38469e-13,fluid
551,0.67011,0.196762,,999.999,0.00299578,-1.03747,,0.532646,0.00244619,,0.038656,0.0091442,fluid
552,0.587531,0.377583,,1000,0.00420843,5.88779,,0.547258,0.0367977,,0.0160365,0.0206512,fluid
553,0.457355,0.527815,,1000,0.00256742,6.88404,,0.48093,0.0266816,,-0.0203997,0.0121141,fluid
554,0.290126,0.635287,,1000.01,0.00509846,21.0688,,0.459829,0.0242006,,-0.0384864,0.00578828,fluid
555,0.0993927,0.691291,,1000.01,0.00464432,13.0992,,0.419951,0.0147578,,-0.0568234,0.00129444,fluid
556,-0.0993927,0.691291,,999.998,-0.00405015,-3.98853,,0.412534,0.0103575,,-0.0667779,-0.00411331,fluid
557,-0.290126,0.635287,,999.976,-0.0113183,-47.7088,,0.401418,-0.0178248,,-0.0615755,-0.0131739,fluid
558,-0.457355,0.527815,,999.901,-0.066616,-193.922,,0.413394,-0.0563662,,-0.0555822,-0.0516018,fluid
559,-0.587531,0.377583,,999.866,-0.146603,-263.774,,0.451313,-0.0883515,,-0.0467281,-0.0642866,fluid
560,-0.67011,0.196762,,1000.09,0.0346771,173.924,,0.571414,-0.0375305,,0.0336417,-0.0122215,fluid
561,-0.6984,8.55293e-17,,1000.3,0.269941,585.475,,0.630007,2.57302e-14,,0.113422,1.94498e-13,fluid
562,-0.67011,-0.196762,,1000.09,0.0346771,173.924,,0.571414,0.0375305,,0.0336417,0.0122215,fluid
563,-0.587531,-0.377583,,999.866,-0.146603,-263.774,,0.451313,0.0883515,,-0.0467281,0.0642866,fluid
564,-0.457355,-0.527815,,999.901,-0.066616,-193.922,,0.413394,0.0563662,,-0.0555822,0.0516018,fluid
565,-0.290126,-0.635287,,999.976,-0.0113183,-47.7088,,0.401418,0.0178248,,-0.0615755,0.0131739,fluid
566,-0.0993927,-0.691291,,999.998,-0.00405015,-3.98853,,0.412534,-0.0103575,,-0.0667779,0.00411331,fluid
567,0.0993927,-0.691291,,1000.01,0.00464432,13.0992,,0.419951,-0.0147578,,-0.0568234,-0.00129444,fluid
568,0.290126,-0.635287,,1000.01,0.00509846,21.0688,,0.459829,-0.0242006,,-0.0384864,-0.00578828,fluid
569,0.457355,-0.527815,,1000,0.00256742,6.88404,,0.48093,-0.0266816,,-0.0203997,-0.0121141,fluid
570,0.587531,-0.377583,,1000,0.00420843,5.88779,,0.547258,-0.0367977,,0.0160365,-0.0206512,fluid
571,0.67011,-0.196762,,999.999,0.00299578,-1.03747,,0.532646,-0.00244619,,0.038656,-0.0091442,fluid
572,0.743068,0,,999.983,0.0111594,-33.1721,,0.4503,-6.0791e-15,,0.0400916,1.77995e-13,fluid
573,0.712968,0.209346,,1000.02,0.016017,41.9239,,0.536554,0.00633696,,0.038612,0.0106191,fluid
574,0.625108,0.401733,,1000.03,0.0136831,49.6929,,0.543629,0.0419605,,0.0145143,0.0227257,fluid
575,0.486606,0.561573,,1000,0.00522502,3.06199,,0.473595,0.0285988,,-0.0231476,0.013489,fluid
576,0.308681,0.675918,,1000.02,0.0106164,37.5977,,0.45179,0.0286979,,-0.0414374,0.00828662,fluid
577,0.10575,0.735504,,1000.01,0.00396876,15.9167,,0.412567,0.0143785,,-0.0587335,0.00101819,fluid
578,-0.10575,0.735504,,1000.04,0.00961251,71.1097,,0.402907,0.0233985,,-0.0680298,0.00090691,fluid
579,-0.308681,0.675918,,1000.04,0.0101384,74.8395,,0.387835,-0.0106996,,-0.0659506,-0.00817601,fluid
580,-0.486606,0.561573,,1000.2,0.0997369,391.356,,0.359809,-0.00963802,,-0.0729856,-0.0195056,fluid
581,-0.625108,0.401733,,1000.19,0.183399,363.278,,0.363478,-0.0900563,,-0.100694,-0.0362914,fluid
582,-0.712968,0.209346,,999.738,-0.161981,-512.846,,0.610491,-0.17458,,0.0303187,-0.139709,fluid
583,-0.743068,9.09995e-17,,999.495,-0.471676,-989.046,,0.775684,2.72495e-14,,0.231474,2.2559e-13,fluid
584,-0.712968,-0.209346,,999.738,-0.161981,-512.846,,0.610491,0.17458,,0.0303187,0.139709,fluid
585,-0.625108,-0.401733,,1000.19,0.183399,363.278,,0.363478,0.0900563,,-0.100694,0.0362914,fluid
586,-0.486606,-0.561573,,1000.2,0.0997369,391.356,,0.359809,0.00963802,,-0.0729856,0.0195056,fluid
587,-0.308681,-0.675918,,1000.04,0.0101384,74.8395,,0.387835,0.0106996,,-0.0659506,0.00817601,fluid
588,-0.10575,-0.735504,,1000.04,0.00961251,71.1097,,0.402907,-0.0233985,,-0.0680298,-0.00090691,fluid
589,0.10575,-0.735504,,1000.01,0.00396876,15.9167,,0.412567,-0.0143785,,-0.0587335,-0.00101819,fluid
590,0.308681,-0.675918,,1000.02,0.0106164,37.5977,,0.45179,-0.0286979,,-0.0414374,-0.00828662,fluid
591,0.486606,-0.561573,,1000,0.00522502,3.06199,,0.473595,-0.0285988,,-0.0231476,-0.013489,fluid
592,0.625108,-0.401733,,1000.03,0.0136831,49.6929,,0.543629,-0.0419605,,0.0145143,-0.0227257,fluid
593,0.712968,-0.209346,,1000.02,0.016017,41.9239,,0.536554,-0.00633696,,0.038612,-0.0106191,fluid
594,0.789838,0,,999.999,-0.00356965,-1.01436,,0.447769,-5.54184e-15,,0.0384968,7.18109e-14,fluid
595,0.757844,0.222523,,1000,-0.00147596,3.03717,,0.533655,0.0114458,,0.0352476,0.0118437,fluid
596,0.664454,0.427019,,999.994,-0.00532104,-12.2996,,0.53662,0.0398899,,0.00987803,0.0206917,fluid
597,0.517234,0.59692,,999.991,-0.00607281,-18.4785,,0.46862,0.0234945,,-0.0269191,0.0113099,fluid
598,0.328111,0.718462,,999.985,-0.00700024,-29.7877,,0.446948,0.0205198,,-0.0454785,0.00487839,fluid
599,0.112406,0.781799,,999.984,-0.0116295,-30.5857,,0.406585,0.00633129,,-0.0625373,-0.00383157,fluid
600,-0.112406,0.781799,,999.981,-0.00580816,-37.2679,,0.384428,0.0149281,,-0.0721076,-0.000691027,fluid
601,-0.328111,0.718462,,999.988,-0.0177239,-24.1706,,0.363616,-0.018299,,-0.0752929,-0.0147918,fluid
602,-0.517234,0.59692,,1000.03,0.0210516,49.3992,,0.312085,0.0221682,,-0.101045,0.00883339,fluid
603,-0.664454,0.427019,,1000.05,0.0571076,103.467,,0.318023,-0.0470435,,-0.116024,0.0559001,fluid
604,-0.757844,0.222523,,1000.05,-0.0296864,101.461,,0.616771,-0.305907,,0.0124446,-0.288353,fluid
605,-0.789838,9.67273e-17,,1000.04,-0.0196301,81.4782,,0.900679,2.9186e-14,,0.346634,1.77018e-13,fluid
606,-0.757844,-0.222523,,1000.05,-0.0296864,101.461,,0.616771,0.305907,,0.0124446,0.288353,fluid
607,-0.664454,-0.427019,,1000.05,0.0571076,103.467,,0.318023,0.0470435,,-0.116024,-0.0559001,fluid
608,-0.517234,-0.59692,,1000.03,0.0210516,49.3992,,0.312085,-0.0221682,,-0.101045,-0.00883339,fluid
609,-0.328111,-0.718462,,999.988,-0.0177239,-24.1706,,0.363616,0.018299,,-0.0752929,0.0147918,fluid
610,-0.112406,-0.781799,,999.981,-0.00580816,-37.2679,,0.384428,-0.0149281,,-0.0721076,0.000691027,fluid
611,0.112406,-0.781799,,999.984,-0.0116295,-30.5857,,0.406585,-0.00633129,,-0.0625373,0.00383157,fluid
612,0.328111,-0.718462,,999.985,-0.00700024,-29.7877,,0.446948,-0.0205198,,-0.0454785,-0.00487839,fluid
613,0.517234,-0.59692,,999.991,-0.00607281,-18.4785,,0.46862,-0.0234945,,-0.0269191,-0.0113099,fluid
614,0.664454,-0.427019,,999.994,-0.00532104,-12.2996,,0.53662,-0.0398899,,0.00987803,-0.0206917,fluid
615,0.757844,-0.222523,,1000,-0.00147596,3.03717,,0.533655,-0.0114458,,0.0352476,-0.0118437,fluid
616,0.83881,0,,1000,-0.00125968,4.06582,,0.458721,-4.85856e-15,,0.0314035,-4.2357e-14,fluid
617,0.804833,0.23632,,999.991,-0.00741413,-16.7908,,0.523099,0.0131199,,0.027447,0.0116027,fluid
618,0.705652,0.453495,,999.986,-0.00688694,-26.6113,,0.524107,0.0316121,,0.0030889,0.0161514,fluid
619,0.549304,0.633931,,999.996,-0.00414929,-7.8265,,0.468284,0.0173742,,-0.0295849,0.00760889,fluid
620,0.348454,0.763009,,999.987,-0.00619664,-25.9439,,0.446149,0.00730246,,-0.046933,-0.00158254,fluid
621,0.119375,0.830273,,999.99,-0.0070396,-19.2148,,0.405591,-0.00267551,,-0.0654653,-0.00866718,fluid
622,-0.119375,0.830273,,999.97,-0.00984029,-58.9115,,0.38204,-0.00751885,,-0.0763445,-0.00810162,fluid
623,-0.348454,0.763009,,999.966,-0.0242161,-66.6613,,0.352631,-0.0492763,,-0.0811973,-0.0306406,fluid
624,-0.549304,0.633931,,999.924,-0.0324613,-148.462,,0.338635,-0.055335,,-0.104242,-0.0422272,fluid
625,-0.705652,0.453495,,999.937,-0.0744088,-122.976,,0.405862,-0.0310802,,-0.0561238,0.0308292,fluid
626,-0.804833,0.23632,,1000.12,0.0560535,239.441,,0.504925,-0.23864,,-0.0219443,-0.210638,fluid
627,-0.83881,1.02725e-16,,1000.26,0.228333,512.366,,0.664778,4.83195e-14,,0.148958,1.18627e-13,fluid
628,-0.804833,-0.23632,,1000.12,0.0560535,239.441,,0.504925,0.23864,,-0.0219443,0.210638,fluid
629,-0.705652,-0.453495,,999.937,-0.0744088,-122.976,,0.405862,0.0310802,,-0.0561238,-0.0308292,fluid
630,-0.549304,-0.633931,,999.924,-0.0324613,-148.462,,0.338635,0.055335,,-0.104242,0.0422272,fluid
631,-0.348454,-0.763009,,999.966,-0.0242161,-66.6613,,0.352631,0.0492763,,-0.0811973,0.0306406,fluid
632,-0.119375,-0.830273,,999.97,-0.00984029,-58.9115,,0.38204,0.00751885,,-0.0763445,0.00810162,fluid
633,0.119375,-0.830273,,999.99,-0.0070396,-19.2148,,0.405591,0.00267551,,-0.0654653,0.00866718,fluid
634,0.348454,-0.763009,,999.987,-0.00619664,-25.9439,,0.446149,-0.00730246,,-0.046933,0.00158254,fluid
635,0.549304,-0.633931,,999.996,-0.00414929,-7.8265,,0.468284,-0.0173742,,-0.0295849,-0.00760889,fluid
636,0.705652,-0.453495,,999.986,-0.00688694,-26.6113,,0.524107,-0.0316121,,0.0030889,-0.0161514,fluid
637,0.804833,-0.23632,,999.991,-0.00741413,-16.7908,,0.523099,-0.0131199,,0.027447,-0.0116027,fluid
638,0.890088,0,,1000,0.000307656,2.86275,,0.466547,-4.01743e-15,,0.0278122,-1.24616e-13,fluid
639,0.854033,0.250767,,999.995,-0.00339168,-9.83526,,0.516065,0.0135732,,0.0227763,0.0111241,fluid
640,0.74879,0.481218,,999.993,-0.00261984,-12.9947,,0.517284,0.0258646,,0.000140194,0.0130173,fluid
641,0.582884,0.672684,,1000,-0.00111846,-0.559831,,0.471092,0.0132706,,-0.0293143,0.00506227,fluid
642,0.369756,0.809653,,999.995,-0.00226613,-10.2184,,0.450938,-0.00043591,,-0.0452135,-0.00530622,fluid
643,0.126673,0.881028,,999.998,-0.00202984,-4.47284,,0.411453,-0.0067965,,-0.0654472,-0.0101955,fluid
644,-0.126673,0.881028,,999.985,-0.00487021,-29.7638,,0.397588,-0.0178771,,-0.0764784,-0.0123555,fluid
645,-0.369756,0.809653,,999.981,-0.0126005,-36.9011,,0.361394,-0.0636632,,-0.0846587,-0.0404938,fluid
646,-0.582884,0.672684,,999.943,-0.0253741,-111.595,,0.402495,-0.0784881,,-0.0969725,-0.0772271,fluid
647,-0.74879,0.481218,,999.954,-0.0466597,-89.3977,,0.71477,0.344395,,0.0894406,0.148004,fluid
648,-0.854033,0.250767,,1000.12,0.165015,228.766,,0.852078,1.22724,,0.398156,1.3499,fluid
649,-0.890088,1.09004e-16,,1000.13,0.127969,253.353,,0.491154,1.9175e-13,,-0.00438179,2.32786e-13,fluid
650,-0.854033,-0.250767,,1000.12,0.165015,228.766,,0.852078,-1.22724,,0.398156,-1.3499,fluid
651,-0.74879,-0.481218,,999.954,-0.0466597,-89.3977,,0.71477,-0.344395,,0.0894406,-0.148004,fluid
652,-0.582884,-0.672684,,999.943,-0.0253741,-111.595,,0.402495,0.0784881,,-0.0969725,0.0772271,fluid
653,-0.369756,-0.809653,,999.981,-0.0126005,-36.9011,,0.361394,0.0636632,,-0.0846587,0.0404938,fluid
654,-0.126673,-0.881028,,999.985,-0.00487021,-29.7638,,0.397588,0.0178771,,-0.0764784,0.0123555,fluid
655,0.126673,-0.881028,,999.998,-0.00202984,-4.47284,,0.411453,0.0067965,,-0.0654472,0.0101955,fluid
656,0.369756,-0.809653,,999.995,-0.00226613,-10.2184,,0.450938,0.00043591,,-0.0452135,0.00530622,fluid
657,0.582884,-0.672684,,1000,-0.00111846,-0.559831,,0.471092,-0.0132706,,-0.0293143,-0.00506227,fluid
658,0.74879,-0.481218,,999.993,-0.00261984,-12.9947,,0.517284,-0.0258646,,0.000140193,-0.0130173,fluid
659,0.854033,-0.250767,,999.995,-0.00339168,-9.83526,,0.516065,-0.0135732,,0.0227763,-0.0111241,fluid
660,0.94378,0,,1000,0.000962073,3.50876,,0.471267,-3.27295e-15,,0.0260661,-1.60302e-13,fluid
661,0.905551,0.265894,,999.999,-0.00058337,-2.80493,,0.51246,0.0133688,,0.0205674,0.0106768,fluid
662,0.793959,0.510246,,999.998,-0.000295514,-3.9858,,0.514239,0.0224714,,-0.000672474,0.0108823,fluid
663,0.618045,0.713262,,1000,-4.62957e-05,1.09702,,0.474766,0.00992837,,-0.0277067,0.00295823,fluid
664,0.392061,0.858493,,999.998,-0.000689303,-3.73265,,0.458287,-0.00559412,,-0.0419438,-0.00775365,fluid
665,0.134314,0.934174,,1000,-0.000258262,1.15228,,0.422917,-0.00932395,,-0.0621637,-0.0108318,fluid
666,-0.134314,0.934174,,999.997,-0.000151952,-6.30703,,0.422287,-0.0199862,,-0.0716225,-0.0136936,fluid
667,-0.392061,0.858493,,999.996,-0.00220501,-7.70647,,0.319823,-0.0922775,,-0.0875278,-0.0457676,fluid
668,-0.618045,0.713262,,999.969,-0.0133723,-61.1747,,0.23404,-0.267549,,-0.126181,-0.126288,fluid
669,-0.793959,0.510246,,999.877,-0.126241,-240.564,,-0.356453,-1.37688,,-0.45268,-0.751981,fluid
670,-0.905551,0.265894,,999.88,-0.181074,-235.016,,-0.171189,-2.08789,,-0.621805,-2.00573,fluid
671,-0.94378,1.1558e-16,,1000.02,0.0381097,38.9389,,0.398584,-2.14046e-13,,-0.0873815,-3.22825e-13,fluid
672,-0.905551,-0.265894,,999.88,-0.181074,-235.016,,-0.171189,2.08789,,-0.621805,2.00573,fluid
673,-0.793959,-0.510246,,999.877,-0.126241,-240.564,,-0.356453,1.37688,,-0.45268,0.751981,fluid
674,-0.618045,-0.713262,,999.969,-0.0133723,-61.1747,,0.23404,0.267549,,-0.126181,0.126288,fluid
675,-0.392061,-0.858493,,999.996,-0.00220501,-7.70647,,0.319823,0.0922775,,-0.0875278,0.0457676,fluid
676,-0.134314,-0.934174,,999.997,-0.000151952,-6.30703,,0.422287,0.0199862,,-0.0716225,0.0136936,fluid
677,0.134314,-0.934174,,1000,-0.000258262,1.15228,,0.422917,0.00932395,,-0.0621637,0.0108318,fluid
678,0.392061,-0.858493,,999.998,-0.000689303,-3.73265,,0.458287,0.00559412,,-0.0419438,0.00775365,fluid
679,0.618045,-0.713262,,1000,-4.62957e-05,1.09702,,0.474766,-0.00992837,,-0.0277067,-0.00295823,fluid
680,0.793959,-0.510246,,999.998,-0.000295514,-3.9858,,0.514239,-0.0224714,,-0.000672474,-0.0108823,fluid
681,0.905551,-0.265894,,999.999,-0.00058337,-2.80493,,0.51246,-0.0133688,,0.0205674,-0.0106768,fluid
682,1,0,,1000,0.00234106,1.41094,,0.464849,-1.79677e-15,,0.0281049,-7.59792e-14,fluid
683,0.959493,0.281733,,1000,0.00357296,9.36083,,0.517212,0.012524,,0.0236634,0.00976908,fluid
684,0.841254,0.540641,,1000.01,0.0025986,9.97236,,0.520433,0.0237947,,0.00262167,0.0104989,fluid
685,0.654861,0.75575,,1000,0.000572637,0.357013,,0.479953,0.00607677,,-0.0238217,0.000739673,fluid
686,0.415415,0.909632,,1000,0.000907172,5.00489,,0.474217,-0.00948911,,-0.0331098,-0.0101433,fluid
687,0.142315,0.989821,,1000,0.00104646,3.38551,,0.474243,-0.0148818,,-0.0349272,-0.0139372,fluid
688,-0.142315,0.989821,,999.884,-0.0576576,-226.56,,0.5,0,,0.156352,-1.0806,fluid
689,-0.415415,0.909632,,999.865,-0.123085,-265.608,,0.5,0,,0.630685,-1.12951,fluid
690,-0.654861,0.75575,,999.76,-0.0847599,-469.863,,0.5,0,,1.71035,-1.61241,fluid
691,-0.841254,0.540641,,999.833,-0.252478,-328.329,,0.5,0,,2.05011,-0.257056,fluid
692,-0.959493,0.281733,,1000.88,0.51316,1732.11,,0.5,0,,-7.28842,3.18082,fluid
693,-1,1.22465e-16,,1001.49,1.20361,2930.14,,0.5,0,,-13.8475,-4.73788e-14,fluid
694,-0.959493,-0.281733,,1000.88,0.51316,1732.11,,0.5,0,,-7.28842,-3.18082,fluid
695,-0.841254,-0.540641,,999.833,-0.252478,-328.329,,0.5,0,,2.05011,0.257056,fluid
696,-0.654861,-0.75575,,999.76,-0.0847599,-469.863,,0.5,0,,1.71035,1.61241,fluid
697,-0.415415,-0.909632,,999.865,-0.123085,-265.608,,0.5,0,,0.630685,1.12951,fluid
698,-0.142315,-0.989821,,999.884,-0.0576576,-226.56,,0.5,0,,0.156352,1.0806,fluid
699,0.142315,-0.989821,,1000,0.00104646,3.38551,,0.474243,0.0148818,,-0.0349272,0.0139372,fluid
700,0.415415,-0.909632,,1000,0.000907172,5.00489,,0.474217,0.00948911,,-0.0331098,0.0101433,fluid
701,0.654861,-0.75575,,1000,0.000572636,0.357013,,0.479953,-0.00607677,,-0.0238217,-0.000739673,fluid
702,0.841254,-0.540641,,1000.01,0.0025986,9.97236,,0.520433,-0.0237947,,0.00262167,-0.0104989,fluid
703,0.959493,-0.281733,,1000,0.00357296,9.36083,,0.517212,-0.012524,,0.0236634,-0.00976908,fluid
