h/dp :,2
L2norm Pressure,KE,dr0,Nparticles
19947.7,1229.96,0.0141421,682

t,8.85003
ID,x,y,,rho,drhodt,pressure,,u,v,,dudt,dvdt,type
0,0.05,0,,999.842,0.100373,-309.719,,0,0,,12.1992,9.02972e-12,boundary
1,0.0479746,0.0140866,,999.828,-0.103382,-337.015,,0,0,,12.6315,9.92815,boundary
2,0.0420627,0.027032,,999.641,-0.395942,-702.915,,0,0,,19.4067,21.9306,boundary
3,0.032743,0.0377875,,999.471,-0.189577,-1035.97,,0,0,,19.1543,31.8562,boundary
4,0.0207708,0.0454816,,999.274,-0.205174,-1420.7,,0,0,,5.3405,44.7052,boundary
5,0.00711574,0.0494911,,998.44,-1.1166,-3046.46,,0,0,,-1.02923,89.1432,boundary
6,-0.00711574,0.0494911,,998.071,-1.68781,-3762,,0,0,,-8.4115,106.502,boundary
7,-0.0207708,0.0454816,,998.55,-1.42917,-2831.6,,0,0,,-8.66812,80.1325,boundary
8,-0.032743,0.0377875,,999.164,-0.959817,-1635.93,,0,0,,2.34264,56.1348,boundary
9,-0.0420627,0.027032,,1000.36,-0.00884012,708.811,,0,0,,48.6387,22.3605,boundary
10,-0.0479746,0.0140866,,1001.49,1.41777,2945.34,,0,0,,100.174,4.08684,boundary
11,-0.05,6.12323e-18,,1002.11,2.68167,4167.58,,0,0,,131.683,1.10516e-11,boundary
12,-0.0479746,-0.0140866,,1001.49,1.41777,2945.34,,0,0,,100.174,-4.08684,boundary
13,-0.0420627,-0.027032,,1000.36,-0.00884012,708.811,,0,0,,48.6387,-22.3605,boundary
14,-0.032743,-0.0377875,,999.164,-0.959817,-1635.93,,0,0,,2.34264,-56.1348,boundary
15,-0.0207708,-0.0454816,,998.55,-1.42917,-2831.6,,0,0,,-8.66812,-80.1325,boundary
16,-0.00711574,-0.0494911,,998.071,-1.68781,-3762,,0,0,,-8.4115,-106.502,boundary
17,0.00711574,-0.0494911,,998.44,-1.1166,-3046.46,,0,0,,-1.02923,-89.1432,boundary
18,0.0207708,-0.0454816,,999.274,-0.205174,-1420.7,,0,0,,5.3405,-44.7052,boundary
19,0.032743,-0.0377875,,999.471,-0.189577,-1035.97,,0,0,,19.1543,-31.8562,boundary
20,0.0420627,-0.027032,,999.641,-0.395942,-702.915,,0,0,,19.4067,-21.9306,boundary
21,0.0479746,-0.0140866,,999.828,-0.103382,-337.015,,0,0,,12.6315,-9.92815,boundary
22,0.0641421,0,,999.942,-0.062632,-112.959,,-0.0509103,-9.96793e-15,,-0.0831176,3.24184e-12,fluid
23,0.0615439,0.0180709,,999.901,-0.147887,-193.596,,-0.052927,0.116242,,-0.113333,0.196628,fluid
24,0.0539598,0.0346779,,999.809,-0.289382,-374.33,,0.0190408,0.0729704,,-0.132729,0.241062,fluid
25,0.0420042,0.0484754,,999.801,-0.24632,-389.767,,0.289694,-0.0767092,,-0.00434262,0.12208,fluid
26,0.0266456,0.0583457,,999.862,-0.110375,-269.915,,0.767742,-0.174755,,0.29583,-0.0189306,fluid
27,0.00912838,0.0634893,,999.916,-0.0421349,-165.718,,1.24914,-0.0420224,,0.583152,0.00230352,fluid
28,-0.00912838,0.0634893,,999.964,-0.00876415,-71.1082,,1.48979,0.30393,,0.730814,0.175271,fluid
29,-0.0266456,0.0583457,,1000.02,0.0502612,43.7679,,1.47373,0.695172,,0.771295,0.397128,fluid
30,-0.0420042,0.0484754,,1000.07,0.0848719,128.877,,1.17016,0.941143,,0.656752,0.571831,fluid
31,-0.0539598,0.0346779,,1000.11,0.105559,223.176,,0.737497,0.903521,,0.455587,0.611558,fluid
32,-0.0615439,0.0180709,,1000.16,0.150259,304.384,,0.367643,0.56157,,0.259103,0.411926,fluid
33,-0.0641421,7.85515e-18,,1000.18,0.208366,348.716,,0.229715,2.79879e-14,,0.200544,2.92838e-12,fluid
34,-0.0615439,-0.0180709,,1000.16,0.150259,304.384,,0.367643,-0.56157,,0.259103,-0.411926,fluid
35,-0.0539598,-0.0346779,,1000.11,0.105559,223.176,,0.737497,-0.903521,,0.455587,-0.611558,fluid
36,-0.0420042,-0.0484754,,1000.07,0.0848719,128.877,,1.17016,-0.941143,,0.656752,-0.571831,fluid
37,-0.0266456,-0.0583457,,1000.02,0.0502612,43.7679,,1.47373,-0.695172,,0.771295,-0.397128,fluid
38,-0.00912838,-0.0634893,,999.964,-0.00876415,-71.1082,,1.48979,-0.30393,,0.730814,-0.175271,fluid
39,0.00912838,-0.0634893,,999.916,-0.0421349,-165.718,,1.24914,0.0420224,,0.583152,-0.00230352,fluid
40,0.0266456,-0.0583457,,999.862,-0.110375,-269.915,,0.767742,0.174755,,0.29583,0.0189306,fluid
41,0.0420042,-0.0484754,,999.801,-0.24632,-389.767,,0.289694,0.0767092,,-0.00434262,-0.12208,fluid
42,0.0539598,-0.0346779,,999.809,-0.289382,-374.33,,0.0190408,-0.0729704,,-0.132729,-0.241062,fluid
43,0.0615439,-0.0180709,,999.901,-0.147887,-193.596,,-0.052927,-0.116242,,-0.113333,-0.196628,fluid
44,0.0789501,0,,999.925,-0.0828206,-147.595,,-0.121833,-1.85007e-14,,-0.194806,3.94603e-13,fluid
45,0.075752,0.0222428,,999.924,-0.0605769,-148.663,,0.0320552,-0.0986882,,-0.0613481,-0.124262,fluid
46,0.066417,0.0426836,,1000.04,0.139857,72.6136,,0.448047,-0.220743,,0.300957,-0.22066,fluid
47,0.0517013,0.0596665,,1000.08,0.151161,148.479,,0.938988,-0.22184,,0.589734,-0.136064,fluid
48,0.032797,0.0718155,,1000.03,0.0324602,55.006,,1.20384,-0.0388595,,0.564779,0.0477068,fluid
49,0.0112358,0.0781465,,1000.01,0.00651466,13.8837,,1.3052,0.15932,,0.543338,0.119576,fluid
50,-0.0112358,0.0781465,,999.981,-0.0025641,-38.0632,,1.30076,0.364671,,0.525887,0.214815,fluid
51,-0.032797,0.0718155,,999.93,-0.0329215,-136.659,,1.1603,0.485086,,0.474217,0.261423,fluid
52,-0.0517013,0.0596665,,999.957,0.00751583,-84.1313,,0.956422,0.515013,,0.386893,0.277093,fluid
53,-0.066417,0.0426836,,999.976,0.0213642,-46.7298,,0.792204,0.442538,,0.372558,0.2661,fluid
54,-0.075752,0.0222428,,1000.02,0.072752,31.0368,,0.671105,0.258188,,0.414582,0.164628,fluid
55,-0.0789501,9.66859e-18,,1000.02,0.0683814,36.7574,,0.666777,-2.99748e-14,,0.540782,4.08752e-12,fluid
56,-0.075752,-0.0222428,,1000.02,0.072752,31.0368,,0.671105,-0.258188,,0.414582,-0.164628,fluid
57,-0.066417,-0.0426836,,999.976,0.0213642,-46.7298,,0.792204,-0.442538,,0.372558,-0.2661,fluid
58,-0.0517013,-0.0596665,,999.957,0.00751583,-84.1313,,0.956422,-0.515013,,0.386893,-0.277093,fluid
59,-0.032797,-0.0718155,,999.93,-0.0329215,-136.659,,1.1603,-0.485086,,0.474217,-0.261423,fluid
60,-0.0112358,-0.0781465,,999.981,-0.0025641,-38.0632,,1.30076,-0.364671,,0.525887,-0.214815,fluid
61,0.0112358,-0.0781465,,1000.01,0.00651466,13.8837,,1.3052,-0.15932,,0.543338,-0.119576,fluid
62,0.032797,-0.0718155,,1000.03,0.0324602,55.006,,1.20384,0.0388595,,0.564779,-0.0477068,fluid
63,0.0517013,-0.0596665,,1000.08,0.151161,148.479,,0.938988,0.22184,,0.589734,0.136064,fluid
64,0.066417,-0.0426836,,1000.04,0.139857,72.6136,,0.448047,0.220743,,0.300957,0.22066,fluid
65,0.075752,-0.0222428,,999.924,-0.0605769,-148.663,,0.0320552,0.0986882,,-0.0613481,0.124262,fluid
66,0.0944551,0,,999.974,0.00114956,-51.8242,,-0.115794,-1.37936e-14,,-0.174835,-4.82719e-13,fluid
67,0.090629,0.0266111,,999.987,0.0467901,-25.1612,,0.153295,-0.0680439,,0.0137882,-0.0658796,fluid
68,0.0794607,0.0510663,,999.943,-0.0466662,-111.446,,0.620238,-0.0325749,,0.274496,0.0116583,fluid
69,0.0618549,0.0713844,,999.887,-0.115029,-220.831,,0.962884,0.0638733,,0.383362,0.0922436,fluid
70,0.0392381,0.0859194,,999.861,-0.114258,-273.509,,1.13632,0.163892,,0.441714,0.128038,fluid
71,0.0134424,0.0934937,,999.864,-0.0823176,-266.577,,1.17707,0.237765,,0.437429,0.139661,fluid
72,-0.0134424,0.0934937,,999.868,-0.107267,-259.656,,1.08322,0.309972,,0.358907,0.178276,fluid
73,-0.0392381,0.0859194,,999.958,-0.0370892,-82.1086,,0.972173,0.289898,,0.276428,0.127734,fluid
74,-0.0618549,0.0713844,,1000.05,0.0102338,91.1472,,0.88786,0.284023,,0.253198,0.138328,fluid
75,-0.0794607,0.0510663,,1000.09,0.0294118,185.279,,0.877167,0.200791,,0.316373,0.0687509,fluid
76,-0.090629,0.0266111,,1000.18,0.135061,346.592,,0.88272,0.119023,,0.471449,0.0440003,fluid
77,-0.0944551,1.15674e-17,,1000.19,0.105129,370.135,,0.98895,-7.18103e-14,,0.807892,4.02164e-12,fluid
78,-0.090629,-0.0266111,,1000.18,0.135061,346.592,,0.88272,-0.119023,,0.471449,-0.0440003,fluid
79,-0.0794607,-0.0510663,,1000.09,0.0294118,185.279,,0.877167,-0.200791,,0.316373,-0.0687509,fluid
80,-0.0618549,-0.0713844,,1000.05,0.0102338,91.1472,,0.88786,-0.284023,,0.253198,-0.138328,fluid
81,-0.0392381,-0.0859194,,999.958,-0.0370892,-82.1086,,0.972173,-0.289898,,0.276428,-0.127734,fluid
82,-0.0134424,-0.0934937,,999.868,-0.107267,-259.656,,1.08322,-0.309972,,0.358907,-0.178276,fluid
83,0.0134424,-0.0934937,,999.864,-0.0823176,-266.577,,1.17707,-0.237765,,0.437429,-0.139661,fluid
84,0.0392381,-0.0859194,,999.861,-0.114258,-273.509,,1.13632,-0.163892,,0.441714,-0.128038,fluid
85,0.0618549,-0.0713844,,999.887,-0.115029,-220.831,,0.962884,-0.0638733,,0.383362,-0.0922436,fluid
86,0.0794607,-0.0510663,,999.943,-0.0466662,-111.446,,0.620238,0.0325749,,0.274496,-0.0116583,fluid
87,0.090629,-0.0266111,,999.987,0.0467901,-25.1612,,0.153295,0.0680439,,0.0137882,0.0658796,fluid
88,0.11069,0,,999.961,-0.0335594,-75.6255,,-0.0451314,-1.87964e-14,,-0.0867423,-4.24637e-13,fluid
89,0.106206,0.031185,,999.933,-0.0466639,-131.347,,0.248701,-0.046113,,0.0615397,-0.0110698,fluid
90,0.0931184,0.0598436,,999.898,-0.08285,-200.33,,0.728388,-0.0312708,,0.307276,0.0217232,fluid
91,0.0724866,0.083654,,999.936,-0.00837771,-124.701,,1.01024,0.0322021,,0.393275,0.0518331,fluid
92,0.0459823,0.100687,,999.931,-0.0392626,-135.577,,1.09631,0.113348,,0.391351,0.0873503,fluid
93,0.0157528,0.109563,,999.942,-0.0262553,-112.985,,1.03253,0.154724,,0.290548,0.0839006,fluid
94,-0.0157528,0.109563,,999.942,-0.0456386,-112.972,,0.934411,0.206571,,0.226726,0.100396,fluid
95,-0.0459823,0.100687,,999.989,0.00814099,-20.8634,,0.887139,0.207444,,0.212472,0.0799686,fluid
96,-0.0724866,0.083654,,999.981,-0.0511488,-37.5051,,0.84194,0.237898,,0.238577,0.127713,fluid
97,-0.0931184,0.0598436,,1000.07,0.0362968,143.827,,0.830272,0.169993,,0.271206,0.0548692,fluid
98,-0.106206,0.031185,,1000.14,0.095779,270.162,,0.814883,0.126871,,0.356243,0.107263,fluid
99,-0.11069,1.35556e-17,,1000.18,0.127809,353.42,,0.951789,-6.15966e-14,,0.766983,2.64885e-12,fluid
100,-0.106206,-0.031185,,1000.14,0.095779,270.162,,0.814883,-0.126871,,0.356243,-0.107263,fluid
101,-0.0931184,-0.0598436,,1000.07,0.0362968,143.827,,0.830272,-0.169993,,0.271206,-0.0548692,fluid
102,-0.0724866,-0.083654,,999.981,-0.0511488,-37.5051,,0.84194,-0.237898,,0.238577,-0.127713,fluid
103,-0.0459823,-0.100687,,999.989,0.00814099,-20.8634,,0.887139,-0.207444,,0.212472,-0.0799686,fluid
104,-0.0157528,-0.109563,,999.942,-0.0456386,-112.972,,0.934411,-0.206571,,0.226726,-0.100396,fluid
105,0.0157528,-0.109563,,999.942,-0.0262553,-112.985,,1.03253,-0.154724,,0.290548,-0.0839006,fluid
106,0.0459823,-0.100687,,999.931,-0.0392626,-135.577,,1.09631,-0.113348,,0.391351,-0.0873503,fluid
107,0.0724866,-0.083654,,999.936,-0.00837771,-124.701,,1.01024,-0.0322021,,0.393275,-0.0518331,fluid
108,0.0931184,-0.0598436,,999.898,-0.08285,-200.33,,0.728388,0.0312708,,0.307276,-0.0217232,fluid
109,0.106206,-0.031185,,999.933,-0.0466639,-131.347,,0.248701,0.046113,,0.0615397,0.0110698,fluid
110,0.127689,0,,999.97,-0.0144113,-58.3737,,-0.00477181,-2.76745e-14,,-0.0779481,6.20363e-14,fluid
111,0.122517,0.0359743,,999.955,-0.031018,-87.5832,,0.326367,-0.0633152,,0.089377,-0.0254927,fluid
112,0.107419,0.0690341,,999.964,-0.0221367,-71.1668,,0.81473,-0.0439214,,0.335778,0.00798962,fluid
113,0.0836188,0.0965012,,1000.01,0.0204866,17.3389,,1.01458,0.0317352,,0.369052,0.044832,fluid
114,0.0530441,0.11615,,999.969,-0.0299242,-61.4511,,1.01279,0.109484,,0.30647,0.082186,fluid
115,0.0181721,0.12639,,999.981,-0.00232122,-36.405,,0.910526,0.129015,,0.200262,0.0664784,fluid
116,-0.0181721,0.12639,,999.962,-0.0288313,-73.6887,,0.866968,0.173406,,0.188793,0.0836227,fluid
117,-0.0530441,0.11615,,999.972,-0.0263525,-54.4794,,0.852838,0.182033,,0.195396,0.0751416,fluid
118,-0.0836188,0.0965012,,999.998,-0.0128984,-4.73267,,0.824752,0.221018,,0.22256,0.127569,fluid
119,-0.107419,0.0690341,,1000.06,0.0696717,111.641,,0.836802,0.167099,,0.265338,0.0756641,fluid
120,-0.122517,0.0359743,,1000.01,-0.014462,24.3213,,0.861384,0.124844,,0.365474,0.0990956,fluid
121,-0.127689,1.56374e-17,,1000.02,0.0242149,48.197,,1.0188,-5.85071e-14,,0.784099,8.05827e-13,fluid
122,-0.122517,-0.0359743,,1000.01,-0.014462,24.3213,,0.861384,-0.124844,,0.365474,-0.0990956,fluid
123,-0.107419,-0.0690341,,1000.06,0.0696717,111.641,,0.836802,-0.167099,,0.265338,-0.0756641,fluid
124,-0.0836188,-0.0965012,,999.998,-0.0128984,-4.73267,,0.824752,-0.221018,,0.22256,-0.127569,fluid
125,-0.0530441,-0.11615,,999.972,-0.0263525,-54.4794,,0.852838,-0.182033,,0.195396,-0.0751416,fluid
126,-0.0181721,-0.12639,,999.962,-0.0288313,-73.6887,,0.866968,-0.173406,,0.188793,-0.0836227,fluid
127,0.0181721,-0.12639,,999.981,-0.00232122,-36.405,,0.910526,-0.129015,,0.200262,-0.0664784,fluid
128,0.0530441,-0.11615,,999.969,-0.0299242,-61.4511,,1.01279,-0.109484,,0.30647,-0.082186,fluid
129,0.0836188,-0.0965012,,1000.01,0.0204866,17.3389,,1.01458,-0.0317352,,0.369052,-0.044832,fluid
130,0.107419,-0.0690341,,999.964,-0.0221367,-71.1668,,0.81473,0.0439214,,0.335778,-0.00798962,fluid
131,0.122517,-0.0359743,,999.955,-0.031018,-87.5832,,0.326367,0.0633152,,0.089377,0.0254927,fluid
132,0.145489,0,,999.985,-0.000780424,-29.2687,,0.0462144,-2.88612e-14,,-0.0549124,6.24752e-13,fluid
133,0.139596,0.040989,,999.969,-0.0129965,-61.7364,,0.40244,-0.0674395,,0.121379,-0.0328237,fluid
134,0.122393,0.0786573,,999.974,-0.0114087,-51.2265,,0.865435,-0.0219755,,0.333523,0.014599,fluid
135,0.0952751,0.109953,,999.992,-0.00701336,-15.8352,,0.985278,0.0497039,,0.326921,0.0521087,fluid
136,0.0604383,0.132341,,999.955,-0.0345107,-87.4089,,0.929197,0.112365,,0.237077,0.0730443,fluid
137,0.0207052,0.144008,,999.971,-0.00980277,-56.7324,,0.843776,0.115769,,0.161791,0.0594477,fluid
138,-0.0207052,0.144008,,999.969,-0.0325538,-60.2258,,0.827438,0.165179,,0.170804,0.080891,fluid
139,-0.0604383,0.132341,,1000.01,0.000196106,23.2099,,0.815753,0.183332,,0.158378,0.0930695,fluid
140,-0.0952751,0.109953,,1000.04,0.0149582,77.8422,,0.808439,0.207376,,0.17956,0.112397,fluid
141,-0.122393,0.0786573,,1000.04,0.0289754,82.9699,,0.85661,0.162658,,0.253118,0.0669111,fluid
142,-0.139596,0.040989,,1000.02,-0.0322977,42.5874,,0.899227,0.115308,,0.356987,0.0631159,fluid
143,-0.145489,1.78173e-17,,1000.05,0.0168476,97.0874,,1.06638,-4.93564e-14,,0.800617,-3.77234e-13,fluid
144,-0.139596,-0.040989,,1000.02,-0.0322977,42.5874,,0.899227,-0.115308,,0.356987,-0.0631159,fluid
145,-0.122393,-0.0786573,,1000.04,0.0289754,82.9699,,0.85661,-0.162658,,0.253118,-0.0669111,fluid
146,-0.0952751,-0.109953,,1000.04,0.0149582,77.8422,,0.808439,-0.207376,,0.17956,-0.112397,fluid
147,-0.0604383,-0.132341,,1000.01,0.000196106,23.2099,,0.815753,-0.183332,,0.158378,-0.0930695,fluid
148,-0.0207052,-0.144008,,999.969,-0.0325538,-60.2258,,0.827438,-0.165179,,0.170804,-0.080891,fluid
149,0.0207052,-0.144008,,999.971,-0.00980277,-56.7324,,0.843776,-0.115769,,0.161791,-0.0594477,fluid
150,0.0604383,-0.132341,,999.955,-0.0345107,-87.4089,,0.929197,-0.112365,,0.237077,-0.0730443,fluid
151,0.0952751,-0.109953,,999.992,-0.00701336,-15.8352,,0.985278,-0.0497039,,0.326921,-0.0521087,fluid
152,0.122393,-0.0786573,,999.974,-0.0114087,-51.2265,,0.865435,0.0219755,,0.333523,-0.014599,fluid
153,0.139596,-0.040989,,999.969,-0.0129965,-61.7364,,0.40244,0.0674395,,0.121379,0.0328237,fluid
154,0.164127,0,,999.982,-0.00927186,-34.8659,,0.0989092,-2.61639e-14,,-0.0285949,9.41173e-13,fluid
155,0.157478,0.0462398,,999.97,-0.00501026,-59.624,,0.464037,-0.0672667,,0.14524,-0.0269739,fluid
156,0.138072,0.0887336,,999.973,0.00072245,-53.1056,,0.886116,0.000285479,,0.329868,0.0321779,fluid
157,0.10748,0.124039,,999.979,-0.0136709,-40.6522,,0.937012,0.0626122,,0.280024,0.0573092,fluid
158,0.0681807,0.149295,,999.963,-0.0236427,-73.096,,0.858526,0.106111,,0.185572,0.0589277,fluid
159,0.0233577,0.162456,,999.979,-0.0107669,-41.3603,,0.801794,0.107401,,0.136148,0.0555494,fluid
160,-0.0233577,0.162456,,999.982,-0.0220782,-34.8468,,0.78826,0.15902,,0.136473,0.0757294,fluid
161,-0.0681807,0.149295,,1000.01,0.016521,20.0329,,0.785703,0.16937,,0.119151,0.0785638,fluid
162,-0.10748,0.124039,,999.983,-0.041774,-32.9024,,0.796932,0.177897,,0.156024,0.0841886,fluid
163,-0.138072,0.0887336,,1000.01,-0.0266642,15.1988,,0.848571,0.12719,,0.236382,0.0368034,fluid
164,-0.157478,0.0462398,,1000.08,0.0318895,149.122,,0.89988,0.0915382,,0.335134,0.0826383,fluid
165,-0.164127,2.00997e-17,,1000.12,0.0485595,232.496,,1.0864,-3.80485e-14,,0.799574,-9.86458e-13,fluid
166,-0.157478,-0.0462398,,1000.08,0.0318895,149.122,,0.89988,-0.0915382,,0.335134,-0.0826383,fluid
167,-0.138072,-0.0887336,,1000.01,-0.0266642,15.1988,,0.848571,-0.12719,,0.236382,-0.0368034,fluid
168,-0.10748,-0.124039,,999.983,-0.041774,-32.9024,,0.796932,-0.177897,,0.156024,-0.0841886,fluid
169,-0.0681807,-0.149295,,1000.01,0.016521,20.0329,,0.785703,-0.16937,,0.119151,-0.0785638,fluid
170,-0.0233577,-0.162456,,999.982,-0.0220782,-34.8468,,0.78826,-0.15902,,0.136473,-0.0757294,fluid
171,0.0233577,-0.162456,,999.979,-0.0107669,-41.3603,,0.801794,-0.107401,,0.136148,-0.0555494,fluid
172,0.0681807,-0.149295,,999.963,-0.0236427,-73.096,,0.858526,-0.106111,,0.185572,-0.0589277,fluid
173,0.10748,-0.124039,,999.979,-0.0136709,-40.6522,,0.937012,-0.0626122,,0.280024,-0.0573092,fluid
174,0.138072,-0.0887336,,999.973,0.00072245,-53.1056,,0.886116,-0.000285479,,0.329868,-0.0321779,fluid
175,0.157478,-0.0462398,,999.97,-0.00501026,-59.624,,0.464037,0.0672667,,0.14524,0.0269739,fluid
176,0.183642,0,,999.982,-0.0102356,-35.6811,,0.148924,-2.61298e-14,,-0.00667149,1.06855e-12,fluid
177,0.176203,0.0517378,,999.977,-0.000453586,-45.9544,,0.512212,-0.0652385,,0.157676,-0.0167315,fluid
178,0.154489,0.0992842,,999.99,0.00392828,-20.5385,,0.894725,0.0186315,,0.30195,0.0421514,fluid
179,0.12026,0.138787,,999.984,-0.0051152,-30.4853,,0.887338,0.0660792,,0.230056,0.0635053,fluid
180,0.0762875,0.167046,,999.975,-0.0144388,-49.5302,,0.801266,0.0985067,,0.146382,0.0492375,fluid
181,0.0261349,0.181772,,999.99,-0.00745977,-19.2283,,0.763717,0.105402,,0.107878,0.0547729,fluid
182,-0.0261349,0.181772,,999.979,-0.0191257,-41.8042,,0.750982,0.148697,,0.101249,0.0655471,fluid
183,-0.0762875,0.167046,,999.974,-0.0148114,-51.8139,,0.752207,0.145675,,0.0843932,0.0583021,fluid
184,-0.12026,0.138787,,999.955,-0.0726269,-87.5075,,0.7686,0.141577,,0.128142,0.052798,fluid
185,-0.154489,0.0992842,,1000.02,0.0080607,46.5235,,0.824111,0.106422,,0.181776,0.0278842,fluid
186,-0.176203,0.0517378,,1000.04,0.0332426,83.3817,,0.916083,0.0877618,,0.312414,0.0733053,fluid
187,-0.183642,2.24896e-17,,1000.03,-0.00236834,62.8365,,1.12726,-4.20246e-14,,0.797503,-1.414e-12,fluid
188,-0.176203,-0.0517378,,1000.04,0.0332426,83.3817,,0.916083,-0.0877618,,0.312414,-0.0733053,fluid
189,-0.154489,-0.0992842,,1000.02,0.0080607,46.5235,,0.824111,-0.106422,,0.181776,-0.0278842,fluid
190,-0.12026,-0.138787,,999.955,-0.0726269,-87.5075,,0.7686,-0.141577,,0.128142,-0.052798,fluid
191,-0.0762875,-0.167046,,999.974,-0.0148114,-51.8139,,0.752207,-0.145675,,0.0843932,-0.0583021,fluid
192,-0.0261349,-0.181772,,999.979,-0.0191257,-41.8042,,0.750982,-0.148697,,0.101249,-0.0655471,fluid
193,0.0261349,-0.181772,,999.99,-0.00745977,-19.2283,,0.763717,-0.105402,,0.107878,-0.0547729,fluid
194,0.0762875,-0.167046,,999.975,-0.0144388,-49.5302,,0.801266,-0.0985067,,0.146382,-0.0492375,fluid
195,0.12026,-0.138787,,999.984,-0.0051152,-30.4853,,0.887338,-0.0660792,,0.230056,-0.0635053,fluid
196,0.154489,-0.0992842,,999.99,0.00392828,-20.5385,,0.894725,-0.0186315,,0.30195,-0.0421514,fluid
197,0.176203,-0.0517378,,999.977,-0.000453586,-45.9544,,0.512212,0.0652385,,0.157676,0.0167315,fluid
198,0.204075,0,,999.989,-0.00272171,-20.9355,,0.20027,-2.68615e-14,,0.0137046,1.06961e-12,fluid
199,0.195809,0.0574947,,999.987,4.15008e-05,-25.7027,,0.55136,-0.0618287,,0.165937,-0.0123587,fluid
200,0.171679,0.110331,,999.997,-0.00481871,-5.5325,,0.888038,0.0279666,,0.284025,0.043269,fluid
201,0.133641,0.15423,,999.99,-0.00156562,-20.4847,,0.844648,0.0601913,,0.192652,0.0615208,fluid
202,0.084776,0.185634,,999.98,-0.0114687,-39.0667,,0.756003,0.0915876,,0.115911,0.0433217,fluid
203,0.029043,0.201998,,999.989,-0.00681355,-21.1654,,0.727377,0.103964,,0.0811926,0.0535225,fluid
204,-0.029043,0.201998,,999.977,-0.0253531,-46.0698,,0.708102,0.135401,,0.0726928,0.0518743,fluid
205,-0.084776,0.185634,,999.985,-0.0253813,-30.0471,,0.700309,0.129082,,0.0475028,0.0414175,fluid
206,-0.133641,0.15423,,1000.03,-0.00767143,49.9143,,0.718134,0.137377,,0.0825435,0.0556552,fluid
207,-0.171679,0.110331,,1000.06,0.0648818,127.333,,0.788706,0.118732,,0.13136,0.0436373,fluid
208,-0.195809,0.0574947,,999.961,-0.0790889,-76.2232,,0.942992,0.0934219,,0.323042,0.0620061,fluid
209,-0.204075,2.4992e-17,,999.949,-0.0663204,-100.479,,1.16355,-4.10418e-14,,0.812252,-1.71977e-12,fluid
210,-0.195809,-0.0574947,,999.961,-0.0790889,-76.2232,,0.942992,-0.0934219,,0.323042,-0.0620061,fluid
211,-0.171679,-0.110331,,1000.06,0.0648818,127.333,,0.788706,-0.118732,,0.13136,-0.0436373,fluid
212,-0.133641,-0.15423,,1000.03,-0.00767143,49.9143,,0.718134,-0.137377,,0.0825435,-0.0556552,fluid
213,-0.084776,-0.185634,,999.985,-0.0253813,-30.0471,,0.700309,-0.129082,,0.0475028,-0.0414175,fluid
214,-0.029043,-0.201998,,999.977,-0.0253531,-46.0698,,0.708102,-0.135401,,0.0726928,-0.0518743,fluid
215,0.029043,-0.201998,,999.989,-0.00681355,-21.1654,,0.727377,-0.103964,,0.0811926,-0.0535225,fluid
216,0.084776,-0.185634,,999.98,-0.0114687,-39.0667,,0.756003,-0.0915876,,0.115911,-0.0433217,fluid
217,0.133641,-0.15423,,999.99,-0.00156562,-20.4847,,0.844648,-0.0601913,,0.192652,-0.0615208,fluid
218,0.171679,-0.110331,,999.997,-0.00481871,-5.5325,,0.888038,-0.0279666,,0.284025,-0.043269,fluid
219,0.195809,-0.0574947,,999.987,4.15009e-05,-25.7027,,0.55136,0.0618287,,0.165937,0.0123587,fluid
220,0.225471,0,,999.99,-0.00200893,-19.0701,,0.246957,-2.64871e-14,,0.0301496,9.67241e-13,fluid
221,0.216338,0.0635226,,999.993,0.00338199,-14.5631,,0.579775,-0.057773,,0.173236,-0.012932,fluid
222,0.189678,0.121899,,999.989,-0.00734516,-21.662,,0.871545,0.0375897,,0.262654,0.0444988,fluid
223,0.147652,0.1704,,999.989,-0.00631548,-22.0275,,0.799743,0.0581395,,0.164215,0.0529,fluid
224,0.0936641,0.205096,,999.985,-0.00962378,-29.9311,,0.71909,0.0863887,,0.0885595,0.0393114,fluid
225,0.0320879,0.223176,,999.984,-0.00903472,-31.4884,,0.689906,0.100696,,0.0574771,0.0506343,fluid
226,-0.0320879,0.223176,,999.985,-0.0247321,-30.126,,0.65853,0.121991,,0.041729,0.0381201,fluid
227,-0.0936641,0.205096,,1000.02,0.00326923,34.8163,,0.652471,0.126949,,0.0174585,0.0450928,fluid
228,-0.147652,0.1704,,1000.04,0.0104669,70.922,,0.689422,0.126519,,0.0602788,0.0480349,fluid
229,-0.189678,0.121899,,1000.01,-0.00570882,29.0738,,0.781143,0.10315,,0.12971,0.0246652,fluid
230,-0.216338,0.0635226,,999.982,-0.118095,-35.8531,,0.937229,0.0822213,,0.311002,0.0481383,fluid
231,-0.225471,2.76122e-17,,1000.06,0.0291813,122.636,,1.15908,-3.42774e-14,,0.779933,-1.83131e-12,fluid
232,-0.216338,-0.0635226,,999.982,-0.118095,-35.8531,,0.937229,-0.0822213,,0.311002,-0.0481383,fluid
233,-0.189678,-0.121899,,1000.01,-0.00570882,29.0738,,0.781143,-0.10315,,0.12971,-0.0246652,fluid
234,-0.147652,-0.1704,,1000.04,0.0104669,70.922,,0.689422,-0.126519,,0.0602788,-0.0480349,fluid
235,-0.0936641,-0.205096,,1000.02,0.00326923,34.8163,,0.652471,-0.126949,,0.0174585,-0.0450928,fluid
236,-0.0320879,-0.223176,,999.985,-0.0247321,-30.126,,0.65853,-0.121991,,0.041729,-0.0381201,fluid
237,0.0320879,-0.223176,,999.984,-0.00903472,-31.4884,,0.689906,-0.100696,,0.0574771,-0.0506343,fluid
238,0.0936641,-0.205096,,999.985,-0.00962378,-29.9311,,0.71909,-0.0863887,,0.0885595,-0.0393114,fluid
239,0.147652,-0.1704,,999.989,-0.00631548,-22.0275,,0.799743,-0.0581395,,0.164215,-0.0529,fluid
240,0.189678,-0.121899,,999.989,-0.00734516,-21.662,,0.871545,-0.0375897,,0.262654,-0.0444988,fluid
241,0.216338,-0.0635226,,999.993,0.00338199,-14.5631,,0.579775,0.057773,,0.173236,0.012932,fluid
242,0.247874,0,,999.984,-0.00817373,-30.9805,,0.286436,-2.52186e-14,,0.0426068,7.66082e-13,fluid
243,0.237833,0.0698342,,999.996,0.00966217,-7.43936,,0.598057,-0.0490968,,0.175736,-0.00941238,fluid
244,0.208525,0.134011,,999.987,-0.00185994,-26.0774,,0.848574,0.0495631,,0.239282,0.0476346,fluid
245,0.162323,0.187331,,999.989,-0.0103476,-20.7874,,0.751301,0.0651692,,0.136953,0.0473902,fluid
246,0.102971,0.225474,,999.991,-0.00591487,-16.8615,,0.686183,0.0841889,,0.063963,0.0364414,fluid
247,0.0352762,0.245351,,999.985,-0.0115421,-29.0955,,0.650608,0.0971223,,0.0341962,0.0470466,fluid
248,-0.0352762,0.245351,,999.991,-0.0161043,-16.8846,,0.61748,0.110454,,0.0138483,0.0275531,fluid
249,-0.102971,0.225474,,999.997,0.00437631,-5.04189,,0.623969,0.111581,,-0.0032016,0.0371201,fluid
250,-0.162323,0.187331,,999.958,-0.0557515,-82.6463,,0.676977,0.101256,,0.048622,0.0262056,fluid
251,-0.208525,0.134011,,999.947,-0.0844591,-104.929,,0.767961,0.0748937,,0.115276,-0.00264638,fluid
252,-0.237833,0.0698342,,1000.07,0.00386531,129.454,,0.900812,0.0657777,,0.23923,0.0519826,fluid
253,-0.247874,3.03558e-17,,1000.15,0.105133,293.538,,1.15631,-2.65495e-14,,0.755019,-1.77154e-12,fluid
254,-0.237833,-0.0698342,,1000.07,0.00386531,129.454,,0.900812,-0.0657777,,0.23923,-0.0519826,fluid
255,-0.208525,-0.134011,,999.947,-0.0844591,-104.929,,0.767961,-0.0748937,,0.115276,0.00264638,fluid
256,-0.162323,-0.187331,,999.958,-0.0557515,-82.6463,,0.676977,-0.101256,,0.048622,-0.0262056,fluid
257,-0.102971,-0.225474,,999.997,0.00437631,-5.04189,,0.623969,-0.111581,,-0.0032016,-0.0371201,fluid
258,-0.0352762,-0.245351,,999.991,-0.0161043,-16.8846,,0.61748,-0.110454,,0.0138483,-0.0275531,fluid
259,0.0352762,-0.245351,,999.985,-0.0115421,-29.0955,,0.650608,-0.0971223,,0.0341962,-0.0470466,fluid
260,0.102971,-0.225474,,999.991,-0.00591487,-16.8615,,0.686183,-0.0841889,,0.063963,-0.0364414,fluid
261,0.162323,-0.187331,,999.989,-0.0103476,-20.7874,,0.751301,-0.0651692,,0.136953,-0.0473902,fluid
262,0.208525,-0.134011,,999.987,-0.00185994,-26.0774,,0.848574,-0.0495631,,0.239282,-0.0476346,fluid
263,0.237833,-0.0698342,,999.996,0.00966217,-7.43936,,0.598057,0.0490968,,0.175736,0.00941238,fluid
264,0.271332,0,,999.985,-0.00754514,-29.3448,,0.32167,-2.35103e-14,,0.0551301,5.17347e-13,fluid
265,0.260341,0.076443,,1000,0.0135086,6.43796,,0.6123,-0.0358885,,0.172502,0.000726649,fluid
266,0.228259,0.146693,,999.997,0.004321,-6.28525,,0.827998,0.0568764,,0.215372,0.0524936,fluid
267,0.177685,0.205059,,999.995,-0.0077782,-10.461,,0.714309,0.0664459,,0.108487,0.0480892,fluid
268,0.112715,0.246812,,999.995,-0.00222484,-10.1557,,0.652941,0.0834926,,0.0433436,0.0337105,fluid
269,0.0386145,0.26857,,999.99,-0.012872,-19.1799,,0.612335,0.0933449,,0.0115159,0.0431734,fluid
270,-0.0386145,0.26857,,999.992,-0.00918168,-15.0622,,0.584471,0.100069,,-0.00622922,0.0195239,fluid
271,-0.112715,0.246812,,999.962,-0.0235181,-74.302,,0.593839,0.0942518,,-0.0227355,0.025926,fluid
272,-0.177685,0.205059,,999.942,-0.0778896,-113.396,,0.649169,0.0815156,,0.0297706,0.00767436,fluid
273,-0.228259,0.146693,,999.995,-0.00362501,-9.09084,,0.724234,0.0771523,,0.0518356,0.00751801,fluid
274,-0.260341,0.076443,,1000.04,0.0405872,70.4859,,0.908342,0.067327,,0.22802,0.063909,fluid
275,-0.271332,3.32286e-17,,999.988,-0.0593561,-24.1715,,1.19689,-1.94022e-14,,0.780326,-1.65149e-12,fluid
276,-0.260341,-0.076443,,1000.04,0.0405872,70.4859,,0.908342,-0.067327,,0.22802,-0.063909,fluid
277,-0.228259,-0.146693,,999.995,-0.00362501,-9.09084,,0.724234,-0.0771523,,0.0518356,-0.00751801,fluid
278,-0.177685,-0.205059,,999.942,-0.0778896,-113.396,,0.649169,-0.0815156,,0.0297706,-0.00767436,fluid
279,-0.112715,-0.246812,,999.962,-0.0235181,-74.302,,0.593839,-0.0942518,,-0.0227355,-0.025926,fluid
280,-0.0386145,-0.26857,,999.992,-0.00918168,-15.0622,,0.584471,-0.100069,,-0.00622922,-0.0195239,fluid
281,0.0386145,-0.26857,,999.99,-0.012872,-19.1799,,0.612335,-0.0933449,,0.0115159,-0.0431734,fluid
282,0.112715,-0.246812,,999.995,-0.00222484,-10.1557,,0.652941,-0.0834926,,0.0433436,-0.0337105,fluid
283,0.177685,-0.205059,,999.995,-0.0077782,-10.461,,0.714309,-0.0664459,,0.108487,-0.0480892,fluid
284,0.228259,-0.146693,,999.997,0.004321,-6.28525,,0.827998,-0.0568764,,0.215372,-0.0524936,fluid
285,0.260341,-0.076443,,1000,0.0135086,6.43796,,0.6123,0.0358885,,0.172502,-0.000726649,fluid
286,0.295894,0,,999.994,0.00241671,-10.8864,,0.353901,-2.28136e-14,,0.0662599,3.04268e-13,fluid
287,0.283908,0.0833629,,1000.01,0.00979146,15.2785,,0.624005,-0.0266424,,0.166117,0.00965508,fluid
288,0.248922,0.159972,,1000,0.00464972,2.23807,,0.808733,0.0573396,,0.193793,0.0544574,fluid
289,0.193769,0.223622,,999.997,-0.0037194,-6.80487,,0.688205,0.0584784,,0.0852489,0.0479871,fluid
290,0.122919,0.269155,,999.992,-0.00298343,-15.9703,,0.62087,0.0807505,,0.0267069,0.0289336,fluid
291,0.0421101,0.292882,,999.99,-0.0133409,-19.1327,,0.578051,0.0877222,,-0.0083695,0.0387408,fluid
292,-0.0421101,0.292882,,999.991,-0.0105044,-17.9475,,0.549915,0.0893467,,-0.0223042,0.0114623,fluid
293,-0.122919,0.269155,,999.987,-0.032372,-24.8147,,0.547386,0.0945626,,-0.0397498,0.0193009,fluid
294,-0.193769,0.223622,,1000.04,-0.00290208,81.0399,,0.587397,0.0984246,,-0.00632146,0.0153007,fluid
295,-0.248922,0.159972,,1000.09,0.0908573,168.737,,0.676317,0.106043,,0.00554002,0.0251705,fluid
296,-0.283908,0.0833629,,999.927,-0.0852738,-142.249,,0.941007,0.0909545,,0.253121,0.0731115,fluid
297,-0.295894,3.62365e-17,,999.831,-0.211291,-331.737,,1.24545,-1.01699e-14,,0.810851,-1.57828e-12,fluid
298,-0.283908,-0.0833629,,999.927,-0.0852738,-142.249,,0.941007,-0.0909545,,0.253121,-0.0731115,fluid
299,-0.248922,-0.159972,,1000.09,0.0908573,168.737,,0.676317,-0.106043,,0.00554002,-0.0251705,fluid
300,-0.193769,-0.223622,,1000.04,-0.00290208,81.0399,,0.587397,-0.0984246,,-0.00632146,-0.0153007,fluid
301,-0.122919,-0.269155,,999.987,-0.032372,-24.8147,,0.547386,-0.0945626,,-0.0397498,-0.0193009,fluid
302,-0.0421101,-0.292882,,999.991,-0.0105044,-17.9475,,0.549915,-0.0893467,,-0.0223042,-0.0114623,fluid
303,0.0421101,-0.292882,,999.99,-0.0133409,-19.1327,,0.578051,-0.0877222,,-0.0083695,-0.0387408,fluid
304,0.122919,-0.269155,,999.992,-0.00298342,-15.9703,,0.62087,-0.0807505,,0.0267069,-0.0289336,fluid
305,0.193769,-0.223622,,999.997,-0.0037194,-6.80487,,0.688205,-0.0584784,,0.0852489,-0.0479871,fluid
306,0.248922,-0.159972,,1000,0.00464972,2.23807,,0.808733,-0.0573396,,0.193793,-0.0544574,fluid
307,0.283908,-0.0833629,,1000.01,0.00979146,15.2785,,0.624005,0.0266424,,0.166117,-0.00965508,fluid
308,0.321612,0,,999.997,0.00609499,-5.76661,,0.380364,-2.4328e-14,,0.071689,1.6582e-13,fluid
309,0.308585,0.0906086,,1000,0.00203401,2.57668,,0.630172,-0.0263505,,0.161265,0.00835946,fluid
310,0.270557,0.173877,,999.993,0.000330799,-13.2041,,0.784898,0.0582522,,0.172442,0.0552907,fluid
311,0.210611,0.243058,,999.992,-0.00598785,-16.3032,,0.66051,0.0525814,,0.0685232,0.0425652,fluid
312,0.133603,0.292549,,999.989,-0.00577727,-21.3894,,0.591492,0.0768345,,0.00994889,0.0246822,fluid
313,0.0457702,0.318339,,999.986,-0.0125376,-27.3202,,0.54741,0.0807724,,-0.023979,0.0340689,fluid
314,-0.0457702,0.318339,,999.988,-0.0168941,-23.025,,0.516185,0.0790073,,-0.0389007,0.00275623,fluid
315,-0.133603,0.292549,,1000.02,-0.00857856,31.2565,,0.511963,0.0898922,,-0.0603206,0.0221637,fluid
316,-0.210611,0.243058,,1000.05,0.0237123,93.9556,,0.560098,0.0787047,,-0.0255341,0.00204796,fluid
317,-0.270557,0.173877,,1000.03,0.0141799,57.9273,,0.663475,0.0841144,,0.000932008,0.00782591,fluid
318,-0.308585,0.0906086,,999.922,-0.174732,-152.897,,0.931223,0.0807448,,0.246863,0.056645,fluid
319,-0.321612,3.93861e-17,,1000.02,0.00105234,40.2663,,1.21347,-4.09199e-15,,0.747756,-1.51517e-12,fluid
320,-0.308585,-0.0906086,,999.922,-0.174732,-152.897,,0.931223,-0.0807448,,0.246863,-0.056645,fluid
321,-0.270557,-0.173877,,1000.03,0.0141799,57.9273,,0.663475,-0.0841144,,0.000932008,-0.00782591,fluid
322,-0.210611,-0.243058,,1000.05,0.0237123,93.9556,,0.560098,-0.0787047,,-0.0255341,-0.00204796,fluid
323,-0.133603,-0.292549,,1000.02,-0.00857856,31.2565,,0.511963,-0.0898922,,-0.0603206,-0.0221637,fluid
324,-0.0457702,-0.318339,,999.988,-0.0168941,-23.025,,0.516185,-0.0790073,,-0.0389007,-0.00275623,fluid
325,0.0457702,-0.318339,,999.986,-0.0125376,-27.3202,,0.54741,-0.0807724,,-0.023979,-0.0340689,fluid
326,0.133603,-0.292549,,999.989,-0.00577727,-21.3894,,0.591492,-0.0768345,,0.00994889,-0.0246822,fluid
327,0.210611,-0.243058,,999.992,-0.00598785,-16.3032,,0.66051,-0.0525814,,0.0685232,-0.0425652,fluid
328,0.270557,-0.173877,,999.993,0.000330799,-13.2041,,0.784898,-0.0582522,,0.172442,-0.0552907,fluid
329,0.308585,-0.0906086,,1000,0.00203401,2.57668,,0.630172,0.0263505,,0.161265,-0.00835946,fluid
330,0.348541,0,,999.99,-0.00218719,-18.6924,,0.403075,-2.52395e-14,,0.0734507,8.50356e-14,fluid
331,0.334423,0.0981955,,999.997,0.00545807,-5.09772,,0.63384,-0.0261888,,0.158776,0.0076226,fluid
332,0.293212,0.188436,,999.99,0.000134362,-19.6511,,0.75556,0.0671527,,0.154191,0.0544183,fluid
333,0.228246,0.26341,,999.989,-0.0105684,-22.1088,,0.626103,0.0565585,,0.0537398,0.0374642,fluid
334,0.144789,0.317044,,999.995,-0.00385916,-10.648,,0.56514,0.0745918,,-0.00718384,0.0227316,fluid
335,0.0496026,0.344994,,999.986,-0.0108691,-27.1737,,0.520125,0.0747172,,-0.0348001,0.029495,fluid
336,-0.0496026,0.344994,,999.989,-0.0186519,-21.3416,,0.489311,0.0713559,,-0.05365,-0.00413616,fluid
337,-0.144789,0.317044,,999.991,-0.00069543,-17.2995,,0.49305,0.0786086,,-0.0721397,0.0186834,fluid
338,-0.228246,0.26341,,999.941,-0.0483862,-116.06,,0.552289,0.0520191,,-0.0219143,-0.0162517,fluid
339,-0.293212,0.188436,,999.896,-0.129082,-203.263,,0.646467,0.0410047,,-0.00683137,-0.0271245,fluid
340,-0.334423,0.0981955,,1000.05,-0.0602241,101.428,,0.855555,0.0478734,,0.149639,0.0332527,fluid
341,-0.348541,4.2684e-17,,1000.29,0.273409,568.082,,1.16564,6.08535e-16,,0.679925,-1.33856e-12,fluid
342,-0.334423,-0.0981955,,1000.05,-0.0602241,101.428,,0.855555,-0.0478734,,0.149639,-0.0332527,fluid
343,-0.293212,-0.188436,,999.896,-0.129082,-203.263,,0.646467,-0.0410047,,-0.00683137,0.0271245,fluid
344,-0.228246,-0.26341,,999.941,-0.0483862,-116.06,,0.552289,-0.0520191,,-0.0219143,0.0162517,fluid
345,-0.144789,-0.317044,,999.991,-0.00069543,-17.2995,,0.49305,-0.0786086,,-0.0721397,-0.0186834,fluid
346,-0.0496026,-0.344994,,999.989,-0.0186519,-21.3416,,0.489311,-0.0713559,,-0.05365,0.00413616,fluid
347,0.0496026,-0.344994,,999.986,-0.0108691,-27.1737,,0.520125,-0.0747172,,-0.0348001,-0.029495,fluid
348,0.144789,-0.317044,,999.995,-0.00385916,-10.648,,0.56514,-0.0745918,,-0.00718384,-0.0227316,fluid
349,0.228246,-0.26341,,999.989,-0.0105684,-22.1088,,0.626103,-0.0565585,,0.0537398,-0.0374642,fluid
350,0.293212,-0.188436,,999.99,0.000134362,-19.6511,,0.75556,-0.0671527,,0.154191,-0.0544183,fluid
351,0.334423,-0.0981955,,999.997,0.00545807,-5.09772,,0.63384,0.0261888,,0.158776,-0.0076226,fluid
352,0.376738,0,,999.99,-0.00554802,-19.9823,,0.425724,-2.34716e-14,,0.0782033,-2.41138e-16,fluid
353,0.361478,0.106139,,1000.01,0.0146637,19.0008,,0.635746,-0.0148452,,0.152244,0.0096515,fluid
354,0.316932,0.20368,,1000,0.0067965,2.24138,,0.730534,0.0743259,,0.13822,0.0540533,fluid
355,0.246711,0.28472,,999.994,-0.0101417,-12.3051,,0.595498,0.0615824,,0.0372281,0.0363894,fluid
356,0.156503,0.342693,,1000,0.00230075,7.08649,,0.540093,0.0736265,,-0.0218294,0.0216208,fluid
357,0.0536155,0.372904,,999.991,-0.0117432,-17.3332,,0.493991,0.0699847,,-0.0447272,0.0249198,fluid
358,-0.0536155,0.372904,,999.997,-0.0100282,-4.93593,,0.466676,0.0661407,,-0.0639014,-0.00773757,fluid
359,-0.156503,0.342693,,999.958,-0.0195078,-82.1702,,0.473197,0.0663559,,-0.0778022,0.0132827,fluid
360,-0.246711,0.28472,,999.902,-0.0982062,-192.07,,0.531308,0.0308428,,-0.0256779,-0.0347153,fluid
361,-0.316932,0.20368,,999.914,-0.0943998,-168.009,,0.604158,0.0343883,,-0.0474248,-0.0259402,fluid
362,-0.361478,0.106139,,1000.07,0.0378794,132.36,,0.847634,0.0311066,,0.123526,0.0289262,fluid
363,-0.376738,4.61371e-17,,1000.12,0.0621652,240.404,,1.2094,1.63085e-14,,0.72163,-1.03005e-12,fluid
364,-0.361478,-0.106139,,1000.07,0.0378794,132.36,,0.847634,-0.0311066,,0.123526,-0.0289262,fluid
365,-0.316932,-0.20368,,999.914,-0.0943998,-168.009,,0.604158,-0.0343883,,-0.0474248,0.0259402,fluid
366,-0.246711,-0.28472,,999.902,-0.0982062,-192.07,,0.531308,-0.0308428,,-0.0256779,0.0347153,fluid
367,-0.156503,-0.342693,,999.958,-0.0195078,-82.1702,,0.473197,-0.0663559,,-0.0778022,-0.0132827,fluid
368,-0.0536155,-0.372904,,999.997,-0.0100282,-4.93593,,0.466676,-0.0661407,,-0.0639014,0.00773757,fluid
369,0.0536155,-0.372904,,999.991,-0.0117432,-17.3332,,0.493991,-0.0699847,,-0.0447272,-0.0249198,fluid
370,0.156503,-0.342693,,1000,0.00230075,7.08649,,0.540093,-0.0736265,,-0.0218294,-0.0216208,fluid
371,0.246711,-0.28472,,999.994,-0.0101417,-12.3051,,0.595498,-0.0615824,,0.0372281,-0.0363894,fluid
372,0.316932,-0.20368,,1000,0.0067965,2.24138,,0.730534,-0.0743259,,0.13822,-0.0540533,fluid
373,0.361478,-0.106139,,1000.01,0.0146637,19.0008,,0.635746,0.0148452,,0.152244,-0.0096515,fluid
374,0.406263,0,,999.997,0.00519423,-6.28385,,0.443609,-2.18156e-14,,0.0856108,-1.12282e-13,fluid
375,0.389806,0.114457,,1000.02,0.012447,35.6013,,0.632046,-0.000694156,,0.142221,0.0130204,fluid
376,0.34177,0.219642,,1000.01,0.010245,19.0512,,0.711517,0.0726588,,0.122465,0.0529562,fluid
377,0.266045,0.307033,,999.999,-0.00659274,-2.2114,,0.575436,0.058153,,0.021232,0.0361841,fluid
378,0.168768,0.36955,,1000,0.00437561,4.65574,,0.517886,0.0693589,,-0.0330787,0.0189912,fluid
379,0.0578172,0.402128,,999.992,-0.0167456,-15.3812,,0.468028,0.0643793,,-0.0566972,0.0202928,fluid
380,-0.0578172,0.402128,,1000,0.00118972,7.32732,,0.44189,0.0594546,,-0.0731729,-0.0104218,fluid
381,-0.168768,0.36955,,999.983,-0.0337549,-34.2946,,0.432635,0.0606048,,-0.0864342,0.00584771,fluid
382,-0.266045,0.307033,,1000.05,-0.0216964,92.5641,,0.461322,0.0527677,,-0.0570336,-0.0312603,fluid
383,-0.34177,0.219642,,1000.11,0.121519,225.361,,0.541075,0.093454,,-0.10182,0.0248811,fluid
384,-0.389806,0.114457,,999.926,-0.0361097,-145.514,,0.888723,0.0743724,,0.162057,0.0723002,fluid
385,-0.406263,4.97528e-17,,999.693,-0.397815,-602.49,,1.28209,2.43558e-14,,0.785692,-6.47117e-13,fluid
386,-0.389806,-0.114457,,999.926,-0.0361097,-145.514,,0.888723,-0.0743724,,0.162057,-0.0723002,fluid
387,-0.34177,-0.219642,,1000.11,0.121519,225.361,,0.541075,-0.093454,,-0.10182,-0.0248811,fluid
388,-0.266045,-0.307033,,1000.05,-0.0216964,92.5641,,0.461322,-0.0527677,,-0.0570336,0.0312603,fluid
389,-0.168768,-0.36955,,999.983,-0.0337549,-34.2946,,0.432635,-0.0606048,,-0.0864342,-0.00584771,fluid
390,-0.0578172,-0.402128,,1000,0.00118972,7.32732,,0.44189,-0.0594546,,-0.0731729,0.0104218,fluid
391,0.0578172,-0.402128,,999.992,-0.0167456,-15.3812,,0.468028,-0.0643793,,-0.0566972,-0.0202928,fluid
392,0.168768,-0.36955,,1000,0.00437561,4.65574,,0.517886,-0.0693589,,-0.0330787,-0.0189912,fluid
393,0.266045,-0.307033,,999.999,-0.00659274,-2.2114,,0.575436,-0.058153,,0.021232,-0.0361841,fluid
394,0.34177,-0.219642,,1000.01,0.010245,19.0512,,0.711517,-0.0726588,,0.122465,-0.0529562,fluid
395,0.389806,-0.114457,,1000.02,0.012447,35.6013,,0.632046,0.000694156,,0.142221,-0.0130204,fluid
396,0.437177,0,,1000,0.0115081,4.52331,,0.455858,-2.16963e-14,,0.0879141,-2.14973e-13,fluid
397,0.419468,0.123167,,1000.01,0.00110763,11.324,,0.626898,0.00421474,,0.134068,0.0169991,fluid
398,0.367777,0.236356,,999.999,0.00312261,-1.46727,,0.692855,0.06595,,0.105072,0.0521505,fluid
399,0.28629,0.330396,,999.995,-0.00590763,-9.11903,,0.559972,0.049928,,0.00837026,0.034053,fluid
400,0.18161,0.39767,,999.99,-0.00146377,-19.7081,,0.498718,0.0618812,,-0.0409777,0.0141195,fluid
401,0.0622168,0.432727,,999.986,-0.0195156,-26.7895,,0.446026,0.0569049,,-0.0661177,0.015956,fluid
402,-0.0622168,0.432727,,999.993,-2.07846e-05,-13.3592,,0.416572,0.0492175,,-0.0818201,-0.0149348,fluid
403,-0.18161,0.39767,,1000.01,-0.0295184,17.9862,,0.399056,0.0475492,,-0.0985664,0.000679724,fluid
404,-0.28629,0.330396,,1000.11,0.058263,207.239,,0.421884,0.0319195,,-0.0870807,-0.0435,fluid
405,-0.367777,0.236356,,1000.13,0.143292,256.196,,0.519465,0.0833684,,-0.114758,0.0165535,fluid
406,-0.419468,0.123167,,999.849,-0.180814,-296.38,,0.896921,0.0827642,,0.171799,0.0862967,fluid
407,-0.437177,5.35387e-17,,999.729,-0.332369,-532.189,,1.28436,3.02617e-14,,0.769299,-2.85682e-13,fluid
408,-0.419468,-0.123167,,999.849,-0.180814,-296.38,,0.896921,-0.0827642,,0.171799,-0.0862967,fluid
409,-0.367777,-0.236356,,1000.13,0.143292,256.196,,0.519465,-0.0833684,,-0.114758,-0.0165535,fluid
410,-0.28629,-0.330396,,1000.11,0.058263,207.239,,0.421884,-0.0319195,,-0.0870807,0.0435,fluid
411,-0.18161,-0.39767,,1000.01,-0.0295184,17.9862,,0.399056,-0.0475492,,-0.0985664,-0.000679724,fluid
412,-0.0622168,-0.432727,,999.993,-2.07845e-05,-13.3592,,0.416572,-0.0492175,,-0.0818201,0.0149348,fluid
413,0.0622168,-0.432727,,999.986,-0.0195156,-26.7895,,0.446026,-0.0569049,,-0.0661177,-0.015956,fluid
414,0.18161,-0.39767,,999.99,-0.00146377,-19.7081,,0.498718,-0.0618812,,-0.0409777,-0.0141195,fluid
415,0.28629,-0.330396,,999.995,-0.00590763,-9.11903,,0.559972,-0.049928,,0.00837026,-0.034053,fluid
416,0.367777,-0.236356,,999.999,0.00312261,-1.46727,,0.692855,-0.06595,,0.105072,-0.0521505,fluid
417,0.419468,-0.123167,,1000.01,0.00110763,11.324,,0.626898,-0.00421474,,0.134068,-0.0169991,fluid
418,0.469547,0,,999.999,0.00305642,-1.3065,,0.466404,-2.31348e-14,,0.0846196,-3.05286e-13,fluid
419,0.450527,0.132287,,999.991,-0.00721629,-18.3714,,0.623642,-0.000110742,,0.125889,0.0171183,fluid
420,0.395008,0.253856,,999.986,-0.00407972,-27.8167,,0.669213,0.0674554,,0.0890342,0.0516848,fluid
421,0.307488,0.35486,,999.989,-0.00755243,-21.1382,,0.539913,0.0475498,,-0.00105271,0.0305369,fluid
422,0.195057,0.427115,,999.986,-0.00677713,-27.8893,,0.481281,0.0564073,,-0.0481593,0.0100981,fluid
423,0.0668235,0.464767,,999.984,-0.0127327,-31.163,,0.432031,0.0493517,,-0.0710185,0.0125255,fluid
424,-0.0668235,0.464767,,999.977,-0.0151299,-45.2977,,0.397454,0.0394951,,-0.0901248,-0.0209534,fluid
425,-0.195057,0.427115,,999.985,-0.0196136,-28.8807,,0.391373,0.0389662,,-0.101138,0.000497382,fluid
426,-0.307488,0.35486,,999.954,0.00511393,-90.3078,,0.424454,0.00454274,,-0.0724788,-0.0522987,fluid
427,-0.395008,0.253856,,999.882,-0.133516,-230.984,,0.495057,0.0202306,,-0.123453,-0.0331848,fluid
428,-0.450527,0.132287,,1000.04,-0.11374,79.1132,,0.795121,0.0402586,,0.081602,0.041423,fluid
429,-0.469547,5.75029e-17,,1000.38,0.371661,746.634,,1.15749,3.22285e-14,,0.608903,2.5636e-14,fluid
430,-0.450527,-0.132287,,1000.04,-0.11374,79.1132,,0.795121,-0.0402586,,0.081602,-0.041423,fluid
431,-0.395008,-0.253856,,999.882,-0.133516,-230.984,,0.495057,-0.0202306,,-0.123453,0.0331848,fluid
432,-0.307488,-0.35486,,999.954,0.00511393,-90.3078,,0.424454,-0.00454274,,-0.0724788,0.0522987,fluid
433,-0.195057,-0.427115,,999.985,-0.0196136,-28.8807,,0.391373,-0.0389662,,-0.101138,-0.000497382,fluid
434,-0.0668235,-0.464767,,999.977,-0.0151299,-45.2977,,0.397454,-0.0394951,,-0.0901248,0.0209534,fluid
435,0.0668235,-0.464767,,999.984,-0.0127327,-31.163,,0.432031,-0.0493517,,-0.0710185,-0.0125255,fluid
436,0.195057,-0.427115,,999.986,-0.00677713,-27.8893,,0.481281,-0.0564073,,-0.0481593,-0.0100981,fluid
437,0.307488,-0.35486,,999.989,-0.00755243,-21.1382,,0.539913,-0.0475498,,-0.00105271,-0.0305369,fluid
438,0.395008,-0.253856,,999.986,-0.00407972,-27.8167,,0.669213,-0.0674554,,0.0890342,-0.0516848,fluid
439,0.450527,-0.132287,,999.991,-0.00721629,-18.3714,,0.623642,0.000110742,,0.125889,-0.0171183,fluid
440,0.50344,0,,999.993,-0.00351064,-14.4717,,0.476442,-2.29459e-14,,0.0827532,-4.05548e-13,fluid
441,0.483048,0.141836,,999.999,0.000268425,-2.10392,,0.62132,-0.00147756,,0.118962,0.0168977,fluid
442,0.423521,0.27218,,999.995,0.00223523,-9.02757,,0.645782,0.07537,,0.0767288,0.0514748,fluid
443,0.329683,0.380475,,999.992,-0.00716617,-16.4498,,0.516497,0.0516518,,-0.00885842,0.0274398,fluid
444,0.209137,0.457946,,1000,-0.00182155,2.99862,,0.462658,0.0560433,,-0.0567693,0.00966428,fluid
445,0.071647,0.498316,,999.992,-0.00271403,-14.8113,,0.417119,0.0441491,,-0.071873,0.00912232,fluid
446,-0.071647,0.498316,,999.985,-0.022133,-28.5249,,0.383821,0.0348234,,-0.0954382,-0.0247726,fluid
447,-0.209137,0.457946,,999.956,-0.0111127,-86.1316,,0.389555,0.0335245,,-0.0971219,0.00376919,fluid
448,-0.329683,0.380475,,999.838,-0.102829,-318.367,,0.429542,-0.0192098,,-0.0469933,-0.065062,fluid
449,-0.423521,0.27218,,999.75,-0.291757,-490.694,,0.471276,-0.0252011,,-0.129984,-0.0638822,fluid
450,-0.483048,0.141836,,1000.14,0.0247367,275.7,,0.748308,-0.0209635,,0.0222197,-0.01929,fluid
451,-0.50344,6.16537e-17,,1000.58,0.577004,1144.01,,1.13175,4.11937e-14,,0.584972,2.79691e-13,fluid
452,-0.483048,-0.141836,,1000.14,0.0247367,275.7,,0.748308,0.0209635,,0.0222197,0.01929,fluid
453,-0.423521,-0.27218,,999.75,-0.291757,-490.694,,0.471276,0.0252011,,-0.129984,0.0638822,fluid
454,-0.329683,-0.380475,,999.838,-0.102829,-318.367,,0.429542,0.0192098,,-0.0469933,0.065062,fluid
455,-0.209137,-0.457946,,999.956,-0.0111127,-86.1316,,0.389555,-0.0335245,,-0.0971219,-0.00376919,fluid
456,-0.071647,-0.498316,,999.985,-0.022133,-28.5249,,0.383821,-0.0348234,,-0.0954382,0.0247726,fluid
457,0.071647,-0.498316,,999.992,-0.00271403,-14.8113,,0.417119,-0.0441491,,-0.071873,-0.00912232,fluid
458,0.209137,-0.457946,,1000,-0.00182155,2.99862,,0.462658,-0.0560433,,-0.0567693,-0.00966428,fluid
459,0.329683,-0.380475,,999.992,-0.00716617,-16.4498,,0.516497,-0.0516518,,-0.00885842,-0.0274398,fluid
460,0.423521,-0.27218,,999.995,0.00223523,-9.02757,,0.645782,-0.07537,,0.0767288,-0.0514748,fluid
461,0.483048,-0.141836,,999.999,0.000268425,-2.10392,,0.62132,0.00147756,,0.118962,-0.0168977,fluid
462,0.53893,0,,999.999,0.00431964,-1.11357,,0.489094,-1.9252e-14,,0.08493,-5.30461e-13,fluid
463,0.517099,0.151834,,1000.02,0.0147731,37.8487,,0.616019,0.00822961,,0.112229,0.0189449,fluid
464,0.453377,0.291367,,1000.02,0.0139509,32.507,,0.62852,0.0775395,,0.0674959,0.0498175,fluid
465,0.352924,0.407296,,999.999,-0.0058371,-1.43349,,0.497075,0.0541551,,-0.0172299,0.0252111,fluid
466,0.223879,0.490228,,1000.02,0.00733123,30.0114,,0.444395,0.0559978,,-0.0648096,0.0104329,fluid
467,0.0766977,0.533444,,999.999,-0.00585425,-1.97657,,0.39731,0.0394609,,-0.074466,0.00458071,fluid
468,-0.0766977,0.533444,,1000.01,-0.0055194,22.52,,0.366118,0.0322446,,-0.102425,-0.0252843,fluid
469,-0.223879,0.490228,,999.98,-0.0131987,-38.5789,,0.363743,0.0247147,,-0.0968214,0.00381973,fluid
470,-0.352924,0.407296,,999.983,-0.0802397,-34.1404,,0.383883,-0.0219453,,-0.0561952,-0.0792371,fluid
471,-0.453377,0.291367,,999.993,-0.0212691,-14.6629,,0.435082,0.0111471,,-0.141625,-0.0270888,fluid
472,-0.517099,0.151834,,999.928,-0.0855701,-141.294,,0.783766,0.0032,,0.076215,0.0147507,fluid
473,-0.53893,6.59999e-17,,999.896,-0.156515,-203.707,,1.19217,5.55596e-14,,0.6481,4.36313e-13,fluid
474,-0.517099,-0.151834,,999.928,-0.0855701,-141.294,,0.783766,-0.0032,,0.076215,-0.0147507,fluid
475,-0.453377,-0.291367,,999.993,-0.0212691,-14.6629,,0.435082,-0.0111471,,-0.141625,0.0270888,fluid
476,-0.352924,-0.407296,,999.983,-0.0802397,-34.1404,,0.383883,0.0219453,,-0.0561952,0.0792371,fluid
477,-0.223879,-0.490228,,999.98,-0.0131987,-38.5789,,0.363743,-0.0247147,,-0.0968214,-0.00381973,fluid
478,-0.0766977,-0.533444,,1000.01,-0.0055194,22.52,,0.366118,-0.0322446,,-0.102425,0.0252843,fluid
479,0.0766977,-0.533444,,999.999,-0.00585425,-1.97657,,0.39731,-0.0394609,,-0.074466,-0.00458071,fluid
480,0.223879,-0.490228,,1000.02,0.00733123,30.0114,,0.444395,-0.0559978,,-0.0648096,-0.0104329,fluid
481,0.352924,-0.407296,,999.999,-0.0058371,-1.43349,,0.497075,-0.0541551,,-0.0172299,-0.0252111,fluid
482,0.453377,-0.291367,,1000.02,0.0139509,32.507,,0.62852,-0.0775395,,0.0674959,-0.0498175,fluid
483,0.517099,-0.151834,,1000.02,0.0147731,37.8487,,0.616019,-0.00822961,,0.112229,-0.0189449,fluid
484,0.57609,0,,1000,0.0124737,9.38679,,0.492328,-1.66455e-14,,0.0859663,-6.95976e-13,fluid
485,0.552754,0.162303,,1000.02,0.0134135,35.9199,,0.607376,0.0198749,,0.104164,0.0215901,fluid
486,0.484638,0.311458,,1000.01,0.0112582,28.3562,,0.614824,0.0714088,,0.0578783,0.0464809,fluid
487,0.377259,0.43538,,999.998,-0.00690595,-3.60739,,0.486213,0.0481804,,-0.0260159,0.0234243,fluid
488,0.239316,0.52403,,1000,0.00696306,6.48735,,0.433598,0.0490203,,-0.0693993,0.00888372,fluid
489,0.0819861,0.570226,,999.989,-0.0215272,-20.965,,0.379701,0.0318507,,-0.0798973,-0.00139581,fluid
490,-0.0819861,0.570226,,1000.01,0.0140326,27.7171,,0.346656,0.0267163,,-0.108297,-0.0241753,fluid
491,-0.239316,0.52403,,1000.01,-0.030402,19.4097,,0.329568,0.00926126,,-0.0999164,-0.00202551,fluid
492,-0.377259,0.43538,,1000.19,0.0590846,371.695,,0.309101,-0.00542476,,-0.102887,-0.0754711,fluid
493,-0.484638,0.311458,,1000.33,0.379011,640.262,,0.369159,0.0856794,,-0.185049,0.0668472,fluid
494,-0.552754,0.162303,,999.758,-0.209647,-474.537,,0.792021,-0.0139583,,0.0575146,0.014991,fluid
495,-0.57609,7.05507e-17,,999.259,-0.889943,-1449.8,,1.28886,6.76503e-14,,0.74675,4.62192e-13,fluid
496,-0.552754,-0.162303,,999.758,-0.209647,-474.537,,0.792021,0.0139583,,0.0575146,-0.014991,fluid
497,-0.484638,-0.311458,,1000.33,0.379011,640.262,,0.369159,-0.0856794,,-0.185049,-0.0668472,fluid
498,-0.377259,-0.43538,,1000.19,0.0590846,371.695,,0.309101,0.00542476,,-0.102887,0.0754711,fluid
499,-0.239316,-0.52403,,1000.01,-0.030402,19.4097,,0.329568,-0.00926126,,-0.0999164,0.00202551,fluid
500,-0.0819861,-0.570226,,1000.01,0.0140326,27.7171,,0.346656,-0.0267163,,-0.108297,0.0241753,fluid
501,0.0819861,-0.570226,,999.989,-0.0215272,-20.965,,0.379701,-0.0318507,,-0.0798973,0.00139581,fluid
502,0.239316,-0.52403,,1000,0.00696306,6.48735,,0.433598,-0.0490203,,-0.0693993,-0.00888372,fluid
503,0.377259,-0.43538,,999.998,-0.00690595,-3.60739,,0.486213,-0.0481804,,-0.0260159,-0.0234243,fluid
504,0.484638,-0.311458,,1000.01,0.0112582,28.3562,,0.614824,-0.0714088,,0.0578783,-0.0464809,fluid
505,0.552754,-0.162303,,1000.02,0.0134135,35.9199,,0.607376,-0.0198749,,0.104164,-0.0215901,fluid
506,0.614999,0,,999.997,0.00705906,-6.24748,,0.491173,-1.6136e-14,,0.0831854,-8.62708e-13,fluid
507,0.590087,0.173265,,999.992,-0.0074601,-16.192,,0.597306,0.0229421,,0.0938053,0.0221298,fluid
508,0.51737,0.332494,,999.985,-0.00601212,-28.5114,,0.599395,0.0625634,,0.0460243,0.0436323,fluid
509,0.402739,0.464785,,999.988,-0.00934372,-22.5715,,0.477891,0.0400008,,-0.0334619,0.0207801,fluid
510,0.25548,0.559423,,999.978,-0.00272635,-42.6039,,0.428036,0.0368687,,-0.0703803,0.00450021,fluid
511,0.0875235,0.608739,,999.973,-0.0303172,-52.2332,,0.370218,0.0216599,,-0.0854031,-0.00756715,fluid
512,-0.0875235,0.608739,,999.983,0.0127909,-34.2217,,0.335282,0.0170209,,-0.112015,-0.0236492,fluid
513,-0.25548,0.559423,,999.976,-0.0514322,-48.0636,,0.315207,-0.00676324,,-0.0996536,-0.0079766,fluid
514,-0.402739,0.464785,,1000.08,0.0818051,155.755,,0.285113,-0.0335143,,-0.120586,-0.0906532,fluid
515,-0.51737,0.332494,,1000.15,0.200957,303.241,,0.330578,0.0577347,,-0.213657,0.0573883,fluid
516,-0.590087,0.173265,,999.978,-0.0302975,-43.5539,,0.739107,-0.0435249,,-0.0235176,0.0222401,fluid
517,-0.614999,7.53157e-17,,999.755,-0.4122,-480.832,,1.29992,8.48888e-14,,0.748464,4.18087e-13,fluid
518,-0.590087,-0.173265,,999.978,-0.0302975,-43.5539,,0.739107,0.0435249,,-0.0235176,-0.0222401,fluid
519,-0.51737,-0.332494,,1000.15,0.200957,303.241,,0.330578,-0.0577347,,-0.213657,-0.0573883,fluid
520,-0.402739,-0.464785,,1000.08,0.0818051,155.755,,0.285113,0.0335143,,-0.120586,0.0906532,fluid
521,-0.25548,-0.559423,,999.976,-0.0514322,-48.0636,,0.315207,0.00676324,,-0.0996536,0.0079766,fluid
522,-0.0875235,-0.608739,,999.983,0.0127909,-34.2217,,0.335282,-0.0170209,,-0.112015,0.0236492,fluid
523,0.0875235,-0.608739,,999.973,-0.0303172,-52.2332,,0.370218,-0.0216599,,-0.0854031,0.00756715,fluid
524,0.25548,-0.559423,,999.978,-0.00272635,-42.6039,,0.428036,-0.0368687,,-0.0703803,-0.00450021,fluid
525,0.402739,-0.464785,,999.988,-0.00934372,-22.5715,,0.477891,-0.0400008,,-0.0334619,-0.0207801,fluid
526,0.51737,-0.332494,,999.985,-0.00601212,-28.5114,,0.599395,-0.0625634,,0.0460243,-0.0436323,fluid
527,0.590087,-0.173265,,999.992,-0.0074601,-16.192,,0.597306,-0.0229421,,0.0938053,-0.0221298,fluid
528,0.655741,0,,1000,-0.00905253,1.58316,,0.499767,-1.71995e-14,,0.0733055,-9.9021e-13,fluid
529,0.629178,0.184743,,999.976,-0.0180131,-47.3276,,0.588756,0.0182999,,0.0848857,0.0194534,fluid
530,0.551644,0.35452,,999.972,-0.0130581,-54.75,,0.58151,0.0593265,,0.0345819,0.0419175,fluid
531,0.429419,0.495576,,999.99,-0.00563292,-20.5605,,0.466801,0.0370923,,-0.0378217,0.0178242,fluid
532,0.272404,0.596483,,999.978,-0.0077013,-43.3431,,0.421296,0.0278388,,-0.0705577,0.000260061,fluid
533,0.0933216,0.649066,,999.981,-0.0135489,-36.7954,,0.36385,0.0139813,,-0.0866932,-0.0111055,fluid
534,-0.0933216,0.649066,,999.956,-0.00827308,-85.6822,,0.333418,0.00452227,,-0.114378,-0.0260564,fluid
535,-0.272404,0.596483,,999.923,-0.0557237,-151.387,,0.324386,-0.0205854,,-0.0870056,-0.0133888,fluid
536,-0.429419,0.495576,,999.757,-0.0432958,-475.588,,0.312358,-0.0852664,,-0.0972535,-0.102336,fluid
537,-0.551644,0.35452,,999.464,-0.613905,-1050.62,,0.347908,-0.0489951,,-0.188941,-0.036436,fluid
538,-0.629178,0.184743,,1000.33,0.0835511,641.242,,0.676938,0.0364141,,0.0472719,0.0986518,fluid
539,-0.655741,8.03051e-17,,1001.32,1.38061,2602.24,,0.997801,9.93312e-14,,0.437081,3.35628e-13,fluid
540,-0.629178,-0.184743,,1000.33,0.0835511,641.242,,0.676938,-0.0364141,,0.0472719,-0.0986518,fluid
541,-0.551644,-0.35452,,999.464,-0.613905,-1050.62,,0.347908,0.0489951,,-0.188941,0.036436,fluid
542,-0.429419,-0.495576,,999.757,-0.0432958,-475.588,,0.312358,0.0852664,,-0.0972535,0.102336,fluid
543,-0.272404,-0.596483,,999.923,-0.0557237,-151.387,,0.324386,0.0205854,,-0.0870056,0.0133888,fluid
544,-0.0933216,-0.649066,,999.956,-0.00827308,-85.6822,,0.333418,-0.00452227,,-0.114378,0.0260564,fluid
545,0.0933216,-0.649066,,999.981,-0.0135489,-36.7954,,0.36385,-0.0139813,,-0.0866932,0.0111055,fluid
546,0.272404,-0.596483,,999.978,-0.0077013,-43.3431,,0.421296,-0.0278388,,-0.0705577,-0.000260061,fluid
547,0.429419,-0.495576,,999.99,-0.00563292,-20.5605,,0.466801,-0.0370923,,-0.0378217,-0.0178242,fluid
548,0.551644,-0.35452,,999.972,-0.0130581,-54.75,,0.58151,-0.0593265,,0.0345819,-0.0419175,fluid
549,0.629178,-0.184743,,999.976,-0.0180131,-47.3276,,0.588756,-0.0182999,,0.0848857,-0.0194534,fluid
550,0.6984,0,,1000.01,0.000429377,14.4165,,0.503073,-1.76999e-14,,0.0722035,-1.0515e-12,fluid
551,0.67011,0.196762,,1000,0.00648988,6.69872,,0.584168,0.0137961,,0.0803399,0.0172852,fluid
552,0.587531,0.377583,,1000.01,0.00732765,15.85,,0.566613,0.0641055,,0.0272254,0.0421732,fluid
553,0.457355,0.527815,,1000.01,0.00399562,12.3414,,0.454242,0.03994,,-0.0402423,0.016278,fluid
554,0.290126,0.635287,,1000.01,0.00018976,27.8343,,0.410474,0.02768,,-0.072377,-0.00106358,fluid
555,0.0993927,0.691291,,1000.02,0.0178917,30.2751,,0.355027,0.0118072,,-0.0852093,-0.0110966,fluid
556,-0.0993927,0.691291,,999.987,-0.0250855,-24.5815,,0.331201,-0.00225132,,-0.113699,-0.0296518,fluid
557,-0.290126,0.635287,,999.965,-0.00931916,-69.5039,,0.33625,-0.029501,,-0.0779931,-0.0103588,fluid
558,-0.457355,0.527815,,999.817,-0.117289,-358.983,,0.35804,-0.131292,,-0.0561516,-0.122754,fluid
559,-0.587531,0.377583,,999.617,-0.454536,-750.183,,0.384563,-0.169441,,-0.0984243,-0.117189,fluid
560,-0.67011,0.196762,,1000.1,-0.0375145,194.92,,0.593643,-0.0377777,,0.00365823,0.0187802,fluid
561,-0.6984,8.55293e-17,,1000.75,0.824456,1470.26,,0.791858,7.11004e-14,,0.24589,2.00775e-13,fluid
562,-0.67011,-0.196762,,1000.1,-0.0375145,194.92,,0.593643,0.0377777,,0.00365823,-0.0187802,fluid
563,-0.587531,-0.377583,,999.617,-0.454536,-750.183,,0.384563,0.169441,,-0.0984243,0.117189,fluid
564,-0.457355,-0.527815,,999.817,-0.117289,-358.983,,0.35804,0.131292,,-0.0561516,0.122754,fluid
565,-0.290126,-0.635287,,999.965,-0.00931916,-69.5039,,0.33625,0.029501,,-0.0779931,0.0103588,fluid
566,-0.0993927,-0.691291,,999.987,-0.0250855,-24.5815,,0.331201,0.00225132,,-0.113699,0.0296518,fluid
567,0.0993927,-0.691291,,1000.02,0.0178917,30.2751,,0.355027,-0.0118072,,-0.0852093,0.0110966,fluid
568,0.290126,-0.635287,,1000.01,0.00018976,27.8343,,0.410474,-0.02768,,-0.072377,0.00106358,fluid
569,0.457355,-0.527815,,1000.01,0.00399562,12.3414,,0.454242,-0.03994,,-0.0402423,-0.016278,fluid
570,0.587531,-0.377583,,1000.01,0.00732765,15.85,,0.566613,-0.0641055,,0.0272254,-0.0421732,fluid
571,0.67011,-0.196762,,1000,0.00648988,6.69872,,0.584168,-0.0137961,,0.0803399,-0.0172852,fluid
572,0.743068,0,,999.998,0.022079,-4.87128,,0.501969,-1.67341e-14,,0.077692,-1.04273e-12,fluid
573,0.712968,0.209346,,1000.04,0.031873,82.6426,,0.588088,0.0195984,,0.0801007,0.0199802,fluid
574,0.625108,0.401733,,1000.04,0.023289,82.0236,,0.561323,0.070985,,0.0252977,0.0433939,fluid
575,0.486606,0.561573,,1000,-0.000128622,8.7002,,0.444324,0.0423079,,-0.0426248,0.0152962,fluid
576,0.308681,0.675918,,1000.03,0.00862009,56.7437,,0.400071,0.0344979,,-0.074394,0.00129832,fluid
577,0.10575,0.735504,,1000.01,0.00711358,24.7366,,0.346811,0.0112977,,-0.0837756,-0.0107588,fluid
578,-0.10575,0.735504,,1000.04,-0.00336491,82.4197,,0.320983,0.0155893,,-0.113147,-0.0257224,fluid
579,-0.308681,0.675918,,1000.05,0.03164,105.143,,0.318474,-0.0112545,,-0.0825962,0.0132291,fluid
580,-0.486606,0.561573,,1000.28,0.0368692,545.517,,0.296806,-0.0513951,,-0.0438844,-0.0903212,fluid
581,-0.625108,0.401733,,1000.48,0.526552,950.986,,0.245502,-0.103436,,-0.144635,0.0187438,fluid
582,-0.712968,0.209346,,999.545,-0.265965,-891.76,,0.592397,-0.365535,,-0.110208,-0.291538,fluid
583,-0.743068,9.09995e-17,,998.739,-1.33018,-2465.14,,1.11073,7.5604e-14,,0.531247,1.17379e-13,fluid
584,-0.712968,-0.209346,,999.545,-0.265965,-891.76,,0.592397,0.365535,,-0.110208,0.291538,fluid
585,-0.625108,-0.401733,,1000.48,0.526552,950.986,,0.245502,0.103436,,-0.144635,-0.0187438,fluid
586,-0.486606,-0.561573,,1000.28,0.0368692,545.517,,0.296806,0.0513951,,-0.0438844,0.0903212,fluid
587,-0.308681,-0.675918,,1000.05,0.03164,105.143,,0.318474,0.0112545,,-0.0825962,-0.0132291,fluid
588,-0.10575,-0.735504,,1000.04,-0.00336491,82.4197,,0.320983,-0.0155893,,-0.113147,0.0257224,fluid
589,0.10575,-0.735504,,1000.01,0.00711358,24.7366,,0.346811,-0.0112977,,-0.0837756,0.0107588,fluid
590,0.308681,-0.675918,,1000.03,0.00862009,56.7437,,0.400071,-0.0344979,,-0.074394,-0.00129832,fluid
591,0.486606,-0.561573,,1000,-0.000128622,8.7002,,0.444324,-0.0423079,,-0.0426248,-0.0152962,fluid
592,0.625108,-0.401733,,1000.04,0.023289,82.0236,,0.561323,-0.070985,,0.0252977,-0.0433939,fluid
593,0.712968,-0.209346,,1000.04,0.031873,82.6426,,0.588088,-0.0195984,,0.0801007,-0.0199802,fluid
594,0.789838,0,,999.996,-0.00592922,-8.77206,,0.497692,-1.41261e-14,,0.0759038,-9.71639e-13,fluid
595,0.757844,0.222523,,999.999,-0.00371862,-1.76191,,0.580287,0.026699,,0.0722697,0.0225775,fluid
596,0.664454,0.427019,,999.988,-0.0064034,-23.0545,,0.548783,0.0663679,,0.0178797,0.0394748,fluid
597,0.517234,0.59692,,999.982,-0.0129098,-34.6002,,0.435282,0.034019,,-0.047644,0.0101944,fluid
598,0.328111,0.718462,,999.98,6.05674e-05,-38.2816,,0.392059,0.0235696,,-0.0766659,-0.000231035,fluid
599,0.112406,0.781799,,999.965,-0.0362188,-69.3247,,0.33722,-0.00468037,,-0.0875534,-0.0249254,fluid
600,-0.112406,0.781799,,999.984,0.0183888,-31.4504,,0.296691,0.00880795,,-0.122286,-0.0172122,fluid
601,-0.328111,0.718462,,999.957,-0.0563495,-83.78,,0.287624,-0.0266353,,-0.0829176,0.00502405,fluid
602,-0.517234,0.59692,,1000.06,0.058692,120.435,,0.2137,0.0190902,,-0.0948517,-0.0269429,fluid
603,-0.664454,0.427019,,1000.17,0.248218,335.579,,0.191891,0.127904,,-0.151386,0.394831,fluid
604,-0.757844,0.222523,,999.903,-0.397703,-189.671,,0.539679,-0.771452,,-0.250663,-0.800975,fluid
605,-0.789838,9.67273e-17,,999.92,-0.357784,-156.555,,1.42714,4.61292e-14,,0.883812,-6.68215e-14,fluid
606,-0.757844,-0.222523,,999.903,-0.397703,-189.671,,0.539679,0.771452,,-0.250663,0.800975,fluid
607,-0.664454,-0.427019,,1000.17,0.248218,335.579,,0.191891,-0.127904,,-0.151386,-0.394831,fluid
608,-0.517234,-0.59692,,1000.06,0.058692,120.435,,0.2137,-0.0190902,,-0.0948517,0.0269429,fluid
609,-0.328111,-0.718462,,999.957,-0.0563495,-83.78,,0.287624,0.0266353,,-0.0829176,-0.00502405,fluid
610,-0.112406,-0.781799,,999.984,0.0183888,-31.4504,,0.296691,-0.00880795,,-0.122286,0.0172122,fluid
611,0.112406,-0.781799,,999.965,-0.0362188,-69.3247,,0.33722,0.00468037,,-0.0875534,0.0249254,fluid
612,0.328111,-0.718462,,999.98,6.05674e-05,-38.2816,,0.392059,-0.0235696,,-0.0766659,0.000231035,fluid
613,0.517234,-0.59692,,999.982,-0.0129098,-34.6002,,0.435282,-0.034019,,-0.047644,-0.0101944,fluid
614,0.664454,-0.427019,,999.988,-0.0064034,-23.0545,,0.548783,-0.0663679,,0.0178797,-0.0394748,fluid
615,0.757844,-0.222523,,999.999,-0.00371862,-1.76191,,0.580287,-0.026699,,0.0722697,-0.0225775,fluid
616,0.83881,0,,1000,-0.00450201,0.540982,,0.499752,-1.11522e-14,,0.0630633,-8.48661e-13,fluid
617,0.804833,0.23632,,999.982,-0.0138363,-35.2065,,0.559274,0.0279189,,0.056078,0.0219971,fluid
618,0.705652,0.453495,,999.979,-0.00980716,-41.5506,,0.528323,0.0526667,,0.00729549,0.0315355,fluid
619,0.549304,0.633931,,999.992,-0.00495233,-16.0631,,0.432587,0.0241712,,-0.0497597,0.00584549,fluid
620,0.348454,0.763009,,999.983,-0.00125201,-34.3043,,0.390976,0.00439395,,-0.0751491,-0.00558845,fluid
621,0.119375,0.830273,,999.979,-0.0199445,-41.2923,,0.333777,-0.0206985,,-0.0897215,-0.0367528,fluid
622,-0.119375,0.830273,,999.967,0.00957669,-64.6715,,0.288162,-0.0180486,,-0.13428,-0.0162143,fluid
623,-0.348454,0.763009,,999.929,-0.0642109,-139.907,,0.273155,-0.0783733,,-0.0813835,-0.0273963,fluid
624,-0.549304,0.633931,,999.911,0.0161396,-174.122,,0.218428,-0.110851,,-0.155275,-0.0840584,fluid
625,-0.705652,0.453495,,999.814,-0.209801,-363.9,,0.343294,0.0662135,,-0.0730841,0.233133,fluid
626,-0.804833,0.23632,,1000.15,-0.0402576,295.699,,0.433455,-0.596954,,-0.178862,-0.676851,fluid
627,-0.83881,1.02725e-16,,1000.59,0.50988,1163.12,,0.902234,1.04156e-13,,0.4176,-8.07132e-14,fluid
628,-0.804833,-0.23632,,1000.15,-0.0402576,295.699,,0.433455,0.596954,,-0.178862,0.676851,fluid
629,-0.705652,-0.453495,,999.814,-0.209801,-363.9,,0.343294,-0.0662135,,-0.0730841,-0.233133,fluid
630,-0.549304,-0.633931,,999.911,0.0161396,-174.122,,0.218428,0.110851,,-0.155275,0.0840584,fluid
631,-0.348454,-0.763009,,999.929,-0.0642109,-139.907,,0.273155,0.0783733,,-0.0813835,0.0273963,fluid
632,-0.119375,-0.830273,,999.967,0.00957669,-64.6715,,0.288162,0.0180486,,-0.13428,0.0162143,fluid
633,0.119375,-0.830273,,999.979,-0.0199445,-41.2923,,0.333777,0.0206985,,-0.0897215,0.0367528,fluid
634,0.348454,-0.763009,,999.983,-0.00125201,-34.3043,,0.390976,-0.00439395,,-0.0751491,0.00558845,fluid
635,0.549304,-0.633931,,999.992,-0.00495233,-16.0631,,0.432587,-0.0241712,,-0.0497597,-0.00584549,fluid
636,0.705652,-0.453495,,999.979,-0.00980716,-41.5506,,0.528323,-0.0526667,,0.00729549,-0.0315355,fluid
637,0.804833,-0.23632,,999.982,-0.0138363,-35.2065,,0.559274,-0.0279189,,0.056078,-0.0219971,fluid
638,0.890088,0,,1000,0.00170298,4.26434,,0.502932,-9.08631e-15,,0.0560486,-6.91399e-13,fluid
639,0.854033,0.250767,,999.991,-0.00590772,-18.0338,,0.546031,0.0279641,,0.0465977,0.021419,fluid
640,0.74879,0.481218,,999.991,-0.00344301,-18.5191,,0.518112,0.0430268,,0.00276898,0.0258803,fluid
641,0.582884,0.672684,,999.999,-0.000493826,-2.19034,,0.436208,0.0176649,,-0.0479562,0.00335926,fluid
642,0.369756,0.809653,,999.993,-0.000415905,-13.2325,,0.398616,-0.00730866,,-0.0700759,-0.0102975,fluid
643,0.126673,0.881028,,999.994,-0.00674193,-11.484,,0.34018,-0.0264877,,-0.0877495,-0.0390017,fluid
644,-0.126673,0.881028,,999.983,0.00266044,-33.9972,,0.301853,-0.0320513,,-0.140719,-0.0189646,fluid
645,-0.369756,0.809653,,999.961,-0.0355929,-76.5315,,0.28121,-0.104055,,-0.0760129,-0.042358,fluid
646,-0.582884,0.672684,,999.928,0.00564849,-140.779,,0.276901,-0.174611,,-0.189229,-0.139983,fluid
647,-0.74879,0.481218,,999.865,-0.175115,-264.068,,0.781661,0.466217,,0.0359988,0.0949302,fluid
648,-0.854033,0.250767,,1000.55,1.07283,1083.5,,1.60651,3.74164,,1.49989,4.94311,fluid
649,-0.890088,1.09004e-16,,1000.34,0.361495,665.132,,0.491367,8.1747e-13,,0.0132382,1.47865e-12,fluid
650,-0.854033,-0.250767,,1000.55,1.07283,1083.5,,1.60651,-3.74164,,1.49989,-4.94311,fluid
651,-0.74879,-0.481218,,999.865,-0.175115,-264.068,,0.781661,-0.466217,,0.0359988,-0.0949302,fluid
652,-0.582884,-0.672684,,999.928,0.00564849,-140.779,,0.276901,0.174611,,-0.189229,0.139983,fluid
653,-0.369756,-0.809653,,999.961,-0.0355929,-76.5315,,0.28121,0.104055,,-0.0760129,0.042358,fluid
654,-0.126673,-0.881028,,999.983,0.00266044,-33.9972,,0.301853,0.0320513,,-0.140719,0.0189646,fluid
655,0.126673,-0.881028,,999.994,-0.00674193,-11.484,,0.34018,0.0264877,,-0.0877495,0.0390017,fluid
656,0.369756,-0.809653,,999.993,-0.000415905,-13.2325,,0.398616,0.00730866,,-0.0700759,0.0102975,fluid
657,0.582884,-0.672684,,999.999,-0.000493826,-2.19034,,0.436208,-0.0176649,,-0.0479562,-0.00335926,fluid
658,0.74879,-0.481218,,999.991,-0.00344301,-18.5191,,0.518112,-0.0430268,,0.00276898,-0.0258803,fluid
659,0.854033,-0.250767,,999.991,-0.00590772,-18.0338,,0.546031,-0.0279641,,0.0465977,-0.021419,fluid
660,0.94378,0,,1000,0.00306922,6.42249,,0.505398,-7.6639e-15,,0.0526893,-5.21832e-13,fluid
661,0.905551,0.265894,,999.998,-0.000416075,-3.91504,,0.539544,0.0271523,,0.0422271,0.020487,fluid
662,0.793959,0.510246,,999.998,0.000145374,-4.22498,,0.514106,0.0370591,,0.00144934,0.0222488,fluid
663,0.618045,0.713262,,1000,0.000329475,1.27855,,0.441909,0.0122954,,-0.0450034,0.00122788,fluid
664,0.392061,0.858493,,999.998,-0.000249829,-4.70144,,0.410261,-0.0153782,,-0.063607,-0.0142851,fluid
665,0.134314,0.934174,,999.999,-0.00296407,-1.18272,,0.356224,-0.0294383,,-0.0808574,-0.0390503,fluid
666,-0.134314,0.934174,,999.998,0.00340449,-3.87389,,0.332553,-0.035397,,-0.132073,-0.0200137,fluid
667,-0.392061,0.858493,,999.991,-0.0104414,-17.7677,,0.23748,-0.138502,,-0.0798208,-0.0512359,fluid
668,-0.618045,0.713262,,999.961,0.0039785,-76.3194,,0.0741659,-0.416116,,-0.241837,-0.206644,fluid
669,-0.793959,0.510246,,999.688,-0.299222,-610.672,,-0.784035,-2.11994,,-0.401216,-0.759559,fluid
670,-0.905551,0.265894,,999.454,-0.971464,-1070.19,,-1.1968,-5.46087,,-1.85502,-6.17356,fluid
671,-0.94378,1.1558e-16,,1000.11,0.183395,208.347,,0.26751,-8.27503e-13,,-0.215445,-1.61376e-12,fluid
672,-0.905551,-0.265894,,999.454,-0.971464,-1070.19,,-1.1968,5.46087,,-1.85502,6.17356,fluid
673,-0.793959,-0.510246,,999.688,-0.299222,-610.672,,-0.784035,2.11994,,-0.401216,0.759559,fluid
674,-0.618045,-0.713262,,999.961,0.0039785,-76.3194,,0.0741659,0.416116,,-0.241837,0.206644,fluid
675,-0.392061,-0.858493,,999.991,-0.0104414,-17.7677,,0.23748,0.138502,,-0.0798208,0.0512359,fluid
676,-0.134314,-0.934174,,999.998,0.00340449,-3.87389,,0.332553,0.035397,,-0.132073,0.0200137,fluid
677,0.134314,-0.934174,,999.999,-0.00296407,-1.18272,,0.356224,0.0294383,,-0.0808574,0.0390503,fluid
678,0.392061,-0.858493,,999.998,-0.000249829,-4.70144,,0.410261,0.0153782,,-0.063607,0.0142851,fluid
679,0.618045,-0.713262,,1000,0.000329475,1.27855,,0.441909,-0.0122954,,-0.0450034,-0.00122788,fluid
680,0.793959,-0.510246,,999.998,0.000145374,-4.22498,,0.514106,-0.0370591,,0.00144934,-0.0222488,fluid
681,0.905551,-0.265894,,999.998,-0.000416075,-3.91504,,0.539544,-0.0271523,,0.0422271,-0.020487,fluid
682,1,0,,1000,0.00533541,7.70373,,0.501557,-6.01998e-15,,0.056463,-1.1393e-13,fluid
683,0.959493,0.281733,,1000.01,0.00798132,19.0392,,0.548249,0.0256656,,0.0481482,0.0200714,fluid
684,0.841254,0.540641,,1000.01,0.00429499,15.9541,,0.523965,0.0383511,,0.00633479,0.0225407,fluid
685,0.654861,0.75575,,1000,7.14489e-05,1.05037,,0.451067,0.00576239,,-0.0403488,-0.00259916,fluid
686,0.415415,0.909632,,1000,-0.00204654,4.74914,,0.436662,-0.022518,,-0.0493152,-0.0193519,fluid
687,0.142315,0.989821,,1000,0.00305588,6.76053,,0.438002,-0.0385733,,-0.041667,-0.0437624,fluid
688,-0.142315,0.989821,,999.847,-0.0109794,-300.404,,0.5,0,,0.203757,-1.40773,fluid
689,-0.415415,0.909632,,999.672,-0.332205,-643.169,,0.5,0,,1.44131,-2.73818,fluid
690,-0.654861,0.75575,,999.77,0.173554,-450.169,,0.5,0,,1.78944,-1.50778,fluid
691,-0.841254,0.540641,,999.378,-0.831221,-1217.93,,0.5,0,,6.15192,-2.38703,fluid
692,-0.959493,0.281733,,1001.46,0.734564,2880.32,,0.5,0,,-11.6982,5.73981,fluid
693,-1,1.22465e-16,,1003.18,2.56343,6300.74,,0.5,0,,-29.9266,-5.58997e-14,fluid
694,-0.959493,-0.281733,,1001.46,0.734564,2880.32,,0.5,0,,-11.6982,-5.73981,fluid
695,-0.841254,-0.540641,,999.378,-0.831221,-1217.93,,0.5,0,,6.15192,2.38703,fluid
696,-0.654861,-0.75575,,999.77,0.173554,-450.169,,0.5,0,,1.78944,1.50778,fluid
697,-0.415415,-0.909632,,999.672,-0.332205,-643.169,,0.5,0,,1.44131,2.73818,fluid
698,-0.142315,-0.989821,,999.847,-0.0109794,-300.404,,0.5,0,,0.203757,1.40773,fluid
699,0.142315,-0.989821,,1000,0.00305588,6.76053,,0.438002,0.0385733,,-0.041667,0.0437624,fluid
700,0.415415,-0.909632,,1000,-0.00204654,4.74914,,0.436662,0.022518,,-0.0493152,0.0193519,fluid
701,0.654861,-0.75575,,1000,7.14489e-05,1.05037,,0.451067,-0.00576239,,-0.0403488,0.00259916,fluid
702,0.841254,-0.540641,,1000.01,0.00429499,15.9541,,0.523965,-0.0383511,,0.00633479,-0.0225407,fluid
703,0.959493,-0.281733,,1000.01,0.00798132,19.0392,,0.548249,-0.0256656,,0.0481482,-0.0200714,fluid
