h/dp :,2
L2norm Pressure,KE,dp,Nparticles
44100.1,3.26437e+06,0.25,2048

t,0.97
ID,x,y,,rho,drhodt,pressure,,u,v,,dudt,dvdt,type
0,-0.875,-0.125,,1007.32,0,117524,,0,0,,0,0,boundary
1,-0.625,-0.125,,1007.3,0,117039,,0,0,,0,0,boundary
2,-0.375,-0.125,,1007.25,0,116325,,0,0,,0,0,boundary
3,-0.125,-0.125,,1007.29,0,116975,,0,0,,0,0,boundary
4,0.125,-0.125,,1007.33,0,117538,,0,0,,0,0,boundary
5,0.375,-0.125,,1007.34,0,117731,,0,0,,0,0,boundary
6,0.625,-0.125,,1007.33,0,117636,,0,0,,0,0,boundary
7,0.875,-0.125,,1007.32,0,117415,,0,0,,0,0,boundary
8,1.125,-0.125,,1007.31,0,117353,,0,0,,0,0,boundary
9,1.375,-0.125,,1007.3,0,117103,,0,0,,0,0,boundary
10,1.625,-0.125,,1007.27,0,116656,,0,0,,0,0,boundary
11,1.875,-0.125,,1007.25,0,116317,,0,0,,0,0,boundary
12,2.125,-0.125,,1007.23,0,116050,,0,0,,0,0,boundary
13,2.375,-0.125,,1007.22,0,115732,,0,0,,0,0,boundary
14,2.625,-0.125,,1007.19,0,115303,,0,0,,0,0,boundary
15,2.875,-0.125,,1007.16,0,114856,,0,0,,0,0,boundary
16,3.125,-0.125,,1007.13,0,114349,,0,0,,0,0,boundary
17,3.375,-0.125,,1007.09,0,113715,,0,0,,0,0,boundary
18,3.625,-0.125,,1007.05,0,113014,,0,0,,0,0,boundary
19,3.875,-0.125,,1007,0,112264,,0,0,,0,0,boundary
20,4.125,-0.125,,1006.95,0,111444,,0,0,,0,0,boundary
21,4.375,-0.125,,1006.9,0,110554,,0,0,,0,0,boundary
22,4.625,-0.125,,1006.84,0,109578,,0,0,,0,0,boundary
23,4.875,-0.125,,1006.77,0,108442,,0,0,,0,0,boundary
24,5.125,-0.125,,1006.7,0,107294,,0,0,,0,0,boundary
25,5.375,-0.125,,1006.62,0,106054,,0,0,,0,0,boundary
26,5.625,-0.125,,1006.55,0,104810,,0,0,,0,0,boundary
27,5.875,-0.125,,1006.46,0,103419,,0,0,,0,0,boundary
28,6.125,-0.125,,1006.38,0,101999,,0,0,,0,0,boundary
29,6.375,-0.125,,1006.28,0,100484,,0,0,,0,0,boundary
30,6.625,-0.125,,1006.18,0,98897.3,,0,0,,0,0,boundary
31,6.875,-0.125,,1006.07,0,97097.7,,0,0,,0,0,boundary
32,7.125,-0.125,,1005.96,0,95290.2,,0,0,,0,0,boundary
33,7.375,-0.125,,1005.83,0,93172.6,,0,0,,0,0,boundary
34,7.625,-0.125,,1005.71,0,91213.3,,0,0,,0,0,boundary
35,7.875,-0.125,,1005.56,0,88766.5,,0,0,,0,0,boundary
36,8.125,-0.125,,1005.43,0,86550.1,,0,0,,0,0,boundary
37,8.375,-0.125,,1005.25,0,83770.1,,0,0,,0,0,boundary
38,8.625,-0.125,,1005.1,0,81354.8,,0,0,,0,0,boundary
39,8.875,-0.125,,1004.92,0,78432.1,,0,0,,0,0,boundary
40,9.125,-0.125,,1004.78,0,76075.8,,0,0,,0,0,boundary
41,9.375,-0.125,,1004.61,0,73360.7,,0,0,,0,0,boundary
42,9.625,-0.125,,1004.46,0,70924.9,,0,0,,0,0,boundary
43,9.875,-0.125,,1004.26,0,67676.7,,0,0,,0,0,boundary
44,10.125,-0.125,,1004.11,0,65232.4,,0,0,,0,0,boundary
45,10.375,-0.125,,1003.9,0,61896.4,,0,0,,0,0,boundary
46,10.625,-0.125,,1003.69,0,58522,,0,0,,0,0,boundary
47,10.875,-0.125,,1003.55,0,56329.1,,0,0,,0,0,boundary
48,11.125,-0.125,,1003.3,0,52362.5,,0,0,,0,0,boundary
49,11.375,-0.125,,1003.1,0,49099.8,,0,0,,0,0,boundary
50,11.625,-0.125,,1002.98,0,47247.3,,0,0,,0,0,boundary
51,11.875,-0.125,,1002.76,0,43737.2,,0,0,,0,0,boundary
52,12.125,-0.125,,1002.5,0,39467.9,,0,0,,0,0,boundary
53,12.375,-0.125,,1002.37,0,37397.3,,0,0,,0,0,boundary
54,12.625,-0.125,,1002.18,0,34381.6,,0,0,,0,0,boundary
55,12.875,-0.125,,1001.88,0,29624.7,,0,0,,0,0,boundary
56,13.125,-0.125,,1001.62,0,25576,,0,0,,0,0,boundary
57,13.375,-0.125,,1001.58,0,24876,,0,0,,0,0,boundary
58,13.625,-0.125,,1001.58,0,24869.8,,0,0,,0,0,boundary
59,13.875,-0.125,,1001.29,0,20339.7,,0,0,,0,0,boundary
60,14.125,-0.125,,1001.05,0,16465.7,,0,0,,0,0,boundary
61,14.375,-0.125,,1000.88,0,13866,,0,0,,0,0,boundary
62,14.625,-0.125,,1000.82,0,12973.3,,0,0,,0,0,boundary
63,14.875,-0.125,,1000.74,0,11689.3,,0,0,,0,0,boundary
64,15.125,-0.125,,1000.65,0,10195.9,,0,0,,0,0,boundary
65,15.375,-0.125,,1000.6,0,9492.56,,0,0,,0,0,boundary
66,15.625,-0.125,,1000.53,0,8395.6,,0,0,,0,0,boundary
67,15.875,-0.125,,1000.47,0,7339.07,,0,0,,0,0,boundary
68,16.125,-0.125,,1000.29,0,4544.83,,0,0,,0,0,boundary
69,16.375,-0.125,,1000.28,0,4469.15,,0,0,,0,0,boundary
70,16.625,-0.125,,1000.28,0,4436.61,,0,0,,0,0,boundary
71,16.875,-0.125,,1000.28,0,4391.92,,0,0,,0,0,boundary
72,17.125,-0.125,,1000,0,0,,0,0,,0,0,boundary
73,17.375,-0.125,,1000,0,0,,0,0,,0,0,boundary
74,17.625,-0.125,,1000,0,0,,0,0,,0,0,boundary
75,17.875,-0.125,,1000,0,0,,0,0,,0,0,boundary
76,18.125,-0.125,,1000,0,0,,0,0,,0,0,boundary
77,18.375,-0.125,,1000,0,0,,0,0,,0,0,boundary
78,18.625,-0.125,,1000,0,0,,0,0,,0,0,boundary
79,18.875,-0.125,,1000,0,0,,0,0,,0,0,boundary
80,19.125,-0.125,,1000,0,0,,0,0,,0,0,boundary
81,19.375,-0.125,,1000,0,0,,0,0,,0,0,boundary
82,19.625,-0.125,,1000,0,0,,0,0,,0,0,boundary
83,19.875,-0.125,,1000,0,0,,0,0,,0,0,boundary
84,20.125,-0.125,,1000,0,0,,0,0,,0,0,boundary
85,20.375,-0.125,,1000,0,0,,0,0,,0,0,boundary
86,20.625,-0.125,,1000,0,0,,0,0,,0,0,boundary
87,20.875,-0.125,,1000,0,0,,0,0,,0,0,boundary
88,21.125,-0.125,,1000,0,0,,0,0,,0,0,boundary
89,21.375,-0.125,,1000,0,0,,0,0,,0,0,boundary
90,21.625,-0.125,,1000,0,0,,0,0,,0,0,boundary
91,21.875,-0.125,,1000,0,0,,0,0,,0,0,boundary
92,22.125,-0.125,,1000,0,0,,0,0,,0,0,boundary
93,22.375,-0.125,,1000,0,0,,0,0,,0,0,boundary
94,22.625,-0.125,,1000,0,0,,0,0,,0,0,boundary
95,22.875,-0.125,,1000,0,0,,0,0,,0,0,boundary
96,23.125,-0.125,,1000,0,0,,0,0,,0,0,boundary
97,23.375,-0.125,,1000,0,0,,0,0,,0,0,boundary
98,23.625,-0.125,,1000,0,0,,0,0,,0,0,boundary
99,23.875,-0.125,,1000,0,0,,0,0,,0,0,boundary
100,24.125,-0.125,,1000,0,0,,0,0,,0,0,boundary
101,24.375,-0.125,,1000,0,0,,0,0,,0,0,boundary
102,24.625,-0.125,,1000,0,0,,0,0,,0,0,boundary
103,24.875,-0.125,,1000,0,0,,0,0,,0,0,boundary
104,25.125,-0.125,,1000,0,0,,0,0,,0,0,boundary
105,25.375,-0.125,,1000,0,0,,0,0,,0,0,boundary
106,25.625,-0.125,,1000,0,0,,0,0,,0,0,boundary
107,25.875,-0.125,,1000,0,0,,0,0,,0,0,boundary
108,26.125,-0.125,,1000,0,0,,0,0,,0,0,boundary
109,26.375,-0.125,,1000,0,0,,0,0,,0,0,boundary
110,26.625,-0.125,,1000,0,0,,0,0,,0,0,boundary
111,26.875,-0.125,,1000,0,0,,0,0,,0,0,boundary
112,27.125,-0.125,,1000,0,0,,0,0,,0,0,boundary
113,27.375,-0.125,,1000,0,0,,0,0,,0,0,boundary
114,27.625,-0.125,,1000,0,0,,0,0,,0,0,boundary
115,27.875,-0.125,,1000,0,0,,0,0,,0,0,boundary
116,28.125,-0.125,,1000,0,0,,0,0,,0,0,boundary
117,28.375,-0.125,,1000,0,0,,0,0,,0,0,boundary
118,28.625,-0.125,,1000,0,0,,0,0,,0,0,boundary
119,28.875,-0.125,,1000,0,0,,0,0,,0,0,boundary
120,29.125,-0.125,,1000,0,0,,0,0,,0,0,boundary
121,29.375,-0.125,,1000,0,0,,0,0,,0,0,boundary
122,29.625,-0.125,,1000,0,0,,0,0,,0,0,boundary
123,29.875,-0.125,,1000,0,0,,0,0,,0,0,boundary
124,30.125,-0.125,,1000,0,0,,0,0,,0,0,boundary
125,30.375,-0.125,,1000,0,0,,0,0,,0,0,boundary
126,30.625,-0.125,,1000,0,0,,0,0,,0,0,boundary
127,30.875,-0.125,,1000,0,0,,0,0,,0,0,boundary
128,31.125,-0.125,,1000,0,0,,0,0,,0,0,boundary
129,31.375,-0.125,,1000,0,0,,0,0,,0,0,boundary
130,31.625,-0.125,,1000,0,0,,0,0,,0,0,boundary
131,31.875,-0.125,,1000,0,0,,0,0,,0,0,boundary
132,32.125,-0.125,,1000,0,0,,0,0,,0,0,boundary
133,32.375,-0.125,,1000,0,0,,0,0,,0,0,boundary
134,32.625,-0.125,,1000,0,0,,0,0,,0,0,boundary
135,32.875,-0.125,,1000,0,0,,0,0,,0,0,boundary
136,-0.875,-0.375,,1007.48,0,119997,,0,0,,0,0,boundary
137,-0.625,-0.375,,1007.43,0,119248,,0,0,,0,0,boundary
138,-0.375,-0.375,,1007.37,0,118307,,0,0,,0,0,boundary
139,-0.125,-0.375,,1007.41,0,118849,,0,0,,0,0,boundary
140,0.125,-0.375,,1007.45,0,119537,,0,0,,0,0,boundary
141,0.375,-0.375,,1007.48,0,120082,,0,0,,0,0,boundary
142,0.625,-0.375,,1007.49,0,120292,,0,0,,0,0,boundary
143,0.875,-0.375,,1007.48,0,120133,,0,0,,0,0,boundary
144,1.125,-0.375,,1007.49,0,120167,,0,0,,0,0,boundary
145,1.375,-0.375,,1007.49,0,120198,,0,0,,0,0,boundary
146,1.625,-0.375,,1007.46,0,119802,,0,0,,0,0,boundary
147,1.875,-0.375,,1007.44,0,119379,,0,0,,0,0,boundary
148,2.125,-0.375,,1007.42,0,119012,,0,0,,0,0,boundary
149,2.375,-0.375,,1007.39,0,118595,,0,0,,0,0,boundary
150,2.625,-0.375,,1007.36,0,118132,,0,0,,0,0,boundary
151,2.875,-0.375,,1007.33,0,117628,,0,0,,0,0,boundary
152,3.125,-0.375,,1007.3,0,117069,,0,0,,0,0,boundary
153,3.375,-0.375,,1007.26,0,116413,,0,0,,0,0,boundary
154,3.625,-0.375,,1007.21,0,115633,,0,0,,0,0,boundary
155,3.875,-0.375,,1007.16,0,114761,,0,0,,0,0,boundary
156,4.125,-0.375,,1007.1,0,113781,,0,0,,0,0,boundary
157,4.375,-0.375,,1007.03,0,112709,,0,0,,0,0,boundary
158,4.625,-0.375,,1006.96,0,111512,,0,0,,0,0,boundary
159,4.875,-0.375,,1006.87,0,110116,,0,0,,0,0,boundary
160,5.125,-0.375,,1006.79,0,108759,,0,0,,0,0,boundary
161,5.375,-0.375,,1006.7,0,107327,,0,0,,0,0,boundary
162,5.625,-0.375,,1006.62,0,106062,,0,0,,0,0,boundary
163,5.875,-0.375,,1006.54,0,104684,,0,0,,0,0,boundary
164,6.125,-0.375,,1006.46,0,103334,,0,0,,0,0,boundary
165,6.375,-0.375,,1006.38,0,102011,,0,0,,0,0,boundary
166,6.625,-0.375,,1006.28,0,100525,,0,0,,0,0,boundary
167,6.875,-0.375,,1006.19,0,99003.6,,0,0,,0,0,boundary
168,7.125,-0.375,,1006.08,0,97247.2,,0,0,,0,0,boundary
169,7.375,-0.375,,1005.97,0,95385.2,,0,0,,0,0,boundary
170,7.625,-0.375,,1005.84,0,93300.5,,0,0,,0,0,boundary
171,7.875,-0.375,,1005.7,0,91067.5,,0,0,,0,0,boundary
172,8.125,-0.375,,1005.55,0,88615.7,,0,0,,0,0,boundary
173,8.375,-0.375,,1005.4,0,86084.6,,0,0,,0,0,boundary
174,8.625,-0.375,,1005.25,0,83709.6,,0,0,,0,0,boundary
175,8.875,-0.375,,1005.09,0,81107.2,,0,0,,0,0,boundary
176,9.125,-0.375,,1004.95,0,78892.6,,0,0,,0,0,boundary
177,9.375,-0.375,,1004.8,0,76355.5,,0,0,,0,0,boundary
178,9.625,-0.375,,1004.61,0,73394.3,,0,0,,0,0,boundary
179,9.875,-0.375,,1004.4,0,70037.9,,0,0,,0,0,boundary
180,10.125,-0.375,,1004.23,0,67279.9,,0,0,,0,0,boundary
181,10.375,-0.375,,1003.99,0,63407.8,,0,0,,0,0,boundary
182,10.625,-0.375,,1003.8,0,60337.7,,0,0,,0,0,boundary
183,10.875,-0.375,,1003.65,0,57865.5,,0,0,,0,0,boundary
184,11.125,-0.375,,1003.42,0,54221.8,,0,0,,0,0,boundary
185,11.375,-0.375,,1003.21,0,50943.9,,0,0,,0,0,boundary
186,11.625,-0.375,,1003.06,0,48434.1,,0,0,,0,0,boundary
187,11.875,-0.375,,1002.92,0,46173.6,,0,0,,0,0,boundary
188,12.125,-0.375,,1002.6,0,41184.3,,0,0,,0,0,boundary
189,12.375,-0.375,,1002.37,0,37404.2,,0,0,,0,0,boundary
190,12.625,-0.375,,1002.37,0,37390,,0,0,,0,0,boundary
191,12.875,-0.375,,1001.98,0,31334.3,,0,0,,0,0,boundary
192,13.125,-0.375,,1001.64,0,25917.6,,0,0,,0,0,boundary
193,13.375,-0.375,,1001.75,0,27683.7,,0,0,,0,0,boundary
194,13.625,-0.375,,1001.7,0,26867.4,,0,0,,0,0,boundary
195,13.875,-0.375,,1001.37,0,21638.8,,0,0,,0,0,boundary
196,14.125,-0.375,,1001.11,0,17418,,0,0,,0,0,boundary
197,14.375,-0.375,,1001.16,0,18204,,0,0,,0,0,boundary
198,14.625,-0.375,,1001.07,0,16812.5,,0,0,,0,0,boundary
199,14.875,-0.375,,1000.88,0,13857.7,,0,0,,0,0,boundary
200,15.125,-0.375,,1000.79,0,12369.4,,0,0,,0,0,boundary
201,15.375,-0.375,,1000.73,0,11461.4,,0,0,,0,0,boundary
202,15.625,-0.375,,1000.68,0,10757.1,,0,0,,0,0,boundary
203,15.875,-0.375,,1000.64,0,10005.9,,0,0,,0,0,boundary
204,16.125,-0.375,,1000.56,0,8762.25,,0,0,,0,0,boundary
205,16.375,-0.375,,1000.28,0,4342.11,,0,0,,0,0,boundary
206,16.625,-0.375,,1000.28,0,4352.88,,0,0,,0,0,boundary
207,16.875,-0.375,,1000.28,0,4332.04,,0,0,,0,0,boundary
208,17.125,-0.375,,1000,0,0,,0,0,,0,0,boundary
209,17.375,-0.375,,1000,0,0,,0,0,,0,0,boundary
210,17.625,-0.375,,1000,0,0,,0,0,,0,0,boundary
211,17.875,-0.375,,1000,0,0,,0,0,,0,0,boundary
212,18.125,-0.375,,1000,0,0,,0,0,,0,0,boundary
213,18.375,-0.375,,1000,0,0,,0,0,,0,0,boundary
214,18.625,-0.375,,1000,0,0,,0,0,,0,0,boundary
215,18.875,-0.375,,1000,0,0,,0,0,,0,0,boundary
216,19.125,-0.375,,1000,0,0,,0,0,,0,0,boundary
217,19.375,-0.375,,1000,0,0,,0,0,,0,0,boundary
218,19.625,-0.375,,1000,0,0,,0,0,,0,0,boundary
219,19.875,-0.375,,1000,0,0,,0,0,,0,0,boundary
220,20.125,-0.375,,1000,0,0,,0,0,,0,0,boundary
221,20.375,-0.375,,1000,0,0,,0,0,,0,0,boundary
222,20.625,-0.375,,1000,0,0,,0,0,,0,0,boundary
223,20.875,-0.375,,1000,0,0,,0,0,,0,0,boundary
224,21.125,-0.375,,1000,0,0,,0,0,,0,0,boundary
225,21.375,-0.375,,1000,0,0,,0,0,,0,0,boundary
226,21.625,-0.375,,1000,0,0,,0,0,,0,0,boundary
227,21.875,-0.375,,1000,0,0,,0,0,,0,0,boundary
228,22.125,-0.375,,1000,0,0,,0,0,,0,0,boundary
229,22.375,-0.375,,1000,0,0,,0,0,,0,0,boundary
230,22.625,-0.375,,1000,0,0,,0,0,,0,0,boundary
231,22.875,-0.375,,1000,0,0,,0,0,,0,0,boundary
232,23.125,-0.375,,1000,0,0,,0,0,,0,0,boundary
233,23.375,-0.375,,1000,0,0,,0,0,,0,0,boundary
234,23.625,-0.375,,1000,0,0,,0,0,,0,0,boundary
235,23.875,-0.375,,1000,0,0,,0,0,,0,0,boundary
236,24.125,-0.375,,1000,0,0,,0,0,,0,0,boundary
237,24.375,-0.375,,1000,0,0,,0,0,,0,0,boundary
238,24.625,-0.375,,1000,0,0,,0,0,,0,0,boundary
239,24.875,-0.375,,1000,0,0,,0,0,,0,0,boundary
240,25.125,-0.375,,1000,0,0,,0,0,,0,0,boundary
241,25.375,-0.375,,1000,0,0,,0,0,,0,0,boundary
242,25.625,-0.375,,1000,0,0,,0,0,,0,0,boundary
243,25.875,-0.375,,1000,0,0,,0,0,,0,0,boundary
244,26.125,-0.375,,1000,0,0,,0,0,,0,0,boundary
245,26.375,-0.375,,1000,0,0,,0,0,,0,0,boundary
246,26.625,-0.375,,1000,0,0,,0,0,,0,0,boundary
247,26.875,-0.375,,1000,0,0,,0,0,,0,0,boundary
248,27.125,-0.375,,1000,0,0,,0,0,,0,0,boundary
249,27.375,-0.375,,1000,0,0,,0,0,,0,0,boundary
250,27.625,-0.375,,1000,0,0,,0,0,,0,0,boundary
251,27.875,-0.375,,1000,0,0,,0,0,,0,0,boundary
252,28.125,-0.375,,1000,0,0,,0,0,,0,0,boundary
253,28.375,-0.375,,1000,0,0,,0,0,,0,0,boundary
254,28.625,-0.375,,1000,0,0,,0,0,,0,0,boundary
255,28.875,-0.375,,1000,0,0,,0,0,,0,0,boundary
256,29.125,-0.375,,1000,0,0,,0,0,,0,0,boundary
257,29.375,-0.375,,1000,0,0,,0,0,,0,0,boundary
258,29.625,-0.375,,1000,0,0,,0,0,,0,0,boundary
259,29.875,-0.375,,1000,0,0,,0,0,,0,0,boundary
260,30.125,-0.375,,1000,0,0,,0,0,,0,0,boundary
261,30.375,-0.375,,1000,0,0,,0,0,,0,0,boundary
262,30.625,-0.375,,1000,0,0,,0,0,,0,0,boundary
263,30.875,-0.375,,1000,0,0,,0,0,,0,0,boundary
264,31.125,-0.375,,1000,0,0,,0,0,,0,0,boundary
265,31.375,-0.375,,1000,0,0,,0,0,,0,0,boundary
266,31.625,-0.375,,1000,0,0,,0,0,,0,0,boundary
267,31.875,-0.375,,1000,0,0,,0,0,,0,0,boundary
268,32.125,-0.375,,1000,0,0,,0,0,,0,0,boundary
269,32.375,-0.375,,1000,0,0,,0,0,,0,0,boundary
270,32.625,-0.375,,1000,0,0,,0,0,,0,0,boundary
271,32.875,-0.375,,1000,0,0,,0,0,,0,0,boundary
272,-0.875,-0.625,,1007.64,0,122721,,0,0,,0,0,boundary
273,-0.625,-0.625,,1007.58,0,121783,,0,0,,0,0,boundary
274,-0.375,-0.625,,1007.52,0,120768,,0,0,,0,0,boundary
275,-0.125,-0.625,,1007.53,0,120865,,0,0,,0,0,boundary
276,0.125,-0.625,,1007.57,0,121549,,0,0,,0,0,boundary
277,0.375,-0.625,,1007.63,0,122509,,0,0,,0,0,boundary
278,0.625,-0.625,,1007.66,0,123091,,0,0,,0,0,boundary
279,0.875,-0.625,,1007.66,0,123043,,0,0,,0,0,boundary
280,1.125,-0.625,,1007.66,0,123062,,0,0,,0,0,boundary
281,1.375,-0.625,,1007.67,0,123129,,0,0,,0,0,boundary
282,1.625,-0.625,,1007.64,0,122765,,0,0,,0,0,boundary
283,1.875,-0.625,,1007.61,0,122263,,0,0,,0,0,boundary
284,2.125,-0.625,,1007.59,0,121821,,0,0,,0,0,boundary
285,2.375,-0.625,,1007.56,0,121400,,0,0,,0,0,boundary
286,2.625,-0.625,,1007.53,0,120901,,0,0,,0,0,boundary
287,2.875,-0.625,,1007.49,0,120310,,0,0,,0,0,boundary
288,3.125,-0.625,,1007.46,0,119705,,0,0,,0,0,boundary
289,3.375,-0.625,,1007.42,0,119019,,0,0,,0,0,boundary
290,3.625,-0.625,,1007.36,0,118127,,0,0,,0,0,boundary
291,3.875,-0.625,,1007.3,0,117124,,0,0,,0,0,boundary
292,4.125,-0.625,,1007.23,0,115985,,0,0,,0,0,boundary
293,4.375,-0.625,,1007.16,0,114800,,0,0,,0,0,boundary
294,4.625,-0.625,,1007.08,0,113460,,0,0,,0,0,boundary
295,4.875,-0.625,,1006.98,0,111904,,0,0,,0,0,boundary
296,5.125,-0.625,,1006.89,0,110416,,0,0,,0,0,boundary
297,5.375,-0.625,,1006.79,0,108853,,0,0,,0,0,boundary
298,5.625,-0.625,,1006.71,0,107505,,0,0,,0,0,boundary
299,5.875,-0.625,,1006.62,0,105991,,0,0,,0,0,boundary
300,6.125,-0.625,,1006.53,0,104567,,0,0,,0,0,boundary
301,6.375,-0.625,,1006.44,0,103008,,0,0,,0,0,boundary
302,6.625,-0.625,,1006.34,0,101383,,0,0,,0,0,boundary
303,6.875,-0.625,,1006.24,0,99740.7,,0,0,,0,0,boundary
304,7.125,-0.625,,1006.12,0,97886.5,,0,0,,0,0,boundary
305,7.375,-0.625,,1006.01,0,96127.9,,0,0,,0,0,boundary
306,7.625,-0.625,,1005.89,0,94058,,0,0,,0,0,boundary
307,7.875,-0.625,,1005.77,0,92140.1,,0,0,,0,0,boundary
308,8.125,-0.625,,1005.64,0,89963.7,,0,0,,0,0,boundary
309,8.375,-0.625,,1005.52,0,88022,,0,0,,0,0,boundary
310,8.625,-0.625,,1005.41,0,86256.9,,0,0,,0,0,boundary
311,8.875,-0.625,,1005.28,0,84169.3,,0,0,,0,0,boundary
312,9.125,-0.625,,1005.14,0,81999.7,,0,0,,0,0,boundary
313,9.375,-0.625,,1005.01,0,79784.7,,0,0,,0,0,boundary
314,9.625,-0.625,,1004.81,0,76585.4,,0,0,,0,0,boundary
315,9.875,-0.625,,1004.62,0,73461.9,,0,0,,0,0,boundary
316,10.125,-0.625,,1004.48,0,71234.5,,0,0,,0,0,boundary
317,10.375,-0.625,,1004.26,0,67778.3,,0,0,,0,0,boundary
318,10.625,-0.625,,1004.06,0,64490.5,,0,0,,0,0,boundary
319,10.875,-0.625,,1003.93,0,62387.4,,0,0,,0,0,boundary
320,11.125,-0.625,,1003.68,0,58337.3,,0,0,,0,0,boundary
321,11.375,-0.625,,1003.42,0,54261.4,,0,0,,0,0,boundary
322,11.625,-0.625,,1003.26,0,51610.5,,0,0,,0,0,boundary
323,11.875,-0.625,,1003.1,0,49148.4,,0,0,,0,0,boundary
324,12.125,-0.625,,1002.83,0,44741.4,,0,0,,0,0,boundary
325,12.375,-0.625,,1002.65,0,41915.4,,0,0,,0,0,boundary
326,12.625,-0.625,,1002.63,0,41541.1,,0,0,,0,0,boundary
327,12.875,-0.625,,1002.34,0,37002.3,,0,0,,0,0,boundary
328,13.125,-0.625,,1002.1,0,33128,,0,0,,0,0,boundary
329,13.375,-0.625,,1002.16,0,34093.6,,0,0,,0,0,boundary
330,13.625,-0.625,,1001.98,0,31277.6,,0,0,,0,0,boundary
331,13.875,-0.625,,1001.67,0,26288.7,,0,0,,0,0,boundary
332,14.125,-0.625,,1001.57,0,24770.4,,0,0,,0,0,boundary
333,14.375,-0.625,,1001.58,0,24849.4,,0,0,,0,0,boundary
334,14.625,-0.625,,1001.32,0,20839.8,,0,0,,0,0,boundary
335,14.875,-0.625,,1001.02,0,16092.4,,0,0,,0,0,boundary
336,15.125,-0.625,,1000.93,0,14660.9,,0,0,,0,0,boundary
337,15.375,-0.625,,1000.92,0,14415.7,,0,0,,0,0,boundary
338,15.625,-0.625,,1000.88,0,13886.1,,0,0,,0,0,boundary
339,15.875,-0.625,,1000.82,0,12963.8,,0,0,,0,0,boundary
340,16.125,-0.625,,1000.25,0,3876.16,,0,0,,0,0,boundary
341,16.375,-0.625,,1000.26,0,4054.91,,0,0,,0,0,boundary
342,16.625,-0.625,,1000.27,0,4166.55,,0,0,,0,0,boundary
343,16.875,-0.625,,1000.26,0,4088.57,,0,0,,0,0,boundary
344,17.125,-0.625,,1000,0,0,,0,0,,0,0,boundary
345,17.375,-0.625,,1000,0,0,,0,0,,0,0,boundary
346,17.625,-0.625,,1000,0,0,,0,0,,0,0,boundary
347,17.875,-0.625,,1000,0,0,,0,0,,0,0,boundary
348,18.125,-0.625,,1000,0,0,,0,0,,0,0,boundary
349,18.375,-0.625,,1000,0,0,,0,0,,0,0,boundary
350,18.625,-0.625,,1000,0,0,,0,0,,0,0,boundary
351,18.875,-0.625,,1000,0,0,,0,0,,0,0,boundary
352,19.125,-0.625,,1000,0,0,,0,0,,0,0,boundary
353,19.375,-0.625,,1000,0,0,,0,0,,0,0,boundary
354,19.625,-0.625,,1000,0,0,,0,0,,0,0,boundary
355,19.875,-0.625,,1000,0,0,,0,0,,0,0,boundary
356,20.125,-0.625,,1000,0,0,,0,0,,0,0,boundary
357,20.375,-0.625,,1000,0,0,,0,0,,0,0,boundary
358,20.625,-0.625,,1000,0,0,,0,0,,0,0,boundary
359,20.875,-0.625,,1000,0,0,,0,0,,0,0,boundary
360,21.125,-0.625,,1000,0,0,,0,0,,0,0,boundary
361,21.375,-0.625,,1000,0,0,,0,0,,0,0,boundary
362,21.625,-0.625,,1000,0,0,,0,0,,0,0,boundary
363,21.875,-0.625,,1000,0,0,,0,0,,0,0,boundary
364,22.125,-0.625,,1000,0,0,,0,0,,0,0,boundary
365,22.375,-0.625,,1000,0,0,,0,0,,0,0,boundary
366,22.625,-0.625,,1000,0,0,,0,0,,0,0,boundary
367,22.875,-0.625,,1000,0,0,,0,0,,0,0,boundary
368,23.125,-0.625,,1000,0,0,,0,0,,0,0,boundary
369,23.375,-0.625,,1000,0,0,,0,0,,0,0,boundary
370,23.625,-0.625,,1000,0,0,,0,0,,0,0,boundary
371,23.875,-0.625,,1000,0,0,,0,0,,0,0,boundary
372,24.125,-0.625,,1000,0,0,,0,0,,0,0,boundary
373,24.375,-0.625,,1000,0,0,,0,0,,0,0,boundary
374,24.625,-0.625,,1000,0,0,,0,0,,0,0,boundary
375,24.875,-0.625,,1000,0,0,,0,0,,0,0,boundary
376,25.125,-0.625,,1000,0,0,,0,0,,0,0,boundary
377,25.375,-0.625,,1000,0,0,,0,0,,0,0,boundary
378,25.625,-0.625,,1000,0,0,,0,0,,0,0,boundary
379,25.875,-0.625,,1000,0,0,,0,0,,0,0,boundary
380,26.125,-0.625,,1000,0,0,,0,0,,0,0,boundary
381,26.375,-0.625,,1000,0,0,,0,0,,0,0,boundary
382,26.625,-0.625,,1000,0,0,,0,0,,0,0,boundary
383,26.875,-0.625,,1000,0,0,,0,0,,0,0,boundary
384,27.125,-0.625,,1000,0,0,,0,0,,0,0,boundary
385,27.375,-0.625,,1000,0,0,,0,0,,0,0,boundary
386,27.625,-0.625,,1000,0,0,,0,0,,0,0,boundary
387,27.875,-0.625,,1000,0,0,,0,0,,0,0,boundary
388,28.125,-0.625,,1000,0,0,,0,0,,0,0,boundary
389,28.375,-0.625,,1000,0,0,,0,0,,0,0,boundary
390,28.625,-0.625,,1000,0,0,,0,0,,0,0,boundary
391,28.875,-0.625,,1000,0,0,,0,0,,0,0,boundary
392,29.125,-0.625,,1000,0,0,,0,0,,0,0,boundary
393,29.375,-0.625,,1000,0,0,,0,0,,0,0,boundary
394,29.625,-0.625,,1000,0,0,,0,0,,0,0,boundary
395,29.875,-0.625,,1000,0,0,,0,0,,0,0,boundary
396,30.125,-0.625,,1000,0,0,,0,0,,0,0,boundary
397,30.375,-0.625,,1000,0,0,,0,0,,0,0,boundary
398,30.625,-0.625,,1000,0,0,,0,0,,0,0,boundary
399,30.875,-0.625,,1000,0,0,,0,0,,0,0,boundary
400,31.125,-0.625,,1000,0,0,,0,0,,0,0,boundary
401,31.375,-0.625,,1000,0,0,,0,0,,0,0,boundary
402,31.625,-0.625,,1000,0,0,,0,0,,0,0,boundary
403,31.875,-0.625,,1000,0,0,,0,0,,0,0,boundary
404,32.125,-0.625,,1000,0,0,,0,0,,0,0,boundary
405,32.375,-0.625,,1000,0,0,,0,0,,0,0,boundary
406,32.625,-0.625,,1000,0,0,,0,0,,0,0,boundary
407,32.875,-0.625,,1000,0,0,,0,0,,0,0,boundary
408,-0.875,-0.875,,1007.78,0,125078,,0,0,,0,0,boundary
409,-0.625,-0.875,,1007.73,0,124225,,0,0,,0,0,boundary
410,-0.375,-0.875,,1007.68,0,123376,,0,0,,0,0,boundary
411,-0.125,-0.875,,1007.66,0,123091,,0,0,,0,0,boundary
412,0.125,-0.875,,1007.7,0,123655,,0,0,,0,0,boundary
413,0.375,-0.875,,1007.77,0,124779,,0,0,,0,0,boundary
414,0.625,-0.875,,1007.81,0,125546,,0,0,,0,0,boundary
415,0.875,-0.875,,1007.82,0,125582,,0,0,,0,0,boundary
416,1.125,-0.875,,1007.81,0,125530,,0,0,,0,0,boundary
417,1.375,-0.875,,1007.81,0,125502,,0,0,,0,0,boundary
418,1.625,-0.875,,1007.79,0,125212,,0,0,,0,0,boundary
419,1.875,-0.875,,1007.76,0,124749,,0,0,,0,0,boundary
420,2.125,-0.875,,1007.74,0,124349,,0,0,,0,0,boundary
421,2.375,-0.875,,1007.72,0,123977,,0,0,,0,0,boundary
422,2.625,-0.875,,1007.69,0,123481,,0,0,,0,0,boundary
423,2.875,-0.875,,1007.65,0,122854,,0,0,,0,0,boundary
424,3.125,-0.875,,1007.61,0,122206,,0,0,,0,0,boundary
425,3.375,-0.875,,1007.57,0,121507,,0,0,,0,0,boundary
426,3.625,-0.875,,1007.51,0,120628,,0,0,,0,0,boundary
427,3.875,-0.875,,1007.45,0,119618,,0,0,,0,0,boundary
428,4.125,-0.875,,1007.39,0,118550,,0,0,,0,0,boundary
429,4.375,-0.875,,1007.32,0,117401,,0,0,,0,0,boundary
430,4.625,-0.875,,1007.24,0,116172,,0,0,,0,0,boundary
431,4.875,-0.875,,1007.16,0,114840,,0,0,,0,0,boundary
432,5.125,-0.875,,1007.08,0,113471,,0,0,,0,0,boundary
433,5.375,-0.875,,1007,0,112132,,0,0,,0,0,boundary
434,5.625,-0.875,,1006.91,0,110754,,0,0,,0,0,boundary
435,5.875,-0.875,,1006.83,0,109454,,0,0,,0,0,boundary
436,6.125,-0.875,,1006.75,0,108058,,0,0,,0,0,boundary
437,6.375,-0.875,,1006.65,0,106558,,0,0,,0,0,boundary
438,6.625,-0.875,,1006.56,0,105073,,0,0,,0,0,boundary
439,6.875,-0.875,,1006.46,0,103371,,0,0,,0,0,boundary
440,7.125,-0.875,,1006.37,0,101866,,0,0,,0,0,boundary
441,7.375,-0.875,,1006.25,0,99910.3,,0,0,,0,0,boundary
442,7.625,-0.875,,1006.15,0,98318.6,,0,0,,0,0,boundary
443,7.875,-0.875,,1006.02,0,96190.5,,0,0,,0,0,boundary
444,8.125,-0.875,,1005.91,0,94409.3,,0,0,,0,0,boundary
445,8.375,-0.875,,1005.78,0,92238,,0,0,,0,0,boundary
446,8.625,-0.875,,1005.67,0,90474.5,,0,0,,0,0,boundary
447,8.875,-0.875,,1005.52,0,88095.1,,0,0,,0,0,boundary
448,9.125,-0.875,,1005.38,0,85754,,0,0,,0,0,boundary
449,9.375,-0.875,,1005.26,0,83798.4,,0,0,,0,0,boundary
450,9.625,-0.875,,1005.09,0,81075.1,,0,0,,0,0,boundary
451,9.875,-0.875,,1004.91,0,78271.9,,0,0,,0,0,boundary
452,10.125,-0.875,,1004.79,0,76258.8,,0,0,,0,0,boundary
453,10.375,-0.875,,1004.6,0,73202.9,,0,0,,0,0,boundary
454,10.625,-0.875,,1004.42,0,70258.9,,0,0,,0,0,boundary
455,10.875,-0.875,,1004.31,0,68461.2,,0,0,,0,0,boundary
456,11.125,-0.875,,1004.12,0,65394.7,,0,0,,0,0,boundary
457,11.375,-0.875,,1003.9,0,61913,,0,0,,0,0,boundary
458,11.625,-0.875,,1003.77,0,59828.1,,0,0,,0,0,boundary
459,11.875,-0.875,,1003.69,0,58514.8,,0,0,,0,0,boundary
460,12.125,-0.875,,1003.48,0,55215.6,,0,0,,0,0,boundary
461,12.375,-0.875,,1003.38,0,53526,,0,0,,0,0,boundary
462,12.625,-0.875,,1003.33,0,52731.9,,0,0,,0,0,boundary
463,12.875,-0.875,,1003.04,0,48220.1,,0,0,,0,0,boundary
464,13.125,-0.875,,1002.85,0,45197.6,,0,0,,0,0,boundary
465,13.375,-0.875,,1002.72,0,42976.2,,0,0,,0,0,boundary
466,13.625,-0.875,,1002.27,0,35872,,0,0,,0,0,boundary
467,13.875,-0.875,,1001.96,0,30905.1,,0,0,,0,0,boundary
468,14.125,-0.875,,1001.88,0,29653,,0,0,,0,0,boundary
469,14.375,-0.875,,1001.52,0,23905.1,,0,0,,0,0,boundary
470,14.625,-0.875,,1001.02,0,16113.2,,0,0,,0,0,boundary
471,14.875,-0.875,,1000.81,0,12784.7,,0,0,,0,0,boundary
472,15.125,-0.875,,1000.89,0,14074.6,,0,0,,0,0,boundary
473,15.375,-0.875,,1001.04,0,16301.8,,0,0,,0,0,boundary
474,15.625,-0.875,,1001.08,0,16974.3,,0,0,,0,0,boundary
475,15.875,-0.875,,1000.19,0,3037.85,,0,0,,0,0,boundary
476,16.125,-0.875,,1000.21,0,3284.58,,0,0,,0,0,boundary
477,16.375,-0.875,,1000.22,0,3499.84,,0,0,,0,0,boundary
478,16.625,-0.875,,1000.23,0,3664.05,,0,0,,0,0,boundary
479,16.875,-0.875,,1000,0,0,,0,0,,0,0,boundary
480,17.125,-0.875,,1000,0,0,,0,0,,0,0,boundary
481,17.375,-0.875,,1000,0,0,,0,0,,0,0,boundary
482,17.625,-0.875,,1000,0,0,,0,0,,0,0,boundary
483,17.875,-0.875,,1000,0,0,,0,0,,0,0,boundary
484,18.125,-0.875,,1000,0,0,,0,0,,0,0,boundary
485,18.375,-0.875,,1000,0,0,,0,0,,0,0,boundary
486,18.625,-0.875,,1000,0,0,,0,0,,0,0,boundary
487,18.875,-0.875,,1000,0,0,,0,0,,0,0,boundary
488,19.125,-0.875,,1000,0,0,,0,0,,0,0,boundary
489,19.375,-0.875,,1000,0,0,,0,0,,0,0,boundary
490,19.625,-0.875,,1000,0,0,,0,0,,0,0,boundary
491,19.875,-0.875,,1000,0,0,,0,0,,0,0,boundary
492,20.125,-0.875,,1000,0,0,,0,0,,0,0,boundary
493,20.375,-0.875,,1000,0,0,,0,0,,0,0,boundary
494,20.625,-0.875,,1000,0,0,,0,0,,0,0,boundary
495,20.875,-0.875,,1000,0,0,,0,0,,0,0,boundary
496,21.125,-0.875,,1000,0,0,,0,0,,0,0,boundary
497,21.375,-0.875,,1000,0,0,,0,0,,0,0,boundary
498,21.625,-0.875,,1000,0,0,,0,0,,0,0,boundary
499,21.875,-0.875,,1000,0,0,,0,0,,0,0,boundary
500,22.125,-0.875,,1000,0,0,,0,0,,0,0,boundary
501,22.375,-0.875,,1000,0,0,,0,0,,0,0,boundary
502,22.625,-0.875,,1000,0,0,,0,0,,0,0,boundary
503,22.875,-0.875,,1000,0,0,,0,0,,0,0,boundary
504,23.125,-0.875,,1000,0,0,,0,0,,0,0,boundary
505,23.375,-0.875,,1000,0,0,,0,0,,0,0,boundary
506,23.625,-0.875,,1000,0,0,,0,0,,0,0,boundary
507,23.875,-0.875,,1000,0,0,,0,0,,0,0,boundary
508,24.125,-0.875,,1000,0,0,,0,0,,0,0,boundary
509,24.375,-0.875,,1000,0,0,,0,0,,0,0,boundary
510,24.625,-0.875,,1000,0,0,,0,0,,0,0,boundary
511,24.875,-0.875,,1000,0,0,,0,0,,0,0,boundary
512,25.125,-0.875,,1000,0,0,,0,0,,0,0,boundary
513,25.375,-0.875,,1000,0,0,,0,0,,0,0,boundary
514,25.625,-0.875,,1000,0,0,,0,0,,0,0,boundary
515,25.875,-0.875,,1000,0,0,,0,0,,0,0,boundary
516,26.125,-0.875,,1000,0,0,,0,0,,0,0,boundary
517,26.375,-0.875,,1000,0,0,,0,0,,0,0,boundary
518,26.625,-0.875,,1000,0,0,,0,0,,0,0,boundary
519,26.875,-0.875,,1000,0,0,,0,0,,0,0,boundary
520,27.125,-0.875,,1000,0,0,,0,0,,0,0,boundary
521,27.375,-0.875,,1000,0,0,,0,0,,0,0,boundary
522,27.625,-0.875,,1000,0,0,,0,0,,0,0,boundary
523,27.875,-0.875,,1000,0,0,,0,0,,0,0,boundary
524,28.125,-0.875,,1000,0,0,,0,0,,0,0,boundary
525,28.375,-0.875,,1000,0,0,,0,0,,0,0,boundary
526,28.625,-0.875,,1000,0,0,,0,0,,0,0,boundary
527,28.875,-0.875,,1000,0,0,,0,0,,0,0,boundary
528,29.125,-0.875,,1000,0,0,,0,0,,0,0,boundary
529,29.375,-0.875,,1000,0,0,,0,0,,0,0,boundary
530,29.625,-0.875,,1000,0,0,,0,0,,0,0,boundary
531,29.875,-0.875,,1000,0,0,,0,0,,0,0,boundary
532,30.125,-0.875,,1000,0,0,,0,0,,0,0,boundary
533,30.375,-0.875,,1000,0,0,,0,0,,0,0,boundary
534,30.625,-0.875,,1000,0,0,,0,0,,0,0,boundary
535,30.875,-0.875,,1000,0,0,,0,0,,0,0,boundary
536,31.125,-0.875,,1000,0,0,,0,0,,0,0,boundary
537,31.375,-0.875,,1000,0,0,,0,0,,0,0,boundary
538,31.625,-0.875,,1000,0,0,,0,0,,0,0,boundary
539,31.875,-0.875,,1000,0,0,,0,0,,0,0,boundary
540,32.125,-0.875,,1000,0,0,,0,0,,0,0,boundary
541,32.375,-0.875,,1000,0,0,,0,0,,0,0,boundary
542,32.625,-0.875,,1000,0,0,,0,0,,0,0,boundary
543,32.875,-0.875,,1000,0,0,,0,0,,0,0,boundary
544,-0.125,0.125,,1007.12,0,114233,,0,0,,0,0,boundary
545,-0.125,0.375,,1006.95,0,111344,,0,0,,0,0,boundary
546,-0.125,0.625,,1006.8,0,108891,,0,0,,0,0,boundary
547,-0.125,0.875,,1006.67,0,106735,,0,0,,0,0,boundary
548,-0.125,1.125,,1006.54,0,104616,,0,0,,0,0,boundary
549,-0.125,1.375,,1006.4,0,102392,,0,0,,0,0,boundary
550,-0.125,1.625,,1006.26,0,100144,,0,0,,0,0,boundary
551,-0.125,1.875,,1006.12,0,97908.3,,0,0,,0,0,boundary
552,-0.125,2.125,,1005.99,0,95661,,0,0,,0,0,boundary
553,-0.125,2.375,,1005.85,0,93401.1,,0,0,,0,0,boundary
554,-0.125,2.625,,1005.71,0,91133,,0,0,,0,0,boundary
555,-0.125,2.875,,1005.57,0,88856.2,,0,0,,0,0,boundary
556,-0.125,3.125,,1005.43,0,86580.6,,0,0,,0,0,boundary
557,-0.125,3.375,,1005.29,0,84317.6,,0,0,,0,0,boundary
558,-0.125,3.625,,1005.15,0,82075.1,,0,0,,0,0,boundary
559,-0.125,3.875,,1005.01,0,79864.1,,0,0,,0,0,boundary
560,-0.125,4.125,,1004.88,0,77687.5,,0,0,,0,0,boundary
561,-0.125,4.375,,1004.74,0,75538.3,,0,0,,0,0,boundary
562,-0.125,4.625,,1004.61,0,73412.7,,0,0,,0,0,boundary
563,-0.125,4.875,,1004.48,0,71302.4,,0,0,,0,0,boundary
564,-0.125,5.125,,1004.35,0,69194.9,,0,0,,0,0,boundary
565,-0.125,5.375,,1004.22,0,67096,,0,0,,0,0,boundary
566,-0.125,5.625,,1004.09,0,65013.2,,0,0,,0,0,boundary
567,-0.125,5.875,,1003.96,0,62936.8,,0,0,,0,0,boundary
568,-0.125,6.125,,1003.83,0,60866.6,,0,0,,0,0,boundary
569,-0.125,6.375,,1003.71,0,58824.2,,0,0,,0,0,boundary
570,-0.125,6.625,,1003.58,0,56807.8,,0,0,,0,0,boundary
571,-0.125,6.875,,1003.45,0,54774.6,,0,0,,0,0,boundary
572,-0.125,7.125,,1003.32,0,52696.5,,0,0,,0,0,boundary
573,-0.125,7.375,,1003.19,0,50596.7,,0,0,,0,0,boundary
574,-0.125,7.625,,1003.06,0,48490.1,,0,0,,0,0,boundary
575,-0.125,7.875,,1002.93,0,46340.9,,0,0,,0,0,boundary
576,-0.125,8.125,,1002.79,0,44099.5,,0,0,,0,0,boundary
577,-0.125,8.375,,1002.64,0,41758.1,,0,0,,0,0,boundary
578,-0.125,8.625,,1002.49,0,39368.4,,0,0,,0,0,boundary
579,-0.125,8.875,,1002.34,0,36977.1,,0,0,,0,0,boundary
580,-0.125,9.125,,1002.19,0,34582.2,,0,0,,0,0,boundary
581,-0.125,9.375,,1002.04,0,32164.9,,0,0,,0,0,boundary
582,-0.125,9.625,,1001.88,0,29712.7,,0,0,,0,0,boundary
583,-0.125,9.875,,1001.72,0,27213.6,,0,0,,0,0,boundary
584,-0.125,10.125,,1001.56,0,24659.4,,0,0,,0,0,boundary
585,-0.125,10.375,,1001.4,0,22073.7,,0,0,,0,0,boundary
586,-0.125,10.625,,1001.24,0,19521.2,,0,0,,0,0,boundary
587,-0.125,10.875,,1001.08,0,16977.3,,0,0,,0,0,boundary
588,-0.125,11.125,,1000.91,0,14323.2,,0,0,,0,0,boundary
589,-0.125,11.375,,1000.75,0,11864.1,,0,0,,0,0,boundary
590,-0.125,11.625,,1000.62,0,9804.11,,0,0,,0,0,boundary
591,-0.125,11.875,,1000.45,0,7108.42,,0,0,,0,0,boundary
592,-0.125,12.125,,1000.22,0,3417.36,,0,0,,0,0,boundary
593,-0.125,12.375,,1000.01,0,201.168,,0,0,,0,0,boundary
594,-0.125,12.625,,1000.17,0,2716.8,,0,0,,0,0,boundary
595,-0.125,12.875,,1000.17,0,2593.97,,0,0,,0,0,boundary
596,-0.125,13.125,,1000.16,0,2543.26,,0,0,,0,0,boundary
597,-0.125,13.375,,1000,0,0,,0,0,,0,0,boundary
598,-0.125,13.625,,1000,0,0,,0,0,,0,0,boundary
599,-0.125,13.875,,1000,0,0,,0,0,,0,0,boundary
600,-0.125,14.125,,1000,0,0,,0,0,,0,0,boundary
601,-0.125,14.375,,1000,0,0,,0,0,,0,0,boundary
602,-0.125,14.625,,1000,0,0,,0,0,,0,0,boundary
603,-0.125,14.875,,1000,0,0,,0,0,,0,0,boundary
604,-0.125,15.125,,1000,0,0,,0,0,,0,0,boundary
605,-0.125,15.375,,1000,0,0,,0,0,,0,0,boundary
606,-0.125,15.625,,1000,0,0,,0,0,,0,0,boundary
607,-0.125,15.875,,1000,0,0,,0,0,,0,0,boundary
608,-0.125,16.125,,1000,0,0,,0,0,,0,0,boundary
609,-0.125,16.375,,1000,0,0,,0,0,,0,0,boundary
610,-0.125,16.625,,1000,0,0,,0,0,,0,0,boundary
611,-0.125,16.875,,1000,0,0,,0,0,,0,0,boundary
612,-0.125,17.125,,1000,0,0,,0,0,,0,0,boundary
613,-0.125,17.375,,1000,0,0,,0,0,,0,0,boundary
614,-0.125,17.625,,1000,0,0,,0,0,,0,0,boundary
615,-0.125,17.875,,1000,0,0,,0,0,,0,0,boundary
616,-0.125,18.125,,1000,0,0,,0,0,,0,0,boundary
617,-0.125,18.375,,1000,0,0,,0,0,,0,0,boundary
618,-0.125,18.625,,1000,0,0,,0,0,,0,0,boundary
619,-0.125,18.875,,1000,0,0,,0,0,,0,0,boundary
620,-0.125,19.125,,1000,0,0,,0,0,,0,0,boundary
621,-0.125,19.375,,1000,0,0,,0,0,,0,0,boundary
622,-0.125,19.625,,1000,0,0,,0,0,,0,0,boundary
623,-0.125,19.875,,1000,0,0,,0,0,,0,0,boundary
624,-0.125,20.125,,1000,0,0,,0,0,,0,0,boundary
625,-0.125,20.375,,1000,0,0,,0,0,,0,0,boundary
626,-0.125,20.625,,1000,0,0,,0,0,,0,0,boundary
627,-0.125,20.875,,1000,0,0,,0,0,,0,0,boundary
628,-0.375,0.125,,1007.1,0,113816,,0,0,,0,0,boundary
629,-0.375,0.375,,1006.92,0,110935,,0,0,,0,0,boundary
630,-0.375,0.625,,1006.77,0,108517,,0,0,,0,0,boundary
631,-0.375,0.875,,1006.65,0,106449,,0,0,,0,0,boundary
632,-0.375,1.125,,1006.52,0,104340,,0,0,,0,0,boundary
633,-0.375,1.375,,1006.38,0,102120,,0,0,,0,0,boundary
634,-0.375,1.625,,1006.25,0,99878.1,,0,0,,0,0,boundary
635,-0.375,1.875,,1006.11,0,97660,,0,0,,0,0,boundary
636,-0.375,2.125,,1005.97,0,95428.4,,0,0,,0,0,boundary
637,-0.375,2.375,,1005.83,0,93191.6,,0,0,,0,0,boundary
638,-0.375,2.625,,1005.7,0,90952.7,,0,0,,0,0,boundary
639,-0.375,2.875,,1005.56,0,88707.1,,0,0,,0,0,boundary
640,-0.375,3.125,,1005.42,0,86458.8,,0,0,,0,0,boundary
641,-0.375,3.375,,1005.28,0,84211.3,,0,0,,0,0,boundary
642,-0.375,3.625,,1005.14,0,81970.3,,0,0,,0,0,boundary
643,-0.375,3.875,,1005,0,79747.6,,0,0,,0,0,boundary
644,-0.375,4.125,,1004.87,0,77567.6,,0,0,,0,0,boundary
645,-0.375,4.375,,1004.74,0,75427.8,,0,0,,0,0,boundary
646,-0.375,4.625,,1004.61,0,73334.1,,0,0,,0,0,boundary
647,-0.375,4.875,,1004.48,0,71291.8,,0,0,,0,0,boundary
648,-0.375,5.125,,1004.36,0,69276.7,,0,0,,0,0,boundary
649,-0.375,5.375,,1004.23,0,67283.4,,0,0,,0,0,boundary
650,-0.375,5.625,,1004.11,0,65307.2,,0,0,,0,0,boundary
651,-0.375,5.875,,1003.99,0,63317.2,,0,0,,0,0,boundary
652,-0.375,6.125,,1003.86,0,61291,,0,0,,0,0,boundary
653,-0.375,6.375,,1003.73,0,59231.4,,0,0,,0,0,boundary
654,-0.375,6.625,,1003.6,0,57133.1,,0,0,,0,0,boundary
655,-0.375,6.875,,1003.47,0,54977.7,,0,0,,0,0,boundary
656,-0.375,7.125,,1003.33,0,52753.3,,0,0,,0,0,boundary
657,-0.375,7.375,,1003.19,0,50481.4,,0,0,,0,0,boundary
658,-0.375,7.625,,1003.04,0,48182.3,,0,0,,0,0,boundary
659,-0.375,7.875,,1002.9,0,45861.6,,0,0,,0,0,boundary
660,-0.375,8.125,,1002.75,0,43519.3,,0,0,,0,0,boundary
661,-0.375,8.375,,1002.6,0,41162.5,,0,0,,0,0,boundary
662,-0.375,8.625,,1002.46,0,38820.7,,0,0,,0,0,boundary
663,-0.375,8.875,,1002.31,0,36505.4,,0,0,,0,0,boundary
664,-0.375,9.125,,1002.16,0,34191.1,,0,0,,0,0,boundary
665,-0.375,9.375,,1002.02,0,31852,,0,0,,0,0,boundary
666,-0.375,9.625,,1001.87,0,29472.6,,0,0,,0,0,boundary
667,-0.375,9.875,,1001.71,0,27036,,0,0,,0,0,boundary
668,-0.375,10.125,,1001.56,0,24526,,0,0,,0,0,boundary
669,-0.375,10.375,,1001.39,0,21946,,0,0,,0,0,boundary
670,-0.375,10.625,,1001.23,0,19339.2,,0,0,,0,0,boundary
671,-0.375,10.875,,1001.06,0,16692.1,,0,0,,0,0,boundary
672,-0.375,11.125,,1000.88,0,13926.4,,0,0,,0,0,boundary
673,-0.375,11.375,,1000.72,0,11327.5,,0,0,,0,0,boundary
674,-0.375,11.625,,1000.58,0,9197.63,,0,0,,0,0,boundary
675,-0.375,11.875,,1000.42,0,6595.16,,0,0,,0,0,boundary
676,-0.375,12.125,,1000.19,0,2906.96,,0,0,,0,0,boundary
677,-0.375,12.375,,1000.05,0,717.125,,0,0,,0,0,boundary
678,-0.375,12.625,,1000.18,0,2801.6,,0,0,,0,0,boundary
679,-0.375,12.875,,1000.17,0,2643.75,,0,0,,0,0,boundary
680,-0.375,13.125,,1000.16,0,2558.1,,0,0,,0,0,boundary
681,-0.375,13.375,,1000.16,0,2576.77,,0,0,,0,0,boundary
682,-0.375,13.625,,1000,0,0,,0,0,,0,0,boundary
683,-0.375,13.875,,1000,0,0,,0,0,,0,0,boundary
684,-0.375,14.125,,1000,0,0,,0,0,,0,0,boundary
685,-0.375,14.375,,1000,0,0,,0,0,,0,0,boundary
686,-0.375,14.625,,1000,0,0,,0,0,,0,0,boundary
687,-0.375,14.875,,1000,0,0,,0,0,,0,0,boundary
688,-0.375,15.125,,1000,0,0,,0,0,,0,0,boundary
689,-0.375,15.375,,1000,0,0,,0,0,,0,0,boundary
690,-0.375,15.625,,1000,0,0,,0,0,,0,0,boundary
691,-0.375,15.875,,1000,0,0,,0,0,,0,0,boundary
692,-0.375,16.125,,1000,0,0,,0,0,,0,0,boundary
693,-0.375,16.375,,1000,0,0,,0,0,,0,0,boundary
694,-0.375,16.625,,1000,0,0,,0,0,,0,0,boundary
695,-0.375,16.875,,1000,0,0,,0,0,,0,0,boundary
696,-0.375,17.125,,1000,0,0,,0,0,,0,0,boundary
697,-0.375,17.375,,1000,0,0,,0,0,,0,0,boundary
698,-0.375,17.625,,1000,0,0,,0,0,,0,0,boundary
699,-0.375,17.875,,1000,0,0,,0,0,,0,0,boundary
700,-0.375,18.125,,1000,0,0,,0,0,,0,0,boundary
701,-0.375,18.375,,1000,0,0,,0,0,,0,0,boundary
702,-0.375,18.625,,1000,0,0,,0,0,,0,0,boundary
703,-0.375,18.875,,1000,0,0,,0,0,,0,0,boundary
704,-0.375,19.125,,1000,0,0,,0,0,,0,0,boundary
705,-0.375,19.375,,1000,0,0,,0,0,,0,0,boundary
706,-0.375,19.625,,1000,0,0,,0,0,,0,0,boundary
707,-0.375,19.875,,1000,0,0,,0,0,,0,0,boundary
708,-0.375,20.125,,1000,0,0,,0,0,,0,0,boundary
709,-0.375,20.375,,1000,0,0,,0,0,,0,0,boundary
710,-0.375,20.625,,1000,0,0,,0,0,,0,0,boundary
711,-0.375,20.875,,1000,0,0,,0,0,,0,0,boundary
712,-0.625,0.125,,1007.16,0,114799,,0,0,,0,0,boundary
713,-0.625,0.375,,1006.99,0,112091,,0,0,,0,0,boundary
714,-0.625,0.625,,1006.83,0,109400,,0,0,,0,0,boundary
715,-0.625,0.875,,1006.68,0,106917,,0,0,,0,0,boundary
716,-0.625,1.125,,1006.53,0,104514,,0,0,,0,0,boundary
717,-0.625,1.375,,1006.38,0,102128,,0,0,,0,0,boundary
718,-0.625,1.625,,1006.24,0,99774.2,,0,0,,0,0,boundary
719,-0.625,1.875,,1006.1,0,97463.4,,0,0,,0,0,boundary
720,-0.625,2.125,,1005.96,0,95179,,0,0,,0,0,boundary
721,-0.625,2.375,,1005.82,0,92915.9,,0,0,,0,0,boundary
722,-0.625,2.625,,1005.68,0,90678.1,,0,0,,0,0,boundary
723,-0.625,2.875,,1005.54,0,88447.1,,0,0,,0,0,boundary
724,-0.625,3.125,,1005.4,0,86223.1,,0,0,,0,0,boundary
725,-0.625,3.375,,1005.27,0,83972.5,,0,0,,0,0,boundary
726,-0.625,3.625,,1005.13,0,81694.5,,0,0,,0,0,boundary
727,-0.625,3.875,,1004.99,0,79429,,0,0,,0,0,boundary
728,-0.625,4.125,,1004.85,0,77179.4,,0,0,,0,0,boundary
729,-0.625,4.375,,1004.71,0,75000,,0,0,,0,0,boundary
730,-0.625,4.625,,1004.58,0,72896.6,,0,0,,0,0,boundary
731,-0.625,4.875,,1004.45,0,70846.8,,0,0,,0,0,boundary
732,-0.625,5.125,,1004.33,0,68900.4,,0,0,,0,0,boundary
733,-0.625,5.375,,1004.22,0,67013.5,,0,0,,0,0,boundary
734,-0.625,5.625,,1004.1,0,65107.1,,0,0,,0,0,boundary
735,-0.625,5.875,,1003.98,0,63212.7,,0,0,,0,0,boundary
736,-0.625,6.125,,1003.86,0,61298.5,,0,0,,0,0,boundary
737,-0.625,6.375,,1003.73,0,59243.4,,0,0,,0,0,boundary
738,-0.625,6.625,,1003.6,0,57047.5,,0,0,,0,0,boundary
739,-0.625,6.875,,1003.46,0,54803.1,,0,0,,0,0,boundary
740,-0.625,7.125,,1003.31,0,52504.1,,0,0,,0,0,boundary
741,-0.625,7.375,,1003.16,0,50086.9,,0,0,,0,0,boundary
742,-0.625,7.625,,1003,0,47575.6,,0,0,,0,0,boundary
743,-0.625,7.875,,1002.85,0,45073.5,,0,0,,0,0,boundary
744,-0.625,8.125,,1002.7,0,42655.7,,0,0,,0,0,boundary
745,-0.625,8.375,,1002.55,0,40321.5,,0,0,,0,0,boundary
746,-0.625,8.625,,1002.41,0,38028.8,,0,0,,0,0,boundary
747,-0.625,8.875,,1002.26,0,35740.2,,0,0,,0,0,boundary
748,-0.625,9.125,,1002.12,0,33441.1,,0,0,,0,0,boundary
749,-0.625,9.375,,1001.97,0,31139.5,,0,0,,0,0,boundary
750,-0.625,9.625,,1001.83,0,28849.1,,0,0,,0,0,boundary
751,-0.625,9.875,,1001.68,0,26565.4,,0,0,,0,0,boundary
752,-0.625,10.125,,1001.54,0,24265.5,,0,0,,0,0,boundary
753,-0.625,10.375,,1001.39,0,21920.7,,0,0,,0,0,boundary
754,-0.625,10.625,,1001.24,0,19510,,0,0,,0,0,boundary
755,-0.625,10.875,,1001.08,0,16980,,0,0,,0,0,boundary
756,-0.625,11.125,,1000.91,0,14275.5,,0,0,,0,0,boundary
757,-0.625,11.375,,1000.74,0,11585,,0,0,,0,0,boundary
758,-0.625,11.625,,1000.58,0,9053.22,,0,0,,0,0,boundary
759,-0.625,11.875,,1000.4,0,6341.93,,0,0,,0,0,boundary
760,-0.625,12.125,,1000.23,0,3664.21,,0,0,,0,0,boundary
761,-0.625,12.375,,1000.12,0,1823.98,,0,0,,0,0,boundary
762,-0.625,12.625,,1000.18,0,2902.47,,0,0,,0,0,boundary
763,-0.625,12.875,,1000.17,0,2668.35,,0,0,,0,0,boundary
764,-0.625,13.125,,1000.16,0,2556.77,,0,0,,0,0,boundary
765,-0.625,13.375,,1000.16,0,2574.67,,0,0,,0,0,boundary
766,-0.625,13.625,,1000,0,0,,0,0,,0,0,boundary
767,-0.625,13.875,,1000,0,0,,0,0,,0,0,boundary
768,-0.625,14.125,,1000,0,0,,0,0,,0,0,boundary
769,-0.625,14.375,,1000,0,0,,0,0,,0,0,boundary
770,-0.625,14.625,,1000,0,0,,0,0,,0,0,boundary
771,-0.625,14.875,,1000,0,0,,0,0,,0,0,boundary
772,-0.625,15.125,,1000,0,0,,0,0,,0,0,boundary
773,-0.625,15.375,,1000,0,0,,0,0,,0,0,boundary
774,-0.625,15.625,,1000,0,0,,0,0,,0,0,boundary
775,-0.625,15.875,,1000,0,0,,0,0,,0,0,boundary
776,-0.625,16.125,,1000,0,0,,0,0,,0,0,boundary
777,-0.625,16.375,,1000,0,0,,0,0,,0,0,boundary
778,-0.625,16.625,,1000,0,0,,0,0,,0,0,boundary
779,-0.625,16.875,,1000,0,0,,0,0,,0,0,boundary
780,-0.625,17.125,,1000,0,0,,0,0,,0,0,boundary
781,-0.625,17.375,,1000,0,0,,0,0,,0,0,boundary
782,-0.625,17.625,,1000,0,0,,0,0,,0,0,boundary
783,-0.625,17.875,,1000,0,0,,0,0,,0,0,boundary
784,-0.625,18.125,,1000,0,0,,0,0,,0,0,boundary
785,-0.625,18.375,,1000,0,0,,0,0,,0,0,boundary
786,-0.625,18.625,,1000,0,0,,0,0,,0,0,boundary
787,-0.625,18.875,,1000,0,0,,0,0,,0,0,boundary
788,-0.625,19.125,,1000,0,0,,0,0,,0,0,boundary
789,-0.625,19.375,,1000,0,0,,0,0,,0,0,boundary
790,-0.625,19.625,,1000,0,0,,0,0,,0,0,boundary
791,-0.625,19.875,,1000,0,0,,0,0,,0,0,boundary
792,-0.625,20.125,,1000,0,0,,0,0,,0,0,boundary
793,-0.625,20.375,,1000,0,0,,0,0,,0,0,boundary
794,-0.625,20.625,,1000,0,0,,0,0,,0,0,boundary
795,-0.625,20.875,,1000,0,0,,0,0,,0,0,boundary
796,-0.875,0.125,,1007.2,0,115439,,0,0,,0,0,boundary
797,-0.875,0.375,,1007.05,0,113074,,0,0,,0,0,boundary
798,-0.875,0.625,,1006.9,0,110518,,0,0,,0,0,boundary
799,-0.875,0.875,,1006.74,0,107890,,0,0,,0,0,boundary
800,-0.875,1.125,,1006.58,0,105293,,0,0,,0,0,boundary
801,-0.875,1.375,,1006.43,0,102815,,0,0,,0,0,boundary
802,-0.875,1.625,,1006.28,0,100425,,0,0,,0,0,boundary
803,-0.875,1.875,,1006.13,0,98077.9,,0,0,,0,0,boundary
804,-0.875,2.125,,1005.99,0,95770.8,,0,0,,0,0,boundary
805,-0.875,2.375,,1005.85,0,93499.9,,0,0,,0,0,boundary
806,-0.875,2.625,,1005.71,0,91250.6,,0,0,,0,0,boundary
807,-0.875,2.875,,1005.58,0,89003.2,,0,0,,0,0,boundary
808,-0.875,3.125,,1005.44,0,86764,,0,0,,0,0,boundary
809,-0.875,3.375,,1005.3,0,84523.3,,0,0,,0,0,boundary
810,-0.875,3.625,,1005.16,0,82294,,0,0,,0,0,boundary
811,-0.875,3.875,,1005.03,0,80085.5,,0,0,,0,0,boundary
812,-0.875,4.125,,1004.89,0,77872.9,,0,0,,0,0,boundary
813,-0.875,4.375,,1004.75,0,75666.1,,0,0,,0,0,boundary
814,-0.875,4.625,,1004.61,0,73444.1,,0,0,,0,0,boundary
815,-0.875,4.875,,1004.48,0,71191.5,,0,0,,0,0,boundary
816,-0.875,5.125,,1004.34,0,68963.1,,0,0,,0,0,boundary
817,-0.875,5.375,,1004.2,0,66752.6,,0,0,,0,0,boundary
818,-0.875,5.625,,1004.06,0,64555.4,,0,0,,0,0,boundary
819,-0.875,5.875,,1003.93,0,62440.4,,0,0,,0,0,boundary
820,-0.875,6.125,,1003.81,0,60414.9,,0,0,,0,0,boundary
821,-0.875,6.375,,1003.68,0,58406.2,,0,0,,0,0,boundary
822,-0.875,6.625,,1003.56,0,56420.5,,0,0,,0,0,boundary
823,-0.875,6.875,,1003.44,0,54503,,0,0,,0,0,boundary
824,-0.875,7.125,,1003.32,0,52581.8,,0,0,,0,0,boundary
825,-0.875,7.375,,1003.19,0,50547.3,,0,0,,0,0,boundary
826,-0.875,7.625,,1003.06,0,48402.3,,0,0,,0,0,boundary
827,-0.875,7.875,,1002.92,0,46219.5,,0,0,,0,0,boundary
828,-0.875,8.125,,1002.78,0,44015.4,,0,0,,0,0,boundary
829,-0.875,8.375,,1002.64,0,41738.7,,0,0,,0,0,boundary
830,-0.875,8.625,,1002.49,0,39351.1,,0,0,,0,0,boundary
831,-0.875,8.875,,1002.33,0,36880.2,,0,0,,0,0,boundary
832,-0.875,9.125,,1002.18,0,34397.7,,0,0,,0,0,boundary
833,-0.875,9.375,,1002.02,0,31975,,0,0,,0,0,boundary
834,-0.875,9.625,,1001.88,0,29648.6,,0,0,,0,0,boundary
835,-0.875,9.875,,1001.74,0,27401,,0,0,,0,0,boundary
836,-0.875,10.125,,1001.6,0,25187.9,,0,0,,0,0,boundary
837,-0.875,10.375,,1001.46,0,22978.5,,0,0,,0,0,boundary
838,-0.875,10.625,,1001.32,0,20744.3,,0,0,,0,0,boundary
839,-0.875,10.875,,1001.17,0,18422.7,,0,0,,0,0,boundary
840,-0.875,11.125,,1001.01,0,15906.1,,0,0,,0,0,boundary
841,-0.875,11.375,,1000.84,0,13207,,0,0,,0,0,boundary
842,-0.875,11.625,,1000.67,0,10527.6,,0,0,,0,0,boundary
843,-0.875,11.875,,1000.5,0,7901.78,,0,0,,0,0,boundary
844,-0.875,12.125,,1000.34,0,5407.9,,0,0,,0,0,boundary
845,-0.875,12.375,,1000.21,0,3348.35,,0,0,,0,0,boundary
846,-0.875,12.625,,1000.19,0,2975.93,,0,0,,0,0,boundary
847,-0.875,12.875,,1000.17,0,2674.75,,0,0,,0,0,boundary
848,-0.875,13.125,,1000.16,0,2581.94,,0,0,,0,0,boundary
849,-0.875,13.375,,1000.16,0,2517.04,,0,0,,0,0,boundary
850,-0.875,13.625,,1000,0,0,,0,0,,0,0,boundary
851,-0.875,13.875,,1000,0,0,,0,0,,0,0,boundary
852,-0.875,14.125,,1000,0,0,,0,0,,0,0,boundary
853,-0.875,14.375,,1000,0,0,,0,0,,0,0,boundary
854,-0.875,14.625,,1000,0,0,,0,0,,0,0,boundary
855,-0.875,14.875,,1000,0,0,,0,0,,0,0,boundary
856,-0.875,15.125,,1000,0,0,,0,0,,0,0,boundary
857,-0.875,15.375,,1000,0,0,,0,0,,0,0,boundary
858,-0.875,15.625,,1000,0,0,,0,0,,0,0,boundary
859,-0.875,15.875,,1000,0,0,,0,0,,0,0,boundary
860,-0.875,16.125,,1000,0,0,,0,0,,0,0,boundary
861,-0.875,16.375,,1000,0,0,,0,0,,0,0,boundary
862,-0.875,16.625,,1000,0,0,,0,0,,0,0,boundary
863,-0.875,16.875,,1000,0,0,,0,0,,0,0,boundary
864,-0.875,17.125,,1000,0,0,,0,0,,0,0,boundary
865,-0.875,17.375,,1000,0,0,,0,0,,0,0,boundary
866,-0.875,17.625,,1000,0,0,,0,0,,0,0,boundary
867,-0.875,17.875,,1000,0,0,,0,0,,0,0,boundary
868,-0.875,18.125,,1000,0,0,,0,0,,0,0,boundary
869,-0.875,18.375,,1000,0,0,,0,0,,0,0,boundary
870,-0.875,18.625,,1000,0,0,,0,0,,0,0,boundary
871,-0.875,18.875,,1000,0,0,,0,0,,0,0,boundary
872,-0.875,19.125,,1000,0,0,,0,0,,0,0,boundary
873,-0.875,19.375,,1000,0,0,,0,0,,0,0,boundary
874,-0.875,19.625,,1000,0,0,,0,0,,0,0,boundary
875,-0.875,19.875,,1000,0,0,,0,0,,0,0,boundary
876,-0.875,20.125,,1000,0,0,,0,0,,0,0,boundary
877,-0.875,20.375,,1000,0,0,,0,0,,0,0,boundary
878,-0.875,20.625,,1000,0,0,,0,0,,0,0,boundary
879,-0.875,20.875,,1000,0,0,,0,0,,0,0,boundary
880,32.125,0.125,,1000,0,0,,0,0,,0,0,boundary
881,32.125,0.375,,1000,0,0,,0,0,,0,0,boundary
882,32.125,0.625,,1000,0,0,,0,0,,0,0,boundary
883,32.125,0.875,,1000,0,0,,0,0,,0,0,boundary
884,32.125,1.125,,1000,0,0,,0,0,,0,0,boundary
885,32.125,1.375,,1000,0,0,,0,0,,0,0,boundary
886,32.125,1.625,,1000,0,0,,0,0,,0,0,boundary
887,32.125,1.875,,1000,0,0,,0,0,,0,0,boundary
888,32.125,2.125,,1000,0,0,,0,0,,0,0,boundary
889,32.125,2.375,,1000,0,0,,0,0,,0,0,boundary
890,32.125,2.625,,1000,0,0,,0,0,,0,0,boundary
891,32.125,2.875,,1000,0,0,,0,0,,0,0,boundary
892,32.125,3.125,,1000,0,0,,0,0,,0,0,boundary
893,32.125,3.375,,1000,0,0,,0,0,,0,0,boundary
894,32.125,3.625,,1000,0,0,,0,0,,0,0,boundary
895,32.125,3.875,,1000,0,0,,0,0,,0,0,boundary
896,32.125,4.125,,1000,0,0,,0,0,,0,0,boundary
897,32.125,4.375,,1000,0,0,,0,0,,0,0,boundary
898,32.125,4.625,,1000,0,0,,0,0,,0,0,boundary
899,32.125,4.875,,1000,0,0,,0,0,,0,0,boundary
900,32.125,5.125,,1000,0,0,,0,0,,0,0,boundary
901,32.125,5.375,,1000,0,0,,0,0,,0,0,boundary
902,32.125,5.625,,1000,0,0,,0,0,,0,0,boundary
903,32.125,5.875,,1000,0,0,,0,0,,0,0,boundary
904,32.125,6.125,,1000,0,0,,0,0,,0,0,boundary
905,32.125,6.375,,1000,0,0,,0,0,,0,0,boundary
906,32.125,6.625,,1000,0,0,,0,0,,0,0,boundary
907,32.125,6.875,,1000,0,0,,0,0,,0,0,boundary
908,32.125,7.125,,1000,0,0,,0,0,,0,0,boundary
909,32.125,7.375,,1000,0,0,,0,0,,0,0,boundary
910,32.125,7.625,,1000,0,0,,0,0,,0,0,boundary
911,32.125,7.875,,1000,0,0,,0,0,,0,0,boundary
912,32.125,8.125,,1000,0,0,,0,0,,0,0,boundary
913,32.125,8.375,,1000,0,0,,0,0,,0,0,boundary
914,32.125,8.625,,1000,0,0,,0,0,,0,0,boundary
915,32.125,8.875,,1000,0,0,,0,0,,0,0,boundary
916,32.125,9.125,,1000,0,0,,0,0,,0,0,boundary
917,32.125,9.375,,1000,0,0,,0,0,,0,0,boundary
918,32.125,9.625,,1000,0,0,,0,0,,0,0,boundary
919,32.125,9.875,,1000,0,0,,0,0,,0,0,boundary
920,32.125,10.125,,1000,0,0,,0,0,,0,0,boundary
921,32.125,10.375,,1000,0,0,,0,0,,0,0,boundary
922,32.125,10.625,,1000,0,0,,0,0,,0,0,boundary
923,32.125,10.875,,1000,0,0,,0,0,,0,0,boundary
924,32.125,11.125,,1000,0,0,,0,0,,0,0,boundary
925,32.125,11.375,,1000,0,0,,0,0,,0,0,boundary
926,32.125,11.625,,1000,0,0,,0,0,,0,0,boundary
927,32.125,11.875,,1000,0,0,,0,0,,0,0,boundary
928,32.125,12.125,,1000,0,0,,0,0,,0,0,boundary
929,32.125,12.375,,1000,0,0,,0,0,,0,0,boundary
930,32.125,12.625,,1000,0,0,,0,0,,0,0,boundary
931,32.125,12.875,,1000,0,0,,0,0,,0,0,boundary
932,32.125,13.125,,1000,0,0,,0,0,,0,0,boundary
933,32.125,13.375,,1000,0,0,,0,0,,0,0,boundary
934,32.125,13.625,,1000,0,0,,0,0,,0,0,boundary
935,32.125,13.875,,1000,0,0,,0,0,,0,0,boundary
936,32.125,14.125,,1000,0,0,,0,0,,0,0,boundary
937,32.125,14.375,,1000,0,0,,0,0,,0,0,boundary
938,32.125,14.625,,1000,0,0,,0,0,,0,0,boundary
939,32.125,14.875,,1000,0,0,,0,0,,0,0,boundary
940,32.125,15.125,,1000,0,0,,0,0,,0,0,boundary
941,32.125,15.375,,1000,0,0,,0,0,,0,0,boundary
942,32.125,15.625,,1000,0,0,,0,0,,0,0,boundary
943,32.125,15.875,,1000,0,0,,0,0,,0,0,boundary
944,32.125,16.125,,1000,0,0,,0,0,,0,0,boundary
945,32.125,16.375,,1000,0,0,,0,0,,0,0,boundary
946,32.125,16.625,,1000,0,0,,0,0,,0,0,boundary
947,32.125,16.875,,1000,0,0,,0,0,,0,0,boundary
948,32.125,17.125,,1000,0,0,,0,0,,0,0,boundary
949,32.125,17.375,,1000,0,0,,0,0,,0,0,boundary
950,32.125,17.625,,1000,0,0,,0,0,,0,0,boundary
951,32.125,17.875,,1000,0,0,,0,0,,0,0,boundary
952,32.125,18.125,,1000,0,0,,0,0,,0,0,boundary
953,32.125,18.375,,1000,0,0,,0,0,,0,0,boundary
954,32.125,18.625,,1000,0,0,,0,0,,0,0,boundary
955,32.125,18.875,,1000,0,0,,0,0,,0,0,boundary
956,32.125,19.125,,1000,0,0,,0,0,,0,0,boundary
957,32.125,19.375,,1000,0,0,,0,0,,0,0,boundary
958,32.125,19.625,,1000,0,0,,0,0,,0,0,boundary
959,32.125,19.875,,1000,0,0,,0,0,,0,0,boundary
960,32.125,20.125,,1000,0,0,,0,0,,0,0,boundary
961,32.125,20.375,,1000,0,0,,0,0,,0,0,boundary
962,32.125,20.625,,1000,0,0,,0,0,,0,0,boundary
963,32.125,20.875,,1000,0,0,,0,0,,0,0,boundary
964,32.375,0.125,,1000,0,0,,0,0,,0,0,boundary
965,32.375,0.375,,1000,0,0,,0,0,,0,0,boundary
966,32.375,0.625,,1000,0,0,,0,0,,0,0,boundary
967,32.375,0.875,,1000,0,0,,0,0,,0,0,boundary
968,32.375,1.125,,1000,0,0,,0,0,,0,0,boundary
969,32.375,1.375,,1000,0,0,,0,0,,0,0,boundary
970,32.375,1.625,,1000,0,0,,0,0,,0,0,boundary
971,32.375,1.875,,1000,0,0,,0,0,,0,0,boundary
972,32.375,2.125,,1000,0,0,,0,0,,0,0,boundary
973,32.375,2.375,,1000,0,0,,0,0,,0,0,boundary
974,32.375,2.625,,1000,0,0,,0,0,,0,0,boundary
975,32.375,2.875,,1000,0,0,,0,0,,0,0,boundary
976,32.375,3.125,,1000,0,0,,0,0,,0,0,boundary
977,32.375,3.375,,1000,0,0,,0,0,,0,0,boundary
978,32.375,3.625,,1000,0,0,,0,0,,0,0,boundary
979,32.375,3.875,,1000,0,0,,0,0,,0,0,boundary
980,32.375,4.125,,1000,0,0,,0,0,,0,0,boundary
981,32.375,4.375,,1000,0,0,,0,0,,0,0,boundary
982,32.375,4.625,,1000,0,0,,0,0,,0,0,boundary
983,32.375,4.875,,1000,0,0,,0,0,,0,0,boundary
984,32.375,5.125,,1000,0,0,,0,0,,0,0,boundary
985,32.375,5.375,,1000,0,0,,0,0,,0,0,boundary
986,32.375,5.625,,1000,0,0,,0,0,,0,0,boundary
987,32.375,5.875,,1000,0,0,,0,0,,0,0,boundary
988,32.375,6.125,,1000,0,0,,0,0,,0,0,boundary
989,32.375,6.375,,1000,0,0,,0,0,,0,0,boundary
990,32.375,6.625,,1000,0,0,,0,0,,0,0,boundary
991,32.375,6.875,,1000,0,0,,0,0,,0,0,boundary
992,32.375,7.125,,1000,0,0,,0,0,,0,0,boundary
993,32.375,7.375,,1000,0,0,,0,0,,0,0,boundary
994,32.375,7.625,,1000,0,0,,0,0,,0,0,boundary
995,32.375,7.875,,1000,0,0,,0,0,,0,0,boundary
996,32.375,8.125,,1000,0,0,,0,0,,0,0,boundary
997,32.375,8.375,,1000,0,0,,0,0,,0,0,boundary
998,32.375,8.625,,1000,0,0,,0,0,,0,0,boundary
999,32.375,8.875,,1000,0,0,,0,0,,0,0,boundary
1000,32.375,9.125,,1000,0,0,,0,0,,0,0,boundary
1001,32.375,9.375,,1000,0,0,,0,0,,0,0,boundary
1002,32.375,9.625,,1000,0,0,,0,0,,0,0,boundary
1003,32.375,9.875,,1000,0,0,,0,0,,0,0,boundary
1004,32.375,10.125,,1000,0,0,,0,0,,0,0,boundary
1005,32.375,10.375,,1000,0,0,,0,0,,0,0,boundary
1006,32.375,10.625,,1000,0,0,,0,0,,0,0,boundary
1007,32.375,10.875,,1000,0,0,,0,0,,0,0,boundary
1008,32.375,11.125,,1000,0,0,,0,0,,0,0,boundary
1009,32.375,11.375,,1000,0,0,,0,0,,0,0,boundary
1010,32.375,11.625,,1000,0,0,,0,0,,0,0,boundary
1011,32.375,11.875,,1000,0,0,,0,0,,0,0,boundary
1012,32.375,12.125,,1000,0,0,,0,0,,0,0,boundary
1013,32.375,12.375,,1000,0,0,,0,0,,0,0,boundary
1014,32.375,12.625,,1000,0,0,,0,0,,0,0,boundary
1015,32.375,12.875,,1000,0,0,,0,0,,0,0,boundary
1016,32.375,13.125,,1000,0,0,,0,0,,0,0,boundary
1017,32.375,13.375,,1000,0,0,,0,0,,0,0,boundary
1018,32.375,13.625,,1000,0,0,,0,0,,0,0,boundary
1019,32.375,13.875,,1000,0,0,,0,0,,0,0,boundary
1020,32.375,14.125,,1000,0,0,,0,0,,0,0,boundary
1021,32.375,14.375,,1000,0,0,,0,0,,0,0,boundary
1022,32.375,14.625,,1000,0,0,,0,0,,0,0,boundary
1023,32.375,14.875,,1000,0,0,,0,0,,0,0,boundary
1024,32.375,15.125,,1000,0,0,,0,0,,0,0,boundary
1025,32.375,15.375,,1000,0,0,,0,0,,0,0,boundary
1026,32.375,15.625,,1000,0,0,,0,0,,0,0,boundary
1027,32.375,15.875,,1000,0,0,,0,0,,0,0,boundary
1028,32.375,16.125,,1000,0,0,,0,0,,0,0,boundary
1029,32.375,16.375,,1000,0,0,,0,0,,0,0,boundary
1030,32.375,16.625,,1000,0,0,,0,0,,0,0,boundary
1031,32.375,16.875,,1000,0,0,,0,0,,0,0,boundary
1032,32.375,17.125,,1000,0,0,,0,0,,0,0,boundary
1033,32.375,17.375,,1000,0,0,,0,0,,0,0,boundary
1034,32.375,17.625,,1000,0,0,,0,0,,0,0,boundary
1035,32.375,17.875,,1000,0,0,,0,0,,0,0,boundary
1036,32.375,18.125,,1000,0,0,,0,0,,0,0,boundary
1037,32.375,18.375,,1000,0,0,,0,0,,0,0,boundary
1038,32.375,18.625,,1000,0,0,,0,0,,0,0,boundary
1039,32.375,18.875,,1000,0,0,,0,0,,0,0,boundary
1040,32.375,19.125,,1000,0,0,,0,0,,0,0,boundary
1041,32.375,19.375,,1000,0,0,,0,0,,0,0,boundary
1042,32.375,19.625,,1000,0,0,,0,0,,0,0,boundary
1043,32.375,19.875,,1000,0,0,,0,0,,0,0,boundary
1044,32.375,20.125,,1000,0,0,,0,0,,0,0,boundary
1045,32.375,20.375,,1000,0,0,,0,0,,0,0,boundary
1046,32.375,20.625,,1000,0,0,,0,0,,0,0,boundary
1047,32.375,20.875,,1000,0,0,,0,0,,0,0,boundary
1048,32.625,0.125,,1000,0,0,,0,0,,0,0,boundary
1049,32.625,0.375,,1000,0,0,,0,0,,0,0,boundary
1050,32.625,0.625,,1000,0,0,,0,0,,0,0,boundary
1051,32.625,0.875,,1000,0,0,,0,0,,0,0,boundary
1052,32.625,1.125,,1000,0,0,,0,0,,0,0,boundary
1053,32.625,1.375,,1000,0,0,,0,0,,0,0,boundary
1054,32.625,1.625,,1000,0,0,,0,0,,0,0,boundary
1055,32.625,1.875,,1000,0,0,,0,0,,0,0,boundary
1056,32.625,2.125,,1000,0,0,,0,0,,0,0,boundary
1057,32.625,2.375,,1000,0,0,,0,0,,0,0,boundary
1058,32.625,2.625,,1000,0,0,,0,0,,0,0,boundary
1059,32.625,2.875,,1000,0,0,,0,0,,0,0,boundary
1060,32.625,3.125,,1000,0,0,,0,0,,0,0,boundary
1061,32.625,3.375,,1000,0,0,,0,0,,0,0,boundary
1062,32.625,3.625,,1000,0,0,,0,0,,0,0,boundary
1063,32.625,3.875,,1000,0,0,,0,0,,0,0,boundary
1064,32.625,4.125,,1000,0,0,,0,0,,0,0,boundary
1065,32.625,4.375,,1000,0,0,,0,0,,0,0,boundary
1066,32.625,4.625,,1000,0,0,,0,0,,0,0,boundary
1067,32.625,4.875,,1000,0,0,,0,0,,0,0,boundary
1068,32.625,5.125,,1000,0,0,,0,0,,0,0,boundary
1069,32.625,5.375,,1000,0,0,,0,0,,0,0,boundary
1070,32.625,5.625,,1000,0,0,,0,0,,0,0,boundary
1071,32.625,5.875,,1000,0,0,,0,0,,0,0,boundary
1072,32.625,6.125,,1000,0,0,,0,0,,0,0,boundary
1073,32.625,6.375,,1000,0,0,,0,0,,0,0,boundary
1074,32.625,6.625,,1000,0,0,,0,0,,0,0,boundary
1075,32.625,6.875,,1000,0,0,,0,0,,0,0,boundary
1076,32.625,7.125,,1000,0,0,,0,0,,0,0,boundary
1077,32.625,7.375,,1000,0,0,,0,0,,0,0,boundary
1078,32.625,7.625,,1000,0,0,,0,0,,0,0,boundary
1079,32.625,7.875,,1000,0,0,,0,0,,0,0,boundary
1080,32.625,8.125,,1000,0,0,,0,0,,0,0,boundary
1081,32.625,8.375,,1000,0,0,,0,0,,0,0,boundary
1082,32.625,8.625,,1000,0,0,,0,0,,0,0,boundary
1083,32.625,8.875,,1000,0,0,,0,0,,0,0,boundary
1084,32.625,9.125,,1000,0,0,,0,0,,0,0,boundary
1085,32.625,9.375,,1000,0,0,,0,0,,0,0,boundary
1086,32.625,9.625,,1000,0,0,,0,0,,0,0,boundary
1087,32.625,9.875,,1000,0,0,,0,0,,0,0,boundary
1088,32.625,10.125,,1000,0,0,,0,0,,0,0,boundary
1089,32.625,10.375,,1000,0,0,,0,0,,0,0,boundary
1090,32.625,10.625,,1000,0,0,,0,0,,0,0,boundary
1091,32.625,10.875,,1000,0,0,,0,0,,0,0,boundary
1092,32.625,11.125,,1000,0,0,,0,0,,0,0,boundary
1093,32.625,11.375,,1000,0,0,,0,0,,0,0,boundary
1094,32.625,11.625,,1000,0,0,,0,0,,0,0,boundary
1095,32.625,11.875,,1000,0,0,,0,0,,0,0,boundary
1096,32.625,12.125,,1000,0,0,,0,0,,0,0,boundary
1097,32.625,12.375,,1000,0,0,,0,0,,0,0,boundary
1098,32.625,12.625,,1000,0,0,,0,0,,0,0,boundary
1099,32.625,12.875,,1000,0,0,,0,0,,0,0,boundary
1100,32.625,13.125,,1000,0,0,,0,0,,0,0,boundary
1101,32.625,13.375,,1000,0,0,,0,0,,0,0,boundary
1102,32.625,13.625,,1000,0,0,,0,0,,0,0,boundary
1103,32.625,13.875,,1000,0,0,,0,0,,0,0,boundary
1104,32.625,14.125,,1000,0,0,,0,0,,0,0,boundary
1105,32.625,14.375,,1000,0,0,,0,0,,0,0,boundary
1106,32.625,14.625,,1000,0,0,,0,0,,0,0,boundary
1107,32.625,14.875,,1000,0,0,,0,0,,0,0,boundary
1108,32.625,15.125,,1000,0,0,,0,0,,0,0,boundary
1109,32.625,15.375,,1000,0,0,,0,0,,0,0,boundary
1110,32.625,15.625,,1000,0,0,,0,0,,0,0,boundary
1111,32.625,15.875,,1000,0,0,,0,0,,0,0,boundary
1112,32.625,16.125,,1000,0,0,,0,0,,0,0,boundary
1113,32.625,16.375,,1000,0,0,,0,0,,0,0,boundary
1114,32.625,16.625,,1000,0,0,,0,0,,0,0,boundary
1115,32.625,16.875,,1000,0,0,,0,0,,0,0,boundary
1116,32.625,17.125,,1000,0,0,,0,0,,0,0,boundary
1117,32.625,17.375,,1000,0,0,,0,0,,0,0,boundary
1118,32.625,17.625,,1000,0,0,,0,0,,0,0,boundary
1119,32.625,17.875,,1000,0,0,,0,0,,0,0,boundary
1120,32.625,18.125,,1000,0,0,,0,0,,0,0,boundary
1121,32.625,18.375,,1000,0,0,,0,0,,0,0,boundary
1122,32.625,18.625,,1000,0,0,,0,0,,0,0,boundary
1123,32.625,18.875,,1000,0,0,,0,0,,0,0,boundary
1124,32.625,19.125,,1000,0,0,,0,0,,0,0,boundary
1125,32.625,19.375,,1000,0,0,,0,0,,0,0,boundary
1126,32.625,19.625,,1000,0,0,,0,0,,0,0,boundary
1127,32.625,19.875,,1000,0,0,,0,0,,0,0,boundary
1128,32.625,20.125,,1000,0,0,,0,0,,0,0,boundary
1129,32.625,20.375,,1000,0,0,,0,0,,0,0,boundary
1130,32.625,20.625,,1000,0,0,,0,0,,0,0,boundary
1131,32.625,20.875,,1000,0,0,,0,0,,0,0,boundary
1132,32.875,0.125,,1000,0,0,,0,0,,0,0,boundary
1133,32.875,0.375,,1000,0,0,,0,0,,0,0,boundary
1134,32.875,0.625,,1000,0,0,,0,0,,0,0,boundary
1135,32.875,0.875,,1000,0,0,,0,0,,0,0,boundary
1136,32.875,1.125,,1000,0,0,,0,0,,0,0,boundary
1137,32.875,1.375,,1000,0,0,,0,0,,0,0,boundary
1138,32.875,1.625,,1000,0,0,,0,0,,0,0,boundary
1139,32.875,1.875,,1000,0,0,,0,0,,0,0,boundary
1140,32.875,2.125,,1000,0,0,,0,0,,0,0,boundary
1141,32.875,2.375,,1000,0,0,,0,0,,0,0,boundary
1142,32.875,2.625,,1000,0,0,,0,0,,0,0,boundary
1143,32.875,2.875,,1000,0,0,,0,0,,0,0,boundary
1144,32.875,3.125,,1000,0,0,,0,0,,0,0,boundary
1145,32.875,3.375,,1000,0,0,,0,0,,0,0,boundary
1146,32.875,3.625,,1000,0,0,,0,0,,0,0,boundary
1147,32.875,3.875,,1000,0,0,,0,0,,0,0,boundary
1148,32.875,4.125,,1000,0,0,,0,0,,0,0,boundary
1149,32.875,4.375,,1000,0,0,,0,0,,0,0,boundary
1150,32.875,4.625,,1000,0,0,,0,0,,0,0,boundary
1151,32.875,4.875,,1000,0,0,,0,0,,0,0,boundary
1152,32.875,5.125,,1000,0,0,,0,0,,0,0,boundary
1153,32.875,5.375,,1000,0,0,,0,0,,0,0,boundary
1154,32.875,5.625,,1000,0,0,,0,0,,0,0,boundary
1155,32.875,5.875,,1000,0,0,,0,0,,0,0,boundary
1156,32.875,6.125,,1000,0,0,,0,0,,0,0,boundary
1157,32.875,6.375,,1000,0,0,,0,0,,0,0,boundary
1158,32.875,6.625,,1000,0,0,,0,0,,0,0,boundary
1159,32.875,6.875,,1000,0,0,,0,0,,0,0,boundary
1160,32.875,7.125,,1000,0,0,,0,0,,0,0,boundary
1161,32.875,7.375,,1000,0,0,,0,0,,0,0,boundary
1162,32.875,7.625,,1000,0,0,,0,0,,0,0,boundary
1163,32.875,7.875,,1000,0,0,,0,0,,0,0,boundary
1164,32.875,8.125,,1000,0,0,,0,0,,0,0,boundary
1165,32.875,8.375,,1000,0,0,,0,0,,0,0,boundary
1166,32.875,8.625,,1000,0,0,,0,0,,0,0,boundary
1167,32.875,8.875,,1000,0,0,,0,0,,0,0,boundary
1168,32.875,9.125,,1000,0,0,,0,0,,0,0,boundary
1169,32.875,9.375,,1000,0,0,,0,0,,0,0,boundary
1170,32.875,9.625,,1000,0,0,,0,0,,0,0,boundary
1171,32.875,9.875,,1000,0,0,,0,0,,0,0,boundary
1172,32.875,10.125,,1000,0,0,,0,0,,0,0,boundary
1173,32.875,10.375,,1000,0,0,,0,0,,0,0,boundary
1174,32.875,10.625,,1000,0,0,,0,0,,0,0,boundary
1175,32.875,10.875,,1000,0,0,,0,0,,0,0,boundary
1176,32.875,11.125,,1000,0,0,,0,0,,0,0,boundary
1177,32.875,11.375,,1000,0,0,,0,0,,0,0,boundary
1178,32.875,11.625,,1000,0,0,,0,0,,0,0,boundary
1179,32.875,11.875,,1000,0,0,,0,0,,0,0,boundary
1180,32.875,12.125,,1000,0,0,,0,0,,0,0,boundary
1181,32.875,12.375,,1000,0,0,,0,0,,0,0,boundary
1182,32.875,12.625,,1000,0,0,,0,0,,0,0,boundary
1183,32.875,12.875,,1000,0,0,,0,0,,0,0,boundary
1184,32.875,13.125,,1000,0,0,,0,0,,0,0,boundary
1185,32.875,13.375,,1000,0,0,,0,0,,0,0,boundary
1186,32.875,13.625,,1000,0,0,,0,0,,0,0,boundary
1187,32.875,13.875,,1000,0,0,,0,0,,0,0,boundary
1188,32.875,14.125,,1000,0,0,,0,0,,0,0,boundary
1189,32.875,14.375,,1000,0,0,,0,0,,0,0,boundary
1190,32.875,14.625,,1000,0,0,,0,0,,0,0,boundary
1191,32.875,14.875,,1000,0,0,,0,0,,0,0,boundary
1192,32.875,15.125,,1000,0,0,,0,0,,0,0,boundary
1193,32.875,15.375,,1000,0,0,,0,0,,0,0,boundary
1194,32.875,15.625,,1000,0,0,,0,0,,0,0,boundary
1195,32.875,15.875,,1000,0,0,,0,0,,0,0,boundary
1196,32.875,16.125,,1000,0,0,,0,0,,0,0,boundary
1197,32.875,16.375,,1000,0,0,,0,0,,0,0,boundary
1198,32.875,16.625,,1000,0,0,,0,0,,0,0,boundary
1199,32.875,16.875,,1000,0,0,,0,0,,0,0,boundary
1200,32.875,17.125,,1000,0,0,,0,0,,0,0,boundary
1201,32.875,17.375,,1000,0,0,,0,0,,0,0,boundary
1202,32.875,17.625,,1000,0,0,,0,0,,0,0,boundary
1203,32.875,17.875,,1000,0,0,,0,0,,0,0,boundary
1204,32.875,18.125,,1000,0,0,,0,0,,0,0,boundary
1205,32.875,18.375,,1000,0,0,,0,0,,0,0,boundary
1206,32.875,18.625,,1000,0,0,,0,0,,0,0,boundary
1207,32.875,18.875,,1000,0,0,,0,0,,0,0,boundary
1208,32.875,19.125,,1000,0,0,,0,0,,0,0,boundary
1209,32.875,19.375,,1000,0,0,,0,0,,0,0,boundary
1210,32.875,19.625,,1000,0,0,,0,0,,0,0,boundary
1211,32.875,19.875,,1000,0,0,,0,0,,0,0,boundary
1212,32.875,20.125,,1000,0,0,,0,0,,0,0,boundary
1213,32.875,20.375,,1000,0,0,,0,0,,0,0,boundary
1214,32.875,20.625,,1000,0,0,,0,0,,0,0,boundary
1215,32.875,20.875,,1000,0,0,,0,0,,0,0,boundary
1216,0.145885,0.0919563,,1007.21,-4.98849,115662,,-0.202607,0.0395928,,-2.53795,10.7314,fluid
1217,0.219689,0.262757,,1007.02,-6.20968,112454,,0.517102,-0.0769461,,3.91648,10.4016,fluid
1218,0.143606,0.43031,,1006.99,-4.82976,111970,,-0.31009,-0.214141,,-4.62489,9.9979,fluid
1219,0.203122,0.600273,,1006.82,-6.02515,109246,,0.391164,-0.335484,,3.5319,9.3664,fluid
1220,0.175062,0.770191,,1006.78,-4.4083,108559,,0.0153089,-0.460896,,-1.41005,9.14608,fluid
1221,0.179235,0.940681,,1006.68,-4.21046,106916,,0.100339,-0.552466,,-0.0744177,9.27387,fluid
1222,0.182358,1.11181,,1006.57,-4.03451,105255,,0.127492,-0.650116,,0.182654,9.42772,fluid
1223,0.179517,1.28336,,1006.48,-3.78482,103653,,0.095059,-0.746872,,-0.244109,9.37967,fluid
1224,0.179999,1.45549,,1006.38,-3.52322,102033,,0.109152,-0.839969,,-0.072532,9.46531,fluid
1225,0.179308,1.62763,,1006.28,-3.14717,100390,,0.104052,-0.934253,,-0.164396,9.542,fluid
1226,0.17895,1.8008,,1006.18,-2.82918,98824.5,,0.108541,-1.02627,,-0.0490228,9.49971,fluid
1227,0.178077,1.97464,,1006.08,-2.52937,97235.2,,0.107418,-1.12095,,-0.0751217,9.5023,fluid
1228,0.177331,2.14896,,1005.98,-2.18923,95556.6,,0.105167,-1.21603,,-0.12703,9.55711,fluid
1229,0.176602,2.32416,,1005.88,-1.76722,93929.3,,0.103643,-1.30586,,-0.0116637,9.62306,fluid
1230,0.17567,2.50037,,1005.78,-1.34364,92324.8,,0.103184,-1.39766,,0.0313112,9.55367,fluid
1231,0.174805,2.67733,,1005.68,-1.05912,90680,,0.10253,-1.49197,,-0.0131634,9.54255,fluid
1232,0.173841,2.85513,,1005.58,-0.557313,89001.9,,0.0982323,-1.58341,,0.0160346,9.64547,fluid
1233,0.172778,3.03402,,1005.47,-0.151359,87339.8,,0.0961484,-1.67203,,0.124532,9.61731,fluid
1234,0.171811,3.21392,,1005.37,0.260503,85710.8,,0.0947617,-1.7636,,0.124812,9.5692,fluid
1235,0.170908,3.39473,,1005.27,0.641483,84014.6,,0.0899683,-1.85665,,-0.0144545,9.58612,fluid
1236,0.169964,3.57657,,1005.17,1.05162,82345.5,,0.0841443,-1.94706,,0.032078,9.66558,fluid
1237,0.169199,3.75957,,1005.06,1.47264,80671.3,,0.0832001,-2.03813,,0.00488041,9.60168,fluid
1238,0.168652,3.9436,,1004.96,1.68996,79032.9,,0.0839969,-2.13192,,-0.176985,9.5293,fluid
1239,0.168154,4.12862,,1004.86,2.05057,77358.1,,0.0826721,-2.22647,,-0.432385,9.5327,fluid
1240,0.167622,4.31469,,1004.76,2.20251,75723.1,,0.0841268,-2.31869,,-0.419584,9.51728,fluid
1241,0.167097,4.50186,,1004.65,2.46947,74084.2,,0.0905446,-2.41142,,-0.450919,9.39102,fluid
1242,0.166497,4.69012,,1004.55,2.44204,72473.7,,0.0977637,-2.50533,,-0.567468,9.25967,fluid
1243,0.165805,4.87945,,1004.45,2.60607,70834.4,,0.102289,-2.59924,,-0.674473,9.20685,fluid
1244,0.16491,5.06992,,1004.35,2.49336,69235.2,,0.106999,-2.69124,,-0.435947,9.16468,fluid
1245,0.163853,5.26156,,1004.25,2.44626,67602.8,,0.112986,-2.78319,,-0.211966,9.05067,fluid
1246,0.162714,5.45438,,1004.15,2.27625,66007.2,,0.11712,-2.87556,,-0.0683167,8.95831,fluid
1247,0.1615,5.64842,,1004.05,2.07131,64373.4,,0.116096,-2.96801,,-0.018644,8.92221,fluid
1248,0.160217,5.84372,,1003.95,1.82125,62786.2,,0.110434,-3.05923,,0.289232,8.98872,fluid
1249,0.158944,6.04034,,1003.85,1.16571,61155.4,,0.103843,-3.14967,,0.603523,9.00918,fluid
1250,0.157783,6.23833,,1003.75,0.972119,59514.9,,0.0954155,-3.24028,,0.790601,9.03511,fluid
1251,0.156806,6.4377,,1003.65,0.429163,57888.2,,0.0841854,-3.33115,,0.808279,9.06571,fluid
1252,0.156033,6.63852,,1003.55,0.0629884,56252.4,,0.0696838,-3.42211,,0.656865,9.17243,fluid
1253,0.155466,6.8408,,1003.45,-0.624414,54637.9,,0.0541579,-3.51204,,0.713863,9.37266,fluid
1254,0.155119,7.04462,,1003.34,-1.67176,52931.5,,0.0415269,-3.60082,,0.698454,9.53794,fluid
1255,0.154992,7.25001,,1003.23,-2.03038,51169.4,,0.032158,-3.68878,,0.551512,9.6664,fluid
1256,0.155041,7.45701,,1003.12,-2.4533,49424.7,,0.0260342,-3.776,,0.278266,9.75269,fluid
1257,0.155196,7.66563,,1003.01,-3.11818,47645.6,,0.0229249,-3.86227,,-0.0976528,9.83979,fluid
1258,0.155375,7.8759,,1002.9,-3.77253,45839.3,,0.0226114,-3.9465,,-0.536748,10.0088,fluid
1259,0.155481,8.0878,,1002.78,-4.91025,43975,,0.0267361,-4.02735,,-0.617694,10.2065,fluid
1260,0.155429,8.30131,,1002.65,-6.25864,41999.5,,0.0360657,-4.10439,,-0.711524,10.338,fluid
1261,0.155134,8.5164,,1002.53,-7.02095,39953.1,,0.0489628,-4.17763,,-0.78688,10.3956,fluid
1262,0.154518,8.73303,,1002.4,-7.53534,37909,,0.0635534,-4.24704,,-0.815252,10.4076,fluid
1263,0.153499,8.95114,,1002.27,-8.40636,35854.7,,0.0776377,-4.31269,,-0.776645,10.4211,fluid
1264,0.152026,9.17066,,1002.14,-9.38542,33759.1,,0.0888601,-4.37457,,-0.668872,10.48,fluid
1265,0.150106,9.39153,,1002,-10.1907,31636.7,,0.0950363,-4.43284,,-0.516874,10.6086,fluid
1266,0.147853,9.61371,,1001.87,-11.0694,29496.9,,0.0947937,-4.48793,,-0.13212,10.8117,fluid
1267,0.145496,9.8372,,1001.73,-12.0749,27318.5,,0.0886304,-4.54048,,0.338682,11.0426,fluid
1268,0.14327,10.062,,1001.59,-13.0572,25105.5,,0.0757634,-4.59204,,0.73167,11.2614,fluid
1269,0.141387,10.2879,,1001.45,-13.643,22832.4,,0.0557038,-4.64337,,1.01817,11.4491,fluid
1270,0.140356,10.5149,,1001.3,-13.686,20500.3,,0.0316095,-4.69728,,1.17612,11.5887,fluid
1271,0.140669,10.7429,,1001.16,-13.1242,18258.7,,0.00519702,-4.7551,,1.19794,11.7025,fluid
1272,0.142109,10.9719,,1001.02,-12.2728,16135.8,,-0.0253527,-4.81187,,1.09347,11.8198,fluid
1273,0.145459,11.2028,,1000.87,-11.348,13683.9,,-0.047885,-4.87915,,0.916781,11.7539,fluid
1274,0.154028,11.4301,,1000.67,-10.3351,10529.2,,-0.0346328,-4.97914,,0.805196,11.5137,fluid
1275,0.168859,11.6567,,1000.6,-7.40141,9511.49,,0.00684679,-5.08877,,0.581411,11.2288,fluid
1276,0.175451,11.8841,,1000.57,-4.74462,9024.25,,-0.0285427,-5.1672,,-0.155509,11.3623,fluid
1277,0.205745,12.0795,,1000.13,-4.247,2065.14,,0.0624395,-5.38322,,0.0487705,10.7891,fluid
1278,0.247418,12.2076,,1000.14,-3.77392,2231.52,,0.124257,-5.66506,,-0.294951,10.4305,fluid
1279,0.329704,12.3846,,1000.16,0.928059,2516.07,,0.279116,-5.80805,,-0.420121,10.116,fluid
1280,0.509116,0.0866743,,1007.23,-5.13905,115988,,-0.095301,-0.0216189,,-4.43649,9.80094,fluid
1281,0.592551,0.248821,,1007.16,-4.50472,114756,,0.748872,-0.156712,,4.44344,9.26777,fluid
1282,0.542968,0.408732,,1007.08,-4.06022,113538,,0.110337,-0.265911,,-3.50633,9.74923,fluid
1283,0.571212,0.567741,,1006.96,-3.77754,111594,,0.496235,-0.377431,,1.92846,9.8949,fluid
1284,0.572048,0.728056,,1006.85,-3.8269,109681,,0.474166,-0.499264,,1.40215,10.041,fluid
1285,0.557617,0.889463,,1006.75,-3.81989,108175,,0.303887,-0.612419,,-0.93501,9.76056,fluid
1286,0.564325,1.0483,,1006.65,-3.69352,106538,,0.408042,-0.753567,,0.73606,9.77789,fluid
1287,0.561231,1.21017,,1006.55,-3.32314,104904,,0.370511,-0.863479,,0.273706,9.78599,fluid
1288,0.558473,1.3725,,1006.46,-3.00962,103308,,0.35805,-0.984854,,0.298873,9.68286,fluid
1289,0.55694,1.53524,,1006.36,-2.78897,101741,,0.360555,-1.10755,,0.318044,9.67845,fluid
1290,0.555153,1.69871,,1006.26,-2.49361,100080,,0.35762,-1.22587,,0.351489,9.72193,fluid
1291,0.552502,1.86338,,1006.16,-2.17026,98472.5,,0.350108,-1.34125,,0.337568,9.64135,fluid
1292,0.549799,2.02899,,1006.06,-1.89492,96884.2,,0.344209,-1.45925,,0.26374,9.61347,fluid
1293,0.54732,2.19529,,1005.96,-1.6026,95244.1,,0.340255,-1.57552,,0.281234,9.63659,fluid
1294,0.544622,2.36273,,1005.86,-1.21874,93621.4,,0.336329,-1.68948,,0.290643,9.5881,fluid
1295,0.541743,2.53119,,1005.76,-0.852699,92033.2,,0.330703,-1.80542,,0.212118,9.54211,fluid
1296,0.538762,2.70055,,1005.66,-0.547232,90410.1,,0.323938,-1.92085,,0.201796,9.5579,fluid
1297,0.535722,2.87102,,1005.56,-0.176857,88759.7,,0.319449,-2.03358,,0.209046,9.53521,fluid
1298,0.532685,3.04268,,1005.46,0.302521,87151.7,,0.315581,-2.14754,,0.104829,9.48258,fluid
1299,0.529603,3.21544,,1005.36,0.620359,85562.9,,0.311202,-2.26272,,0.0562314,9.4892,fluid
1300,0.526338,3.3894,,1005.26,0.874641,83892.8,,0.308369,-2.37617,,0.0943326,9.49034,fluid
1301,0.522976,3.56469,,1005.15,1.40102,82173.6,,0.306461,-2.48916,,0.0601575,9.42959,fluid
1302,0.51972,3.74134,,1005.05,1.87498,80540.5,,0.30343,-2.60296,,0.0512404,9.3979,fluid
1303,0.516513,3.91933,,1004.95,1.9742,78901.6,,0.299779,-2.71605,,0.1522,9.37625,fluid
1304,0.513324,4.09873,,1004.84,2.02648,77145.7,,0.296393,-2.82801,,0.24246,9.27804,fluid
1305,0.510178,4.27963,,1004.74,2.53092,75434.8,,0.291585,-2.94005,,0.26636,9.17564,fluid
1306,0.507042,4.46203,,1004.64,2.69182,73854.4,,0.285375,-3.05169,,0.333308,9.10734,fluid
1307,0.503866,4.64594,,1004.54,2.30826,72248.8,,0.278916,-3.16183,,0.433649,9.0136,fluid
1308,0.50071,4.83141,,1004.43,2.15964,70532.4,,0.272716,-3.27076,,0.459193,8.85045,fluid
1309,0.497592,5.01847,,1004.33,2.53349,68931.5,,0.265833,-3.37877,,0.422644,8.71886,fluid
1310,0.494477,5.20714,,1004.24,2.47535,67478.6,,0.258583,-3.48535,,0.395512,8.64454,fluid
1311,0.491355,5.39739,,1004.15,1.79037,65994.2,,0.252052,-3.58989,,0.371644,8.57493,fluid
1312,0.488207,5.58924,,1004.05,1.37646,64369.2,,0.24669,-3.69281,,0.313029,8.4575,fluid
1313,0.485026,5.78269,,1003.95,1.79841,62795.1,,0.242378,-3.79484,,0.224282,8.37009,fluid
1314,0.481785,5.97775,,1003.86,1.89816,61339,,0.239238,-3.89586,,0.156865,8.36784,fluid
1315,0.478456,6.17441,,1003.77,1.28533,59850.3,,0.237448,-3.99516,,0.123115,8.43393,fluid
1316,0.475014,6.37271,,1003.67,0.352343,58170.7,,0.236736,-4.09272,,0.134208,8.47706,fluid
1317,0.471445,6.57269,,1003.55,0.184578,56359.2,,0.236693,-4.18942,,0.18942,8.48294,fluid
1318,0.46774,6.77438,,1003.44,0.511367,54578,,0.236577,-4.28576,,0.276685,8.52074,fluid
1319,0.463888,6.9778,,1003.33,0.289105,52832.5,,0.235641,-4.38105,,0.407298,8.64172,fluid
1320,0.45991,7.18298,,1003.22,-0.71226,51023.9,,0.233037,-4.47431,,0.571843,8.81341,fluid
1321,0.455848,7.38996,,1003.1,-2.0887,49075.5,,0.227961,-4.56525,,0.766001,8.95211,fluid
1322,0.451733,7.59878,,1002.97,-3.09376,47040.1,,0.220184,-4.65413,,1.00473,9.03411,fluid
1323,0.447641,7.80946,,1002.84,-3.81676,45002.9,,0.209707,-4.74088,,1.23738,9.09076,fluid
1324,0.443664,8.02201,,1002.72,-4.27455,43022.2,,0.196594,-4.82492,,1.42368,9.17441,fluid
1325,0.439867,8.23645,,1002.6,-4.9358,41117.8,,0.180999,-4.90564,,1.54082,9.29654,fluid
1326,0.436295,8.4528,,1002.48,-6.12237,39253.7,,0.163313,-4.9825,,1.58187,9.43045,fluid
1327,0.433009,8.67105,,1002.36,-7.73921,37372,,0.144369,-5.05517,,1.54904,9.54667,fluid
1328,0.430076,8.89119,,1002.24,-9.19882,35455.6,,0.12561,-5.12351,,1.45305,9.64849,fluid
1329,0.427514,9.1132,,1002.12,-10.3839,33504.3,,0.108678,-5.18755,,1.33218,9.74131,fluid
1330,0.425311,9.33706,,1002,-11.3238,31510.6,,0.0952386,-5.24758,,1.15365,9.81886,fluid
1331,0.423356,9.56267,,1001.87,-11.9376,29474.4,,0.0867953,-5.30395,,0.924946,9.89324,fluid
1332,0.421533,9.79005,,1001.74,-12.0252,27390.6,,0.0839873,-5.35688,,0.667832,9.99359,fluid
1333,0.419904,10.019,,1001.6,-11.6061,25237.4,,0.0876053,-5.40741,,0.40243,10.1142,fluid
1334,0.418168,10.2497,,1001.46,-11.1134,22973.2,,0.0975092,-5.45536,,0.170405,10.2305,fluid
1335,0.41624,10.4821,,1001.31,-10.8301,20610.6,,0.112293,-5.50031,,0.0150467,10.3454,fluid
1336,0.414108,10.7153,,1001.15,-10.5938,18124.2,,0.133114,-5.545,,-0.020672,10.4865,fluid
1337,0.411203,10.9513,,1000.98,-10.1784,15388.8,,0.152861,-5.58697,,0.0834332,10.6155,fluid
1338,0.407971,11.1864,,1000.82,-9.62195,12922.1,,0.170396,-5.63312,,0.249099,10.6561,fluid
1339,0.404849,11.4234,,1000.65,-8.98522,10206.8,,0.192936,-5.67511,,0.535837,10.6362,fluid
1340,0.413517,11.6615,,1000.48,-7.71115,7549.58,,0.239503,-5.71698,,0.901828,10.6062,fluid
1341,0.431017,11.9036,,1000.3,-6.46498,4711.17,,0.295364,-5.80587,,1.13021,10.225,fluid
1342,0.426785,12.2178,,1000.26,-1.88825,4024.55,,0.230296,-5.78379,,0.812264,9.72529,fluid
1343,0.475564,12.4314,,1000.16,-2.64835,2576.82,,0.3033,-5.83904,,0.634828,9.99868,fluid
1344,0.865164,0.0898084,,1007.18,-5.89336,115205,,0.0485149,0.0194967,,-3.75857,10.3616,fluid
1345,0.988546,0.241433,,1007.13,-5.08304,114303,,1.10795,-0.231319,,4.60275,8.64009,fluid
1346,0.9412,0.402013,,1007.05,-4.70056,113082,,0.490121,-0.297882,,-2.09763,9.34418,fluid
1347,0.956087,0.560146,,1006.96,-4.43685,111549,,0.729653,-0.411519,,1.56636,9.39982,fluid
1348,0.959751,0.719086,,1006.85,-4.48568,109808,,0.766981,-0.542094,,1.86599,9.63621,fluid
1349,0.952556,0.879987,,1006.77,-4.22162,108462,,0.666622,-0.643713,,0.499021,9.63561,fluid
1350,0.950105,1.03817,,1006.68,-3.92299,106918,,0.67926,-0.779567,,0.860274,9.6869,fluid
1351,0.946446,1.19866,,1006.58,-3.44697,105369,,0.664544,-0.888147,,0.59084,9.74802,fluid
1352,0.943966,1.35995,,1006.49,-3.27169,103806,,0.668473,-1.01191,,0.707292,9.64429,fluid
1353,0.940332,1.52129,,1006.39,-3.07814,102278,,0.655994,-1.13283,,0.600432,9.71856,fluid
1354,0.935934,1.68335,,1006.29,-2.76007,100671,,0.644051,-1.25215,,0.554875,9.7678,fluid
1355,0.931468,1.84646,,1006.2,-2.43609,99083.9,,0.636856,-1.37009,,0.572521,9.73023,fluid
1356,0.926863,2.0103,,1006.1,-2.13285,97501,,0.628646,-1.49035,,0.559571,9.72974,fluid
1357,0.922126,2.17498,,1006,-1.81938,95893.4,,0.619945,-1.60887,,0.549573,9.74226,fluid
1358,0.917202,2.34073,,1005.9,-1.50451,94282.1,,0.610791,-1.72691,,0.543116,9.72485,fluid
1359,0.912072,2.50746,,1005.8,-1.19224,92669.1,,0.60166,-1.84587,,0.536723,9.7139,fluid
1360,0.906833,2.67521,,1005.7,-0.848549,91032,,0.593622,-1.96473,,0.539453,9.70993,fluid
1361,0.901355,2.8441,,1005.6,-0.492453,89383.6,,0.584557,-2.08328,,0.536765,9.68439,fluid
1362,0.89571,3.01418,,1005.5,-0.176043,87737.3,,0.57463,-2.20207,,0.539953,9.64029,fluid
1363,0.890039,3.18544,,1005.4,0.105357,86083.4,,0.565054,-2.3209,,0.551161,9.5981,fluid
1364,0.884176,3.35794,,1005.29,0.396988,84428.8,,0.554314,-2.4391,,0.534292,9.55195,fluid
1365,0.87821,3.53173,,1005.19,0.688893,82797.6,,0.543067,-2.55682,,0.482742,9.4858,fluid
1366,0.872356,3.70684,,1005.09,0.952849,81184.7,,0.53292,-2.67479,,0.409621,9.41312,fluid
1367,0.866553,3.88328,,1004.99,1.22195,79563.2,,0.523649,-2.79282,,0.311313,9.3509,fluid
1368,0.860864,4.06113,,1004.89,1.51429,77929.8,,0.516754,-2.91022,,0.205057,9.28117,fluid
1369,0.855017,4.24046,,1004.79,1.78989,76298,,0.510638,-3.02733,,0.0954974,9.18809,fluid
1370,0.849208,4.4213,,1004.69,2.02769,74655.5,,0.506703,-3.1444,,0.0233884,9.08989,fluid
1371,0.843276,4.60367,,1004.59,2.26579,72982.2,,0.503558,-3.26082,,-0.0131467,8.99769,fluid
1372,0.837232,4.78761,,1004.48,2.47859,71286.1,,0.500835,-3.37593,,-0.000976816,8.89381,fluid
1373,0.831026,4.97315,,1004.38,2.56765,69579.3,,0.49759,-3.48989,,0.0761824,8.77107,fluid
1374,0.824703,5.16032,,1004.27,2.53233,67850.4,,0.49335,-3.60287,,0.217586,8.6565,fluid
1375,0.81828,5.34914,,1004.16,2.46681,66096.3,,0.48719,-3.71429,,0.405068,8.56594,fluid
1376,0.811795,5.53962,,1004.05,2.34558,64348.9,,0.478389,-3.82362,,0.616301,8.47589,fluid
1377,0.805289,5.7318,,1003.94,2.03132,62635.5,,0.466342,-3.93127,,0.832995,8.37143,fluid
1378,0.798809,5.92569,,1003.84,1.49524,60949.8,,0.45085,-4.03763,,1.04482,8.28903,fluid
1379,0.792405,6.12129,,1003.73,0.89655,59284.1,,0.432339,-4.1422,,1.22825,8.26279,fluid
1380,0.78614,6.31863,,1003.63,0.387432,57659.2,,0.411552,-4.24444,,1.3355,8.26653,fluid
1381,0.780069,6.51773,,1003.54,-0.11967,56103.4,,0.389178,-4.34461,,1.34246,8.25998,fluid
1382,0.77421,6.71859,,1003.44,-0.790147,54605.8,,0.366143,-4.44333,,1.27425,8.26076,fluid
1383,0.768567,6.92123,,1003.35,-1.62102,53113.4,,0.344023,-4.54057,,1.16151,8.32071,fluid
1384,0.763127,7.12564,,1003.25,-2.33789,51579.2,,0.324319,-4.6358,,0.987418,8.43932,fluid
1385,0.757848,7.33184,,1003.16,-2.7751,50000.1,,0.307991,-4.72868,,0.731305,8.56699,fluid
1386,0.752685,7.53987,,1003.05,-3.01525,48385.9,,0.295413,-4.81933,,0.415555,8.66829,fluid
1387,0.747545,7.74972,,1002.95,-3.33545,46725.4,,0.286545,-4.90786,,0.105294,8.75249,fluid
1388,0.742374,7.9614,,1002.84,-3.93406,44976.3,,0.281527,-4.99399,,-0.139899,8.84611,fluid
1389,0.737096,8.17491,,1002.72,-4.74285,43100.1,,0.280131,-5.07715,,-0.292851,8.96211,fluid
1390,0.73165,8.39026,,1002.6,-5.62274,41086.2,,0.281654,-5.15672,,-0.362186,9.08077,fluid
1391,0.725938,8.60744,,1002.46,-6.45614,38947.8,,0.284674,-5.23225,,-0.351728,9.18806,fluid
1392,0.719953,8.82642,,1002.32,-7.11938,36723.6,,0.287355,-5.30342,,-0.262153,9.27617,fluid
1393,0.713656,9.04719,,1002.18,-7.67602,34458.6,,0.287569,-5.37008,,-0.102577,9.35082,fluid
1394,0.7071,9.26973,,1002.04,-8.28393,32186.9,,0.283489,-5.43221,,0.113289,9.41431,fluid
1395,0.700385,9.49399,,1001.9,-9.05196,29940.5,,0.273378,-5.48975,,0.38937,9.47383,fluid
1396,0.693668,9.71995,,1001.76,-9.91269,27747.8,,0.255953,-5.54264,,0.694667,9.55178,fluid
1397,0.687309,9.94745,,1001.62,-10.727,25617.3,,0.231975,-5.59154,,0.987084,9.66311,fluid
1398,0.681422,10.1765,,1001.49,-11.4246,23501,,0.202136,-5.63774,,1.2192,9.81022,fluid
1399,0.676404,10.4072,,1001.36,-12.0071,21431.1,,0.16775,-5.68089,,1.37403,9.95722,fluid
1400,0.672886,10.6388,,1001.24,-12.2697,19502.1,,0.133254,-5.72223,,1.40353,10.1297,fluid
1401,0.670666,10.8731,,1001.1,-11.7832,17400.9,,0.100549,-5.76303,,1.27447,10.3438,fluid
1402,0.671679,11.1072,,1000.97,-10.6716,15233.6,,0.0804914,-5.80526,,1.08097,10.4754,fluid
1403,0.675069,11.3425,,1000.84,-9.09202,13201.6,,0.0736755,-5.84943,,0.838168,10.5538,fluid
1404,0.680037,11.5914,,1000.67,-7.05606,10550.3,,0.0643242,-5.87127,,0.483642,10.5721,fluid
1405,0.704604,11.8077,,1000.48,-5.06971,7577.32,,0.13577,-5.89388,,0.330758,10.9186,fluid
1406,0.72333,12.0973,,1000.33,-3.47979,5176.89,,0.267909,-5.9414,,0.633505,10.1582,fluid
1407,0.719624,12.3991,,1000.16,-2.52886,2517.04,,0.345232,-5.88518,,1.09687,9.63003,fluid
1408,1.23456,0.0897863,,1007.2,-4.85485,115493,,0.275662,0.00435677,,-3.24507,10.2147,fluid
1409,1.37314,0.239467,,1007.2,-4.17802,115402,,1.29971,-0.247264,,3.16198,8.47549,fluid
1410,1.35471,0.403686,,1007.08,-4.15205,113472,,1.01382,-0.266742,,0.908347,9.76957,fluid
1411,1.33758,0.558833,,1006.95,-4.1947,111459,,0.853066,-0.395121,,-1.20018,9.86896,fluid
1412,1.35603,0.715647,,1006.85,-4.03439,109674,,1.13727,-0.531937,,3.15768,9.86501,fluid
1413,1.34311,0.87612,,1006.77,-3.70191,108435,,0.966241,-0.638136,,0.505013,9.68777,fluid
1414,1.34322,1.03365,,1006.67,-3.65323,106881,,1.01444,-0.778958,,1.51906,9.77701,fluid
1415,1.3359,1.19319,,1006.57,-3.37428,105249,,0.963096,-0.890964,,0.906332,9.90467,fluid
1416,1.33136,1.35316,,1006.47,-3.27355,103621,,0.962176,-1.01944,,1.14248,9.7936,fluid
1417,1.3267,1.51401,,1006.38,-3.12718,102059,,0.958776,-1.13837,,1.23625,9.85456,fluid
1418,1.32039,1.67555,,1006.28,-2.86907,100450,,0.938131,-1.25992,,1.08118,9.86397,fluid
1419,1.31428,1.83807,,1006.18,-2.62654,98849,,0.926222,-1.38152,,1.07616,9.81555,fluid
1420,1.30757,2.00133,,1006.08,-2.3913,97241.6,,0.911889,-1.50347,,1.03394,9.81724,fluid
1421,1.30048,2.16547,,1005.98,-2.1407,95619.5,,0.897963,-1.624,,0.988649,9.81118,fluid
1422,1.29335,2.33078,,1005.88,-1.88113,93989.9,,0.88611,-1.7441,,0.965144,9.78207,fluid
1423,1.2859,2.49712,,1005.78,-1.61019,92354.1,,0.872825,-1.86455,,0.925786,9.75371,fluid
1424,1.2782,2.66454,,1005.68,-1.31598,90721.4,,0.85912,-1.98433,,0.882282,9.71978,fluid
1425,1.27027,2.83311,,1005.58,-1.01331,89098.3,,0.84564,-2.10392,,0.831384,9.68171,fluid
1426,1.26217,3.00285,,1005.48,-0.69678,87471.9,,0.832882,-2.22366,,0.777133,9.64865,fluid
1427,1.25392,3.17383,,1005.38,-0.352519,85828.4,,0.821161,-2.34328,,0.735376,9.61547,fluid
1428,1.24545,3.34608,,1005.28,0.00857294,84167.4,,0.809466,-2.46278,,0.708755,9.57131,fluid
1429,1.2368,3.51963,,1005.17,0.347535,82490.7,,0.797625,-2.58239,,0.710346,9.5151,fluid
1430,1.22806,3.69452,,1005.07,0.635363,80792.4,,0.785572,-2.70208,,0.74827,9.45026,fluid
1431,1.21929,3.8708,,1004.96,0.872958,79076.1,,0.773169,-2.8214,,0.816641,9.37673,fluid
1432,1.21047,4.04855,,1004.86,1.04944,77366.4,,0.759934,-2.9401,,0.901454,9.28585,fluid
1433,1.20153,4.22782,,1004.75,1.12993,75684.6,,0.744615,-3.05835,,0.984879,9.17743,fluid
1434,1.19261,4.40862,,1004.65,1.12269,74030.3,,0.728098,-3.17591,,1.06126,9.06552,fluid
1435,1.18369,4.59097,,1004.55,1.08312,72405.6,,0.710546,-3.29222,,1.11171,8.95424,fluid
1436,1.17477,4.7749,,1004.45,1.02975,70829.3,,0.692346,-3.40706,,1.12335,8.83594,fluid
1437,1.16588,4.96045,,1004.36,0.936904,69305.9,,0.673937,-3.52071,,1.09434,8.71723,fluid
1438,1.15703,5.1476,,1004.27,0.82781,67811.5,,0.655861,-3.63312,,1.03222,8.61252,fluid
1439,1.1482,5.33638,,1004.17,0.776151,66323.4,,0.638781,-3.74396,,0.943176,8.52373,fluid
1440,1.13939,5.52681,,1004.08,0.787131,64837.9,,0.623106,-3.85323,,0.837845,8.44489,fluid
1441,1.13057,5.7189,,1003.99,0.77781,63342.6,,0.608895,-3.96121,,0.738671,8.38208,fluid
1442,1.12171,5.91266,,1003.89,0.706943,61799.1,,0.596174,-4.06789,,0.670655,8.34641,fluid
1443,1.11278,6.10811,,1003.79,0.626642,60178.2,,0.584769,-4.17297,,0.645856,8.33158,fluid
1444,1.10378,6.30527,,1003.69,0.550488,58488,,0.574099,-4.2764,,0.668882,8.32162,fluid
1445,1.09468,6.50417,,1003.58,0.359634,56748.9,,0.563093,-4.37833,,0.748853,8.31836,fluid
1446,1.0855,6.7048,,1003.47,-0.067621,54960.4,,0.550816,-4.47858,,0.895817,8.33967,fluid
1447,1.07626,6.90719,,1003.35,-0.693793,53115.3,,0.536564,-4.57674,,1.09936,8.38912,fluid
1448,1.06702,7.11135,,1003.23,-1.39189,51234,,0.519745,-4.67246,,1.32656,8.44653,fluid
1449,1.05779,7.31732,,1003.12,-2.13929,49360.8,,0.499723,-4.76573,,1.54587,8.49708,fluid
1450,1.04865,7.52508,,1003,-3.04378,47526.4,,0.47613,-4.8565,,1.74039,8.55105,fluid
1451,1.03971,7.73464,,1002.89,-4.17226,45728.5,,0.44967,-4.94451,,1.90226,8.62735,fluid
1452,1.03101,7.946,,1002.78,-5.42904,43950.5,,0.420968,-5.02942,,2.01747,8.73255,fluid
1453,1.0226,8.15917,,1002.67,-6.63489,42185.5,,0.391014,-5.11098,,2.06221,8.8523,fluid
1454,1.01453,8.37414,,1002.56,-7.68166,40436.1,,0.360914,-5.18908,,2.01596,8.96993,fluid
1455,1.00683,8.59092,,1002.45,-8.56982,38700.1,,0.331724,-5.2637,,1.8828,9.08744,fluid
1456,0.999526,8.8095,,1002.34,-9.34377,36958.9,,0.304671,-5.33494,,1.67724,9.19961,fluid
1457,0.992577,9.02985,,1002.23,-10.0399,35179.7,,0.280735,-5.40279,,1.43344,9.31392,fluid
1458,0.985933,9.25199,,1002.11,-10.6804,33319.7,,0.260608,-5.4673,,1.18896,9.4361,fluid
1459,0.97955,9.47584,,1001.98,-11.2658,31336.5,,0.245167,-5.52872,,0.964056,9.5654,fluid
1460,0.973345,9.70151,,1001.85,-11.7363,29203,,0.234454,-5.58717,,0.780032,9.69878,fluid
1461,0.967305,9.92893,,1001.71,-11.9992,26922.4,,0.228262,-5.64234,,0.649708,9.833,fluid
1462,0.961316,10.158,,1001.55,-11.9979,24454.6,,0.226397,-5.69523,,0.587878,9.96667,fluid
1463,0.955336,10.3893,,1001.38,-11.81,21803.3,,0.226522,-5.74473,,0.597377,10.0711,fluid
1464,0.949628,10.6217,,1001.21,-11.5628,19129.8,,0.228073,-5.79028,,0.685103,10.132,fluid
1465,0.943266,10.8575,,1001.04,-11.0491,16353.2,,0.226027,-5.83181,,0.7874,10.1894,fluid
1466,0.938534,11.0942,,1000.87,-10.0688,13629.5,,0.222291,-5.86761,,0.840179,10.2459,fluid
1467,0.936371,11.3301,,1000.71,-8.74629,11102.2,,0.226856,-5.90372,,0.90616,10.2978,fluid
1468,0.928767,11.5848,,1000.54,-6.97009,8530.86,,0.215922,-5.93215,,0.996563,10.1627,fluid
1469,0.926317,11.82,,1000.37,-4.6431,5890.57,,0.180822,-5.93614,,0.823352,10.3472,fluid
1470,0.947125,12.0737,,1000.3,-3.00595,4713.64,,0.222555,-5.93498,,0.749666,10.3504,fluid
1471,0.956702,12.3605,,1000.17,-2.19158,2666,,0.291936,-5.88967,,0.987481,10.0665,fluid
1472,1.60143,0.0921885,,1007.12,-5.36043,114165,,0.543441,0.0581306,,-0.876407,10.5124,fluid
1473,1.76937,0.233423,,1007.15,-4.41926,114684,,1.58398,-0.295138,,2.36772,8.48666,fluid
1474,1.75411,0.401118,,1007.02,-4.42552,112473,,1.36816,-0.263792,,1.83228,10.0154,fluid
1475,1.73426,0.556326,,1006.91,-4.20662,110739,,1.17756,-0.410628,,-0.63232,9.57585,fluid
1476,1.74909,0.711724,,1006.81,-4.00078,109127,,1.42782,-0.552986,,3.21101,9.7398,fluid
1477,1.73819,0.871729,,1006.73,-4.06411,107831,,1.30045,-0.658016,,1.33292,9.64755,fluid
1478,1.73428,1.02892,,1006.63,-4.16766,106203,,1.31341,-0.794532,,1.74695,9.75784,fluid
1479,1.72795,1.18828,,1006.53,-3.78165,104592,,1.2895,-0.90097,,1.51198,9.9085,fluid
1480,1.72044,1.34787,,1006.44,-3.58433,103047,,1.26665,-1.03239,,1.38605,9.69672,fluid
1481,1.71377,1.50814,,1006.35,-3.44468,101534,,1.26023,-1.15213,,1.46924,9.7728,fluid
1482,1.70579,1.66924,,1006.25,-3.23108,99947.3,,1.24122,-1.27251,,1.3704,9.80795,fluid
1483,1.69751,1.8313,,1006.15,-3.0221,98350.6,,1.22453,-1.39272,,1.34656,9.77948,fluid
1484,1.68861,1.99423,,1006.05,-2.8303,96763.4,,1.2064,-1.51351,,1.31648,9.77033,fluid
1485,1.67928,2.15805,,1005.96,-2.64383,95178.9,,1.18827,-1.63359,,1.28785,9.75914,fluid
1486,1.66975,2.32294,,1005.86,-2.45167,93583.7,,1.17163,-1.75386,,1.27641,9.74332,fluid
1487,1.65978,2.48884,,1005.76,-2.2274,91976.9,,1.15385,-1.87399,,1.25272,9.73513,fluid
1488,1.64954,2.65589,,1005.66,-1.97733,90362.1,,1.13662,-1.99381,,1.24289,9.71017,fluid
1489,1.63902,2.82414,,1005.56,-1.74463,88739.6,,1.11904,-2.11413,,1.24022,9.67036,fluid
1490,1.62821,2.99357,,1005.46,-1.53311,87109.2,,1.10058,-2.23446,,1.23917,9.62866,fluid
1491,1.61723,3.16425,,1005.36,-1.33156,85485.5,,1.08168,-2.35429,,1.23542,9.57713,fluid
1492,1.60603,3.33624,,1005.26,-1.13598,83883.2,,1.06207,-2.47395,,1.21154,9.51627,fluid
1493,1.59471,3.50955,,1005.16,-0.932068,82298.3,,1.04244,-2.59356,,1.16237,9.45593,fluid
1494,1.5833,3.68422,,1005.07,-0.693812,80719,,1.02336,-2.71296,,1.08918,9.39703,fluid
1495,1.57184,3.8603,,1004.97,-0.406614,79136.8,,1.00527,-2.83206,,0.999582,9.33591,fluid
1496,1.56029,4.03784,,1004.87,-0.0813398,77544.2,,0.988275,-2.95078,,0.90682,9.27025,fluid
1497,1.54862,4.21687,,1004.77,0.260458,75928.4,,0.972157,-3.06913,,0.825897,9.20215,fluid
1498,1.53687,4.39743,,1004.67,0.602777,74276.1,,0.957015,-3.18698,,0.775271,9.13164,fluid
1499,1.52506,4.57956,,1004.56,0.921584,72585.5,,0.942423,-3.30413,,0.768693,9.05248,fluid
1500,1.51314,4.76329,,1004.45,1.17067,70862.4,,0.927306,-3.42063,,0.813765,8.96246,fluid
1501,1.50112,4.94865,,1004.35,1.30652,69109.8,,0.911094,-3.53629,,0.915602,8.86759,fluid
1502,1.48903,5.13565,,1004.24,1.31656,67336,,0.893131,-3.65066,,1.06657,8.77067,fluid
1503,1.47689,5.32432,,1004.13,1.19916,65565.3,,0.872707,-3.7634,,1.24836,8.66874,fluid
1504,1.46476,5.51469,,1004.02,0.938228,63827,,0.849531,-3.87447,,1.44075,8.56615,fluid
1505,1.45269,5.70676,,1003.91,0.537706,62136.6,,0.823453,-3.9838,,1.6204,8.47522,fluid
1506,1.44073,5.90054,,1003.81,0.0524636,60499,,0.794756,-4.09116,,1.76057,8.40268,fluid
1507,1.42891,6.09605,,1003.71,-0.454246,58923.6,,0.764045,-4.19636,,1.83852,8.34472,fluid
1508,1.4173,6.29329,,1003.62,-0.968177,57416.1,,0.732234,-4.29952,,1.84403,8.3051,fluid
1509,1.40591,6.49226,,1003.53,-1.49223,55955.1,,0.700466,-4.40086,,1.78102,8.29626,fluid
1510,1.39474,6.69298,,1003.44,-1.97979,54496.9,,0.669886,-4.50035,,1.65691,8.32355,fluid
1511,1.38376,6.89546,,1003.34,-2.35853,53006.5,,0.641475,-4.59784,,1.48089,8.37441,fluid
1512,1.37297,7.09971,,1003.25,-2.63787,51467.5,,0.615907,-4.69343,,1.27221,8.43443,fluid
1513,1.36229,7.30575,,1003.15,-2.92968,49861.6,,0.593336,-4.78718,,1.06442,8.50563,fluid
1514,1.35167,7.51358,,1003.04,-3.33225,48154.9,,0.57372,-4.87896,,0.892652,8.59699,fluid
1515,1.34108,7.72323,,1002.93,-3.83238,46318.3,,0.556739,-4.96836,,0.779092,8.70548,fluid
1516,1.33046,7.9347,,1002.8,-4.3564,44352.8,,0.541592,-5.05494,,0.721534,8.81342,fluid
1517,1.3198,8.14799,,1002.67,-4.89184,42285,,0.527254,-5.13851,,0.718254,8.90701,fluid
1518,1.30908,8.36313,,1002.54,-5.52421,40146.1,,0.512431,-5.21884,,0.770997,8.98724,fluid
1519,1.29829,8.5801,,1002.4,-6.3507,37961.7,,0.495797,-5.2956,,0.879724,9.06434,fluid
1520,1.2875,8.79891,,1002.26,-7.38054,35752.4,,0.476439,-5.36843,,1.03626,9.14897,fluid
1521,1.27676,9.01956,,1002.12,-8.53248,33535.8,,0.453682,-5.43714,,1.21908,9.24428,fluid
1522,1.26613,9.24205,,1001.98,-9.69302,31330.3,,0.427278,-5.50153,,1.39611,9.3474,fluid
1523,1.25576,9.46632,,1001.85,-10.7401,29155.6,,0.397705,-5.5616,,1.53691,9.45764,fluid
1524,1.24572,9.69242,,1001.71,-11.5753,27021.4,,0.365783,-5.6178,,1.62137,9.56857,fluid
1525,1.23617,9.92037,,1001.58,-12.1636,24951.2,,0.332349,-5.66947,,1.6318,9.66996,fluid
1526,1.22728,10.15,,1001.45,-12.4168,22929.4,,0.299678,-5.71744,,1.55208,9.78531,fluid
1527,1.2189,10.3817,,1001.33,-12.2096,20895.2,,0.269035,-5.76266,,1.3989,9.92121,fluid
1528,1.21172,10.6149,,1001.2,-11.6418,18871.2,,0.242882,-5.80281,,1.21932,10.0443,fluid
1529,1.20512,10.8505,,1001.06,-10.9156,16630.2,,0.225135,-5.84424,,1.075,10.122,fluid
1530,1.19819,11.0889,,1000.91,-9.96294,14283.7,,0.206136,-5.87794,,0.931285,10.1572,fluid
1531,1.19516,11.3271,,1000.77,-8.61491,12167.7,,0.196299,-5.90038,,0.76515,10.267,fluid
1532,1.19194,11.5751,,1000.6,-6.82909,9436.51,,0.21412,-5.9369,,0.791948,10.2505,fluid
1533,1.17948,11.8201,,1000.38,-4.87074,5945.69,,0.210428,-5.96931,,0.914266,10.1735,fluid
1534,1.18353,12.0759,,1000.27,-3.08675,4204.48,,0.225915,-5.94309,,0.928188,10.2302,fluid
1535,1.1867,12.3417,,1000.17,-2.32316,2658.97,,0.246386,-5.90424,,0.965275,10.196,fluid
1536,1.97364,0.0940998,,1007.1,-4.28525,113881,,0.814757,0.0396636,,0.730372,10.1774,fluid
1537,2.16606,0.228614,,1007.11,-4.53891,114047,,1.8488,-0.310292,,1.34363,8.98665,fluid
1538,2.15336,0.400425,,1006.98,-4.37494,111823,,1.71502,-0.264981,,2.45836,9.82846,fluid
1539,2.12985,0.553903,,1006.88,-4.15167,110279,,1.47923,-0.417518,,-0.808312,9.56494,fluid
1540,2.14708,0.708398,,1006.79,-3.8429,108691,,1.7744,-0.555466,,3.88711,9.80415,fluid
1541,2.13254,0.86764,,1006.7,-3.83648,107374,,1.61161,-0.66368,,1.54037,9.63236,fluid
1542,2.12807,1.02407,,1006.61,-3.98937,105750,,1.63493,-0.800386,,2.21972,9.74463,fluid
1543,2.12013,1.18296,,1006.51,-3.71302,104200,,1.60724,-0.90384,,1.97965,9.90833,fluid
1544,2.11136,1.34167,,1006.42,-3.65992,102690,,1.581,-1.04002,,1.87586,9.68896,fluid
1545,2.10254,1.50139,,1006.32,-3.68877,101164,,1.5642,-1.15897,,1.93182,9.8004,fluid
1546,2.09228,1.66177,,1006.23,-3.5909,99570.2,,1.53822,-1.27983,,1.83655,9.84199,fluid
1547,2.08208,1.82327,,1006.13,-3.43633,97994.1,,1.52059,-1.40021,,1.83991,9.80935,fluid
1548,2.07111,1.98566,,1006.03,-3.28582,96428.5,,1.49841,-1.52209,,1.76791,9.79453,fluid
1549,2.05952,2.14896,,1005.94,-3.13674,94851.7,,1.47531,-1.64371,,1.70006,9.78171,fluid
1550,2.04754,2.31337,,1005.84,-2.98323,93246.7,,1.45349,-1.76485,,1.6631,9.7658,fluid
1551,2.03508,2.47886,,1005.74,-2.81476,91636.6,,1.43116,-1.88563,,1.61657,9.74162,fluid
1552,2.02233,2.64552,,1005.64,-2.62556,90038.6,,1.40946,-2.00602,,1.57086,9.70615,fluid
1553,2.00922,2.81338,,1005.54,-2.42287,88441.2,,1.38748,-2.12676,,1.51656,9.67319,fluid
1554,1.9958,2.98244,,1005.44,-2.18119,86828.5,,1.36578,-2.24738,,1.46587,9.6498,fluid
1555,1.98212,3.1528,,1005.34,-1.89926,85198.8,,1.34482,-2.36781,,1.43095,9.61775,fluid
1556,1.96816,3.3245,,1005.24,-1.6153,83549.8,,1.32388,-2.48855,,1.41686,9.57417,fluid
1557,1.95398,3.49755,,1005.14,-1.36441,81875.1,,1.3027,-2.60942,,1.43362,9.52502,fluid
1558,1.9396,3.67201,,1005.03,-1.16558,80181,,1.28072,-2.73003,,1.48116,9.46536,fluid
1559,1.92508,3.84792,,1004.93,-1.0331,78486.2,,1.25761,-2.8503,,1.55223,9.39278,fluid
1560,1.91044,4.02531,,1004.82,-0.973657,76808.4,,1.23297,-2.97022,,1.63255,9.31048,fluid
1561,1.8957,4.20422,,1004.72,-0.97473,75159.1,,1.20666,-3.08957,,1.70567,9.22249,fluid
1562,1.88092,4.38467,,1004.62,-1.00634,73547.5,,1.17898,-3.20811,,1.75561,9.13127,fluid
1563,1.86616,4.56672,,1004.52,-1.03842,71979.4,,1.15052,-3.32568,,1.77087,9.03795,fluid
1564,1.8514,4.75038,,1004.43,-1.04725,70450.3,,1.12151,-3.44226,,1.74409,8.94661,fluid
1565,1.83667,4.93567,,1004.34,-1.00655,68943.4,,1.09268,-3.55777,,1.67813,8.86245,fluid
1566,1.82198,5.12263,,1004.24,-0.895965,67439.1,,1.06474,-3.67205,,1.58139,8.78491,fluid
1567,1.80732,5.31127,,1004.15,-0.722329,65919.5,,1.03803,-3.78512,,1.46866,8.71245,fluid
1568,1.79268,5.50161,,1004.05,-0.521858,64362.1,,1.01271,-3.89701,,1.36314,8.64745,fluid
1569,1.77805,5.69366,,1003.95,-0.336012,62742.9,,0.988656,-4.00758,,1.28798,8.59191,fluid
1570,1.76341,5.88745,,1003.84,-0.203313,61050.5,,0.965544,-4.11657,,1.26127,8.54353,fluid
1571,1.74875,6.08297,,1003.74,-0.176152,59290.9,,0.94261,-4.22386,,1.29434,8.49935,fluid
1572,1.73407,6.28026,,1003.62,-0.315455,57478.6,,0.918925,-4.32934,,1.39196,8.46231,fluid
1573,1.7194,6.47931,,1003.51,-0.647906,55628.5,,0.893586,-4.43277,,1.54712,8.43804,fluid
1574,1.70475,6.68015,,1003.39,-1.1557,53762.7,,0.865758,-4.53383,,1.73735,8.42671,fluid
1575,1.69019,6.88277,,1003.28,-1.81912,51914.2,,0.835015,-4.63234,,1.9359,8.42313,fluid
1576,1.67578,7.08718,,1003.16,-2.64008,50112.5,,0.801169,-4.72825,,2.11756,8.43126,fluid
1577,1.66156,7.2934,,1003.05,-3.59807,48366.9,,0.764462,-4.82139,,2.26063,8.46292,fluid
1578,1.6476,7.50142,,1002.95,-4.60989,46668.1,,0.725696,-4.91163,,2.34393,8.52156,fluid
1579,1.63395,7.71124,,1002.84,-5.57148,45005.5,,0.685949,-4.99887,,2.34813,8.59769,fluid
1580,1.62063,7.92288,,1002.74,-6.43808,43373.2,,0.646297,-5.08307,,2.2665,8.68159,fluid
1581,1.60766,8.13633,,1002.64,-7.24066,41754.9,,0.607827,-5.16433,,2.11658,8.77774,fluid
1582,1.59503,8.35159,,1002.54,-8.03026,40114.1,,0.571565,-5.24264,,1.92263,8.89038,fluid
1583,1.58269,8.56868,,1002.43,-8.80514,38409.3,,0.538448,-5.3178,,1.70984,9.01846,fluid
1584,1.5706,8.78759,,1002.32,-9.49342,36606.6,,0.509005,-5.38966,,1.50215,9.15654,fluid
1585,1.5587,9.00834,,1002.2,-10.0317,34682.1,,0.483271,-5.45818,,1.31853,9.29294,fluid
1586,1.54691,9.23094,,1002.07,-10.4252,32628.6,,0.460521,-5.52329,,1.16712,9.41253,fluid
1587,1.53519,9.4554,,1001.93,-10.6845,30456.8,,0.439789,-5.58453,,1.05924,9.52222,fluid
1588,1.52355,9.68168,,1001.79,-10.8095,28173.7,,0.420285,-5.64225,,1.01002,9.63046,fluid
1589,1.51193,9.90993,,1001.64,-10.9186,25794.4,,0.39994,-5.69615,,1.02767,9.71402,fluid
1590,1.50056,10.14,,1001.48,-11.1016,23364.6,,0.377974,-5.74524,,1.08952,9.78107,fluid
1591,1.48924,10.372,,1001.33,-11.1299,20919,,0.353971,-5.7912,,1.16028,9.86324,fluid
1592,1.47829,10.6061,,1001.18,-10.7889,18558.1,,0.324654,-5.83009,,1.20111,9.95942,fluid
1593,1.46859,10.8423,,1001.03,-10.2494,16145.3,,0.296675,-5.86546,,1.21685,10.0448,fluid
1594,1.45835,11.0807,,1000.86,-9.70778,13592.3,,0.269556,-5.90213,,1.22859,10.0456,fluid
1595,1.44925,11.3213,,1000.73,-8.75114,11489.9,,0.23468,-5.92223,,1.13968,10.0985,fluid
1596,1.44269,11.5671,,1000.6,-7.00993,9435.72,,0.207564,-5.93442,,0.978735,10.2218,fluid
1597,1.4369,11.8066,,1000.4,-5.05379,6343.56,,0.200117,-5.96295,,0.87374,10.2683,fluid
1598,1.43271,12.0653,,1000.26,-3.27959,4027.03,,0.217276,-5.95796,,0.934417,10.1552,fluid
1599,1.42843,12.3251,,1000.17,-2.40506,2612.06,,0.224778,-5.93466,,0.955398,10.1034,fluid
1600,2.34984,0.095039,,1007.08,-4.08895,113555,,1.15962,0.0473392,,3.00335,10.2452,fluid
1601,2.56421,0.224178,,1007.06,-4.24014,113176,,2.08925,-0.31075,,0.662803,9.39076,fluid
1602,2.55403,0.398297,,1006.93,-3.87302,111138,,2.05078,-0.263951,,3.15559,9.914,fluid
1603,2.52684,0.550052,,1006.84,-4.00451,109668,,1.77101,-0.429303,,-0.92994,9.5282,fluid
1604,2.54799,0.703569,,1006.74,-3.95608,107999,,2.13024,-0.560782,,4.75006,9.93497,fluid
1605,2.52993,0.862092,,1006.66,-3.98974,106660,,1.92901,-0.672458,,1.79811,9.6769,fluid
1606,2.52385,1.01759,,1006.56,-4.20362,104997,,1.94915,-0.814049,,2.47376,9.7598,fluid
1607,2.51492,1.1757,,1006.47,-3.90573,103467,,1.92704,-0.914995,,2.3615,9.96339,fluid
1608,2.50383,1.33352,,1006.37,-3.78655,101951,,1.8929,-1.05299,,2.14302,9.71605,fluid
1609,2.49336,1.49278,,1006.28,-3.80121,100425,,1.87751,-1.17071,,2.21382,9.81105,fluid
1610,2.48114,1.65252,,1006.18,-3.75322,98839,,1.84878,-1.29296,,2.09107,9.82999,fluid
1611,2.46853,1.81333,,1006.08,-3.69015,97269.2,,1.8241,-1.41493,,2.05333,9.7919,fluid
1612,2.45523,1.97512,,1005.99,-3.65744,95699.2,,1.79862,-1.53716,,2.02157,9.77787,fluid
1613,2.44122,2.13787,,1005.89,-3.60886,94125.9,,1.77182,-1.65827,,1.97866,9.77025,fluid
1614,2.42676,2.30178,,1005.79,-3.51984,92538,,1.74616,-1.77914,,1.95474,9.75861,fluid
1615,2.41176,2.46679,,1005.7,-3.4064,90946.2,,1.71976,-1.90055,,1.92537,9.73474,fluid
1616,2.39632,2.63298,,1005.6,-3.2876,89353.2,,1.69346,-2.02201,,1.91006,9.70288,fluid
1617,2.38045,2.80039,,1005.5,-3.19069,87750.3,,1.6666,-2.14361,,1.90187,9.66807,fluid
1618,2.36424,2.96908,,1005.4,-3.10093,86143,,1.63942,-2.26486,,1.89815,9.63106,fluid
1619,2.34773,3.1391,,1005.3,-3.00157,84550.1,,1.61156,-2.38585,,1.88638,9.58211,fluid
1620,2.33094,3.31047,,1005.2,-2.88377,82978.1,,1.58306,-2.50689,,1.85724,9.52972,fluid
1621,2.31394,3.48321,,1005.11,-2.7255,81416.2,,1.55448,-2.62777,,1.80849,9.48302,fluid
1622,2.29675,3.65739,,1005.01,-2.50416,79853,,1.52629,-2.74834,,1.74207,9.43774,fluid
1623,2.27941,3.83304,,1004.91,-2.21743,78277.1,,1.49869,-2.86879,,1.66587,9.39148,fluid
1624,2.26194,4.0102,,1004.81,-1.8823,76673.7,,1.47185,-2.98912,,1.59538,9.34406,fluid
1625,2.24431,4.1889,,1004.71,-1.52539,75029.2,,1.44551,-3.10924,,1.54703,9.29277,fluid
1626,2.22655,4.36919,,1004.61,-1.18154,73338.1,,1.41932,-3.22898,,1.53695,9.23342,fluid
1627,2.2087,4.5511,,1004.5,-0.895018,71604.5,,1.3928,-3.34816,,1.57609,9.16266,fluid
1628,2.19075,4.73466,,1004.39,-0.710091,69839.7,,1.36509,-3.46655,,1.66571,9.0806,fluid
1629,2.17275,4.9199,,1004.28,-0.655194,68061.4,,1.33558,-3.58387,,1.79917,8.98905,fluid
1630,2.15472,5.10683,,1004.17,-0.739375,66295,,1.30362,-3.69982,,1.95982,8.88965,fluid
1631,2.13673,5.29548,,1004.06,-0.952426,64566.6,,1.26888,-3.81421,,2.12564,8.78703,fluid
1632,2.11882,5.48584,,1003.96,-1.26633,62894.8,,1.23144,-3.92684,,2.27298,8.68827,fluid
1633,2.10104,5.67794,,1003.86,-1.63571,61290.3,,1.19174,-4.03747,,2.37756,8.59882,fluid
1634,2.08344,5.87179,,1003.76,-2.00902,59756.4,,1.15051,-4.14603,,2.42079,8.52321,fluid
1635,2.06605,6.06738,,1003.67,-2.34566,58282.4,,1.10867,-4.25258,,2.39522,8.46739,fluid
1636,2.04889,6.26473,,1003.58,-2.61864,56840.4,,1.06731,-4.35719,,2.30717,8.43487,fluid
1637,2.03196,6.46385,,1003.49,-2.81494,55392.7,,1.02741,-4.45986,,2.17069,8.42604,fluid
1638,2.01522,6.66473,,1003.4,-2.94785,53906.1,,0.989616,-4.56055,,2.00685,8.43531,fluid
1639,1.99866,6.8674,,1003.3,-3.06708,52354.2,,0.954291,-4.65927,,1.84307,8.45901,fluid
1640,1.98224,7.07186,,1003.2,-3.23238,50713.6,,0.921331,-4.75595,,1.70803,8.49796,fluid
1641,1.96591,7.27813,,1003.09,-3.47952,48966.8,,0.890229,-4.8504,,1.62359,8.55087,fluid
1642,1.94966,7.48623,,1002.97,-3.83048,47114,,0.860215,-4.94232,,1.59403,8.60803,fluid
1643,1.93348,7.69615,,1002.85,-4.32434,45175.7,,0.830317,-5.03145,,1.62169,8.66353,fluid
1644,1.91735,7.90791,,1002.73,-5.01167,43181.7,,0.799434,-5.11751,,1.70345,8.72006,fluid
1645,1.90132,8.12152,,1002.6,-5.90596,41155.6,,0.766681,-5.20025,,1.82767,8.78787,fluid
1646,1.88542,8.33697,,1002.47,-6.9549,39112.1,,0.73141,-5.2794,,1.97276,8.86902,fluid
1647,1.8697,8.55427,,1002.35,-8.05741,37072.3,,0.693279,-5.35462,,2.10718,8.95903,fluid
1648,1.85425,8.77343,,1002.22,-9.09978,35060.3,,0.652354,-5.42585,,2.19962,9.05633,fluid
1649,1.83917,8.99443,,1002.09,-10.0246,33085.5,,0.609317,-5.49309,,2.22866,9.15794,fluid
1650,1.82448,9.21729,,1001.97,-10.855,31143.4,,0.565154,-5.55657,,2.1864,9.25739,fluid
1651,1.81025,9.44202,,1001.85,-11.5647,29228.1,,0.521015,-5.61604,,2.0782,9.36503,fluid
1652,1.79655,9.66858,,1001.73,-12.0167,27308.3,,0.478852,-5.67173,,1.91432,9.49841,fluid
1653,1.78329,9.89705,,1001.61,-12.197,25319.3,,0.439783,-5.72451,,1.72095,9.63247,fluid
1654,1.77052,10.1275,,1001.47,-12.261,23225.5,,0.404294,-5.77278,,1.52294,9.73666,fluid
1655,1.75823,10.3599,,1001.33,-12.133,21017.1,,0.374827,-5.81799,,1.34355,9.83788,fluid
1656,1.74597,10.5943,,1001.19,-11.5429,18715,,0.349048,-5.85979,,1.1983,9.94044,fluid
1657,1.73404,10.8315,,1001.04,-10.5931,16304.5,,0.323728,-5.89372,,1.07838,10.028,fluid
1658,1.72256,11.07,,1000.87,-9.65,13686.7,,0.305319,-5.9275,,1.02285,10.0563,fluid
1659,1.71051,11.3111,,1000.7,-8.59938,11057.8,,0.289798,-5.95602,,1.05386,10.0543,fluid
1660,1.69683,11.5586,,1000.55,-6.95162,8631.13,,0.261051,-5.96833,,1.06774,10.0837,fluid
1661,1.68486,11.8017,,1000.38,-4.95945,5947.78,,0.225471,-5.98444,,0.979804,10.1105,fluid
1662,1.67794,12.0537,,1000.24,-3.31065,3757.1,,0.213888,-5.98245,,0.942904,10.0645,fluid
1663,1.67253,12.3079,,1000.16,-2.16935,2566.51,,0.210653,-5.97139,,0.932365,9.99686,fluid
1664,2.73166,0.0963143,,1007.03,-3.52386,112760,,1.52872,0.047263,,4.69379,10.0182,fluid
1665,2.96259,0.220221,,1007,-4.24433,112183,,2.32803,-0.307592,,-0.146004,9.66593,fluid
1666,2.95793,0.396168,,1006.87,-3.32747,110148,,2.41895,-0.265777,,4.00739,10.0204,fluid
1667,2.92588,0.545739,,1006.78,-4.07004,108629,,2.06987,-0.437082,,-1.23957,9.59813,fluid
1668,2.9519,0.698279,,1006.68,-3.69893,107048,,2.51145,-0.563092,,5.82474,10.0254,fluid
1669,2.92933,0.855959,,1006.61,-3.7587,105794,,2.25705,-0.680641,,2.02912,9.64423,fluid
1670,2.92253,1.01027,,1006.5,-4.13683,104110,,2.28637,-0.825429,,2.96345,9.75975,fluid
1671,2.91144,1.1676,,1006.41,-4.07165,102626,,2.2539,-0.922887,,2.78472,9.95707,fluid
1672,2.89851,1.32435,,1006.32,-4.12099,101151,,2.216,-1.06491,,2.58742,9.69985,fluid
1673,2.88607,1.48284,,1006.23,-4.249,99651,,2.19539,-1.18253,,2.672,9.80705,fluid
1674,2.87167,1.6417,,1006.14,-4.28008,98100.8,,2.16034,-1.30515,,2.5416,9.82415,fluid
1675,2.85677,1.80174,,1006.04,-4.26188,96576.7,,2.13057,-1.42709,,2.49396,9.79522,fluid
1676,2.84106,1.9628,,1005.95,-4.27954,95044.7,,2.10032,-1.55037,,2.43768,9.7823,fluid
1677,2.82465,2.12487,,1005.85,-4.29483,93499.3,,2.06959,-1.67256,,2.37253,9.77561,fluid
1678,2.80764,2.28813,,1005.76,-4.27824,91930.9,,2.03904,-1.79438,,2.31781,9.76436,fluid
1679,2.78999,2.45253,,1005.66,-4.24188,90357.1,,2.00757,-1.9167,,2.25644,9.73745,fluid
1680,2.77187,2.61816,,1005.56,-4.1697,88790.7,,1.97669,-2.03858,,2.20705,9.71193,fluid
1681,2.75326,2.78505,,1005.47,-4.06557,87219.7,,1.94569,-2.16061,,2.15562,9.68808,fluid
1682,2.73428,2.95325,,1005.37,-3.9211,85632.4,,1.91535,-2.2827,,2.11453,9.66719,fluid
1683,2.71491,3.12281,,1005.27,-3.74537,84025.6,,1.88492,-2.40494,,2.08641,9.64023,fluid
1684,2.6952,3.29376,,1005.17,-3.57191,82396.5,,1.85436,-2.52744,,2.08281,9.60647,fluid
1685,2.67518,3.46616,,1005.07,-3.42941,80744.8,,1.82327,-2.64999,,2.10765,9.56623,fluid
1686,2.65491,3.64003,,1004.96,-3.3332,79081.6,,1.79119,-2.77241,,2.15891,9.51468,fluid
1687,2.63442,3.81543,,1004.86,-3.29092,77424.7,,1.75761,-2.89465,,2.22644,9.45159,fluid
1688,2.61378,3.99237,,1004.76,-3.29927,75791.8,,1.72247,-3.01646,,2.29701,9.37988,fluid
1689,2.59301,4.1709,,1004.66,-3.33619,74195.3,,1.68567,-3.13759,,2.35263,9.30304,fluid
1690,2.57217,4.35104,,1004.56,-3.36226,72639.5,,1.64749,-3.25793,,2.37826,9.22484,fluid
1691,2.55133,4.53283,,1004.47,-3.33602,71118.5,,1.60848,-3.3774,,2.36577,9.14777,fluid
1692,2.53048,4.71628,,1004.38,-3.22837,69616.5,,1.56916,-3.49591,,2.31497,9.07376,fluid
1693,2.50967,4.90142,,1004.28,-3.02748,68110.6,,1.53013,-3.61339,,2.2348,9.00396,fluid
1694,2.48889,5.08827,,1004.19,-2.74473,66575.8,,1.49188,-3.72974,,2.14055,8.93721,fluid
1695,2.46817,5.27686,,1004.09,-2.41511,64989.8,,1.45466,-3.84487,,2.05272,8.87192,fluid
1696,2.44749,5.46719,,1003.99,-2.09176,63337.4,,1.41827,-3.95865,,1.99318,8.80709,fluid
1697,2.42686,5.65928,,1003.88,-1.83768,61614.8,,1.38227,-4.07092,,1.98009,8.74186,fluid
1698,2.40628,5.85315,,1003.77,-1.71291,59831.5,,1.34593,-4.18151,,2.02397,8.67649,fluid
1699,2.38577,6.04881,,1003.66,-1.76331,58008.3,,1.30839,-4.29018,,2.12418,8.61361,fluid
1700,2.36535,6.24626,,1003.54,-2.00687,56173,,1.26888,-4.39667,,2.2674,8.55655,fluid
1701,2.34507,6.44551,,1003.43,-2.43378,54356.3,,1.22685,-4.50077,,2.43045,8.50812,fluid
1702,2.32499,6.64658,,1003.32,-3.01428,52586.4,,1.18202,-4.60232,,2.58626,8.47178,fluid
1703,2.30513,6.84945,,1003.21,-3.7025,50880.5,,1.13459,-4.70122,,2.70944,8.45302,fluid
1704,2.28557,7.05414,,1003.11,-4.44025,49238.8,,1.08515,-4.7974,,2.77794,8.45633,fluid
1705,2.26634,7.26064,,1003.01,-5.16734,47648.4,,1.03465,-4.8908,,2.77655,8.48201,fluid
1706,2.24746,7.46896,,1002.91,-5.84901,46088.4,,0.984188,-4.98144,,2.70168,8.52729,fluid
1707,2.22893,7.67911,,1002.81,-6.48475,44529.3,,0.934799,-5.06939,,2.5686,8.59172,fluid
1708,2.21075,7.89109,,1002.71,-7.08704,42934.9,,0.887341,-5.15456,,2.39417,8.67314,fluid
1709,2.19289,8.10491,,1002.61,-7.6522,41270.1,,0.842594,-5.23681,,2.1991,8.76968,fluid
1710,2.1753,8.32057,,1002.5,-8.17045,39505.6,,0.80091,-5.31604,,2.00432,8.87235,fluid
1711,2.15794,8.53809,,1002.38,-8.65869,37629,,0.762211,-5.39197,,1.82674,8.9679,fluid
1712,2.14074,8.75748,,1002.26,-9.14267,35644.4,,0.725918,-5.4644,,1.68929,9.06064,fluid
1713,2.12366,8.97876,,1002.12,-9.65307,33554.5,,0.69105,-5.53309,,1.60846,9.15477,fluid
1714,2.10668,9.20191,,1001.99,-10.2505,31366.5,,0.656502,-5.59785,,1.59217,9.24297,fluid
1715,2.08977,9.42698,,1001.84,-10.9353,29115.9,,0.620889,-5.65827,,1.63028,9.3232,fluid
1716,2.07304,9.65396,,1001.7,-11.5405,26850.9,,0.583284,-5.71371,,1.69365,9.41716,fluid
1717,2.05655,9.8828,,1001.56,-11.9228,24579.5,,0.543677,-5.76512,,1.75381,9.52148,fluid
1718,2.04025,10.1137,,1001.42,-12.1648,22315.4,,0.501055,-5.81185,,1.78751,9.59963,fluid
1719,2.02445,10.3465,,1001.28,-12.2404,20113.6,,0.456224,-5.85293,,1.76814,9.67613,fluid
1720,2.00929,10.5811,,1001.14,-11.8736,17947.6,,0.41257,-5.89105,,1.69478,9.77884,fluid
1721,1.99426,10.8183,,1001,-11.0395,15749.4,,0.368564,-5.92459,,1.5744,9.86649,fluid
1722,1.97986,11.0574,,1000.86,-9.98516,13559.5,,0.323401,-5.95149,,1.38963,9.92519,fluid
1723,1.96708,11.2978,,1000.72,-8.66266,11350.3,,0.287629,-5.97537,,1.19265,9.99559,fluid
1724,1.95322,11.5433,,1000.57,-6.81169,8930.01,,0.2587,-5.99591,,1.05685,10.0484,fluid
1725,1.93963,11.7868,,1000.39,-4.80715,6155.32,,0.233158,-6.01372,,0.974554,10.0672,fluid
1726,1.92856,12.0386,,1000.23,-3.21805,3574.37,,0.216924,-6.0137,,0.946557,9.96407,fluid
1727,1.9208,12.2898,,1000.16,-2.14349,2558.13,,0.205847,-6.01228,,0.921929,9.9232,fluid
1728,3.11904,0.0969243,,1007,-3.80928,112157,,1.91596,0.0444048,,5.99503,10.0031,fluid
1729,3.36088,0.216978,,1006.93,-4.05363,111047,,2.5517,-0.295539,,-0.812079,9.79468,fluid
1730,3.368,0.394033,,1006.83,-3.19247,109371,,2.82863,-0.258802,,5.39713,10.0466,fluid
1731,3.32684,0.540753,,1006.72,-4.53572,107701,,2.34442,-0.449927,,-2.02464,9.61825,fluid
1732,3.35974,0.692197,,1006.62,-4.32254,106062,,2.9056,-0.56518,,7.06584,10.1368,fluid
1733,3.33176,0.848665,,1006.55,-3.8979,104912,,2.5835,-0.688755,,2.15739,9.6257,fluid
1734,3.32433,1.00164,,1006.45,-4.25828,103203,,2.62601,-0.835696,,3.38455,9.79877,fluid
1735,3.31112,1.15813,,1006.36,-4.21356,101757,,2.58484,-0.931717,,3.11056,9.95904,fluid
1736,3.29615,1.31351,,1006.27,-4.28034,100292,,2.54256,-1.07852,,2.86015,9.72313,fluid
1737,3.28159,1.4711,,1006.18,-4.45175,98782.6,,2.51947,-1.19571,,2.94107,9.84526,fluid
1738,3.26489,1.62901,,1006.08,-4.56006,97218.7,,2.48096,-1.3196,,2.78782,9.84513,fluid
1739,3.24759,1.78817,,1005.99,-4.62961,95685,,2.44697,-1.44264,,2.7219,9.81137,fluid
1740,3.22942,1.9484,,1005.89,-4.73149,94146.3,,2.41262,-1.56715,,2.67473,9.79186,fluid
1741,3.21038,2.10967,,1005.8,-4.81817,92605.6,,2.37685,-1.69022,,2.61852,9.77971,fluid
1742,3.19066,2.27217,,1005.7,-4.86502,91050.8,,2.34188,-1.81279,,2.58495,9.77262,fluid
1743,3.17026,2.43589,,1005.61,-4.9121,89481.8,,2.30667,-1.93617,,2.55092,9.75108,fluid
1744,3.14933,2.60088,,1005.51,-4.95312,87911.6,,2.27163,-2.05923,,2.53169,9.72924,fluid
1745,3.12781,2.76719,,1005.41,-4.9959,86338.2,,2.23553,-2.18256,,2.51417,9.6992,fluid
1746,3.10588,2.93485,,1005.31,-5.02345,84764.6,,2.19931,-2.30591,,2.50571,9.66755,fluid
1747,3.08352,3.10392,,1005.22,-5.01544,83203.1,,2.16237,-2.42906,,2.49117,9.63075,fluid
1748,3.06082,3.27443,,1005.12,-4.96419,81658.4,,2.12502,-2.55217,,2.46476,9.59186,fluid
1749,3.03781,3.44643,,1005.03,-4.85654,80119,,2.08746,-2.67531,,2.42348,9.55696,fluid
1750,3.01454,3.61994,,1004.93,-4.67273,78568.2,,2.04992,-2.7984,,2.37245,9.52487,fluid
1751,2.99104,3.79501,,1004.83,-4.40893,76990.9,,2.01248,-2.92142,,2.32212,9.49188,fluid
1752,2.96734,3.97167,,1004.73,-4.09029,75376,,1.97519,-3.04428,,2.28772,9.45423,fluid
1753,2.94348,4.14997,,1004.63,-3.76251,73716.3,,1.93773,-3.16691,,2.283,9.40885,fluid
1754,2.91947,4.32992,,1004.53,-3.47533,72010.8,,1.89963,-3.28913,,2.31895,9.35355,fluid
1755,2.89537,4.51156,,1004.42,-3.27277,70269.9,,1.86029,-3.41068,,2.3997,9.2856,fluid
1756,2.87121,4.69492,,1004.31,-3.18754,68514.8,,1.81912,-3.53127,,2.51995,9.20389,fluid
1757,2.84703,4.88002,,1004.2,-3.23024,66772.6,,1.77554,-3.6506,,2.6643,9.1109,fluid
1758,2.8229,5.06687,,1004.09,-3.38507,65069.9,,1.72933,-3.76844,,2.8098,9.01135,fluid
1759,2.79888,5.25548,,1003.99,-3.61254,63426.4,,1.68055,-3.88458,,2.9313,8.91073,fluid
1760,2.77502,5.44587,,1003.89,-3.85969,61850.7,,1.62965,-3.99887,,3.00807,8.81521,fluid
1761,2.75136,5.63804,,1003.8,-4.07212,60337.7,,1.57741,-4.11121,,3.02624,8.73081,fluid
1762,2.72793,5.83201,,1003.71,-4.20712,58867.8,,1.5248,-4.22159,,2.98232,8.6619,fluid
1763,2.70473,6.02776,,1003.62,-4.24803,57410.3,,1.47276,-4.33,,2.88476,8.60996,fluid
1764,2.68179,6.22532,,1003.53,-4.20942,55931.1,,1.42213,-4.43646,,2.75226,8.57368,fluid
1765,2.65908,6.42468,,1003.43,-4.13071,54398.9,,1.37334,-4.54094,,2.60988,8.55072,fluid
1766,2.63658,6.62586,,1003.33,-4.06562,52790.5,,1.32641,-4.64333,,2.48482,8.53966,fluid
1767,2.61426,6.82887,,1003.22,-4.07125,51093.3,,1.281,-4.7435,,2.40041,8.5395,fluid
1768,2.59211,7.03372,,1003.11,-4.20521,49308.3,,1.23643,-4.84125,,2.3682,8.54594,fluid
1769,2.57012,7.24041,,1003,-4.51616,47452.8,,1.19185,-4.93627,,2.38865,8.55528,fluid
1770,2.5483,7.44894,,1002.88,-5.0264,45554.8,,1.14634,-5.02827,,2.45746,8.57179,fluid
1771,2.52666,7.65933,,1002.76,-5.72359,43640.2,,1.09912,-5.11711,,2.55799,8.59963,fluid
1772,2.50526,7.87157,,1002.64,-6.56486,41729.2,,1.04971,-5.20255,,2.66724,8.64042,fluid
1773,2.48413,8.08565,,1002.52,-7.48864,39842.7,,0.997967,-5.28435,,2.75941,8.6951,fluid
1774,2.46332,8.30159,,1002.4,-8.44195,37994.1,,0.944077,-5.36255,,2.81091,8.76124,fluid
1775,2.4429,8.51938,,1002.29,-9.39545,36185,,0.888612,-5.43704,,2.80685,8.83579,fluid
1776,2.4229,8.73903,,1002.18,-10.3003,34407.3,,0.832542,-5.50776,,2.74482,8.92793,fluid
1777,2.40334,8.96055,,1002.07,-11.0734,32631.5,,0.776997,-5.57484,,2.62395,9.03932,fluid
1778,2.38424,9.18395,,1001.95,-11.672,30812.2,,0.723217,-5.6382,,2.45518,9.15719,fluid
1779,2.36557,9.40924,,1001.83,-12.0977,28919.3,,0.672216,-5.69791,,2.25835,9.26694,fluid
1780,2.34725,9.63647,,1001.71,-12.2891,26943.6,,0.624193,-5.75359,,2.05288,9.37469,fluid
1781,2.32933,9.86561,,1001.58,-12.1931,24859.5,,0.579459,-5.80527,,1.85421,9.48385,fluid
1782,2.31167,10.0967,,1001.44,-11.9375,22638.5,,0.538057,-5.85341,,1.68589,9.56574,fluid
1783,2.29409,10.33,,1001.29,-11.6165,20335.4,,0.497813,-5.89651,,1.56077,9.62301,fluid
1784,2.27687,10.5651,,1001.14,-11.076,18005.9,,0.458048,-5.93403,,1.4668,9.69823,fluid
1785,2.25977,10.8025,,1000.99,-10.2921,15568.4,,0.420225,-5.96821,,1.40307,9.76425,fluid
1786,2.2424,11.042,,1000.83,-9.47256,13086.6,,0.38087,-5.99746,,1.35888,9.7783,fluid
1787,2.22531,11.2835,,1000.69,-8.42839,10776.3,,0.336867,-6.0173,,1.2849,9.81662,fluid
1788,2.20806,11.5285,,1000.54,-6.74956,8521.08,,0.290639,-6.03239,,1.17063,9.89206,fluid
1789,2.19258,11.7721,,1000.38,-4.79182,6010.18,,0.250288,-6.04641,,1.04576,9.9457,fluid
1790,2.17977,12.0219,,1000.22,-3.26606,3434.21,,0.223745,-6.05301,,0.977169,9.8674,fluid
1791,2.17047,12.2711,,1000.16,-2.34123,2534.28,,0.206176,-6.05707,,0.936129,9.8282,fluid
1792,3.51131,0.0974527,,1006.93,-3.18972,111086,,2.3146,0.0461855,,7.13806,10.1368,fluid
1793,3.75994,0.213511,,1006.83,-4.48712,109484,,2.76062,-0.292346,,-1.85278,9.85388,fluid
1794,3.78408,0.39142,,1006.75,-2.86249,108154,,3.28177,-0.251076,,7.08802,10.4174,fluid
1795,3.73128,0.53501,,1006.63,-5.14504,106131,,2.62772,-0.464348,,-2.82655,9.44282,fluid
1796,3.77163,0.685365,,1006.54,-4.16074,104759,,3.3248,-0.567444,,8.42529,10.2111,fluid
1797,3.73807,0.840446,,1006.48,-4.00429,103739,,2.93089,-0.700918,,2.38861,9.46992,fluid
1798,3.72967,0.991856,,1006.37,-4.61259,101982,,2.98299,-0.849457,,3.87036,9.79841,fluid
1799,3.71397,1.14732,,1006.28,-4.74637,100524,,2.92974,-0.943328,,3.53446,9.93024,fluid
1800,3.69695,1.30124,,1006.2,-4.83157,99091.4,,2.88304,-1.09248,,3.30142,9.70467,fluid
1801,3.68003,1.45785,,1006.11,-4.99405,97663.5,,2.85361,-1.20918,,3.39234,9.80047,fluid
1802,3.66091,1.61464,,1006.02,-5.22149,96182.4,,2.80926,-1.33523,,3.2326,9.78498,fluid
1803,3.64109,1.77275,,1005.93,-5.43212,94707.9,,2.76964,-1.45911,,3.14874,9.78915,fluid
1804,3.62025,1.932,,1005.83,-5.64555,93200.8,,2.72977,-1.58453,,3.07626,9.79407,fluid
1805,3.59853,2.09237,,1005.74,-5.79783,91684.4,,2.68947,-1.70848,,2.99851,9.78531,fluid
1806,3.57602,2.25404,,1005.65,-5.87908,90162.8,,2.64958,-1.83209,,2.93493,9.77616,fluid
1807,3.55279,2.41697,,1005.55,-5.95574,88631.5,,2.60944,-1.95673,,2.86996,9.75308,fluid
1808,3.52895,2.58122,,1005.46,-6.01694,87103.9,,2.56957,-2.08087,,2.81488,9.73832,fluid
1809,3.50448,2.74684,,1005.36,-6.05263,85566.5,,2.52935,-2.20533,,2.76032,9.72537,fluid
1810,3.47953,2.91387,,1005.27,-6.03649,84004.9,,2.4897,-2.33008,,2.72117,9.71809,fluid
1811,3.45411,3.08235,,1005.17,-5.96467,82420,,2.4499,-2.45491,,2.6998,9.70404,fluid
1812,3.42826,3.25234,,1005.07,-5.87581,80817.2,,2.40963,-2.58002,,2.70343,9.67785,fluid
1813,3.40204,3.42388,,1004.97,-5.81368,79199,,2.36858,-2.70538,,2.73513,9.64362,fluid
1814,3.37549,3.59699,,1004.87,-5.79466,77573.5,,2.32622,-2.83063,,2.78907,9.6006,fluid
1815,3.34869,3.77172,,1004.77,-5.81006,75958,,2.28222,-2.95554,,2.85372,9.54773,fluid
1816,3.3217,3.9481,,1004.67,-5.83783,74369.6,,2.23643,-3.07999,,2.91357,9.4866,fluid
1817,3.29457,4.12616,,1004.58,-5.84596,72815.3,,2.18893,-3.20384,,2.9535,9.4213,fluid
1818,3.26737,4.30592,,1004.48,-5.79485,71289.9,,2.14005,-3.32691,,2.96319,9.35591,fluid
1819,3.24013,4.48741,,1004.39,-5.65114,69779.6,,2.09028,-3.44906,,2.93943,9.29098,fluid
1820,3.2129,4.67064,,1004.29,-5.4031,68264.2,,2.04018,-3.57021,,2.88856,9.22634,fluid
1821,3.18571,4.85564,,1004.2,-5.06344,66718.8,,1.99005,-3.69031,,2.82394,9.16204,fluid
1822,3.15859,5.04244,,1004.1,-4.6717,65119.7,,1.9402,-3.80922,,2.7642,9.09631,fluid
1823,3.13155,5.23103,,1003.99,-4.28644,63454.3,,1.89054,-3.92677,,2.72902,9.02631,fluid
1824,3.10461,5.42143,,1003.89,-3.97385,61724.5,,1.84079,-4.04275,,2.7349,8.95055,fluid
1825,3.0778,5.61366,,1003.78,-3.79259,59945.9,,1.79032,-4.15697,,2.78856,8.86983,fluid
1826,3.05113,5.80772,,1003.66,-3.78069,58144.1,,1.73843,-4.26919,,2.88514,8.78703,fluid
1827,3.02464,6.00362,,1003.55,-3.94722,56351.2,,1.68448,-4.3792,,3.0091,8.7055,fluid
1828,2.99839,6.20136,,1003.44,-4.27336,54598.9,,1.6282,-4.48679,,3.13747,8.62965,fluid
1829,2.97241,6.40094,,1003.34,-4.71441,52910.3,,1.56961,-4.59184,,3.24438,8.5651,fluid
1830,2.94675,6.60235,,1003.24,-5.20851,51293.4,,1.50911,-4.69425,,3.30749,8.51781,fluid
1831,2.92145,6.8056,,1003.14,-5.6968,49739.7,,1.44745,-4.79398,,3.31145,8.4915,fluid
1832,2.89653,7.01068,,1003.04,-6.14048,48226.4,,1.38555,-4.89106,,3.25265,8.48702,fluid
1833,2.872,7.2176,,1002.95,-6.528,46721,,1.32438,-4.98551,,3.14089,8.50295,fluid
1834,2.84785,7.42637,,1002.85,-6.87004,45188.1,,1.26465,-5.07728,,2.99357,8.5372,fluid
1835,2.82405,7.637,,1002.75,-7.19033,43593.7,,1.20689,-5.16628,,2.82591,8.58333,fluid
1836,2.80058,7.84948,,1002.65,-7.51903,41911.7,,1.15136,-5.25235,,2.65932,8.63644,fluid
1837,2.7774,8.06383,,1002.54,-7.89124,40132.2,,1.09792,-5.33518,,2.51366,8.69413,fluid
1838,2.75449,8.28004,,1002.42,-8.34635,38255,,1.04611,-5.41466,,2.40432,8.75562,fluid
1839,2.7318,8.49815,,1002.3,-8.91914,36285.5,,0.99517,-5.49053,,2.3403,8.81797,fluid
1840,2.70934,8.71813,,1002.17,-9.60225,34245,,0.944207,-5.56234,,2.31952,8.88345,fluid
1841,2.68709,8.94001,,1002.04,-10.3263,32161.9,,0.892363,-5.62997,,2.32733,8.95647,fluid
1842,2.6651,9.1638,,1001.9,-11.0235,30059.7,,0.8389,-5.69322,,2.34059,9.03139,fluid
1843,2.64342,9.38948,,1001.77,-11.6567,27966.5,,0.783736,-5.75188,,2.33787,9.10496,fluid
1844,2.62208,9.61707,,1001.64,-12.1461,25903.6,,0.727145,-5.80615,,2.30633,9.18576,fluid
1845,2.60114,9.84661,,1001.51,-12.3987,23867,,0.669306,-5.85585,,2.23242,9.27647,fluid
1846,2.58069,10.0781,,1001.38,-12.4206,21827.4,,0.611664,-5.90102,,2.10938,9.36645,fluid
1847,2.56067,10.3115,,1001.25,-12.2066,19762.3,,0.555923,-5.94235,,1.95591,9.45244,fluid
1848,2.54103,10.5469,,1001.12,-11.624,17675.3,,0.501416,-5.97878,,1.78927,9.54884,fluid
1849,2.52182,10.7845,,1000.99,-10.7013,15506.4,,0.448822,-6.01034,,1.61086,9.64125,fluid
1850,2.50307,11.0239,,1000.84,-9.70279,13217,,0.400907,-6.03857,,1.44122,9.68927,fluid
1851,2.48456,11.2653,,1000.69,-8.55777,10861.8,,0.357264,-6.0614,,1.30946,9.72785,fluid
1852,2.4652,11.5103,,1000.54,-6.87517,8479.81,,0.31217,-6.07916,,1.20434,9.77981,fluid
1853,2.44715,11.7547,,1000.38,-4.91769,5994.62,,0.268435,-6.09105,,1.10239,9.83644,fluid
1854,2.43198,12.0036,,1000.21,-3.45486,3333.47,,0.234867,-6.09814,,1.03078,9.75971,fluid
1855,2.42134,12.2515,,1000.16,-2.37106,2488.46,,0.211864,-6.10584,,0.971436,9.69211,fluid
1856,3.90902,0.0980565,,1006.87,-3.31239,110063,,2.72307,0.0470343,,7.80678,10.1719,fluid
1857,4.16094,0.209656,,1006.72,-5.56449,107640,,2.96268,-0.289342,,-2.93215,9.79027,fluid
1858,4.20557,0.388184,,1006.67,-3.42302,106788,,3.75797,-0.246944,,8.85025,10.5424,fluid
1859,4.14074,0.528357,,1006.54,-6.10454,104613,,2.91757,-0.481408,,-3.74842,9.37482,fluid
1860,4.18834,0.677677,,1006.46,-4.65611,103340,,3.75493,-0.56982,,9.8181,10.1849,fluid
1861,4.14863,0.830971,,1006.41,-3.94025,102622,,3.28044,-0.716728,,2.53873,9.20077,fluid
1862,4.13906,0.980627,,1006.3,-4.78976,100813,,3.34249,-0.863739,,4.27048,9.77804,fluid
1863,4.12087,1.13503,,1006.21,-5.11688,99361.5,,3.28183,-0.955284,,3.89285,9.88651,fluid
1864,4.10157,1.28731,,1006.13,-5.25118,97951.2,,3.23018,-1.10739,,3.57577,9.70681,fluid
1865,4.08218,1.44279,,1006.04,-5.37962,96543.9,,3.19652,-1.22461,,3.64959,9.80509,fluid
1866,4.06046,1.5983,,1005.95,-5.58918,95050.7,,3.14727,-1.35305,,3.47747,9.78096,fluid
1867,4.03792,1.75524,,1005.86,-5.79602,93571.7,,3.10276,-1.4773,,3.39472,9.79451,fluid
1868,4.01429,1.91344,,1005.77,-6.06286,92076.9,,3.05851,-1.60366,,3.33164,9.79277,fluid
1869,3.98974,2.07281,,1005.67,-6.32662,90582.3,,3.01406,-1.72919,,3.26088,9.78053,fluid
1870,3.96427,2.23351,,1005.58,-6.54088,89079.9,,2.96922,-1.85431,,3.19876,9.78472,fluid
1871,3.93802,2.39553,,1005.49,-6.74734,87548.7,,2.92456,-1.98046,,3.15187,9.77475,fluid
1872,3.9111,2.55896,,1005.39,-6.93561,86014.9,,2.88014,-2.10609,,3.1262,9.7644,fluid
1873,3.88349,2.72383,,1005.3,-7.11666,84481.5,,2.83507,-2.23213,,3.10671,9.74631,fluid
1874,3.85536,2.89016,,1005.2,-7.27319,82948.7,,2.78983,-2.35845,,3.09422,9.72921,fluid
1875,3.82672,3.05802,,1005.11,-7.37524,81423.7,,2.74394,-2.48473,,3.07959,9.70846,fluid
1876,3.79763,3.22745,,1005.01,-7.40345,79908.4,,2.69734,-2.61119,,3.05829,9.68424,fluid
1877,3.76817,3.39848,,1004.92,-7.34596,78389.2,,2.65034,-2.73784,,3.03217,9.6628,fluid
1878,3.73836,3.57115,,1004.83,-7.19267,76849.4,,2.60276,-2.86447,,3.00363,9.64184,fluid
1879,3.70828,3.7455,,1004.73,-6.95208,75276.9,,2.55475,-2.99096,,2.98385,9.61718,fluid
1880,3.67797,3.92156,,1004.63,-6.66172,73663.9,,2.5061,-3.1173,,2.9844,9.58501,fluid
1881,3.64749,4.09935,,1004.53,-6.37706,72008.2,,2.45648,-3.24328,,3.01636,9.5428,fluid
1882,3.61687,4.27892,,1004.42,-6.15037,70315.9,,2.40543,-3.36863,,3.08574,9.48847,fluid
1883,3.58618,4.46027,,1004.31,-6.01772,68604.9,,2.35243,-3.49305,,3.19001,9.41959,fluid
1884,3.55548,4.64343,,1004.21,-5.99291,66901.7,,2.29702,-3.61628,,3.31693,9.33676,fluid
1885,3.52483,4.82842,,1004.11,-6.06213,65231.9,,2.23898,-3.73806,,3.4459,9.24454,fluid
1886,3.4943,5.01523,,1004,-6.18545,63613.4,,2.17848,-3.85816,,3.55203,9.1481,fluid
1887,3.46395,5.20387,,1003.91,-6.30679,62053.6,,2.11599,-3.97641,,3.61449,9.05232,fluid
1888,3.43383,5.39435,,1003.81,-6.36968,60545.8,,2.05218,-4.09276,,3.62145,8.96168,fluid
1889,3.40398,5.58668,,1003.72,-6.33582,59068.8,,1.98792,-4.2072,,3.57405,8.88021,fluid
1890,3.37441,5.78084,,1003.63,-6.19876,57590.9,,1.92401,-4.31972,,3.48357,8.80994,fluid
1891,3.34512,5.97686,,1003.54,-5.98402,56079.3,,1.8611,-4.43028,,3.36979,8.74939,fluid
1892,3.31613,6.17472,,1003.44,-5.74393,54508.4,,1.79948,-4.5388,,3.2572,8.69631,fluid
1893,3.28741,6.37445,,1003.33,-5.54477,52864.5,,1.73904,-4.64515,,3.16935,8.64975,fluid
1894,3.25896,6.57603,,1003.23,-5.44975,51147.7,,1.67927,-4.74916,,3.1231,8.6093,fluid
1895,3.23078,6.77949,,1003.12,-5.51204,49372.6,,1.61951,-4.85059,,3.11903,8.57154,fluid
1896,3.20287,6.98482,,1003,-5.75747,47564.5,,1.55905,-4.94918,,3.15636,8.54133,fluid
1897,3.17527,7.19202,,1002.89,-6.17946,45749.9,,1.49723,-5.04475,,3.22033,8.52154,fluid
1898,3.14798,7.4011,,1002.78,-6.75098,43950.8,,1.43365,-5.13711,,3.28999,8.51483,fluid
1899,3.12105,7.61204,,1002.67,-7.43296,42182.5,,1.36824,-5.2261,,3.3439,8.52358,fluid
1900,3.09452,7.82484,,1002.56,-8.18018,40451.7,,1.30126,-5.31168,,3.36429,8.54851,fluid
1901,3.06841,8.03951,,1002.45,-8.94608,38756.9,,1.23323,-5.39372,,3.33768,8.58934,fluid
1902,3.04276,8.25604,,1002.35,-9.68643,37083.7,,1.16498,-5.47219,,3.25805,8.6465,fluid
1903,3.01756,8.47444,,1002.24,-10.3666,35402.7,,1.09742,-5.54711,,3.12889,8.71604,fluid
1904,2.99282,8.69473,,1002.13,-10.9598,33685.1,,1.03136,-5.61825,,2.96149,8.79341,fluid
1905,2.96851,8.9169,,1002.02,-11.4408,31905.1,,0.967463,-5.68555,,2.77272,8.8771,fluid
1906,2.94457,9.14098,,1001.9,-11.8168,30035.9,,0.905921,-5.74909,,2.58199,8.95879,fluid
1907,2.92098,9.36699,,1001.78,-12.1194,28071.9,,0.84646,-5.80832,,2.40635,9.03413,fluid
1908,2.8977,9.59492,,1001.65,-12.3296,26022.1,,0.788889,-5.86309,,2.25997,9.11329,fluid
1909,2.87469,9.8248,,1001.51,-12.417,23885,,0.732435,-5.91366,,2.14994,9.19078,fluid
1910,2.85192,10.0567,,1001.38,-12.4139,21687.6,,0.675823,-5.95903,,2.06265,9.25286,fluid
1911,2.82946,10.2905,,1001.24,-12.2543,19479.1,,0.619062,-5.99919,,1.97617,9.31662,fluid
1912,2.80731,10.5263,,1001.1,-11.7397,17258.5,,0.562576,-6.03492,,1.88781,9.39794,fluid
1913,2.78527,10.7642,,1000.95,-10.8797,15001.4,,0.50506,-6.06569,,1.78862,9.47017,fluid
1914,2.76357,11.0041,,1000.81,-9.90605,12772.1,,0.446229,-6.09073,,1.65882,9.5123,fluid
1915,2.74257,11.2457,,1000.67,-8.7303,10573.7,,0.388912,-6.11006,,1.49965,9.56775,fluid
1916,2.72143,11.4902,,1000.53,-6.9846,8329.64,,0.333811,-6.12732,,1.33736,9.63896,fluid
1917,2.70185,11.7348,,1000.38,-4.9534,5948.65,,0.284547,-6.13748,,1.19008,9.71277,fluid
1918,2.68497,11.9833,,1000.2,-3.43881,3205.6,,0.246401,-6.14746,,1.08684,9.61303,fluid
1919,2.67307,12.2305,,1000.16,-2.24945,2451.73,,0.220134,-6.1586,,1.01173,9.55546,fluid
1920,4.31243,0.098549,,1006.8,-3.32924,108956,,3.14335,0.0526684,,8.35424,10.3476,fluid
1921,4.56481,0.205438,,1006.58,-6.29042,105294,,3.16246,-0.28619,,-3.69607,10.1821,fluid
1922,4.63333,0.384222,,1006.57,-3.06875,105227,,4.26354,-0.24399,,10.5799,10.561,fluid
1923,4.55562,0.520684,,1006.42,-6.7182,102714,,3.2255,-0.504649,,-4.59838,9.16454,fluid
1924,4.61075,0.669049,,1006.35,-4.97162,101665,,4.21246,-0.572845,,11.218,10.1927,fluid
1925,4.56409,0.820164,,1006.32,-4.0207,101092,,3.64801,-0.737555,,2.68367,8.9383,fluid
1926,4.55289,0.96795,,1006.2,-4.92262,99193,,3.71568,-0.879437,,4.6424,9.76032,fluid
1927,4.5323,1.12124,,1006.12,-5.37694,97770.9,,3.65221,-0.969515,,4.38563,9.77112,fluid
1928,4.5104,1.27173,,1006.04,-5.61236,96459,,3.59165,-1.12456,,4.0002,9.61553,fluid
1929,4.4883,1.42591,,1005.95,-5.89409,95154.9,,3.55176,-1.24249,,4.07206,9.71986,fluid
1930,4.46379,1.58001,,1005.87,-6.28544,93715.5,,3.4966,-1.37264,,3.89207,9.71789,fluid
1931,4.43837,1.73568,,1005.78,-6.59175,92285.7,,3.446,-1.49695,,3.78451,9.76595,fluid
1932,4.41179,1.89269,,1005.69,-6.89842,90838.1,,3.39637,-1.62439,,3.70742,9.77617,fluid
1933,4.38423,2.05093,,1005.6,-7.18732,89390,,3.34661,-1.75166,,3.62289,9.76537,fluid
1934,4.35565,2.21056,,1005.51,-7.44898,87940,,3.29642,-1.87801,,3.54136,9.77739,fluid
1935,4.32626,2.3716,,1005.42,-7.71966,86456.4,,3.24698,-2.00552,,3.46928,9.77892,fluid
1936,4.29615,2.53412,,1005.33,-7.95393,84966.1,,3.19808,-2.13265,,3.40836,9.78425,fluid
1937,4.2653,2.69813,,1005.23,-8.13109,83465.6,,3.14873,-2.26042,,3.35196,9.78421,fluid
1938,4.23385,2.86368,,1005.14,-8.24431,81943.5,,3.09963,-2.38874,,3.31658,9.78539,fluid
1939,4.20184,3.03083,,1005.05,-8.30749,80397.6,,3.05026,-2.51731,,3.30571,9.78061,fluid
1940,4.16931,3.19963,,1004.95,-8.35156,78832.8,,3.00001,-2.64623,,3.32022,9.7658,fluid
1941,4.13637,3.37011,,1004.85,-8.40331,77253.8,,2.94872,-2.77535,,3.36126,9.74341,fluid
1942,4.10303,3.5423,,1004.75,-8.46261,75671.2,,2.89554,-2.90437,,3.41815,9.71067,fluid
1943,4.06941,3.71626,,1004.66,-8.50866,74099.4,,2.84046,-3.03306,,3.48116,9.66804,fluid
1944,4.03558,3.89199,,1004.56,-8.51299,72549.8,,2.78331,-3.16124,,3.53464,9.61747,fluid
1945,4.00161,4.06952,,1004.46,-8.44745,71024.2,,2.72426,-3.2887,,3.56677,9.56255,fluid
1946,3.96756,4.24888,,1004.37,-8.28487,69512,,2.66361,-3.41529,,3.57132,9.50652,fluid
1947,3.9335,4.43008,,1004.28,-8.00755,67994.1,,2.60183,-3.54086,,3.55111,9.44986,fluid
1948,3.89949,4.61313,,1004.18,-7.62476,66448.3,,2.53929,-3.6653,,3.51719,9.39066,fluid
1949,3.86555,4.79805,,1004.08,-7.18014,64855.6,,2.47621,-3.78849,,3.48516,9.32649,fluid
1950,3.83175,4.98485,,1003.98,-6.74164,63205.4,,2.41264,-3.91027,,3.47122,9.25534,fluid
1951,3.7981,5.17354,,1003.87,-6.38058,61500,,2.34838,-4.03047,,3.48891,9.17583,fluid
1952,3.76465,5.36411,,1003.76,-6.15182,59756,,2.28302,-4.14886,,3.54371,9.08781,fluid
1953,3.73143,5.55657,,1003.65,-6.08389,58000.5,,2.21616,-4.26519,,3.63099,8.99334,fluid
1954,3.69848,5.75091,,1003.55,-6.17625,56264.6,,2.14741,-4.37929,,3.73416,8.89583,fluid
1955,3.66586,5.94715,,1003.44,-6.39707,54576.6,,2.07667,-4.49098,,3.8301,8.79972,fluid
1956,3.6336,6.14526,,1003.34,-6.68895,52953.4,,2.00417,-4.60014,,3.89592,8.71116,fluid
1957,3.60174,6.34525,,1003.24,-6.98656,51395.2,,1.93039,-4.70674,,3.91453,8.63681,fluid
1958,3.5703,6.5471,,1003.15,-7.23883,49885.3,,1.8561,-4.81076,,3.87754,8.57952,fluid
1959,3.5393,6.75083,,1003.06,-7.42482,48395.7,,1.78213,-4.91217,,3.78938,8.53971,fluid
1960,3.50874,6.95642,,1002.96,-7.55171,46894.2,,1.70912,-5.01095,,3.66668,8.51782,fluid
1961,3.4786,7.1639,,1002.86,-7.64694,45349.7,,1.63752,-5.10701,,3.52357,8.50843,fluid
1962,3.44886,7.37325,,1002.76,-7.75179,43737.7,,1.56748,-5.20017,,3.38093,8.50927,fluid
1963,3.4195,7.58449,,1002.66,-7.91412,42045.1,,1.49886,-5.29023,,3.25636,8.51821,fluid
1964,3.39049,7.7976,,1002.55,-8.17883,40272.5,,1.43125,-5.37695,,3.16166,8.53369,fluid
1965,3.36183,8.01261,,1002.43,-8.57307,38432.3,,1.36407,-5.4601,,3.10142,8.55573,fluid
1966,3.33351,8.22949,,1002.31,-9.09905,36543.5,,1.2966,-5.53942,,3.07141,8.58507,fluid
1967,3.30555,8.44827,,1002.19,-9.738,34627.7,,1.22827,-5.61474,,3.05883,8.62093,fluid
1968,3.27794,8.66895,,1002.07,-10.4499,32709.7,,1.15869,-5.68581,,3.0462,8.66376,fluid
1969,3.25074,8.89153,,1001.95,-11.1716,30808.8,,1.08778,-5.75246,,3.01555,8.7176,fluid
1970,3.22397,9.11601,,1001.83,-11.8445,28922.8,,1.01596,-5.81481,,2.95308,8.78072,fluid
1971,3.19765,9.3424,,1001.71,-12.4153,27043.7,,0.943864,-5.87275,,2.85185,8.84907,fluid
1972,3.17181,9.5707,,1001.6,-12.781,25166,,0.872194,-5.92594,,2.711,8.93196,fluid
1973,3.14647,9.80091,,1001.47,-12.8636,23249.3,,0.802018,-5.9749,,2.53962,9.02563,fluid
1974,3.12156,10.0331,,1001.35,-12.7308,21255.9,,0.733948,-6.0196,,2.35405,9.10242,fluid
1975,3.09703,10.2673,,1001.22,-12.4054,19213.1,,0.667827,-6.05923,,2.16574,9.16878,fluid
1976,3.07295,10.5033,,1001.09,-11.731,17123.2,,0.603869,-6.09391,,1.98004,9.25295,fluid
1977,3.04915,10.7415,,1000.95,-10.723,14916.3,,0.542586,-6.12457,,1.80813,9.33031,fluid
1978,3.02553,10.9816,,1000.8,-9.65575,12639.6,,0.483001,-6.15023,,1.65798,9.36614,fluid
1979,3.0022,11.2236,,1000.66,-8.48331,10361.3,,0.423738,-6.16931,,1.52194,9.40455,fluid
1980,2.97865,11.4683,,1000.52,-6.79087,8109.25,,0.363334,-6.18531,,1.38594,9.4674,fluid
1981,2.95686,11.7134,,1000.37,-4.78723,5823.3,,0.306738,-6.19305,,1.24678,9.5525,fluid
1982,2.93822,11.9614,,1000.2,-3.2957,3112.66,,0.261541,-6.20369,,1.13555,9.46175,fluid
1983,2.9252,12.2082,,1000.15,-2.21464,2425.11,,0.231006,-6.21576,,1.0555,9.4223,fluid
1984,4.72239,0.0991331,,1006.73,-2.64817,107802,,3.57372,0.0548589,,8.41517,10.2851,fluid
1985,4.97212,0.20095,,1006.41,-6.16313,102615,,3.36062,-0.282165,,-4.04113,10.4811,fluid
1986,5.06836,0.379539,,1006.45,-3.4703,103255,,4.79187,-0.243091,,11.992,10.6871,fluid
1987,4.97647,0.511976,,1006.29,-7.20746,100665,,3.5399,-0.530394,,-5.31966,8.75412,fluid
1988,5.03977,0.659485,,1006.24,-5.56719,99860.6,,4.69174,-0.576702,,12.6911,10.1033,fluid
1989,4.9851,0.807955,,1006.23,-3.97064,99694.4,,4.02207,-0.763722,,2.69331,8.56666,fluid
1990,4.97192,0.953787,,1006.11,-5.0723,97681.6,,4.09399,-0.896197,,4.8567,9.723,fluid
1991,4.94888,1.10582,,1006.02,-5.73116,96218,,4.03254,-0.985663,,4.74183,9.69084,fluid
1992,4.92412,1.25434,,1005.94,-5.78499,94954.5,,3.9624,-1.14221,,4.24329,9.59341,fluid
1993,4.89913,1.40707,,1005.87,-5.89042,93707.3,,3.91739,-1.26117,,4.31527,9.67624,fluid
1994,4.87161,1.55962,,1005.78,-6.24068,92298.8,,3.85721,-1.39339,,4.15083,9.6703,fluid
1995,4.8431,1.71391,,1005.69,-6.63952,90895.1,,3.80141,-1.51825,,4.03644,9.74095,fluid
1996,4.8134,1.86961,,1005.6,-7.09103,89463.3,,3.74736,-1.6468,,3.96246,9.77397,fluid
1997,4.7826,2.02658,,1005.52,-7.49793,88027.8,,3.69263,-1.77595,,3.87516,9.77344,fluid
1998,4.75074,2.18505,,1005.43,-7.85276,86597,,3.6379,-1.90372,,3.80308,9.79421,fluid
1999,4.718,2.34499,,1005.34,-8.22672,85127.5,,3.58391,-2.03311,,3.74936,9.80185,fluid
2000,4.68448,2.5065,,1005.25,-8.61187,83650.3,,3.53041,-2.16237,,3.71604,9.81091,fluid
2001,4.65016,2.66958,,1005.15,-8.98654,82170.3,,3.47611,-2.29229,,3.68976,9.81102,fluid
2002,4.61519,2.83429,,1005.06,-9.31175,80685.6,,3.42168,-2.42274,,3.67836,9.80955,fluid
2003,4.57963,3.00069,,1004.97,-9.556,79198,,3.36655,-2.55338,,3.67364,9.8038,fluid
2004,4.54353,3.16881,,1004.88,-9.70296,77710.5,,3.31029,-2.6843,,3.66916,9.79246,fluid
2005,4.50699,3.33869,,1004.79,-9.74955,76214.9,,3.25308,-2.81543,,3.666,9.78001,fluid
2006,4.47005,3.51038,,1004.69,-9.69223,74696.6,,3.19456,-2.9466,,3.66535,9.76573,fluid
2007,4.4328,3.68389,,1004.6,-9.53585,73143.3,,3.13476,-3.0776,,3.67634,9.74737,fluid
2008,4.39532,3.85926,,1004.5,-9.31467,71550.4,,3.07343,-3.20826,,3.70735,9.71887,fluid
2009,4.35767,4.03651,,1004.4,-9.08685,69923.2,,3.01027,-3.3383,,3.76535,9.67669,fluid
2010,4.31993,4.21567,,1004.29,-8.90594,68274.1,,2.94491,-3.46746,,3.8505,9.62094,fluid
2011,4.28219,4.39674,,1004.19,-8.79499,66622,,2.87703,-3.59541,,3.9546,9.55254,fluid
2012,4.24451,4.57973,,1004.09,-8.74586,64989.3,,2.8065,-3.72186,,4.06182,9.47295,fluid
2013,4.20697,4.76465,,1003.99,-8.72499,63394.3,,2.73341,-3.84662,,4.15118,9.38578,fluid
2014,4.16964,4.95148,,1003.89,-8.68619,61843.2,,2.65825,-3.96953,,4.20343,9.29631,fluid
2015,4.13258,5.14023,,1003.8,-8.58388,60328.4,,2.58169,-4.09052,,4.20822,9.20846,fluid
2016,4.09584,5.33091,,1003.71,-8.38781,58830.6,,2.50452,-4.20956,,4.1665,9.12393,fluid
2017,4.05944,5.52349,,1003.61,-8.09937,57322.9,,2.4274,-4.32665,,4.09055,9.04261,fluid
2018,4.0234,5.71799,,1003.52,-7.75594,55778.8,,2.35081,-4.44175,,4.00071,8.96265,fluid
2019,3.98773,5.91441,,1003.42,-7.41997,54180.8,,2.27491,-4.55475,,3.91907,8.8825,fluid
2020,3.95243,6.11273,,1003.31,-7.15686,52524.9,,2.19951,-4.66549,,3.86451,8.80246,fluid
2021,3.91751,6.31296,,1003.21,-7.02137,50820.2,,2.12414,-4.77381,,3.84642,8.72383,fluid
2022,3.88298,6.5151,,1003.1,-7.04962,49087.2,,2.04828,-4.87948,,3.85873,8.64564,fluid
2023,3.84885,6.71914,,1002.99,-7.24643,47353,,1.97142,-4.98227,,3.89466,8.57414,fluid
2024,3.81514,6.92509,,1002.88,-7.58665,45641.6,,1.89321,-5.08203,,3.9352,8.51289,fluid
2025,3.78189,7.13293,,1002.78,-8.02717,43968.2,,1.81359,-5.17859,,3.96228,8.46694,fluid
2026,3.74912,7.34265,,1002.68,-8.51822,42336.5,,1.73275,-5.27186,,3.95918,8.43939,fluid
2027,3.71684,7.55427,,1002.58,-9.01582,40737.8,,1.65116,-5.3618,,3.91366,8.42956,fluid
2028,3.68507,7.76776,,1002.48,-9.49212,39155.8,,1.56946,-5.44828,,3.82219,8.43571,fluid
2029,3.65381,7.98313,,1002.38,-9.93103,37569,,1.48834,-5.53119,,3.68906,8.45659,fluid
2030,3.62306,8.20039,,1002.27,-10.3272,35949.7,,1.40843,-5.61047,,3.52555,8.48948,fluid
2031,3.59279,8.41954,,1002.17,-10.6942,34270.9,,1.33013,-5.68596,,3.34697,8.5293,fluid
2032,3.56296,8.64059,,1002.06,-11.0546,32517.4,,1.25358,-5.75744,,3.17021,8.57369,fluid
2033,3.53355,8.86355,,1001.94,-11.419,30684.2,,1.17858,-5.82472,,3.00989,8.62299,fluid
2034,3.50452,9.08844,,1001.82,-11.795,28771.8,,1.10464,-5.88757,,2.87238,8.67367,fluid
2035,3.47588,9.31524,,1001.7,-12.1761,26795.4,,1.03134,-5.94576,,2.75626,8.72256,fluid
2036,3.44759,9.54397,,1001.57,-12.4817,24785.8,,0.958102,-5.99898,,2.65383,8.77825,fluid
2037,3.41968,9.77465,,1001.44,-12.6074,22758.1,,0.884415,-6.04719,,2.54894,8.84456,fluid
2038,3.39218,10.0072,,1001.31,-12.5576,20709.2,,0.81062,-6.09044,,2.42908,8.90693,fluid
2039,3.36507,10.2418,,1001.18,-12.332,18657.5,,0.737112,-6.12872,,2.29606,8.96683,fluid
2040,3.33839,10.4783,,1001.06,-11.7791,16613,,0.663782,-6.16179,,2.1507,9.04507,fluid
2041,3.3121,10.7168,,1000.92,-10.8592,14531.4,,0.590959,-6.19008,,1.98355,9.12798,fluid
2042,3.2863,10.9572,,1000.79,-9.78854,12419.7,,0.520045,-6.21342,,1.79883,9.18472,fluid
2043,3.26111,11.1993,,1000.65,-8.56266,10249.3,,0.452345,-6.23148,,1.61728,9.24074,fluid
2044,3.2358,11.4441,,1000.51,-6.81951,8042.86,,0.386432,-6.24751,,1.45238,9.30995,fluid
2045,3.21221,11.6896,,1000.37,-4.77295,5801.66,,0.325623,-6.25336,,1.30439,9.4095,fluid
2046,3.19188,11.9376,,1000.19,-3.30618,3042.31,,0.276392,-6.26431,,1.1907,9.31874,fluid
2047,3.17767,12.1842,,1000.15,-2.22914,2384.74,,0.242726,-6.27724,,1.10721,9.26761,fluid
2048,5.13949,0.0998291,,1006.64,-3.12055,106299,,4.01094,0.0564321,,7.97242,9.80854,fluid
2049,5.38389,0.195867,,1006.25,-4.34208,99892.3,,3.57844,-0.270366,,-3.52673,10.804,fluid
2050,5.51117,0.37398,,1006.33,-3.4181,101206,,5.33891,-0.244155,,12.6261,11.0577,fluid
2051,5.40466,0.501989,,1006.15,-7.7545,98410.3,,3.87714,-0.561424,,-5.86688,8.61217,fluid
2052,5.47616,0.648821,,1006.11,-5.50802,97657.2,,5.19634,-0.579405,,13.9864,10.2474,fluid
2053,5.41209,0.794107,,1006.12,-3.10167,97916.9,,4.40684,-0.794621,,2.64518,8.24403,fluid
2054,5.39675,0.938036,,1006,-4.29651,95833.8,,4.48666,-0.913551,,5.15433,9.69582,fluid
2055,5.37123,1.08867,,1005.9,-5.63867,94304.9,,4.43159,-1.00431,,5.24058,9.58174,fluid
2056,5.34329,1.23511,,1005.83,-5.91047,93134.2,,4.3496,-1.16102,,4.60666,9.55723,fluid
2057,5.31512,1.38619,,1005.76,-6.08893,91971,,4.29722,-1.28185,,4.64911,9.60747,fluid
2058,5.28438,1.53709,,1005.68,-6.42143,90637.4,,4.23199,-1.41557,,4.52516,9.60451,fluid
2059,5.25255,1.68986,,1005.59,-6.8531,89299.6,,4.16975,-1.54077,,4.39732,9.69152,fluid
2060,5.2195,1.84411,,1005.51,-7.38086,87925.1,,4.11042,-1.67026,,4.32086,9.7476,fluid
2061,5.18526,1.99971,,1005.42,-7.87554,86546.2,,4.05037,-1.80151,,4.22066,9.76165,fluid
2062,5.14993,2.15689,,1005.34,-8.31306,85174.3,,3.99068,-1.9309,,4.13168,9.79674,fluid
2063,5.11364,2.31563,,1005.25,-8.73453,83756,,3.93186,-2.06217,,4.05713,9.82163,fluid
2064,5.07653,2.47603,,1005.16,-9.13793,82323,,3.87388,-2.19355,,4.00229,9.84551,fluid
2065,5.03855,2.63809,,1005.07,-9.51388,80877.4,,3.81537,-2.3258,,3.95624,9.86048,fluid
2066,4.99987,2.80188,,1004.98,-9.84414,79408.6,,3.75685,-2.45891,,3.93296,9.87463,fluid
2067,4.96054,2.96746,,1004.89,-10.1187,77910.1,,3.69757,-2.59245,,3.93492,9.88243,fluid
2068,4.92063,3.13485,,1004.8,-10.3492,76391.6,,3.63688,-2.72631,,3.96395,9.877,fluid
2069,4.88022,3.30411,,1004.7,-10.5584,74863.5,,3.5744,-2.86042,,4.01768,9.85904,fluid
2070,4.8394,3.47526,,1004.61,-10.7486,73333.5,,3.50962,-2.99445,,4.08593,9.83146,fluid
2071,4.79827,3.64834,,1004.51,-10.8862,71809,,3.44225,-3.12803,,4.15494,9.7972,fluid
2072,4.75693,3.82336,,1004.42,-10.9243,70296.6,,3.37229,-3.26088,,4.21079,9.75529,fluid
2073,4.71548,4.00035,,1004.33,-10.8326,68796.4,,3.29999,-3.39282,,4.24454,9.70662,fluid
2074,4.674,4.1793,,1004.23,-10.6001,67295.7,,3.2257,-3.52371,,4.254,9.65515,fluid
2075,4.63256,4.36023,,1004.14,-10.2355,65773.4,,3.14976,-3.65335,,4.24561,9.6022,fluid
2076,4.59125,4.54314,,1004.04,-9.77789,64211.6,,3.07254,-3.78158,,4.23216,9.54456,fluid
2077,4.55011,4.72803,,1003.94,-9.29168,62601.6,,2.99416,-3.90829,,4.22776,9.47884,fluid
2078,4.5092,4.9149,,1003.84,-8.8525,60945.6,,2.91464,-4.03331,,4.2439,9.40367,fluid
2079,4.46857,5.10375,,1003.73,-8.52359,59258.1,,2.8338,-4.15645,,4.28641,9.31868,fluid
2080,4.42827,5.29456,,1003.63,-8.33857,57563.5,,2.75138,-4.27753,,4.35083,9.2245,fluid
2081,4.38835,5.48734,,1003.52,-8.29635,55889.8,,2.66725,-4.39638,,4.42299,9.12299,fluid
2082,4.34885,5.68207,,1003.42,-8.36246,54259.7,,2.58147,-4.51286,,4.48431,9.01749,fluid
2083,4.30981,5.87875,,1003.32,-8.47887,52683.9,,2.49436,-4.62685,,4.51614,8.91343,fluid
2084,4.27126,6.07735,,1003.23,-8.58158,51157.3,,2.40646,-4.73831,,4.50616,8.8162,fluid
2085,4.23322,6.27788,,1003.13,-8.6287,49660.3,,2.31843,-4.84723,,4.45137,8.72851,fluid
2086,4.19571,6.48033,,1003.04,-8.61745,48165.5,,2.23087,-4.95356,,4.35953,8.65081,fluid
2087,4.15871,6.6847,,1002.95,-8.57153,46647.4,,2.1442,-5.05719,,4.24642,8.58275,fluid
2088,4.12222,6.89099,,1002.85,-8.52874,45085.7,,2.05858,-5.15799,,4.12786,8.52267,fluid
2089,4.08622,7.09918,,1002.75,-8.53169,43468.9,,1.97393,-5.25577,,4.0191,8.47038,fluid
2090,4.05069,7.30929,,1002.64,-8.61945,41796,,1.88992,-5.35026,,3.93103,8.42765,fluid
2091,4.01563,7.5213,,1002.53,-8.82046,40075.2,,1.8061,-5.44131,,3.86751,8.39575,fluid
2092,3.98104,7.73521,,1002.42,-9.14892,38322.5,,1.72193,-5.52868,,3.82476,8.37429,fluid
2093,3.94691,7.95102,,1002.31,-9.60008,36560.3,,1.63702,-5.61211,,3.79215,8.36438,fluid
2094,3.91328,8.16872,,1002.2,-10.1438,34805.7,,1.55115,-5.69151,,3.75519,8.36749,fluid
2095,3.88014,8.38832,,1002.09,-10.739,33066,,1.46436,-5.76674,,3.69898,8.38214,fluid
2096,3.84752,8.60982,,1001.99,-11.3366,31343.8,,1.37696,-5.83758,,3.61175,8.40926,fluid
2097,3.81543,8.83322,,1001.88,-11.8772,29629.1,,1.28957,-5.90402,,3.48848,8.45091,fluid
2098,3.78387,9.05852,,1001.77,-12.3228,27896.8,,1.20276,-5.96606,,3.33113,8.50083,fluid
2099,3.75284,9.28574,,1001.66,-12.6627,26129.3,,1.11719,-6.02341,,3.14691,8.5532,fluid
2100,3.72231,9.51487,,1001.54,-12.8554,24315.6,,1.03333,-6.076,,2.94943,8.61399,fluid
2101,3.69225,9.74594,,1001.42,-12.8563,22432.8,,0.951316,-6.12398,,2.75137,8.68115,fluid
2102,3.66264,9.97895,,1001.3,-12.7011,20474.1,,0.870945,-6.16689,,2.55744,8.74079,fluid
2103,3.63343,10.2139,,1001.17,-12.3914,18466.1,,0.792234,-6.20447,,2.37344,8.80006,fluid
2104,3.60467,10.4508,,1001.04,-11.7964,16408.6,,0.715175,-6.23693,,2.20465,8.87505,fluid
2105,3.57618,10.6897,,1000.91,-10.8917,14276,,0.639126,-6.26464,,2.04831,8.94846,fluid
2106,3.54805,10.9306,,1000.77,-9.86433,12135.6,,0.563526,-6.28647,,1.89113,8.99761,fluid
2107,3.5205,11.1731,,1000.63,-8.67651,9980.47,,0.48903,-6.30231,,1.72732,9.05256,fluid
2108,3.49303,11.4181,,1000.5,-6.93631,7834.35,,0.415491,-6.31646,,1.56055,9.12481,fluid
2109,3.46749,11.6641,,1000.36,-4.83821,5687.44,,0.347518,-6.31964,,1.39649,9.24337,fluid
2110,3.44557,11.9121,,1000.19,-3.33287,2944.19,,0.292603,-6.33072,,1.26263,9.14641,fluid
2111,3.43025,12.1586,,1000.15,-2.17555,2336.74,,0.255446,-6.34383,,1.16555,9.09421,fluid
2112,5.56463,0.100651,,1006.54,-4.75014,104639,,4.44944,0.0591267,,6.87422,9.76173,fluid
2113,5.80139,0.190184,,1006.12,-1.49066,97783.4,,3.8253,-0.256626,,-1.6202,11.3958,fluid
2114,5.96214,0.36753,,1006.19,-2.26282,98917,,5.89397,-0.244778,,12.9318,11.4685,fluid
2115,5.84186,0.490796,,1006.02,-7.36193,96278.4,,4.24675,-0.596108,,-5.9476,8.48612,fluid
2116,5.92078,0.637256,,1005.96,-6.30699,95169,,5.7233,-0.575582,,15.3928,10.5881,fluid
2117,5.84555,0.778574,,1006.02,-2.64517,96161,,4.79333,-0.828942,,2.50556,7.98644,fluid
2118,5.82826,0.920694,,1005.89,-3.56043,94055,,4.89173,-0.929302,,5.46789,9.7336,fluid
2119,5.80024,1.06973,,1005.78,-5.33742,92348.5,,4.84534,-1.02289,,5.70145,9.51571,fluid
2120,5.76871,1.21398,,1005.72,-5.60663,91277.8,,4.74891,-1.1782,,4.88439,9.5665,fluid
2121,5.73695,1.36315,,1005.65,-5.80807,90178.5,,4.68797,-1.30335,,4.86608,9.55758,fluid
2122,5.70287,1.51228,,1005.57,-6.08569,88906.9,,4.62093,-1.43815,,4.8212,9.58371,fluid
2123,5.66743,1.66339,,1005.49,-6.55516,87584.7,,4.55242,-1.56385,,4.66133,9.68071,fluid
2124,5.63078,1.81607,,1005.4,-7.11272,86223.2,,4.48858,-1.69419,,4.58874,9.753,fluid
2125,5.59289,1.97015,,1005.32,-7.6495,84874.5,,4.42407,-1.82789,,4.49414,9.77129,fluid
2126,5.55383,2.12593,,1005.24,-8.17208,83540.3,,4.36007,-1.95947,,4.41255,9.81267,fluid
2127,5.51375,2.28336,,1005.15,-8.70274,82149.5,,4.29696,-2.09311,,4.35078,9.85422,fluid
2128,5.47278,2.44256,,1005.07,-9.24012,80734.1,,4.23462,-2.22714,,4.31865,9.88944,fluid
2129,5.43089,2.60352,,1004.98,-9.76909,79314.4,,4.17134,-2.36218,,4.30054,9.90727,fluid
2130,5.38822,2.76632,,1004.89,-10.2741,77891.5,,4.10751,-2.49819,,4.30124,9.91935,fluid
2131,5.34488,2.931,,1004.8,-10.7279,76456.4,,4.04255,-2.63462,,4.31341,9.92833,fluid
2132,5.30093,3.09762,,1004.71,-11.0904,75009,,3.97577,-2.7713,,4.33146,9.92943,fluid
2133,5.25646,3.2662,,1004.62,-11.3365,73547.5,,3.90705,-2.90819,,4.35692,9.92313,fluid
2134,5.21158,3.43679,,1004.53,-11.4643,72062.9,,3.83614,-3.04505,,4.39101,9.90908,fluid
2135,5.16639,3.6094,,1004.44,-11.4909,70546.9,,3.76283,-3.18153,,4.43591,9.88671,fluid
2136,5.12098,3.78405,,1004.34,-11.4458,68998.9,,3.68699,-3.31734,,4.4944,9.85281,fluid
2137,5.07548,3.96076,,1004.24,-11.3639,67428.3,,3.60844,-3.45218,,4.56832,9.80584,fluid
2138,5.02998,4.13953,,1004.14,-11.273,65849,,3.52701,-3.58578,,4.65391,9.7471,fluid
2139,4.98456,4.32035,,1004.05,-11.1787,64275.7,,3.44263,-3.71785,,4.73978,9.67948,fluid
2140,4.93933,4.50323,,1003.95,-11.0639,62721.9,,3.35558,-3.84815,,4.80946,9.60485,fluid
2141,4.89437,4.68815,,1003.85,-10.8928,61195.1,,3.26626,-3.97653,,4.84746,9.52608,fluid
2142,4.84974,4.8751,,1003.76,-10.6327,59690.1,,3.17531,-4.10293,,4.84491,9.44658,fluid
2143,4.80551,5.06407,,1003.67,-10.2709,58189.7,,3.08348,-4.22734,,4.80425,9.36786,fluid
2144,4.7617,5.25505,,1003.57,-9.82464,56670.9,,2.99136,-4.34973,,4.73724,9.28828,fluid
2145,4.71836,5.44802,,1003.47,-9.34497,55114.5,,2.89937,-4.47005,,4.6623,9.20406,fluid
2146,4.67549,5.64299,,1003.37,-8.90398,53511.5,,2.80765,-4.5882,,4.59978,9.1122,fluid
2147,4.63312,5.83993,,1003.27,-8.56889,51865.2,,2.71601,-4.70402,,4.5643,9.01249,fluid
2148,4.59126,6.03885,,1003.17,-8.38495,50190.7,,2.62405,-4.81736,,4.55999,8.90689,fluid
2149,4.54993,6.23973,,1003.06,-8.36824,48510.8,,2.53137,-4.92801,,4.57517,8.79561,fluid
2150,4.50914,6.44256,,1002.96,-8.5066,46849.7,,2.43769,-5.0358,,4.59983,8.68576,fluid
2151,4.46891,6.64733,,1002.86,-8.76008,45226.3,,2.34293,-5.14052,,4.61606,8.58224,fluid
2152,4.42927,6.85404,,1002.76,-9.07449,43648.4,,2.2472,-5.24208,,4.60936,8.49145,fluid
2153,4.39022,7.06267,,1002.66,-9.396,42110,,2.15083,-5.34038,,4.56434,8.41499,fluid
2154,4.35178,7.27322,,1002.57,-9.68618,40594.8,,2.05432,-5.43527,,4.47752,8.35525,fluid
2155,4.31394,7.48567,,1002.47,-9.92894,39080.3,,1.95823,-5.52668,,4.35289,8.31263,fluid
2156,4.27668,7.70003,,1002.37,-10.1301,37542.3,,1.863,-5.61449,,4.20078,8.2849,fluid
2157,4.24,7.91628,,1002.28,-10.3137,35961.2,,1.76889,-5.69848,,4.0351,8.26983,fluid
2158,4.20387,8.13444,,1002.17,-10.5101,34322.9,,1.67599,-5.7785,,3.87013,8.26607,fluid
2159,4.16826,8.35451,,1002.07,-10.7519,32619.6,,1.58411,-5.85438,,3.71704,8.26982,fluid
2160,4.13316,8.57648,,1001.95,-11.061,30859.5,,1.49288,-5.92578,,3.58087,8.27976,fluid
2161,4.09854,8.80036,,1001.84,-11.4239,29059.1,,1.40192,-5.99247,,3.45922,8.29921,fluid
2162,4.06441,9.02615,,1001.73,-11.8124,27227.7,,1.31092,-6.05442,,3.34418,8.32595,fluid
2163,4.03077,9.25386,,1001.61,-12.1992,25381.3,,1.21969,-6.11131,,3.22572,8.35688,fluid
2164,3.99763,9.48348,,1001.49,-12.5081,23539.4,,1.12833,-6.16289,,3.09358,8.40148,fluid
2165,3.96502,9.71502,,1001.38,-12.6481,21687.2,,1.03729,-6.20948,,2.94135,8.4615,fluid
2166,3.93291,9.94848,,1001.26,-12.6151,19803.1,,0.94709,-6.25102,,2.77131,8.52146,fluid
2167,3.90129,10.1839,,1001.14,-12.3889,17903.5,,0.85799,-6.28709,,2.58638,8.58367,fluid
2168,3.87024,10.4212,,1001.01,-11.8261,15979.5,,0.770459,-6.31775,,2.38891,8.6655,fluid
2169,3.83965,10.6605,,1000.89,-10.8952,13975.8,,0.685059,-6.34387,,2.1859,8.75036,fluid
2170,3.80952,10.9017,,1000.76,-9.81137,11925.9,,0.602106,-6.36438,,1.98627,8.81025,fluid
2171,3.78,11.1447,,1000.62,-8.59647,9805.78,,0.521883,-6.37906,,1.79916,8.86687,fluid
2172,3.75054,11.3899,,1000.49,-6.86612,7680.04,,0.443096,-6.39227,,1.62564,8.93547,fluid
2173,3.72302,11.6365,,1000.36,-4.76747,5591.45,,0.369558,-6.39274,,1.45828,9.06717,fluid
2174,3.69943,11.8846,,1000.18,-3.26197,2856.19,,0.309553,-6.40314,,1.31868,8.96415,fluid
2175,3.68293,12.1312,,1000.15,-2.12162,2296.44,,0.26873,-6.41578,,1.21743,8.92126,fluid
2176,5.99881,0.101641,,1006.38,-6.77287,102105,,4.8878,0.0552983,,5.32999,9.49833,fluid
2177,6.22602,0.183942,,1006.02,2.88152,96139.8,,4.12744,-0.238187,,1.5183,11.7809,fluid
2178,6.42275,0.360123,,1006.03,-0.0617839,96387.3,,6.45705,-0.23894,,12.7578,12.1675,fluid
2179,6.28937,0.478163,,1005.86,-6.51086,93589.5,,4.65986,-0.632913,,-5.2645,8.33926,fluid
2180,6.37439,0.624794,,1005.77,-7.19591,92217.2,,6.26845,-0.562721,,16.7281,11.1103,fluid
2181,6.28609,0.761165,,1005.89,-2.01633,94178.3,,5.18458,-0.869037,,2.47748,7.67054,fluid
2182,6.26741,0.901654,,1005.76,-2.78998,92058.1,,5.319,-0.944255,,6.05967,9.82252,fluid
2183,6.23674,1.0489,,1005.64,-5.12924,90003.8,,5.28071,-1.04178,,6.35089,9.50995,fluid
2184,6.20103,1.1909,,1005.58,-5.51196,89029,,5.16561,-1.19322,,5.30821,9.59764,fluid
2185,6.16535,1.33783,,1005.52,-5.73011,88017,,5.09494,-1.32516,,5.22224,9.47608,fluid
2186,6.12775,1.48511,,1005.45,-5.92866,86892.7,,5.02782,-1.46004,,5.28544,9.5396,fluid
2187,6.08838,1.6344,,1005.37,-6.48802,85631.5,,4.95179,-1.58686,,5.066,9.63424,fluid
2188,6.04787,1.78537,,1005.29,-7.08098,84318.3,,4.88312,-1.71812,,4.98381,9.73918,fluid
2189,6.00606,1.93778,,1005.21,-7.61263,83028,,4.81406,-1.85446,,4.87846,9.77209,fluid
2190,5.963,2.09202,,1005.13,-8.11935,81763.9,,4.74537,-1.98863,,4.78491,9.81711,fluid
2191,5.91886,2.24803,,1005.05,-8.63719,80445,,4.67782,-2.12485,,4.70767,9.87632,fluid
2192,5.87377,2.40592,,1004.96,-9.18321,79081.8,,4.6112,-2.26184,,4.65653,9.93414,fluid
2193,5.82768,2.56569,,1004.88,-9.70632,77696.6,,4.5435,-2.40005,,4.62013,9.9752,fluid
2194,5.78076,2.72742,,1004.79,-10.1833,76294.4,,4.4751,-2.53943,,4.61384,10.0046,fluid
2195,5.73312,2.89116,,1004.7,-10.6327,74866.1,,4.40528,-2.6794,,4.63779,10.0229,fluid
2196,5.68482,3.05696,,1004.61,-11.076,73414.8,,4.3331,-2.81975,,4.68784,10.0253,fluid
2197,5.63599,3.22485,,1004.52,-11.5079,71948.6,,4.25815,-2.96024,,4.75993,10.0149,fluid
2198,5.58675,3.39486,,1004.43,-11.9006,70475.1,,4.17994,-3.10045,,4.8437,9.99133,fluid
2199,5.5372,3.56701,,1004.34,-12.2116,69003.4,,4.09824,-3.23996,,4.92587,9.95436,fluid
2200,5.4875,3.74131,,1004.25,-12.3998,67539,,4.01324,-3.37848,,4.99307,9.907,fluid
2201,5.43776,3.91775,,1004.16,-12.4289,66078.3,,3.92519,-3.51577,,5.03689,9.85478,fluid
2202,5.3881,4.09633,,1004.07,-12.279,64606.9,,3.83456,-3.65162,,5.05668,9.80132,fluid
2203,5.3386,4.27705,,1003.97,-11.9716,63106.9,,3.74177,-3.78589,,5.05918,9.74575,fluid
2204,5.28936,4.4599,,1003.88,-11.5617,61567.5,,3.64724,-3.91844,,5.05598,9.68508,fluid
2205,5.24044,4.64486,,1003.78,-11.1179,59988.6,,3.55118,-4.04916,,5.05908,9.61731,fluid
2206,5.19192,4.8319,,1003.68,-10.7065,58380.7,,3.45362,-4.17791,,5.07503,9.54183,fluid
2207,5.14384,5.02103,,1003.58,-10.3723,56762,,3.35455,-4.30456,,5.10297,9.45842,fluid
2208,5.09625,5.21223,,1003.48,-10.1287,55154.2,,3.25398,-4.42898,,5.13327,9.36667,fluid
2209,5.04922,5.40547,,1003.38,-9.95858,53575.2,,3.15208,-4.55105,,5.15162,9.26688,fluid
2210,5.00277,5.60073,,1003.28,-9.82369,52033.2,,3.04922,-4.67068,,5.14567,9.16155,fluid
2211,4.95693,5.79801,,1003.19,-9.68233,50521.9,,2.94586,-4.78781,,5.11003,9.05453,fluid
2212,4.91172,5.99729,,1003.09,-9.51349,49022.7,,2.84248,-4.9024,,5.04565,8.94729,fluid
2213,4.86715,6.19855,,1003,-9.33023,47514.1,,2.7395,-5.01435,,4.95869,8.83798,fluid
2214,4.82323,6.40179,,1002.9,-9.16742,45979.7,,2.63719,-5.1235,,4.86518,8.72826,fluid
2215,4.77993,6.60699,,1002.81,-9.06314,44411.4,,2.5355,-5.22971,,4.77722,8.61862,fluid
2216,4.73726,6.81415,,1002.71,-9.051,42809.4,,2.43422,-5.33276,,4.70254,8.51105,fluid
2217,4.6952,7.02326,,1002.6,-9.15117,41181.8,,2.333,-5.43243,,4.64331,8.40975,fluid
2218,4.65375,7.2343,,1002.5,-9.36329,39542.1,,2.23149,-5.52851,,4.59555,8.31939,fluid
2219,4.61292,7.44725,,1002.4,-9.67282,37905.4,,2.12942,-5.62082,,4.55007,8.24305,fluid
2220,4.57271,7.66212,,1002.3,-10.0533,36284.9,,2.02664,-5.70919,,4.49454,8.18245,fluid
2221,4.53312,7.8789,,1002.2,-10.4672,34687.3,,1.92322,-5.79344,,4.41717,8.13925,fluid
2222,4.49416,8.09758,,1002.1,-10.8732,33109,,1.81944,-5.87346,,4.30938,8.11456,fluid
2223,4.45583,8.31816,,1002,-11.243,31534.6,,1.71573,-5.94914,,4.16784,8.10582,fluid
2224,4.41812,8.54064,,1001.9,-11.5671,29947.2,,1.61258,-6.02031,,3.99641,8.11004,fluid
2225,4.38102,8.76501,,1001.8,-11.8379,28330.4,,1.51044,-6.08681,,3.80363,8.12651,fluid
2226,4.3445,8.9913,,1001.69,-12.0561,26663.9,,1.40958,-6.14855,,3.5998,8.15156,fluid
2227,4.30854,9.21949,,1001.58,-12.2372,24937.3,,1.31015,-6.20528,,3.39563,8.18059,fluid
2228,4.2731,9.4496,,1001.47,-12.3601,23157.6,,1.21206,-6.25674,,3.19927,8.21901,fluid
2229,4.23819,9.68164,,1001.35,-12.3713,21324.4,,1.1151,-6.3029,,3.0092,8.26855,fluid
2230,4.20378,9.9156,,1001.23,-12.2683,19437.1,,1.01925,-6.3436,,2.82448,8.31894,fluid
2231,4.16984,10.1515,,1001.11,-12.0336,17521.6,,0.924519,-6.37861,,2.64412,8.37212,fluid
2232,4.13644,10.3893,,1000.99,-11.5302,15584.2,,0.830814,-6.4079,,2.46451,8.44415,fluid
2233,4.10348,10.6291,,1000.86,-10.6863,13600.8,,0.738063,-6.43219,,2.27897,8.52479,fluid
2234,4.07105,10.8708,,1000.74,-9.66454,11615.5,,0.646729,-6.45029,,2.08371,8.59104,fluid
2235,4.03935,11.1142,,1000.61,-8.48856,9568.25,,0.558075,-6.46261,,1.88672,8.65647,fluid
2236,4.00789,11.3598,,1000.48,-6.78693,7510.07,,0.471741,-6.4742,,1.69853,8.7321,fluid
2237,3.97846,11.607,,1000.35,-4.69614,5501.48,,0.391508,-6.47139,,1.51816,8.88442,fluid
2238,3.95327,11.8553,,1000.18,-3.21478,2776.79,,0.326305,-6.48126,,1.37198,8.78191,fluid
2239,3.9356,12.1021,,1000.14,-2.1248,2253.96,,0.281952,-6.49321,,1.26904,8.74196,fluid
2240,6.44296,0.10293,,1006.17,-10.0762,98718.2,,5.32449,0.0507028,,3.58996,8.96856,fluid
2241,6.65963,0.177065,,1005.95,5.94835,95092.9,,4.49968,-0.213895,,5.70202,11.8044,fluid
2242,6.89401,0.351707,,1005.86,0.669862,93612.8,,7.02904,-0.227879,,12.6149,12.9653,fluid
2243,6.74963,0.464115,,1005.67,-7.46947,90518.9,,5.13074,-0.672431,,-4.00788,8.06306,fluid
2244,6.83734,0.611653,,1005.57,-9.31178,88847.7,,6.82218,-0.535189,,17.8486,11.72,fluid
2245,6.73446,0.741721,,1005.76,-1.98981,91965.6,,5.5795,-0.912467,,2.48276,7.22775,fluid
2246,6.71544,0.880958,,1005.63,-2.45717,89945.3,,5.77298,-0.953072,,6.88067,9.91786,fluid
2247,6.68171,1.02612,,1005.48,-4.97221,87518,,5.73623,-1.05758,,7.05509,9.52339,fluid
2248,6.64116,1.16583,,1005.43,-5.45721,86650.6,,5.598,-1.20475,,5.7116,9.6015,fluid
2249,6.60129,1.31013,,1005.37,-5.56715,85707.6,,5.5189,-1.34631,,5.55743,9.40655,fluid
2250,6.55988,1.45545,,1005.31,-5.57776,84733.5,,5.45233,-1.48022,,5.7079,9.52894,fluid
2251,6.51628,1.60277,,1005.24,-6.16656,83504.7,,5.36931,-1.609,,5.43489,9.59232,fluid
2252,6.47161,1.75186,,1005.16,-6.77076,82229.9,,5.29683,-1.74143,,5.35693,9.73354,fluid
2253,6.42557,1.90245,,1005.08,-7.32655,80970.6,,5.22389,-1.88082,,5.24511,9.79094,fluid
2254,6.3782,2.05502,,1005,-7.8091,79740.5,,5.15129,-2.01811,,5.15366,9.84174,fluid
2255,6.32966,2.20948,,1004.93,-8.2626,78469.6,,5.07967,-2.15721,,5.08954,9.9156,fluid
2256,6.2801,2.36596,,1004.84,-8.79793,77148.1,,5.00885,-2.29768,,5.05531,9.98039,fluid
2257,6.22946,2.52445,,1004.76,-9.39364,75807.7,,4.9364,-2.43968,,5.03838,10.0304,fluid
2258,6.17795,2.68504,,1004.68,-9.99175,74458.4,,4.86264,-2.58287,,5.04724,10.071,fluid
2259,6.12567,2.84779,,1004.59,-10.5505,73089.9,,4.78663,-2.72663,,5.07646,10.1002,fluid
2260,6.07271,3.01273,,1004.51,-11.0537,71702.7,,4.70767,-2.87065,,5.12246,10.1106,fluid
2261,6.01922,3.1799,,1004.42,-11.4888,70299.5,,4.6255,-3.01473,,5.18127,10.1062,fluid
2262,5.96532,3.34932,,1004.33,-11.852,68872.5,,4.53984,-3.15853,,5.2481,10.0899,fluid
2263,5.91115,3.521,,1004.24,-12.1417,67416.2,,4.45048,-3.30156,,5.32086,10.0594,fluid
2264,5.85687,3.69494,,1004.15,-12.3651,65935.3,,4.35752,-3.44343,,5.3996,10.0133,fluid
2265,5.80261,3.87113,,1004.06,-12.5305,64443.2,,4.26096,-3.58385,,5.48104,9.95336,fluid
2266,5.74849,4.04957,,1003.96,-12.6312,62952.1,,4.16102,-3.72259,,5.55619,9.88542,fluid
2267,5.69464,4.23023,,1003.87,-12.6473,61469,,4.05803,-3.85945,,5.61231,9.81404,fluid
2268,5.64114,4.41309,,1003.78,-12.5497,59998,,3.95249,-3.99429,,5.63725,9.74038,fluid
2269,5.58808,4.59813,,1003.69,-12.3051,58537.3,,3.84508,-4.12704,,5.62542,9.66659,fluid
2270,5.53554,4.78532,,1003.6,-11.9035,57073.7,,3.7365,-4.25771,,5.57784,9.59435,fluid
2271,5.48356,4.97465,,1003.5,-11.372,55587.8,,3.62736,-4.38628,,5.50547,9.5224,fluid
2272,5.43217,5.16608,,1003.41,-10.7726,54063.3,,3.51805,-4.51273,,5.42594,9.44549,fluid
2273,5.38141,5.35961,,1003.31,-10.192,52494.9,,3.40872,-4.63695,,5.35709,9.35781,fluid
2274,5.33131,5.55522,,1003.21,-9.71012,50890.7,,3.29931,-4.7588,,5.31165,9.257,fluid
2275,5.28187,5.75288,,1003.11,-9.37556,49267.6,,3.18952,-4.8781,,5.29401,9.14445,fluid
2276,5.23312,5.95258,,1003.01,-9.20563,47646.8,,3.07902,-4.99469,,5.29408,9.02101,fluid
2277,5.18508,6.1543,,1002.91,-9.18816,46049,,2.96772,-5.10837,,5.29509,8.88849,fluid
2278,5.13777,6.35803,,1002.81,-9.28289,44488.8,,2.85568,-5.21896,,5.28514,8.75355,fluid
2279,5.09118,6.56373,,1002.72,-9.43719,42968.9,,2.74305,-5.32638,,5.25288,8.62182,fluid
2280,5.04535,6.77141,,1002.62,-9.60535,41479.7,,2.63019,-5.43049,,5.18718,8.49504,fluid
2281,5.00024,6.98104,,1002.53,-9.76001,40004.2,,2.51751,-5.53114,,5.08843,8.377,fluid
2282,4.95587,7.19262,,1002.44,-9.8893,38523.2,,2.40537,-5.62817,,4.96309,8.27124,fluid
2283,4.9122,7.40612,,1002.34,-10.0009,37018.9,,2.29399,-5.72145,,4.82159,8.17913,fluid
2284,4.86922,7.62153,,1002.25,-10.122,35479.7,,2.18339,-5.81078,,4.67518,8.10048,fluid
2285,4.82691,7.83886,,1002.15,-10.2804,33903.4,,2.07344,-5.8959,,4.53267,8.03627,fluid
2286,4.78525,8.0581,,1002.04,-10.4899,32293.3,,1.96388,-5.97666,,4.39794,7.98767,fluid
2287,4.74422,8.27924,,1001.94,-10.7557,30656.4,,1.85442,-6.05284,,4.26886,7.95332,fluid
2288,4.70381,8.50228,,1001.84,-11.0719,29006,,1.74484,-6.12417,,4.13895,7.933,fluid
2289,4.66403,8.72721,,1001.73,-11.4091,27352.5,,1.63513,-6.19051,,4.00064,7.92843,fluid
2290,4.62486,8.95405,,1001.63,-11.7299,25694.6,,1.52535,-6.25177,,3.84664,7.93749,fluid
2291,4.58631,9.18278,,1001.52,-12.0054,24029.5,,1.41585,-6.30771,,3.67176,7.95717,fluid
2292,4.54836,9.41342,,1001.42,-12.1857,22353.5,,1.30713,-6.3582,,3.47489,7.99168,fluid
2293,4.51103,9.64597,,1001.31,-12.2132,20644,,1.19964,-6.40336,,3.26243,8.04076,fluid
2294,4.47427,9.88043,,1001.2,-12.0908,18885,,1.09366,-6.44297,,3.04079,8.09277,fluid
2295,4.43808,10.1168,,1001.09,-11.82,17090.1,,0.989463,-6.4767,,2.81461,8.1487,fluid
2296,4.4025,10.3552,,1000.97,-11.2988,15247.1,,0.887387,-6.5046,,2.59143,8.22324,fluid
2297,4.3674,10.5954,,1000.85,-10.4679,13325.4,,0.787484,-6.52753,,2.37558,8.30606,fluid
2298,4.33283,10.8377,,1000.72,-9.48313,11379.7,,0.689713,-6.54388,,2.16724,8.37257,fluid
2299,4.29899,11.0816,,1000.59,-8.36587,9354.72,,0.594639,-6.55417,,1.96535,8.44172,fluid
2300,4.26543,11.3276,,1000.47,-6.7218,7329.56,,0.501627,-6.56385,,1.77267,8.52188,fluid
2301,4.23396,11.5755,,1000.34,-4.65734,5394.01,,0.414474,-6.5572,,1.58532,8.69148,fluid
2302,4.2071,11.824,,1000.17,-3.20716,2690.68,,0.343638,-6.5659,,1.43251,8.5887,fluid
2303,4.18824,12.071,,1000.14,-2.12099,2204.25,,0.29537,-6.57672,,1.3241,8.54788,fluid
2304,6.8982,0.104585,,1005.9,-12.7119,94286.9,,5.75905,0.0454395,,2.13248,8.1827,fluid
2305,7.10455,0.169344,,1005.88,6.41232,93891.9,,4.96123,-0.182388,,10.3035,11.8493,fluid
2306,7.37745,0.341988,,1005.66,1.541,90417.9,,7.61515,-0.216078,,12.8082,13.7178,fluid
2307,7.22548,0.448567,,1005.46,-7.44456,87111.6,,5.68344,-0.717098,,-2.43129,7.43812,fluid
2308,7.30952,0.597854,,1005.34,-9.99454,85207.5,,7.36517,-0.494397,,18.524,12.3692,fluid
2309,7.1918,0.719991,,1005.59,-1.61732,89301.4,,5.98688,-0.962256,,2.54967,6.77239,fluid
2310,7.17386,0.858677,,1005.48,-2.06361,87410.3,,6.26442,-0.95423,,8.04392,10.0549,fluid
2311,7.13618,1.00135,,1005.31,-4.51579,84671.7,,6.2157,-1.06924,,7.88229,9.61141,fluid
2312,7.09009,1.13868,,1005.26,-5.46608,83881.5,,6.05112,-1.21323,,6.23522,9.56626,fluid
2313,7.04582,1.27993,,1005.21,-5.69607,83017,,5.96601,-1.36507,,6.06319,9.3788,fluid
2314,7.0002,1.4232,,1005.16,-5.71578,82193.6,,5.8984,-1.49691,,6.25215,9.54801,fluid
2315,6.95203,1.56835,,1005.08,-6.27219,81017.2,,5.80906,-1.62876,,5.95401,9.56208,fluid
2316,6.90288,1.71538,,1005.01,-6.77917,79835.3,,5.73311,-1.76263,,5.88974,9.72041,fluid
2317,6.85224,1.86397,,1004.94,-7.29835,78650.8,,5.65589,-1.90549,,5.7617,9.79154,fluid
2318,6.8002,2.01473,,1004.87,-7.75518,77500,,5.5794,-2.04672,,5.65846,9.845,fluid
2319,6.74688,2.16753,,1004.79,-8.14673,76321.1,,5.50365,-2.18922,,5.57922,9.94425,fluid
2320,6.69246,2.32248,,1004.72,-8.57975,75064,,5.42835,-2.33378,,5.52362,10.0325,fluid
2321,6.63689,2.47961,,1004.64,-9.04056,73771.4,,5.35104,-2.48,,5.49305,10.1029,fluid
2322,6.58039,2.63899,,1004.55,-9.50298,72466.8,,5.27183,-2.62751,,5.50103,10.1599,fluid
2323,6.52306,2.80069,,1004.47,-9.97505,71137.8,,5.18987,-2.77574,,5.5411,10.2016,fluid
2324,6.46504,2.96476,,1004.39,-10.4826,69775,,5.10416,-2.92426,,5.60746,10.2202,fluid
2325,6.4065,3.13119,,1004.3,-11.0165,68388.2,,5.01416,-3.07259,,5.69503,10.2173,fluid
2326,6.34758,3.30003,,1004.21,-11.5457,66990.6,,4.91954,-3.22027,,5.79353,10.1938,fluid
2327,6.28844,3.47126,,1004.13,-12.0342,65592.4,,4.82029,-3.36685,,5.88716,10.152,fluid
2328,6.22928,3.64486,,1004.04,-12.4328,64194.8,,4.71687,-3.51197,,5.96099,10.0974,fluid
2329,6.17025,3.82083,,1003.95,-12.6918,62794,,4.60972,-3.65536,,6.00786,10.0344,fluid
2330,6.11147,3.99914,,1003.87,-12.7808,61381.2,,4.49949,-3.79687,,6.02862,9.96805,fluid
2331,6.05305,4.17975,,1003.78,-12.7083,59943.1,,4.38684,-3.93647,,6.02917,9.90144,fluid
2332,5.9951,4.36265,,1003.68,-12.5153,58471.1,,4.27229,-4.07407,,6.01869,9.83255,fluid
2333,5.9377,4.5478,,1003.59,-12.2455,56969.8,,4.15615,-4.20956,,6.00689,9.75956,fluid
2334,5.88089,4.73518,,1003.5,-11.9337,55452.6,,4.03861,-4.3429,,5.99606,9.68198,fluid
2335,5.82475,4.92476,,1003.4,-11.6031,53934.3,,3.91981,-4.474,,5.98165,9.6,fluid
2336,5.76932,5.1165,,1003.31,-11.2539,52426.1,,3.79995,-4.60278,,5.95486,9.51272,fluid
2337,5.71464,5.31039,,1003.21,-10.8756,50932.5,,3.67937,-4.72912,,5.90782,9.41825,fluid
2338,5.66074,5.5064,,1003.12,-10.4615,49449.1,,3.55851,-4.85294,,5.83847,9.31591,fluid
2339,5.60763,5.7045,,1003.03,-10.0219,47962.3,,3.43772,-4.97416,,5.75303,9.20593,fluid
2340,5.55533,5.90467,,1002.93,-9.59585,46456.5,,3.31722,-5.09266,,5.66061,9.08609,fluid
2341,5.50384,6.1069,,1002.84,-9.24604,44923.9,,3.19715,-5.20827,,5.56999,8.95327,fluid
2342,5.45315,6.31115,,1002.74,-9.02143,43367.1,,3.0774,-5.32079,,5.49624,8.81172,fluid
2343,5.40327,6.51742,,1002.64,-8.94572,41795.7,,2.9577,-5.43003,,5.43833,8.66287,fluid
2344,5.35418,6.72568,,1002.54,-9.0218,40222.7,,2.8378,-5.53578,,5.39126,8.51103,fluid
2345,5.30588,6.93591,,1002.45,-9.2305,38662.9,,2.71748,-5.63783,,5.346,8.36227,fluid
2346,5.25837,7.14809,,1002.35,-9.52957,37129.2,,2.59665,-5.73598,,5.2904,8.22324,fluid
2347,5.21165,7.36221,,1002.25,-9.86571,35626.5,,2.4754,-5.83011,,5.21243,8.09896,fluid
2348,5.16571,7.57824,,1002.16,-10.1942,34150.4,,2.35392,-5.92007,,5.10396,7.99198,fluid
2349,5.12054,7.79619,,1002.07,-10.4844,32690.3,,2.23256,-6.00566,,4.96244,7.90469,fluid
2350,5.07613,8.01603,,1001.98,-10.7175,31228.9,,2.11167,-6.08679,,4.79118,7.83839,fluid
2351,5.03246,8.23776,,1001.88,-10.897,29744.8,,1.99154,-6.1633,,4.59783,7.79029,fluid
2352,4.98949,8.46139,,1001.79,-11.0465,28225.3,,1.87236,-6.23494,,4.39197,7.75771,fluid
2353,4.9472,8.68691,,1001.69,-11.1813,26665.2,,1.75418,-6.3015,,4.18277,7.74125,fluid
2354,4.90557,8.91432,,1001.59,-11.3102,25056.8,,1.6369,-6.36288,,3.97674,7.73808,fluid
2355,4.86456,9.14362,,1001.48,-11.4464,23405.4,,1.52042,-6.41873,,3.7757,7.74381,fluid
2356,4.82416,9.37483,,1001.38,-11.5639,21728.7,,1.40464,-6.46878,,3.57519,7.76329,fluid
2357,4.78437,9.60795,,1001.27,-11.5963,20024.1,,1.28965,-6.51308,,3.37191,7.7998,fluid
2358,4.74519,9.84296,,1001.16,-11.5186,18285.2,,1.17565,-6.55153,,3.16528,7.8448,fluid
2359,4.70657,10.0799,,1001.05,-11.3191,16530.1,,1.06279,-6.58381,,2.95257,7.89779,fluid
2360,4.6686,10.3188,,1000.94,-10.8908,14749.9,,0.951432,-6.60985,,2.73412,7.97224,fluid
2361,4.6312,10.5595,,1000.82,-10.146,12915.9,,0.842015,-6.63066,,2.51078,8.05771,fluid
2362,4.59443,10.8024,,1000.7,-9.22154,11065.2,,0.735161,-6.64472,,2.28528,8.13629,fluid
2363,4.55847,11.0468,,1000.58,-8.16424,9110.5,,0.631778,-6.65271,,2.0622,8.21626,fluid
2364,4.52288,11.2933,,1000.45,-6.58242,7146.2,,0.531193,-6.66027,,1.8512,8.30136,fluid
2365,4.48941,11.542,,1000.34,-4.56122,5290.47,,0.43705,-6.64966,,1.65067,8.48907,fluid
2366,4.46089,11.7908,,1000.17,-3.15319,2597.09,,0.360784,-6.65707,,1.48961,8.38339,fluid
2367,4.44081,12.0381,,1000.14,-2.07272,2154.79,,0.308596,-6.66665,,1.37674,8.34694,fluid
2368,7.36587,0.106617,,1005.59,-13.2501,89278,,6.19916,0.0350945,,0.985026,7.44807,fluid
2369,7.56363,0.16062,,1005.76,4.64628,91976.6,,5.51018,-0.151086,,14.2673,11.8553,fluid
2370,7.87498,0.330722,,1005.42,1.38361,86527.4,,8.22532,-0.21157,,13.6303,14.1216,fluid
2371,7.7203,0.431882,,1005.24,-7.03541,83579.2,,6.33755,-0.762623,,-0.798051,6.48996,fluid
2372,7.79066,0.583346,,1005.11,-10.4471,81438.8,,7.88004,-0.44211,,18.6842,12.9698,fluid
2373,7.6594,0.695735,,1005.39,-1.8038,86029.6,,6.40751,-1.01706,,2.40578,6.18744,fluid
2374,7.64453,0.835055,,1005.29,-2.34529,84335.2,,6.80153,-0.942473,,9.4731,10.1985,fluid
2375,7.60122,0.97457,,1005.12,-3.82442,81581.2,,6.71638,-1.07399,,8.66305,9.7084,fluid
2376,7.54908,1.10934,,1005.07,-5.03719,80803.2,,6.52771,-1.21879,,6.79606,9.44311,fluid
2377,7.50019,1.24716,,1005.03,-5.24791,80076,,6.44,-1.37864,,6.6769,9.39345,fluid
2378,7.44987,1.38826,,1004.98,-5.44276,79373.5,,6.36866,-1.50935,,6.81008,9.56712,fluid
2379,7.39686,1.53103,,1004.91,-6.07964,78270.4,,6.27543,-1.64552,,6.50519,9.55981,fluid
2380,7.34279,1.67582,,1004.85,-6.62544,77178.7,,6.19565,-1.78157,,6.41748,9.73095,fluid
2381,7.2871,1.82222,,1004.77,-7.16451,76021.3,,6.11388,-1.92838,,6.2595,9.81691,fluid
2382,7.22994,1.97099,,1004.71,-7.55743,74910.2,,6.03398,-2.07418,,6.16971,9.8689,fluid
2383,7.17138,2.122,,1004.64,-7.86458,73814,,5.95441,-2.22043,,6.11681,9.97229,fluid
2384,7.11162,2.27533,,1004.57,-8.24353,72642.2,,5.87468,-2.36969,,6.08933,10.0729,fluid
2385,7.05065,2.43101,,1004.49,-8.71174,71422.6,,5.79232,-2.52096,,6.07793,10.1577,fluid
2386,6.98866,2.58912,,1004.41,-9.1859,70184.1,,5.70684,-2.67338,,6.09988,10.2343,fluid
2387,6.92583,2.74974,,1004.33,-9.61623,68927.5,,5.61744,-2.82629,,6.14838,10.2902,fluid
2388,6.86231,2.9129,,1004.26,-10.0373,67645.5,,5.52329,-2.97944,,6.21486,10.315,fluid
2389,6.79829,3.0786,,1004.17,-10.4724,66337.7,,5.42412,-3.1323,,6.29075,10.3179,fluid
2390,6.73394,3.24685,,1004.09,-10.9055,64999.9,,5.31982,-3.28423,,6.37041,10.3036,fluid
2391,6.66948,3.41763,,1004.01,-11.332,63635.3,,5.21052,-3.43471,,6.45003,10.2701,fluid
2392,6.60509,3.59093,,1003.92,-11.7533,62252.9,,5.09663,-3.58354,,6.52454,10.2162,fluid
2393,6.54095,3.7667,,1003.83,-12.1563,60862.3,,4.97864,-3.73047,,6.58891,10.1472,fluid
2394,6.47718,3.94491,,1003.75,-12.5036,59472.5,,4.85713,-3.87528,,6.63431,10.0704,fluid
2395,6.41392,4.12553,,1003.66,-12.7388,58089.2,,4.73275,-4.01789,,6.65051,9.9912,fluid
2396,6.35126,4.30852,,1003.57,-12.8083,56709.1,,4.60631,-4.15832,,6.63058,9.91156,fluid
2397,6.2893,4.49383,,1003.49,-12.6802,55321.8,,4.47852,-4.29655,,6.57622,9.83385,fluid
2398,6.22808,4.68144,,1003.4,-12.3444,53913.5,,4.34996,-4.43258,,6.49568,9.7578,fluid
2399,6.16766,4.87131,,1003.31,-11.8458,52470.8,,4.22106,-4.5664,,6.40327,9.68014,fluid
2400,6.10806,5.06341,,1003.22,-11.2636,50987.2,,4.09201,-4.69793,,6.3142,9.59651,fluid
2401,6.04931,5.25771,,1003.12,-10.683,49467.2,,3.9628,-4.82703,,6.23975,9.50231,fluid
2402,5.99144,5.45418,,1003.03,-10.1692,47926.8,,3.83329,-4.9535,,6.18358,9.39501,fluid
2403,5.93447,5.65279,,1002.93,-9.7541,46384.7,,3.70331,-5.07718,,6.14088,9.27534,fluid
2404,5.8784,5.85352,,1002.83,-9.44598,44855.8,,3.57277,-5.1979,,6.09697,9.14148,fluid
2405,5.82326,6.05633,,1002.74,-9.23923,43349.5,,3.44185,-5.31545,,6.04318,8.99517,fluid
2406,5.76905,6.26119,,1002.65,-9.1168,41868.2,,3.31072,-5.42971,,5.97887,8.84238,fluid
2407,5.71577,6.46809,,1002.55,-9.05642,40405.3,,3.1796,-5.54055,,5.8944,8.68234,fluid
2408,5.66341,6.677,,1002.46,-9.04599,38948.7,,3.04877,-5.6478,,5.79108,8.51826,fluid
2409,5.61195,6.88789,,1002.37,-9.08746,37486.8,,2.91842,-5.75128,,5.67472,8.35415,fluid
2410,5.56137,7.10073,,1002.28,-9.18526,36013.2,,2.7886,-5.85081,,5.55248,8.19486,fluid
2411,5.51166,7.31552,,1002.19,-9.34312,34526.6,,2.65922,-5.9462,,5.42935,8.04471,fluid
2412,5.46278,7.53222,,1002.09,-9.5616,33030.5,,2.53013,-6.03726,,5.3061,7.90744,fluid
2413,5.41473,7.75083,,1002,-9.83012,31532.9,,2.40112,-6.12375,,5.17988,7.78753,fluid
2414,5.36748,7.97134,,1001.9,-10.1237,30040.5,,2.27206,-6.20551,,5.04475,7.68905,fluid
2415,5.32101,8.19373,,1001.81,-10.4145,28554.6,,2.14291,-6.28238,,4.89371,7.61237,fluid
2416,5.27531,8.418,,1001.72,-10.6836,27074.9,,2.01381,-6.35415,,4.721,7.55665,fluid
2417,5.23036,8.64415,,1001.62,-10.9071,25597.3,,1.88498,-6.42063,,4.52449,7.52312,fluid
2418,5.18615,8.87217,,1001.53,-11.0648,24105.4,,1.75669,-6.48174,,4.30553,7.50929,fluid
2419,5.14264,9.10207,,1001.43,-11.1647,22585.2,,1.6294,-6.53722,,4.06915,7.50939,fluid
2420,5.09982,9.33385,,1001.33,-11.2071,21033.1,,1.50334,-6.58685,,3.82119,7.52449,fluid
2421,5.05766,9.56755,,1001.23,-11.157,19434.9,,1.37871,-6.63055,,3.57137,7.55673,fluid
2422,5.01614,9.80313,,1001.13,-11.0048,17783.6,,1.25563,-6.66814,,3.32261,7.59875,fluid
2423,4.97523,10.0407,,1001.02,-10.7595,16094.1,,1.13431,-6.69926,,3.07764,7.64993,fluid
2424,4.93498,10.2801,,1000.91,-10.3402,14356.4,,1.01498,-6.72382,,2.83912,7.71934,fluid
2425,4.8953,10.5214,,1000.8,-9.64408,12559.5,,0.897755,-6.74292,,2.60601,7.80092,fluid
2426,4.85627,10.7648,,1000.68,-8.78067,10755.4,,0.782887,-6.75461,,2.37386,7.88908,fluid
2427,4.81808,11.0099,,1000.56,-7.81027,8843.95,,0.671179,-6.75969,,2.14271,7.97241,fluid
2428,4.78033,11.2569,,1000.44,-6.32906,6939.96,,0.562308,-6.76456,,1.92152,8.06278,fluid
2429,4.74479,11.5064,,1000.33,-4.38586,5175.26,,0.460326,-6.74956,,1.71132,8.27258,fluid
2430,4.71459,11.7555,,1000.16,-3.04662,2501.22,,0.377991,-6.75544,,1.5431,8.16936,fluid
2431,4.69328,12.0032,,1000.13,-2.0126,2107.18,,0.321599,-6.76344,,1.42784,8.14175,fluid
2432,7.84776,0.108978,,1005.28,-11.4961,84165.3,,6.6557,0.013518,,0.225467,7.0304,fluid
2433,8.03985,0.150614,,1005.56,3.79669,88733.6,,6.14352,-0.1222,,17.3801,11.668,fluid
2434,8.38946,0.317587,,1005.11,-1.08882,81445.4,,8.86152,-0.222721,,14.6405,14.0532,fluid
2435,8.23722,0.414887,,1005.03,-4.23531,80223.9,,7.10786,-0.789531,,1.00428,5.6187,fluid
2436,8.27995,0.567208,,1004.89,-9.24005,77844.1,,8.33531,-0.395535,,18.2039,13.3941,fluid
2437,8.13963,0.669134,,1005.14,-0.830311,81918.6,,6.85481,-1.0715,,2.22109,5.41868,fluid
2438,8.12942,0.810488,,1005.06,-1.97112,80614.4,,7.39131,-0.91504,,11.1991,10.3302,fluid
2439,8.0779,0.945654,,1004.92,-2.49952,78313.8,,7.23705,-1.07484,,9.28657,9.76034,fluid
2440,8.01985,1.07758,,1004.86,-4.50298,77324.4,,7.03834,-1.2245,,7.41177,9.30406,fluid
2441,7.96595,1.2118,,1004.82,-4.9312,76686.6,,6.94793,-1.38367,,7.34339,9.56356,fluid
2442,7.91032,1.35049,,1004.77,-5.27768,75977,,6.86779,-1.51582,,7.36962,9.67347,fluid
2443,7.85204,1.49064,,1004.71,-5.79705,74999.9,,6.77253,-1.65723,,7.15023,9.62319,fluid
2444,7.79257,1.63295,,1004.65,-6.2639,74080.5,,6.68882,-1.79652,,7.08845,9.76707,fluid
2445,7.73128,1.77696,,1004.59,-6.85745,73013.9,,6.60212,-1.9482,,6.92407,9.85545,fluid
2446,7.66849,1.92358,,1004.52,-7.36848,71991.2,,6.51945,-2.09933,,6.84751,9.91737,fluid
2447,7.60415,2.07269,,1004.46,-7.78337,70990.4,,6.43614,-2.25023,,6.79346,10.0285,fluid
2448,7.53849,2.22427,,1004.4,-8.17037,69906.9,,6.35135,-2.40476,,6.76303,10.1426,fluid
2449,7.47153,2.37841,,1004.32,-8.56129,68768.6,,6.26282,-2.56157,,6.75765,10.2335,fluid
2450,7.40349,2.53522,,1004.25,-8.90713,67616.7,,6.17026,-2.71954,,6.79312,10.3161,fluid
2451,7.3346,2.69473,,1004.18,-9.19374,66444,,6.07275,-2.87801,,6.85812,10.3833,fluid
2452,7.26504,2.85697,,1004.1,-9.48496,65230.4,,5.96931,-3.03643,,6.93825,10.4171,fluid
2453,7.19505,3.02194,,1004.03,-9.84093,63985.5,,5.85962,-3.19411,,7.02724,10.4218,fluid
2454,7.12482,3.18963,,1003.95,-10.2588,62721.2,,5.74372,-3.35052,,7.11469,10.4056,fluid
2455,7.05461,3.36,,1003.87,-10.7103,61441.9,,5.6222,-3.50516,,7.1854,10.3721,fluid
2456,6.98462,3.533,,1003.79,-11.1531,60150.2,,5.49577,-3.65777,,7.23028,10.3224,fluid
2457,6.91503,3.70861,,1003.71,-11.543,58846.4,,5.36536,-3.80827,,7.24874,10.2598,fluid
2458,6.84598,3.88676,,1003.63,-11.8518,57524.9,,5.23195,-3.95657,,7.24192,10.1896,fluid
2459,6.77759,4.06741,,1003.54,-12.0635,56178.8,,5.09629,-4.10265,,7.21418,10.1148,fluid
2460,6.70996,4.25052,,1003.46,-12.1765,54806.6,,4.959,-4.24652,,7.17455,10.0347,fluid
2461,6.64317,4.43605,,1003.37,-12.2033,53415,,4.82048,-4.38817,,7.13043,9.94917,fluid
2462,6.57725,4.62394,,1003.28,-12.1228,52013.8,,4.68093,-4.52751,,7.08043,9.86028,fluid
2463,6.51228,4.81417,,1003.19,-11.9147,50609.6,,4.54054,-4.66445,,7.01799,9.76834,fluid
2464,6.44828,5.0067,,1003.11,-11.5667,49204.3,,4.3996,-4.7989,,6.93733,9.67246,fluid
2465,6.38528,5.20149,,1003.02,-11.0817,47792.5,,4.25846,-4.93075,,6.83719,9.57104,fluid
2466,6.32331,5.3985,,1002.93,-10.4896,46364.1,,4.11742,-5.05986,,6.72339,9.4623,fluid
2467,6.26237,5.5977,,1002.84,-9.8506,44909.2,,3.97662,-5.1861,,6.60626,9.34385,fluid
2468,6.20246,5.79905,,1002.74,-9.25074,43423.8,,3.83612,-5.30931,,6.49208,9.20896,fluid
2469,6.1436,6.00252,,1002.65,-8.7698,41914.4,,3.69592,-5.42924,,6.39441,9.0577,fluid
2470,6.08576,6.20808,,1002.55,-8.45845,40395.8,,3.55576,-5.5457,,6.3174,8.89279,fluid
2471,6.02895,6.41569,,1002.46,-8.33194,38885.3,,3.41541,-5.65852,,6.25121,8.71512,fluid
2472,5.97316,6.62532,,1002.37,-8.37201,37397.1,,3.27477,-5.7675,,6.18478,8.52909,fluid
2473,5.91839,6.83695,,1002.27,-8.53669,35940.8,,3.13387,-5.87246,,6.10621,8.34076,fluid
2474,5.8646,7.05054,,1002.18,-8.77221,34518.6,,2.99289,-5.97325,,6.00605,8.15641,fluid
2475,5.8118,7.26607,,1002.1,-9.02909,33123.1,,2.85207,-6.06973,,5.87935,7.9812,fluid
2476,5.75996,7.48351,,1002.01,-9.27668,31741.8,,2.71166,-6.16177,,5.72578,7.81899,fluid
2477,5.70904,7.70285,,1001.92,-9.49712,30361.4,,2.5719,-6.24914,,5.54948,7.67435,fluid
2478,5.65902,7.92407,,1001.84,-9.68436,28969.3,,2.43288,-6.3317,,5.35714,7.55092,fluid
2479,5.60986,8.14716,,1001.75,-9.84726,27555,,2.29459,-6.40928,,5.155,7.4489,fluid
2480,5.56153,8.37212,,1001.66,-10.0032,26117.7,,2.15698,-6.48159,,4.94706,7.36801,fluid
2481,5.51398,8.59893,,1001.56,-10.1551,24661.1,,2.01989,-6.54842,,4.73496,7.31037,fluid
2482,5.46719,8.82761,,1001.47,-10.2915,23183.4,,1.88323,-6.60964,,4.51704,7.27472,fluid
2483,5.42114,9.05814,,1001.38,-10.4087,21688.1,,1.74705,-6.66493,,4.28992,7.25739,fluid
2484,5.3758,9.29055,,1001.28,-10.4878,20182,,1.61149,-6.71407,,4.04874,7.26009,fluid
2485,5.33115,9.52484,,1001.18,-10.4786,18650.7,,1.47687,-6.757,,3.79867,7.28485,fluid
2486,5.2872,9.76101,,1001.08,-10.3598,17085.6,,1.34349,-6.79357,,3.54021,7.32413,fluid
2487,5.24389,9.99913,,1000.98,-10.1461,15496.5,,1.21172,-6.82329,,3.27589,7.37417,fluid
2488,5.2013,10.2392,,1000.88,-9.77073,13860,,1.08215,-6.84618,,3.01001,7.44083,fluid
2489,5.15935,10.481,,1000.77,-9.11554,12160.4,,0.955177,-6.86355,,2.74485,7.53104,fluid
2490,5.11808,10.7251,,1000.66,-8.2903,10445.9,,0.831068,-6.87262,,2.48352,7.62936,fluid
2491,5.07769,10.9708,,1000.55,-7.3973,8592.67,,0.710643,-6.875,,2.22958,7.71686,fluid
2492,5.0378,11.2183,,1000.43,-6.02328,6745.45,,0.593478,-6.87727,,1.99234,7.81253,fluid
2493,5.00015,11.4687,,1000.32,-4.17417,5067.87,,0.483638,-6.85743,,1.77187,8.04686,fluid
2494,4.96822,11.7182,,1000.15,-2.92483,2401.86,,0.395073,-6.86138,,1.59684,7.94693,fluid
2495,4.94565,11.9662,,1000.13,-1.94703,2056.26,,0.334255,-6.86755,,1.47925,7.92652,fluid
2496,8.34607,0.111483,,1004.98,-8.25636,79282,,7.14003,-0.0263591,,-0.223745,6.25539,fluid
2497,8.53624,0.138608,,1005.25,0.94271,83641.5,,6.83687,-0.101953,,19.0959,11.1899,fluid
2498,8.92329,0.302768,,1004.8,-5.19061,76423.7,,9.53086,-0.245045,,16.3831,13.6302,fluid
2499,8.77874,0.39966,,1004.86,-3.38803,77399.8,,8.00261,-0.752098,,3.53101,5.82053,fluid
2500,8.77711,0.547626,,1004.73,-7.4931,75262.7,,8.71051,-0.380665,,16.5132,13.5851,fluid
2501,8.63567,0.640926,,1004.81,-2.87041,76573.2,,7.35321,-1.10409,,1.95262,5.06748,fluid
2502,8.63034,0.785388,,1004.76,-3.45017,75799.4,,8.02948,-0.861462,,12.7174,10.7283,fluid
2503,8.56823,0.914681,,1004.68,-1.77839,74567.2,,7.78214,-1.06613,,9.67682,9.79023,fluid
2504,8.50429,1.04303,,1004.62,-3.25244,73449,,7.58607,-1.23073,,8.13031,9.1629,fluid
2505,8.44488,1.17388,,1004.58,-3.69395,72929.5,,7.49363,-1.37667,,8.17984,9.8035,fluid
2506,8.38323,1.30975,,1004.54,-4.11193,72206.7,,7.40246,-1.51481,,8.06904,9.83071,fluid
2507,8.31927,1.44704,,1004.49,-4.7891,71424.7,,7.30836,-1.66215,,7.89074,9.76549,fluid
2508,8.25377,1.58664,,1004.44,-5.5908,70664.9,,7.21963,-1.8069,,7.75499,9.89501,fluid
2509,8.18621,1.72801,,1004.38,-6.42018,69616.1,,7.12714,-1.9645,,7.53477,10.0152,fluid
2510,8.11715,1.87229,,1004.31,-6.99899,68593,,7.04087,-2.121,,7.48442,10.091,fluid
2511,8.04634,2.01938,,1004.26,-7.33994,67655.5,,6.95334,-2.27701,,7.50465,10.1714,fluid
2512,7.97406,2.16913,,1004.2,-7.67812,66705.4,,6.86321,-2.438,,7.54794,10.2494,fluid
2513,7.90043,2.32166,,1004.13,-8.16639,65691.6,,6.76819,-2.60179,,7.59393,10.3258,fluid
2514,7.82568,2.47709,,1004.07,-8.68669,64640.1,,6.66724,-2.76599,,7.65294,10.4092,fluid
2515,7.75008,2.63548,,1004,-9.0574,63572.4,,6.55958,-2.93,,7.73753,10.4812,fluid
2516,7.67388,2.7968,,1003.93,-9.28503,62481.1,,6.44459,-3.09387,,7.82793,10.5135,fluid
2517,7.59734,2.96105,,1003.86,-9.46789,61360.5,,6.3224,-3.25679,,7.90754,10.519,fluid
2518,7.52073,3.12817,,1003.79,-9.6661,60205.7,,6.19339,-3.41796,,7.96616,10.5116,fluid
2519,7.4443,3.29814,,1003.72,-9.92505,59013,,6.05847,-3.57706,,7.99999,10.4906,fluid
2520,7.36828,3.4709,,1003.64,-10.2543,57785.6,,5.91873,-3.73398,,8.01377,10.4531,fluid
2521,7.29283,3.64636,,1003.56,-10.6337,56533.4,,5.77506,-3.88857,,8.0127,10.3991,fluid
2522,7.21813,3.8245,,1003.48,-11.0382,55270,,5.62841,-4.04078,,7.99325,10.3311,fluid
2523,7.14427,4.00524,,1003.41,-11.4066,54001.6,,5.47962,-4.19072,,7.9486,10.2545,fluid
2524,7.07137,4.18853,,1003.33,-11.6636,52722.5,,5.32943,-4.33838,,7.87774,10.1725,fluid
2525,6.99947,4.37432,,1003.24,-11.7656,51424.4,,5.17841,-4.48375,,7.78663,10.0837,fluid
2526,6.92863,4.56258,,1003.16,-11.6849,50099.2,,5.027,-4.62678,,7.68397,9.98908,fluid
2527,6.85888,4.75324,,1003.08,-11.443,48738.7,,4.87539,-4.76737,,7.57847,9.88861,fluid
2528,6.79026,4.94628,,1002.99,-11.0881,47343.6,,4.72364,-4.90535,,7.47814,9.78015,fluid
2529,6.7228,5.14163,,1002.9,-10.661,45924.5,,4.57168,-5.04055,,7.38543,9.66302,fluid
2530,6.65649,5.33927,,1002.81,-10.1868,44495.4,,4.41945,-5.17276,,7.29656,9.5383,fluid
2531,6.59137,5.53915,,1002.72,-9.68495,43066.1,,4.26695,-5.30184,,7.20346,9.40543,fluid
2532,6.52744,5.74121,,1002.63,-9.18311,41641.4,,4.11433,-5.42763,,7.0938,9.25848,fluid
2533,6.46469,5.94544,,1002.54,-8.7096,40221.5,,3.96191,-5.5499,,6.97448,9.09888,fluid
2534,6.40313,6.15177,,1002.45,-8.29262,38803,,3.8098,-5.66853,,6.85018,8.92786,fluid
2535,6.34274,6.36018,,1002.36,-7.96876,37380.3,,3.6581,-5.78337,,6.72058,8.74313,fluid
2536,6.2835,6.57063,,1002.27,-7.77272,35951.4,,3.50689,-5.89424,,6.59127,8.54622,fluid
2537,6.22537,6.78307,,1002.18,-7.72466,34519.9,,3.35614,-6.00093,,6.46573,8.34113,fluid
2538,6.16835,6.99748,,1002.1,-7.81962,33094.1,,3.20574,-6.10327,,6.3435,8.13392,fluid
2539,6.1124,7.21383,,1002.01,-8.03548,31681.9,,3.05555,-6.20112,,6.22,7.93047,fluid
2540,6.0575,7.43208,,1001.92,-8.33743,30290.2,,2.90551,-6.29429,,6.08787,7.73647,fluid
2541,6.00362,7.65222,,1001.83,-8.67731,28924.3,,2.75558,-6.38257,,5.93897,7.55885,fluid
2542,5.95072,7.87422,,1001.75,-9.0016,27582.1,,2.60585,-6.46585,,5.76631,7.40381,fluid
2543,5.89877,8.09807,,1001.66,-9.2752,26252.7,,2.45649,-6.544,,5.56667,7.27332,fluid
2544,5.84774,8.32376,,1001.58,-9.48767,24926.2,,2.30771,-6.61674,,5.34089,7.1677,fluid
2545,5.79759,8.55128,,1001.5,-9.63165,23591.4,,2.15965,-6.6839,,5.09346,7.08917,fluid
2546,5.74827,8.78063,,1001.41,-9.70599,22230.3,,2.01247,-6.74538,,4.83049,7.03627,fluid
2547,5.69974,9.01183,,1001.32,-9.73462,20835.9,,1.86629,-6.80084,,4.55826,7.00428,fluid
2548,5.65196,9.24487,,1001.23,-9.7349,19413.1,,1.72114,-6.8499,,4.27863,6.99323,fluid
2549,5.60491,9.47978,,1001.14,-9.67757,17950.7,,1.57715,-6.89246,,3.99791,7.00574,fluid
2550,5.55856,9.71655,,1001.04,-9.54005,16446.8,,1.43445,-6.92834,,3.71656,7.03594,fluid
2551,5.51286,9.95528,,1000.95,-9.34569,14915.1,,1.29327,-6.95699,,3.4368,7.077,fluid
2552,5.4679,10.1959,,1000.85,-9.03392,13333.1,,1.15406,-6.97845,,3.15745,7.14341,fluid
2553,5.42359,10.4384,,1000.74,-8.4563,11702.8,,1.01712,-6.99388,,2.8786,7.23638,fluid
2554,5.37999,10.6831,,1000.64,-7.71104,10076.6,,0.882823,-6.99994,,2.60146,7.34473,fluid
2555,5.33732,10.9295,,1000.53,-6.92843,8293.89,,0.752462,-6.99937,,2.32948,7.44038,fluid
2556,5.29522,11.1775,,1000.41,-5.67653,6520.95,,0.625847,-6.9987,,2.07418,7.54475,fluid
2557,5.25542,11.4289,,1000.31,-3.93047,4947.48,,0.507297,-6.97343,,1.83898,7.80741,fluid
2558,5.22174,11.6788,,1000.15,-2.77794,2293.73,,0.411969,-6.97547,,1.65317,7.70959,fluid
2559,5.19789,11.9272,,1000.13,-1.85179,2000.6,,0.346394,-6.97957,,1.53061,7.69835,fluid
2560,8.86466,0.114113,,1004.7,-6.19991,74775.1,,7.67027,-0.0848395,,-0.434907,4.98781,fluid
2561,9.05633,0.124953,,1004.85,1.34372,77182.5,,7.57581,-0.0735048,,20.6667,10.7531,fluid
2562,9.48088,0.288372,,1004.53,-12.5052,72117.8,,10.2453,-0.232861,,17.4839,13.2169,fluid
2563,9.34322,0.389104,,1004.56,-8.73711,72502.7,,8.95627,-0.589086,,6.4173,8.03027,fluid
2564,9.28415,0.52143,,1004.43,-9.14093,70533.2,,8.99616,-0.456651,,12.6055,11.9544,fluid
2565,9.15176,0.612691,,1004.43,-3.72867,70450.8,,7.9507,-1.08066,,3.24045,5.42333,fluid
2566,9.14967,0.760101,,1004.38,-5.30921,69619.8,,8.72402,-0.785425,,14.857,11.09,fluid
2567,9.07411,0.881263,,1004.43,-0.962506,70485.5,,8.36382,-1.05992,,10.641,9.42359,fluid
2568,9.00491,1.00528,,1004.37,-2.23319,69548.2,,8.18798,-1.24037,,9.35552,9.10108,fluid
2569,8.93926,1.13333,,1004.33,-3.82051,68793.3,,8.088,-1.36096,,9.18056,10.12,fluid
2570,8.8707,1.26587,,1004.26,-4.31413,67799.5,,7.98007,-1.5061,,8.7726,10.1548,fluid
2571,8.80056,1.40019,,1004.22,-4.53228,67057,,7.88632,-1.65694,,8.61125,10.0677,fluid
2572,8.72813,1.53674,,1004.18,-4.76289,66487.2,,7.79024,-1.80861,,8.49571,10.1081,fluid
2573,8.65347,1.6752,,1004.13,-5.30152,65677.8,,7.69298,-1.97405,,8.34011,10.2006,fluid
2574,8.57732,1.81701,,1004.08,-6.15642,64816.8,,7.60481,-2.13776,,8.34248,10.3017,fluid
2575,8.49924,1.96192,,1004.03,-6.89342,63954.7,,7.51362,-2.30041,,8.37859,10.4247,fluid
2576,8.41953,2.10972,,1003.97,-7.41009,63071.3,,7.4167,-2.46793,,8.43427,10.5019,fluid
2577,8.33839,2.26057,,1003.91,-7.82812,62158.9,,7.31274,-2.63891,,8.52549,10.5324,fluid
2578,8.25611,2.41461,,1003.86,-8.26996,61242.9,,7.20149,-2.81044,,8.64252,10.5634,fluid
2579,8.17305,2.57184,,1003.8,-8.67998,60314.3,,7.08189,-2.98113,,8.76514,10.6123,fluid
2580,8.0895,2.73225,,1003.74,-8.98054,59351.1,,6.95325,-3.15076,,8.86843,10.6454,fluid
2581,8.00578,2.89578,,1003.68,-9.18427,58354.9,,6.81614,-3.31901,,8.94401,10.6477,fluid
2582,7.92219,3.06237,,1003.61,-9.32483,57329.4,,6.67165,-3.4852,,8.98556,10.6387,fluid
2583,7.83902,3.23197,,1003.55,-9.46989,56269.7,,6.52114,-3.64897,,8.98633,10.6244,fluid
2584,7.75648,3.4045,,1003.48,-9.65291,55173.7,,6.3661,-3.81039,,8.94835,10.6,fluid
2585,7.67477,3.57987,,1003.41,-9.85221,54037.4,,6.20783,-3.96952,,8.88151,10.5635,fluid
2586,7.59401,3.75803,,1003.33,-10.0687,52858.5,,6.04734,-4.12629,,8.79671,10.5134,fluid
2587,7.51432,3.9389,,1003.26,-10.3151,51643.9,,5.88538,-4.28081,,8.70571,10.4471,fluid
2588,7.43577,4.12243,,1003.18,-10.5791,50400.6,,5.72243,-4.43311,,8.61635,10.3648,fluid
2589,7.35842,4.30857,,1003.1,-10.8262,49135.5,,5.55871,-4.58304,,8.52974,10.2673,fluid
2590,7.28232,4.49725,,1003.02,-10.9849,47857.8,,5.39435,-4.73043,,8.43992,10.156,fluid
2591,7.20751,4.68843,,1002.94,-10.9963,46570.2,,5.22956,-4.87514,,8.33798,10.0337,fluid
2592,7.13401,4.88206,,1002.86,-10.8327,45269.3,,5.06457,-5.017,,8.21889,9.90385,fluid
2593,7.06185,5.07807,,1002.78,-10.4838,43948.4,,4.89963,-5.15583,,8.08451,9.76902,fluid
2594,6.99104,5.27643,,1002.69,-9.9677,42600.4,,4.73495,-5.29146,,7.94276,9.62992,fluid
2595,6.92157,5.47707,,1002.61,-9.34871,41221.2,,4.57056,-5.42377,,7.80137,9.48419,fluid
2596,6.85345,5.67995,,1002.52,-8.72222,39815.4,,4.40649,-5.55256,,7.65855,9.32321,fluid
2597,6.78667,5.88502,,1002.43,-8.16584,38396.9,,4.24274,-5.67757,,7.52855,9.14947,fluid
2598,6.72123,6.09223,,1002.34,-7.72001,36981.1,,4.07912,-5.79866,,7.40878,8.96339,fluid
2599,6.65709,6.30154,,1002.25,-7.40482,35579.7,,3.9156,-5.91568,,7.28762,8.76364,fluid
2600,6.59425,6.51289,,1002.16,-7.22604,34200.1,,3.75226,-6.02846,,7.15819,8.55182,fluid
2601,6.53268,6.72624,,1002.08,-7.17229,32845,,3.58929,-6.13684,,7.01558,8.33087,fluid
2602,6.47236,6.94156,,1002,-7.21883,31511.7,,3.42684,-6.24072,,6.85796,8.10586,fluid
2603,6.41325,7.1588,,1001.91,-7.34316,30192.3,,3.26511,-6.33995,,6.68627,7.8817,fluid
2604,6.35531,7.37794,,1001.83,-7.5324,28879.8,,3.10417,-6.43438,,6.50336,7.66333,fluid
2605,6.29848,7.59895,,1001.75,-7.76996,27571.7,,2.944,-6.52379,,6.31189,7.45733,fluid
2606,6.24274,7.8218,,1001.67,-8.03148,26267.1,,2.78453,-6.60807,,6.11189,7.27038,fluid
2607,6.18803,8.04647,,1001.58,-8.29482,24964.9,,2.62564,-6.68704,,5.90169,7.10649,fluid
2608,6.1343,8.27295,,1001.5,-8.54552,23667.6,,2.46724,-6.76042,,5.67824,6.96829,fluid
2609,6.0815,8.50123,,1001.42,-8.75677,22376,,2.30926,-6.82806,,5.43831,6.85992,fluid
2610,6.0296,8.7313,,1001.34,-8.89808,21081.2,,2.15174,-6.88983,,5.17918,6.78221,fluid
2611,5.97855,8.96318,,1001.26,-8.97376,19778,,1.99487,-6.94538,,4.9003,6.73126,fluid
2612,5.9283,9.19688,,1001.17,-9.00228,18461.6,,1.83884,-6.99439,,4.60062,6.70475,fluid
2613,5.87882,9.43242,,1001.09,-8.9574,17108.5,,1.68385,-7.03674,,4.28973,6.70474,fluid
2614,5.83007,9.66979,,1001,-8.81024,15715.8,,1.53014,-7.07222,,3.97231,6.72482,fluid
2615,5.782,9.90911,,1000.91,-8.59774,14291.7,,1.37814,-7.10011,,3.65407,6.76492,fluid
2616,5.73468,10.1503,,1000.81,-8.29229,12800.9,,1.22833,-7.12038,,3.3365,6.83188,fluid
2617,5.68803,10.3934,,1000.72,-7.74328,11257.7,,1.08093,-7.13403,,3.02447,6.92524,fluid
2618,5.64208,10.6388,,1000.62,-7.05575,9718.25,,0.936356,-7.1373,,2.72093,7.04323,fluid
2619,5.59708,10.8859,,1000.51,-6.38325,7990.97,,0.795909,-7.13374,,2.42743,7.14545,fluid
2620,5.55267,11.1345,,1000.4,-5.26141,6283.36,,0.659417,-7.12988,,2.15338,7.25759,fluid
2621,5.51065,11.3869,,1000.31,-3.63338,4818.69,,0.531537,-7.09857,,1.90411,7.55188,fluid
2622,5.47515,11.6371,,1000.14,-2.59594,2178.74,,0.428837,-7.09852,,1.70814,7.45679,fluid
2623,5.44996,11.8861,,1000.12,-1.72216,1942.21,,0.357982,-7.1002,,1.58029,7.45731,fluid
2624,9.40844,0.117735,,1004.32,-12.1234,68738.6,,8.26743,-0.139526,,-1.34611,4.46906,fluid
2625,9.60318,0.110041,,1004.56,6.90004,72499.7,,8.37092,-0.014733,,23.576,9.63858,fluid
2626,10.06,0.276503,,1004.16,-17.4173,66114.7,,10.8674,-0.165368,,14.3074,12.1878,fluid
2627,9.92639,0.385694,,1003.94,-11.7974,62532.1,,9.82803,-0.3035,,8.45244,10.7453,fluid
2628,9.80567,0.485746,,1003.99,-2.42551,63382.5,,9.31359,-0.678517,,11.8862,7.34778,fluid
2629,9.69439,0.586055,,1004.21,0.717534,66908.5,,8.73801,-1.00077,,7.78788,6.32078,fluid
2630,9.69014,0.734393,,1004,-6.67977,63525,,9.50291,-0.697784,,17.9939,11.6239,fluid
2631,9.59873,0.845079,,1004.15,-3.35282,65911.1,,8.99792,-1.05031,,11.3753,9.28615,fluid
2632,9.52445,0.964671,,1004.05,-4.93625,64409.5,,8.8337,-1.23086,,9.91085,9.46183,fluid
2633,9.45127,1.09013,,1003.97,-5.88766,63112.6,,8.71524,-1.33438,,9.66926,10.2296,fluid
2634,9.37517,1.21877,,1003.93,-4.42969,62475.3,,8.60093,-1.48669,,9.56859,10.2199,fluid
2635,9.29779,1.34986,,1003.92,-3.43722,62260.6,,8.51012,-1.64218,,9.61884,10.1624,fluid
2636,9.21768,1.48313,,1003.91,-3.47137,62028.3,,8.41339,-1.80203,,9.5045,10.3108,fluid
2637,9.13511,1.61839,,1003.86,-4.25014,61307.7,,8.31275,-1.97695,,9.2275,10.4928,fluid
2638,9.05083,1.75749,,1003.81,-5.25087,60414.2,,8.21909,-2.14738,,9.17194,10.6314,fluid
2639,8.96445,1.90017,,1003.75,-5.85921,59602.8,,8.12175,-2.31613,,9.26743,10.7619,fluid
2640,8.87626,2.04597,,1003.71,-6.34376,58868.8,,8.01689,-2.49181,,9.42624,10.812,fluid
2641,8.7866,2.19504,,1003.66,-6.86609,58133,,7.90266,-2.67175,,9.59905,10.8222,fluid
2642,8.69586,2.34762,,1003.61,-7.51001,57359.3,,7.7781,-2.85086,,9.76533,10.8264,fluid
2643,8.60443,2.50371,,1003.57,-8.14079,56565.1,,7.64267,-3.02803,,9.91888,10.8383,fluid
2644,8.51272,2.6632,,1003.52,-8.58571,55760.1,,7.49692,-3.20371,,10.0405,10.8466,fluid
2645,8.42109,2.82602,,1003.46,-8.83513,54934.6,,7.34229,-3.37759,,10.1078,10.8346,fluid
2646,8.32988,2.9921,,1003.41,-8.95586,54075.8,,7.1804,-3.54916,,10.1134,10.8215,fluid
2647,8.23937,3.16134,,1003.35,-9.01223,53160,,7.01302,-3.71833,,10.0666,10.8163,fluid
2648,8.14978,3.33366,,1003.29,-9.07567,52182,,6.84172,-3.88512,,9.98325,10.8056,fluid
2649,8.06127,3.50897,,1003.23,-9.16778,51154.2,,6.66777,-4.04968,,9.87943,10.7797,fluid
2650,7.974,3.68719,,1003.16,-9.29946,50083.8,,6.49218,-4.21202,,9.76135,10.7375,fluid
2651,7.88804,3.86824,,1003.09,-9.46975,48975.3,,6.31551,-4.3721,,9.63281,10.6788,fluid
2652,7.80346,4.05207,,1003.02,-9.65509,47832.6,,6.13819,-4.52985,,9.49989,10.5991,fluid
2653,7.7203,4.23862,,1002.95,-9.83273,46655.7,,5.9605,-4.68518,,9.36861,10.4967,fluid
2654,7.63862,4.42782,,1002.87,-9.9565,45444.2,,5.78257,-4.83779,,9.24204,10.3742,fluid
2655,7.55843,4.6196,,1002.79,-9.99163,44198.6,,5.60442,-4.98745,,9.1197,10.2331,fluid
2656,7.47977,4.81392,,1002.71,-9.94714,42927.6,,5.42613,-5.13394,,8.99978,10.0764,fluid
2657,7.40264,5.0107,,1002.63,-9.80477,41643.2,,5.24773,-5.27703,,8.87715,9.91117,fluid
2658,7.32705,5.20988,,1002.55,-9.52583,40352.8,,5.06932,-5.41653,,8.74516,9.74328,fluid
2659,7.25302,5.4114,,1002.47,-9.0929,39056.9,,4.89104,-5.55234,,8.5972,9.57301,fluid
2660,7.18053,5.6152,,1002.39,-8.53985,37751.3,,4.71318,-5.68431,,8.42454,9.39212,fluid
2661,7.10957,5.82123,,1002.31,-7.92881,36433,,4.53603,-5.81222,,8.2458,9.20332,fluid
2662,7.04011,6.02942,,1002.22,-7.32559,35101,,4.35961,-5.93596,,8.06693,9.00361,fluid
2663,6.97214,6.23973,,1002.14,-6.80275,33757.4,,4.18393,-6.05537,,7.89049,8.79035,fluid
2664,6.90561,6.45209,,1002.05,-6.42676,32409.8,,4.00896,-6.17028,,7.72037,8.5639,fluid
2665,6.84051,6.66646,,1001.97,-6.23447,31071.2,,3.8346,-6.28056,,7.55597,8.32568,fluid
2666,6.77679,6.88278,,1001.88,-6.22144,29754.1,,3.66081,-6.38607,,7.39237,8.07985,fluid
2667,6.71441,7.10102,,1001.8,-6.35413,28465.7,,3.48757,-6.4867,,7.22225,7.83196,fluid
2668,6.65333,7.32114,,1001.72,-6.58838,27208.2,,3.31492,-6.58231,,7.03828,7.58796,fluid
2669,6.5935,7.5431,,1001.65,-6.87404,25979.3,,3.14297,-6.67276,,6.83552,7.3549,fluid
2670,6.53487,7.76687,,1001.57,-7.16364,24771.4,,2.97184,-6.75796,,6.61157,7.13943,fluid
2671,6.47739,7.99242,,1001.5,-7.42518,23573.1,,2.80162,-6.83775,,6.36725,6.946,fluid
2672,6.42099,8.21975,,1001.42,-7.6472,22376.3,,2.63234,-6.91188,,6.10517,6.77812,fluid
2673,6.3656,8.44883,,1001.34,-7.81766,21174,,2.46393,-6.98023,,5.82853,6.64049,fluid
2674,6.31117,8.67967,,1001.27,-7.92449,19957,,2.29633,-7.04261,,5.53934,6.5345,fluid
2675,6.25764,8.91226,,1001.19,-7.98797,18725.2,,2.12951,-7.0986,,5.23724,6.4569,fluid
2676,6.20494,9.14663,,1001.11,-8.02944,17475.3,,1.96336,-7.14792,,4.91873,6.40617,fluid
2677,6.15303,9.38281,,1001.03,-8.00523,16190.6,,1.7979,-7.19047,,4.59046,6.38543,fluid
2678,6.10186,9.62077,,1000.95,-7.87077,14886,,1.63342,-7.22587,,4.25752,6.39278,fluid
2679,6.05138,9.86067,,1000.86,-7.6827,13566.9,,1.47039,-7.25315,,3.91834,6.4321,fluid
2680,6.00165,10.1025,,1000.77,-7.43914,12178.5,,1.30915,-7.27221,,3.57093,6.49133,fluid
2681,5.95259,10.3461,,1000.68,-6.96055,10745.6,,1.15008,-7.28437,,3.22273,6.58363,fluid
2682,5.90425,10.5922,,1000.59,-6.3468,9320.23,,0.993806,-7.28494,,2.88212,6.71389,fluid
2683,5.85687,10.8399,,1000.49,-5.78385,7666.6,,0.841943,-7.27848,,2.55293,6.82441,fluid
2684,5.81014,11.0892,,1000.38,-4.78768,6038.92,,0.694453,-7.27146,,2.24694,6.94622,fluid
2685,5.76583,11.3426,,1000.3,-3.28984,4692.85,,0.556356,-7.23339,,1.97464,7.27877,fluid
2686,5.72846,11.5933,,1000.13,-2.38733,2054.2,,0.445591,-7.23116,,1.76369,7.18618,fluid
2687,5.70188,11.8427,,1000.12,-1.58078,1880.39,,0.368899,-7.23019,,1.62886,7.20074,fluid
2688,9.98525,0.122915,,1003.75,-19.7297,59490.8,,8.95101,-0.16615,,-2.62664,4.8078,fluid
2689,10.1838,0.0969245,,1004.28,4.65164,68016.8,,9.21901,0.0781274,,22.7807,8.79163,fluid
2690,10.6675,0.272133,,1003.66,-9.63362,58092.8,,11.4351,-0.0189812,,10.6935,12.0044,fluid
2691,10.5158,0.378903,,1003.3,-7.53092,52303,,10.5284,-0.14747,,10.2564,11.1337,fluid
2692,10.358,0.442756,,1003.73,-0.350087,59226.3,,9.94071,-0.938837,,14.3639,4.2046,fluid
2693,10.2706,0.560963,,1003.97,-3.47706,62985.3,,9.74536,-0.873596,,12.1765,8.51312,fluid
2694,10.2532,0.707052,,1003.61,-8.67189,57330.5,,10.2994,-0.604735,,18.1345,12.6749,fluid
2695,10.1476,0.808134,,1003.7,-6.66473,58653.8,,9.66675,-0.994813,,10.374,9.62372,fluid
2696,10.0645,0.922152,,1003.6,-4.66766,57072.6,,9.48015,-1.19169,,9.68886,9.30517,fluid
2697,9.98272,1.04412,,1003.58,-2.89771,56737.8,,9.37222,-1.31114,,10.5273,9.42557,fluid
2698,9.8996,1.16857,,1003.62,-1.99363,57468.2,,9.28685,-1.46817,,10.8928,9.82771,fluid
2699,9.81418,1.29622,,1003.62,-2.84875,57495.6,,9.20072,-1.6199,,10.6796,10.3758,fluid
2700,9.72515,1.42586,,1003.58,-3.95402,56873.4,,9.09464,-1.77958,,10.2256,10.8388,fluid
2701,9.63329,1.55772,,1003.52,-4.49738,55881,,8.98511,-1.96341,,9.95009,10.9555,fluid
2702,9.53958,1.69397,,1003.48,-4.6206,55199.8,,8.88773,-2.14518,,10.113,10.9502,fluid
2703,9.44361,1.83416,,1003.45,-4.61189,54762.4,,8.78559,-2.32307,,10.3636,11.1027,fluid
2704,9.34569,1.97782,,1003.42,-5.07966,54215.1,,8.67015,-2.50632,,10.5569,11.2176,fluid
2705,9.24627,2.1251,,1003.38,-5.70719,53596.1,,8.54054,-2.69428,,10.7377,11.2387,fluid
2706,9.14589,2.27622,,1003.34,-6.33699,52972.9,,8.3981,-2.88169,,10.931,11.2014,fluid
2707,9.04508,2.43115,,1003.3,-7.02753,52362.6,,8.24367,-3.06606,,11.1113,11.1735,fluid
2708,8.94429,2.58973,,1003.26,-7.68145,51736.4,,8.07831,-3.2481,,11.2435,11.1658,fluid
2709,8.84394,2.75184,,1003.22,-8.15328,51064.8,,7.90391,-3.4283,,11.3073,11.1426,fluid
2710,8.74438,2.91738,,1003.18,-8.42555,50360.8,,7.7227,-3.60608,,11.305,11.1117,fluid
2711,8.64588,3.08627,,1003.13,-8.55951,49618.4,,7.53685,-3.7816,,11.2401,11.0934,fluid
2712,8.54865,3.25838,,1003.08,-8.64315,48812.4,,7.34816,-3.95513,,11.1183,11.0805,fluid
2713,8.45283,3.43362,,1003.03,-8.66994,47931.7,,7.15777,-4.1265,,10.9664,11.0619,fluid
2714,8.35853,3.61191,,1002.97,-8.65566,46983.1,,6.96644,-4.29566,,10.805,11.0257,fluid
2715,8.26581,3.79319,,1002.9,-8.64042,45976.3,,6.77456,-4.46259,,10.6466,10.9682,fluid
2716,8.17474,3.97737,,1002.84,-8.68701,44918,,6.58224,-4.62708,,10.4979,10.8862,fluid
2717,8.08534,4.16439,,1002.77,-8.819,43819.8,,6.38943,-4.78885,,10.3596,10.7751,fluid
2718,7.99767,4.35418,,1002.7,-8.98881,42694.5,,6.19617,-4.94759,,10.2257,10.6373,fluid
2719,7.91174,4.54666,,1002.63,-9.09484,41544.4,,6.00263,-5.10298,,10.0865,10.477,fluid
2720,7.82758,4.74175,,1002.55,-9.09666,40368,,5.80904,-5.2548,,9.93622,10.2965,fluid
2721,7.74519,4.93939,,1002.48,-8.97758,39166.7,,5.61567,-5.40281,,9.77608,10.1023,fluid
2722,7.66458,5.1395,,1002.4,-8.72138,37941,,5.42269,-5.54684,,9.6105,9.90335,fluid
2723,7.58574,5.34201,,1002.32,-8.33848,36692,,5.23015,-5.68677,,9.44077,9.70249,fluid
2724,7.50866,5.54684,,1002.24,-7.87194,35426.6,,5.03817,-5.82243,,9.25674,9.49139,fluid
2725,7.43331,5.75394,,1002.16,-7.36365,34156.2,,4.84692,-5.95364,,9.07334,9.27525,fluid
2726,7.35967,5.96323,,1002.08,-6.84058,32890.2,,4.65633,-6.08028,,8.88529,9.05146,fluid
2727,7.2877,6.17465,,1002,-6.33689,31632.4,,4.46653,-6.20224,,8.68564,8.81804,fluid
2728,7.21738,6.38813,,1001.92,-5.89738,30382.7,,4.27771,-6.31939,,8.47504,8.57513,fluid
2729,7.14865,6.60361,,1001.85,-5.56642,29141.1,,4.09,-6.43166,,8.25696,8.32206,fluid
2730,7.08148,6.82105,,1001.77,-5.37302,27907.8,,3.9035,-6.53894,,8.03561,8.0598,fluid
2731,7.01581,7.04038,,1001.69,-5.33033,26684.4,,3.71818,-6.64112,,7.8137,7.792,fluid
2732,6.95158,7.26157,,1001.62,-5.43134,25474.5,,3.53399,-6.73809,,7.59098,7.52413,fluid
2733,6.88872,7.48457,,1001.54,-5.65134,24283.5,,3.35085,-6.82972,,7.36455,7.26301,fluid
2734,6.82719,7.70934,,1001.47,-5.94504,23115.5,,3.16866,-6.91593,,7.1291,7.01616,fluid
2735,6.76691,7.93586,,1001.39,-6.26352,21970.3,,2.98735,-6.99657,,6.87924,6.78963,fluid
2736,6.70781,8.1641,,1001.32,-6.56411,20846,,2.80689,-7.07147,,6.61046,6.58873,fluid
2737,6.64983,8.39404,,1001.25,-6.80666,19736.3,,2.62726,-7.14052,,6.32021,6.41934,fluid
2738,6.59289,8.62569,,1001.18,-6.96504,18628.6,,2.44849,-7.20354,,6.00797,6.28341,fluid
2739,6.53692,8.85903,,1001.11,-7.05603,17513.5,,2.27061,-7.26017,,5.67456,6.17766,fluid
2740,6.48183,9.09409,,1001.04,-7.09815,16377.7,,2.09349,-7.31018,,5.32119,6.10136,fluid
2741,6.42755,9.3309,,1000.97,-7.04823,15211.4,,1.9172,-7.35334,,4.9588,6.05782,fluid
2742,6.37404,9.56944,,1000.89,-6.88854,14037.3,,1.74208,-7.389,,4.59084,6.05422,fluid
2743,6.32123,9.80991,,1000.82,-6.73006,12831.2,,1.56828,-7.41607,,4.21085,6.07836,fluid
2744,6.26913,10.0523,,1000.73,-6.57198,11515.1,,1.39556,-7.4349,,3.81639,6.11618,fluid
2745,6.21768,10.2964,,1000.65,-6.16669,10164.2,,1.22435,-7.44644,,3.42481,6.20374,fluid
2746,6.16687,10.5431,,1000.56,-5.62152,8845.81,,1.05556,-7.44447,,3.04763,6.34867,fluid
2747,6.117,10.7915,,1000.46,-5.16703,7272.77,,0.891242,-7.43515,,2.68455,6.46873,fluid
2748,6.06778,11.0413,,1000.37,-4.2872,5749.01,,0.731561,-7.42469,,2.34735,6.60281,fluid
2749,6.02105,11.2959,,1000.29,-2.9177,4548.42,,0.582212,-7.37905,,2.05243,6.98027,fluid
2750,5.98167,11.5471,,1000.12,-2.16186,1918.17,,0.46245,-7.37457,,1.82438,6.892,fluid
2751,5.95361,11.7971,,1000.12,-1.43066,1813.83,,0.379191,-7.37051,,1.67909,6.9233,fluid
2752,10.5987,0.1307,,1003.22,-14.9837,51051.1,,9.75306,-0.156738,,-1.97924,4.00523,fluid
2753,10.7983,0.0847925,,1003.8,8.26689,60283.2,,9.94306,0.198307,,20.4501,8.60308,fluid
2754,11.2902,0.270828,,1003.21,-12.7587,50856.7,,11.8736,0.168772,,9.50297,12.5968,fluid
2755,11.1238,0.363079,,1002.97,7.66702,47030,,11.2593,-0.135039,,12.1866,9.82678,fluid
2756,10.9502,0.397757,,1003.3,-2.81806,52369.5,,10.7705,-1.11388,,15.0945,3.49973,fluid
2757,10.8871,0.539123,,1003.44,-7.80519,54507.4,,10.8721,-0.690528,,15.1113,10.4076,fluid
2758,10.8396,0.677651,,1003.2,-9.42672,50785.5,,11.0151,-0.506395,,15.803,12.8254,fluid
2759,10.7207,0.769839,,1003.2,-7.67671,50677.8,,10.3409,-0.923819,,9.82081,9.24178,fluid
2760,10.6294,0.879354,,1003.18,-3.36298,50461.8,,10.1941,-1.12925,,10.6508,8.96511,fluid
2761,10.5392,0.995666,,1003.23,-1.84235,51214.4,,10.1219,-1.27778,,11.8126,9.48832,fluid
2762,10.4477,1.11502,,1003.27,-2.64072,51825.1,,10.0386,-1.42529,,11.6384,10.5083,fluid
2763,10.3527,1.23954,,1003.23,-3.79629,51251.7,,9.94168,-1.56328,,11.1849,11.1128,fluid
2764,10.2532,1.36578,,1003.19,-3.8622,50575.2,,9.82941,-1.72868,,10.9685,11.339,fluid
2765,10.1505,1.49387,,1003.15,-3.68125,49910.3,,9.7226,-1.93023,,11.0387,11.3349,fluid
2766,10.0458,1.62678,,1003.13,-4.09574,49533.2,,9.62348,-2.12671,,11.2673,11.3476,fluid
2767,9.93857,1.76443,,1003.11,-4.25089,49328.4,,9.50913,-2.31091,,11.4624,11.6105,fluid
2768,9.82927,1.90596,,1003.09,-4.20381,48904.9,,9.37517,-2.50185,,11.6608,11.751,fluid
2769,9.71862,2.05138,,1003.06,-4.28947,48479.7,,9.22554,-2.69942,,11.928,11.722,fluid
2770,9.60734,2.20098,,1003.04,-4.69686,48103.9,,9.06195,-2.89589,,12.1664,11.6608,fluid
2771,9.49604,2.35467,,1003.01,-5.42995,47706.8,,8.88515,-3.08799,,12.3275,11.6387,fluid
2772,9.38522,2.51225,,1002.98,-6.21894,47271.5,,8.69739,-3.27704,,12.4346,11.643,fluid
2773,9.27532,2.67356,,1002.95,-6.85038,46787.3,,8.50182,-3.46482,,12.4885,11.6209,fluid
2774,9.16667,2.83848,,1002.92,-7.30501,46251,,8.30091,-3.65098,,12.48,11.5814,fluid
2775,9.05949,3.0069,,1002.88,-7.5928,45655.1,,8.09651,-3.83504,,12.4126,11.5444,fluid
2776,8.95395,3.17873,,1002.84,-7.78245,44991.4,,7.89009,-4.01727,,12.2988,11.5064,fluid
2777,8.85017,3.35388,,1002.8,-7.935,44256,,7.68262,-4.19765,,12.1571,11.4633,fluid
2778,8.74823,3.53225,,1002.75,-8.03262,43451.9,,7.47442,-4.37568,,11.9994,11.4106,fluid
2779,8.64819,3.71376,,1002.69,-8.02449,42586.8,,7.26564,-4.5511,,11.8325,11.3413,fluid
2780,8.55009,3.89834,,1002.63,-7.93956,41662.1,,7.05643,-4.72376,,11.6629,11.2479,fluid
2781,8.45397,4.08589,,1002.57,-7.87169,40678.9,,6.84685,-4.89338,,11.4966,11.1245,fluid
2782,8.35986,4.27634,,1002.51,-7.87719,39644.1,,6.63696,-5.05952,,11.3357,10.9698,fluid
2783,8.26778,4.4696,,1002.44,-7.92793,38567.3,,6.42685,-5.22184,,11.1781,10.7858,fluid
2784,8.17774,4.66558,,1002.37,-7.98964,37459.9,,6.21669,-5.38,,11.0181,10.5759,fluid
2785,8.08976,4.8642,,1002.3,-8.01827,36336.4,,6.00666,-5.53377,,10.849,10.3461,fluid
2786,8.00382,5.06535,,1002.23,-7.9387,35205.1,,5.79705,-5.68298,,10.6653,10.1081,fluid
2787,7.9199,5.26896,,1002.16,-7.69687,34061.8,,5.58812,-5.82757,,10.4623,9.86856,fluid
2788,7.838,5.47496,,1002.08,-7.30564,32899.9,,5.38021,-5.96739,,10.2318,9.62124,fluid
2789,7.75807,5.68325,,1002.01,-6.81269,31719.9,,5.1736,-6.10229,,9.99839,9.37226,fluid
2790,7.68006,5.89376,,1001.93,-6.26659,30527.4,,4.96823,-6.2322,,9.76324,9.11719,fluid
2791,7.60395,6.10642,,1001.86,-5.72442,29329.7,,4.76414,-6.35699,,9.52642,8.8549,fluid
2792,7.52968,6.32114,,1001.78,-5.2488,28136,,4.56132,-6.47658,,9.28798,8.5865,fluid
2793,7.4572,6.53787,,1001.71,-4.88657,26955.8,,4.35982,-6.59092,,9.04621,8.31128,fluid
2794,7.38647,6.75653,,1001.64,-4.65787,25796.1,,4.15965,-6.69995,,8.7985,8.02853,fluid
2795,7.31741,6.97708,,1001.56,-4.56611,24660,,3.9609,-6.80361,,8.54249,7.74034,fluid
2796,7.24996,7.19944,,1001.49,-4.59775,23546.5,,3.76365,-6.90185,,8.27699,7.45108,fluid
2797,7.18405,7.42358,,1001.42,-4.73413,22453.4,,3.56796,-6.9946,,8.00224,7.16621,fluid
2798,7.11961,7.64945,,1001.36,-4.9467,21377.7,,3.37381,-7.08179,,7.71864,6.89233,fluid
2799,7.05655,7.87702,,1001.29,-5.20421,20316.3,,3.18112,-7.16331,,7.42674,6.63562,fluid
2800,6.99479,8.10625,,1001.22,-5.47634,19267.7,,2.98976,-7.23903,,7.12567,6.40206,fluid
2801,6.93424,8.33711,,1001.16,-5.72579,18230.7,,2.79952,-7.30885,,6.81285,6.19835,fluid
2802,6.87481,8.56962,,1001.09,-5.92291,17200.8,,2.61027,-7.3726,,6.48486,6.02799,fluid
2803,6.81642,8.80374,,1001.03,-6.06837,16173.1,,2.42182,-7.42998,,6.13823,5.8896,fluid
2804,6.75897,9.03951,,1000.96,-6.15575,15137.4,,2.23399,-7.48082,,5.77142,5.78322,fluid
2805,6.70237,9.27695,,1000.9,-6.13826,14093,,2.04685,-7.52477,,5.38895,5.71543,fluid
2806,6.64656,9.51606,,1000.83,-6.03272,13046.5,,1.8606,-7.56102,,4.98835,5.69176,fluid
2807,6.59144,9.75706,,1000.76,-5.95871,11930,,1.67474,-7.58879,,4.55976,5.68509,fluid
2808,6.53696,9.99987,,1000.68,-5.84077,10690.9,,1.48886,-7.60879,,4.11138,5.6997,fluid
2809,6.48302,10.2444,,1000.6,-5.39722,9493.98,,1.30418,-7.62024,,3.67743,5.7931,fluid
2810,6.42964,10.4916,,1000.53,-4.86678,8356.58,,1.12217,-7.61569,,3.26248,5.95563,fluid
2811,6.37714,10.7406,,1000.44,-4.53415,6877.78,,0.944478,-7.60402,,2.85146,6.07747,fluid
2812,6.32533,10.9911,,1000.35,-3.78414,5446.65,,0.771107,-7.5904,,2.46409,6.22312,fluid
2813,6.27614,11.2468,,1000.28,-2.55178,4386.71,,0.609146,-7.53665,,2.13559,6.65484,fluid
2814,6.23471,11.4984,,1000.11,-1.94421,1763.33,,0.479226,-7.52999,,1.88587,6.5676,fluid
2815,6.2051,11.749,,1000.11,-1.26492,1740.68,,0.388559,-7.52234,,1.72863,6.61874,fluid
2816,11.2574,0.141535,,1002.81,-11.9818,44469.6,,10.7077,-0.104302,,0.4681,4.65896,fluid
2817,11.4588,0.0766024,,1003.06,-5.42472,48483.3,,10.6149,0.377531,,16.2744,9.74275,fluid
2818,11.944,0.270112,,1002.9,-2.54294,45919.3,,12.4155,0.275747,,8.28951,12.5197,fluid
2819,11.7614,0.329579,,1002.54,2.88121,40241.4,,12.0808,-0.293207,,9.87191,9.00134,fluid
2820,11.5905,0.358383,,1002.5,-14.0604,39564.9,,11.7419,-1.05361,,13.6476,6.17196,fluid
2821,11.5385,0.519177,,1002.67,-8.45613,42203.5,,11.9565,-0.495714,,15.9725,10.541,fluid
2822,11.4521,0.645319,,1002.73,-6.24086,43174.5,,11.6875,-0.456745,,14.4315,11.0667,fluid
2823,11.3291,0.733397,,1002.76,-2.36383,43641.8,,11.1539,-0.835185,,11.632,8.84125,fluid
2824,11.2238,0.833604,,1002.79,-0.839251,44235.1,,10.9999,-1.07922,,12.1008,8.98221,fluid
2825,11.1259,0.94365,,1002.82,-2.53804,44672.3,,10.9552,-1.20637,,12.5304,10.6767,fluid
2826,11.0248,1.05972,,1002.8,-4.568,44255.7,,10.8637,-1.32464,,12.011,11.9037,fluid
2827,10.9172,1.1806,,1002.75,-5.02115,43527,,10.7515,-1.47397,,11.7297,11.9426,fluid
2828,10.8049,1.3026,,1002.75,-4.2071,43492.7,,10.6431,-1.65718,,11.946,11.8541,fluid
2829,10.6896,1.42664,,1002.74,-3.41426,43338.3,,10.539,-1.87042,,12.1905,11.8995,fluid
2830,10.5717,1.5562,,1002.72,-3.66554,42999.1,,10.425,-2.07909,,12.3917,11.8993,fluid
2831,10.451,1.69124,,1002.72,-3.94894,43034,,10.2883,-2.27397,,12.6397,12.0349,fluid
2832,10.3284,1.83057,,1002.72,-3.75991,43092.4,,10.1326,-2.47552,,12.928,12.2236,fluid
2833,10.2049,1.9741,,1002.71,-3.73019,42931.2,,9.95921,-2.68188,,13.1696,12.3135,fluid
2834,10.0814,2.12206,,1002.7,-3.82699,42677.2,,9.76962,-2.88578,,13.3411,12.2987,fluid
2835,9.95843,2.2744,,1002.69,-4.01606,42489,,9.56808,-3.08613,,13.4754,12.2497,fluid
2836,9.83658,2.43081,,1002.67,-4.37272,42313.5,,9.35801,-3.28483,,13.5653,12.2514,fluid
2837,9.71624,2.59112,,1002.66,-4.93505,42015.2,,9.14164,-3.48277,,13.5974,12.2608,fluid
2838,9.59765,2.75525,,1002.63,-5.55141,41609.6,,8.92105,-3.67962,,13.5891,12.236,fluid
2839,9.48098,2.92309,,1002.6,-6.06345,41145.5,,8.69803,-3.87506,,13.5526,12.182,fluid
2840,9.36637,3.09456,,1002.57,-6.46439,40621.6,,8.47348,-4.06875,,13.4819,12.1083,fluid
2841,9.25389,3.26955,,1002.53,-6.78821,40032.2,,8.24785,-4.26033,,13.3777,12.0207,fluid
2842,9.14362,3.44797,,1002.49,-7.03822,39378.3,,8.02146,-4.44936,,13.2492,11.9237,fluid
2843,9.0356,3.62973,,1002.44,-7.15472,38659.3,,7.79441,-4.63534,,13.1057,11.8196,fluid
2844,8.92987,3.81473,,1002.4,-7.12709,37868.4,,7.56669,-4.81795,,12.9522,11.6978,fluid
2845,8.82647,4.00287,,1002.34,-7.05104,37013.6,,7.33836,-4.99691,,12.792,11.5471,fluid
2846,8.72541,4.19405,,1002.28,-7.00095,36108,,7.10962,-5.1718,,12.6219,11.363,fluid
2847,8.62672,4.38817,,1002.23,-6.98692,35161.2,,6.88075,-5.34218,,12.4387,11.1472,fluid
2848,8.53039,4.58513,,1002.16,-6.97859,34176.6,,6.65204,-5.50771,,12.2424,10.9052,fluid
2849,8.43643,4.78481,,1002.1,-6.95372,33159.7,,6.42383,-5.66818,,12.0372,10.6432,fluid
2850,8.34482,4.98712,,1002.03,-6.89001,32119,,6.19634,-5.82346,,11.8271,10.3685,fluid
2851,8.25553,5.19196,,1001.97,-6.75243,31060.7,,5.96976,-5.9735,,11.6079,10.0875,fluid
2852,8.16852,5.39923,,1001.9,-6.52657,29989.4,,5.74437,-6.11815,,11.3623,9.79587,fluid
2853,8.08376,5.60884,,1001.83,-6.20993,28912.3,,5.52047,-6.25729,,11.1081,9.50427,fluid
2854,8.00119,5.82071,,1001.76,-5.79669,27834.9,,5.29817,-6.39087,,10.8395,9.21025,fluid
2855,7.92076,6.03473,,1001.7,-5.30234,26758,,5.07765,-6.51882,,10.5552,8.91313,fluid
2856,7.84242,6.25083,,1001.63,-4.78071,25679.4,,4.85908,-6.64112,,10.2607,8.61442,fluid
2857,7.76609,6.46893,,1001.56,-4.30592,24600,,4.64253,-6.75775,,9.9615,8.31283,fluid
2858,7.6917,6.68895,,1001.49,-3.9428,23524.7,,4.428,-6.8687,,9.6614,8.00604,fluid
2859,7.61918,6.91082,,1001.42,-3.73159,22461.2,,4.21545,-6.97395,,9.36167,7.69455,fluid
2860,7.54846,7.13449,,1001.36,-3.67932,21417.4,,4.00483,-7.0735,,9.06087,7.38172,fluid
2861,7.47945,7.35988,,1001.29,-3.76787,20399.2,,3.79608,-7.16732,,8.75574,7.07246,fluid
2862,7.41206,7.58696,,1001.23,-3.96065,19408.7,,3.58916,-7.2554,,8.44228,6.7727,fluid
2863,7.34621,7.81567,,1001.17,-4.21143,18443.7,,3.38403,-7.33771,,8.1181,6.48848,fluid
2864,7.28178,8.04598,,1001.11,-4.47978,17499.3,,3.18059,-7.41419,,7.78152,6.22539,fluid
2865,7.2187,8.27785,,1001.05,-4.72558,16569.8,,2.97874,-7.48477,,7.43079,5.9898,fluid
2866,7.15684,8.51128,,1000.99,-4.92125,15647.4,,2.77829,-7.54933,,7.06518,5.7862,fluid
2867,7.0961,8.74624,,1000.94,-5.06824,14723.7,,2.57902,-7.60764,,6.68432,5.61398,fluid
2868,7.03636,8.98275,,1000.88,-5.15884,13791.2,,2.38059,-7.65957,,6.28877,5.47287,fluid
2869,6.97751,9.22084,,1000.82,-5.15904,12855.6,,2.18289,-7.70467,,5.8748,5.37557,fluid
2870,6.91946,9.46051,,1000.76,-5.10643,11903.5,,1.98564,-7.7422,,5.43947,5.31648,fluid
2871,6.86204,9.70198,,1000.69,-5.0681,10863.9,,1.78783,-7.77189,,4.97525,5.27245,fluid
2872,6.80518,9.9451,,1000.62,-4.8838,9791.25,,1.58957,-7.7937,,4.50247,5.27424,fluid
2873,6.7488,10.1899,,1000.56,-4.38595,8877.14,,1.39312,-7.80451,,4.05009,5.37823,fluid
2874,6.69299,10.4378,,1000.5,-4.01131,7914.17,,1.19874,-7.79827,,3.58784,5.53036,fluid
2875,6.63804,10.6872,,1000.41,-3.87814,6451.34,,1.00635,-7.78695,,3.09666,5.62462,fluid
2876,6.5836,10.9381,,1000.33,-3.22254,5128.77,,0.816786,-7.77157,,2.63342,5.78092,fluid
2877,6.53175,11.195,,1000.27,-2.14129,4237.57,,0.639728,-7.70842,,2.2484,6.28604,fluid
2878,6.48791,11.4471,,1000.1,-1.73219,1590.89,,0.497129,-7.69901,,1.95517,6.20382,fluid
2879,6.45645,11.6984,,1000.11,-1.0943,1658.74,,0.397242,-7.68714,,1.77661,6.27935,fluid
2880,11.9525,0.156199,,1002.58,-10.3123,40747.6,,11.7343,0.00298641,,3.4711,5.45348,fluid
2881,12.1701,0.0675909,,1002.29,-20.2339,36164.1,,11.1435,0.483601,,13.046,11.4232,fluid
2882,12.6443,0.268315,,1002.53,4.00018,39979.1,,13.0145,0.260903,,5.96814,11.3787,fluid
2883,12.411,0.257855,,1001.6,1.92989,25156.7,,12.8841,-0.632562,,9.48093,8.04525,fluid
2884,12.2907,0.34958,,1001.86,-20.5965,29375.1,,12.8312,-0.682494,,14.1353,9.69837,fluid
2885,12.2227,0.506533,,1001.96,-16.2686,30899.3,,12.9207,-0.331141,,16.5901,10.3853,fluid
2886,12.0922,0.607647,,1002.25,-11.8323,35615.2,,12.354,-0.466733,,14.714,10.644,fluid
2887,11.969,0.694013,,1002.35,-3.93572,37113.1,,11.9862,-0.755005,,12.6062,9.91663,fluid
2888,11.8542,0.788641,,1002.37,-1.23029,37420.3,,11.8581,-0.960159,,12.1282,10.2114,fluid
2889,11.7484,0.894865,,1002.35,-1.90369,37205.2,,11.8356,-1.04377,,12.3029,12.0568,fluid
2890,11.6327,1.00635,,1002.29,-2.92764,36156.6,,11.7394,-1.17374,,12.1745,12.7649,fluid
2891,11.5092,1.12167,,1002.25,-4.1957,35618.9,,11.6224,-1.35068,,12.2784,12.7461,fluid
2892,11.3824,1.2391,,1002.27,-4.58071,35894.5,,11.5226,-1.54691,,12.6578,12.7876,fluid
2893,11.252,1.35914,,1002.29,-3.77018,36185.2,,11.409,-1.76262,,12.9883,12.9236,fluid
2894,11.1181,1.48511,,1002.29,-3.338,36122.9,,11.2709,-1.98454,,13.3225,12.7701,fluid
2895,10.9817,1.61694,,1002.3,-3.71198,36347.9,,11.111,-2.19723,,13.7433,12.7093,fluid
2896,10.8442,1.7536,,1002.33,-3.84114,36771,,10.9309,-2.40627,,14.1189,12.9594,fluid
2897,10.7066,1.89494,,1002.33,-3.90628,36858.3,,10.7306,-2.61912,,14.3665,13.1394,fluid
2898,10.5697,2.04085,,1002.33,-3.84692,36831.2,,10.5163,-2.83447,,14.518,13.1645,fluid
2899,10.4341,2.19127,,1002.33,-3.67353,36847.1,,10.2927,-3.04818,,14.6013,13.1392,fluid
2900,10.3003,2.34605,,1002.33,-3.44826,36875.3,,10.062,-3.2602,,14.6507,13.1309,fluid
2901,10.1686,2.505,,1002.33,-3.3395,36779.1,,9.82671,-3.47257,,14.6805,13.1169,fluid
2902,10.0392,2.66802,,1002.31,-3.597,36529.7,,9.58838,-3.6845,,14.691,13.0916,fluid
2903,9.91209,2.83504,,1002.29,-4.08579,36175.1,,9.34748,-3.89486,,14.6887,13.0423,fluid
2904,9.78747,3.00596,,1002.26,-4.63333,35756.3,,9.10436,-4.10334,,14.6771,12.9456,fluid
2905,9.66541,3.18067,,1002.23,-5.13746,35291,,8.85945,-4.30945,,14.6445,12.8059,fluid
2906,9.54597,3.35905,,1002.2,-5.57336,34776.3,,8.61309,-4.51241,,14.5826,12.6484,fluid
2907,9.4292,3.54101,,1002.17,-5.90911,34207,,8.36559,-4.71167,,14.4884,12.4841,fluid
2908,9.31511,3.72643,,1002.13,-6.06264,33570,,8.11716,-4.90679,,14.3679,12.3096,fluid
2909,9.20375,3.91518,,1002.08,-6.06997,32860.2,,7.86796,-5.09737,,14.2276,12.1139,fluid
2910,9.09514,4.10714,,1002.03,-6.02171,32088.5,,7.61824,-5.28302,,14.0684,11.8856,fluid
2911,8.98927,4.3022,,1001.98,-5.97526,31269.2,,7.3683,-5.4633,,13.8886,11.6234,fluid
2912,8.88615,4.50022,,1001.93,-5.96087,30413.2,,7.11855,-5.63781,,13.685,11.3349,fluid
2913,8.78576,4.70109,,1001.87,-5.94472,29530,,6.86945,-5.80636,,13.4585,11.0294,fluid
2914,8.68807,4.90468,,1001.81,-5.87316,28621.5,,6.62141,-5.9689,,13.2118,10.7126,fluid
2915,8.59305,5.11087,,1001.75,-5.72273,27686.3,,6.37479,-6.12542,,12.9468,10.387,fluid
2916,8.50063,5.31957,,1001.69,-5.51132,26725.2,,6.13003,-6.27582,,12.652,10.0451,fluid
2917,8.41077,5.53065,,1001.63,-5.25317,25747.6,,5.88742,-6.41995,,12.3566,9.70114,fluid
2918,8.3234,5.74401,,1001.57,-4.93226,24765.7,,5.64696,-6.5578,,12.0539,9.35561,fluid
2919,8.23844,5.95956,,1001.51,-4.53626,23787.2,,5.40877,-6.68934,,11.7386,9.0112,fluid
2920,8.15583,6.17718,,1001.45,-4.09439,22816,,5.173,-6.81461,,11.4101,8.67087,fluid
2921,8.07549,6.3968,,1001.39,-3.65283,21854.2,,4.93977,-6.93367,,11.0687,8.33358,fluid
2922,7.99733,6.61832,,1001.33,-3.25813,20903.3,,4.70918,-7.0466,,10.7162,7.99625,fluid
2923,7.92128,6.84167,,1001.27,-2.95418,19963.6,,4.48133,-7.15343,,10.3561,7.65808,fluid
2924,7.84722,7.06677,,1001.21,-2.77296,19036.5,,4.25621,-7.25424,,9.99237,7.32049,fluid
2925,7.77507,7.29355,,1001.15,-2.72678,18124.4,,4.03377,-7.34906,,9.6278,6.9864,fluid
2926,7.70472,7.52196,,1001.09,-2.80924,17230.6,,3.81388,-7.43794,,9.26309,6.66044,fluid
2927,7.63607,7.75193,,1001.04,-2.9911,16357.7,,3.59638,-7.52091,,8.89706,6.34819,fluid
2928,7.569,7.98343,,1000.99,-3.23533,15507.1,,3.38108,-7.59797,,8.52695,6.05499,fluid
2929,7.5034,8.2164,,1000.93,-3.49622,14679,,3.16775,-7.66912,,8.14814,5.78687,fluid
2930,7.43915,8.45083,,1000.88,-3.72847,13870.6,,2.95617,-7.73431,,7.75649,5.54951,fluid
2931,7.37613,8.6867,,1000.83,-3.91427,13073,,2.74609,-7.79341,,7.34992,5.34201,fluid
2932,7.3142,8.92401,,1000.78,-4.03686,12275.7,,2.53719,-7.84642,,6.92678,5.16796,fluid
2933,7.25323,9.16276,,1000.73,-4.06841,11483.5,,2.32916,-7.89284,,6.48079,5.03753,fluid
2934,7.19309,9.40299,,1000.68,-4.04324,10672,,2.12147,-7.93202,,6.0135,4.94061,fluid
2935,7.13359,9.64485,,1000.62,-3.99061,9795.1,,1.9132,-7.96414,,5.52278,4.86413,fluid
2936,7.07462,9.8882,,1000.57,-3.77557,8977.04,,1.70483,-7.98764,,5.02494,4.85342,fluid
2937,7.01612,10.1334,,1000.52,-3.46189,8242.85,,1.49749,-7.99863,,4.51864,4.9329,fluid
2938,6.95806,10.3816,,1000.45,-3.44799,7149,,1.28786,-7.99545,,3.9464,5.01288,fluid
2939,6.90027,10.6308,,1000.36,-3.39136,5642.31,,1.07525,-7.98908,,3.3323,5.06712,fluid
2940,6.84242,10.882,,1000.29,-2.66348,4621.21,,0.865386,-7.97059,,2.79945,5.28006,fluid
2941,6.7872,11.1402,,1000.26,-1.70735,4019.15,,0.671465,-7.89619,,2.37976,5.86671,fluid
2942,6.74062,11.3929,,1000.09,-1.49155,1398.57,,0.514705,-7.88394,,2.04011,5.78324,fluid
2943,6.70736,11.6452,,1000.1,-0.923482,1570.59,,0.404914,-7.86666,,1.83022,5.89581,fluid
2944,12.6748,0.170295,,1002.37,-0.901137,37446.3,,12.5713,0.0441145,,5.60104,6.01846,fluid
2945,12.9426,0.0600588,,1001.65,-22.8369,26015.6,,11.7106,0.429323,,10.182,13.0847,fluid
2946,13.3651,0.24704,,1001.73,12.6043,27288.8,,13.5042,0.039972,,1.15235,8.74319,fluid
2947,13.0886,0.219278,,1000.85,-9.11226,13350.9,,13.4972,-0.542207,,10.9374,10.0253,fluid
2948,13.0215,0.355241,,1001.26,-13.664,19919.7,,13.6865,-0.369219,,14.5807,9.68338,fluid
2949,12.9218,0.496134,,1001.37,-17.1188,21556.3,,13.5745,-0.181615,,16.3181,10.0594,fluid
2950,12.7657,0.573334,,1001.79,-11.1464,28233.6,,12.9645,-0.431812,,14.2277,10.7653,fluid
2951,12.647,0.662006,,1001.9,-4.23676,30044.4,,12.7721,-0.612244,,11.8004,10.8684,fluid
2952,12.5245,0.751102,,1001.92,-1.14156,30287.9,,12.7083,-0.775494,,10.8207,11.1396,fluid
2953,12.4045,0.85065,,1001.88,-0.698942,29729.1,,12.7035,-0.849778,,11.0035,12.7288,fluid
2954,12.2713,0.95703,,1001.74,-1.03129,27447.7,,12.639,-0.995545,,11.6429,13.4256,fluid
2955,12.1299,1.06595,,1001.68,-3.22634,26522,,12.5407,-1.18967,,12.4354,13.6588,fluid
2956,11.9855,1.1789,,1001.74,-3.83208,27417.1,,12.4449,-1.39076,,13.1785,13.8607,fluid
2957,11.8362,1.29567,,1001.82,-2.88381,28753,,12.3104,-1.60342,,13.6649,14.0827,fluid
2958,11.6836,1.41763,,1001.85,-2.22758,29162.2,,12.1433,-1.83508,,14.0006,14.0492,fluid
2959,11.5299,1.54562,,1001.86,-3.12379,29375,,11.9604,-2.05921,,14.4644,13.9737,fluid
2960,11.3761,1.67922,,1001.9,-3.96496,29927.5,,11.7566,-2.27553,,14.9291,14.1221,fluid
2961,11.223,1.81754,,1001.92,-4.34355,30376.4,,11.5344,-2.49941,,15.2758,14.2657,fluid
2962,11.0717,1.96053,,1001.94,-4.49899,30675.9,,11.301,-2.73067,,15.4949,14.298,fluid
2963,10.9225,2.10834,,1001.96,-4.30755,30932.8,,11.0594,-2.96288,,15.5765,14.2626,fluid
2964,10.7757,2.26083,,1001.97,-3.75295,31133.1,,10.8125,-3.19438,,15.6293,14.2325,fluid
2965,10.6315,2.41786,,1001.98,-3.07653,31191.3,,10.5615,-3.42555,,15.6962,14.2064,fluid
2966,10.4901,2.57934,,1001.97,-2.65824,31066.5,,10.3065,-3.65633,,15.7662,14.1639,fluid
2967,10.3516,2.74514,,1001.95,-2.68586,30840.8,,10.0477,-3.88586,,15.8311,14.0977,fluid
2968,10.2159,2.91518,,1001.94,-2.99327,30562.9,,9.7854,-4.11313,,15.8808,13.9876,fluid
2969,10.0833,3.08935,,1001.92,-3.43155,30236.8,,9.5201,-4.33733,,15.9045,13.8116,fluid
2970,9.95382,3.2675,,1001.89,-3.88057,29861,,9.25239,-4.55759,,15.9083,13.5939,fluid
2971,9.82746,3.4495,,1001.86,-4.27593,29427.7,,8.98278,-4.77318,,15.8853,13.3542,fluid
2972,9.70426,3.63522,,1001.83,-4.59742,28926.4,,8.71162,-4.98361,,15.8351,13.1033,fluid
2973,9.58425,3.8245,,1001.8,-4.8275,28357.4,,8.43925,-5.18843,,15.7502,12.8366,fluid
2974,9.46744,4.01721,,1001.76,-4.9515,27731.7,,8.16609,-5.38721,,15.6253,12.5425,fluid
2975,9.35383,4.21319,,1001.72,-4.97557,27059.7,,7.89271,-5.57951,,15.4571,12.2176,fluid
2976,9.24341,4.41229,,1001.67,-4.94514,26344.6,,7.61973,-5.76495,,15.2471,11.8686,fluid
2977,9.13613,4.61438,,1001.62,-4.90248,25592.8,,7.34769,-5.94333,,15.0052,11.5056,fluid
2978,9.03195,4.8193,,1001.57,-4.83358,24808.7,,7.07706,-6.11465,,14.7385,11.1334,fluid
2979,8.93082,5.02692,,1001.52,-4.73813,23997,,6.80826,-6.27892,,14.4436,10.75,fluid
2980,8.83268,5.23712,,1001.47,-4.61092,23164.2,,6.54179,-6.4361,,14.1159,10.3523,fluid
2981,8.73744,5.44977,,1001.42,-4.44463,22319.4,,6.27808,-6.5861,,13.7747,9.94953,fluid
2982,8.64502,5.66473,,1001.36,-4.21282,21470.5,,6.01727,-6.72896,,13.4202,9.54596,fluid
2983,8.55534,5.8819,,1001.31,-3.88395,20619.8,,5.75953,-6.8647,,13.0504,9.14567,fluid
2984,8.46831,6.10116,,1001.25,-3.48348,19766.9,,5.50503,-6.99343,,12.6683,8.75346,fluid
2985,8.38382,6.32241,,1001.2,-3.07018,18914.5,,5.25384,-7.1153,,12.2759,8.36898,fluid
2986,8.30179,6.54555,,1001.15,-2.69348,18069,,5.00601,-7.23043,,11.8745,7.99005,fluid
2987,8.22211,6.77048,,1001.09,-2.38906,17236,,4.76158,-7.33897,,11.465,7.61593,fluid
2988,8.14467,6.99711,,1001.04,-2.1836,16419.9,,4.52055,-7.44105,,11.0485,7.24742,fluid
2989,8.06936,7.22538,,1000.99,-2.08688,15622.4,,4.2829,-7.53682,,10.6262,6.88582,fluid
2990,7.99606,7.45521,,1000.94,-2.09896,14844,,4.04858,-7.6264,,10.2007,6.53374,fluid
2991,7.92464,7.68653,,1000.89,-2.20305,14084.5,,3.81748,-7.70991,,9.77335,6.19512,fluid
2992,7.85499,7.91929,,1000.85,-2.37789,13343.1,,3.58942,-7.78742,,9.3452,5.87467,fluid
2993,7.78697,8.15344,,1000.8,-2.59463,12619,,3.36415,-7.85902,,8.91544,5.57731,fluid
2994,7.72044,8.38894,,1000.76,-2.81259,11912.4,,3.14134,-7.92473,,8.48249,5.30671,fluid
2995,7.65527,8.62577,,1000.71,-3.00674,11219,,2.92061,-7.98457,,8.04262,5.06643,fluid
2996,7.5913,8.8639,,1000.67,-3.15894,10529.5,,2.70151,-8.03855,,7.59031,4.86226,fluid
2997,7.52837,9.10333,,1000.63,-3.24045,9849.59,,2.48349,-8.0863,,7.11788,4.69526,fluid
2998,7.46632,9.34412,,1000.58,-3.26298,9160.06,,2.2658,-8.12728,,6.62576,4.5624,fluid
2999,7.40493,9.58633,,1000.54,-3.25148,8428.5,,2.04762,-8.16193,,6.11083,4.4531,fluid
3000,7.34403,9.82986,,1000.49,-3.1389,7757.64,,1.82873,-8.18798,,5.57203,4.40587,fluid
3001,7.28349,10.0753,,1000.45,-3.03046,7012.72,,1.60778,-8.20252,,4.98756,4.41822,fluid
3002,7.22279,10.3232,,1000.37,-3.05561,5859.19,,1.37975,-8.20835,,4.32083,4.40002,fluid
3003,7.16153,10.5715,,1000.3,-2.73748,4773.33,,1.14621,-8.20936,,3.63192,4.44128,fluid
3004,7.10004,10.8231,,1000.28,-1.90847,4396.24,,0.918384,-8.18169,,3.06046,4.77818,fluid
3005,7.04223,11.0826,,1000.24,-1.39117,3801.21,,0.710301,-8.09864,,2.59559,5.3972,fluid
3006,6.99344,11.3353,,1000.07,-1.29643,1132.38,,0.534293,-8.09202,,2.13035,5.24127,fluid
3007,6.95783,11.5891,,1000.09,-0.741727,1466.92,,0.408772,-8.06438,,1.85813,5.44532,fluid
3008,13.4108,0.184037,,1001.67,5.30427,26316.7,,13.106,-0.0700637,,2.34726,6.10334,fluid
3009,13.8768,0.0840085,,1001.22,-9.04672,19162.8,,13.0477,0.192649,,10.0268,12.7436,fluid
3010,14.1066,0.266727,,1000.37,18.0556,5846.71,,14.158,0.231597,,5.06614,8.39096,fluid
3011,13.7666,0.170846,,1001.33,-7.93716,20886.7,,13.1072,-0.556146,,6.69545,14.8556,fluid
3012,13.7281,0.315207,,1000.98,-7.99277,15459.2,,13.65,-0.211102,,11.1135,14.4061,fluid
3013,13.6604,0.477223,,1000.71,-12.4244,11090.8,,13.9708,0.0602629,,13.3255,12.4278,fluid
3014,13.503,0.549352,,1001.34,-5.53523,21151.1,,13.5893,-0.25745,,11.7082,11.3845,fluid
3015,13.3726,0.629862,,1001.53,0.227298,24049.4,,13.4686,-0.461192,,9.33803,10.8996,fluid
3016,13.2419,0.716721,,1001.51,3.78631,23803.5,,13.4895,-0.560547,,8.5201,11.4614,fluid
3017,13.1035,0.811636,,1001.34,5.17255,21162.6,,13.5427,-0.609467,,9.22417,12.9874,fluid
3018,12.9486,0.912308,,1001.09,2.29933,17098.2,,13.525,-0.748194,,10.8615,13.9258,fluid
3019,12.7858,1.01539,,1001.05,-2.46338,16592.4,,13.4475,-0.944109,,12.3601,14.6206,fluid
3020,12.6193,1.12361,,1001.19,-2.96338,18721.1,,13.3315,-1.14882,,13.2115,14.9791,fluid
3021,12.4489,1.23575,,1001.34,-0.936291,21154,,13.1669,-1.36056,,13.4181,15.3286,fluid
3022,12.2776,1.35236,,1001.39,0.794561,21917.6,,12.9906,-1.60152,,13.6522,15.3928,fluid
3023,12.1063,1.47547,,1001.39,-0.212306,21884.5,,12.8062,-1.83624,,14.3057,15.3661,fluid
3024,11.9354,1.60453,,1001.41,-1.79567,22254.7,,12.5957,-2.06311,,14.993,15.5878,fluid
3025,11.7664,1.73859,,1001.45,-3.13653,22866.9,,12.3672,-2.30326,,15.5139,15.7455,fluid
3026,11.5997,1.87763,,1001.49,-3.98731,23478.9,,12.1268,-2.55515,,15.8988,15.7477,fluid
3027,11.4358,2.02177,,1001.52,-4.32489,23906.2,,11.8778,-2.81139,,16.1852,15.6846,fluid
3028,11.2747,2.17104,,1001.53,-4.49862,24188.5,,11.6224,-3.06783,,16.4279,15.6416,fluid
3029,11.1167,2.32533,,1001.55,-4.23927,24392.3,,11.3603,-3.32416,,16.6454,15.6409,fluid
3030,10.9619,2.48455,,1001.55,-3.64412,24453,,11.0913,-3.58061,,16.837,15.6071,fluid
3031,10.8105,2.64859,,1001.55,-3.13201,24430,,10.8157,-3.83579,,17.0077,15.5164,fluid
3032,10.6624,2.81731,,1001.55,-2.73011,24370.6,,10.5343,-4.08824,,17.1457,15.3757,fluid
3033,10.518,2.99059,,1001.54,-2.52522,24243.4,,10.2479,-4.33668,,17.2548,15.172,fluid
3034,10.3771,3.16826,,1001.52,-2.5566,24038.3,,9.95726,-4.58004,,17.3414,14.911,fluid
3035,10.24,3.35015,,1001.51,-2.70306,23756.5,,9.66326,-4.81749,,17.3986,14.6043,fluid
3036,10.1065,3.53609,,1001.48,-2.97074,23399.8,,9.36662,-5.04839,,17.4263,14.2663,fluid
3037,9.97681,3.72589,,1001.46,-3.32154,22987.8,,9.06801,-5.27225,,17.4127,13.8976,fluid
3038,9.85084,3.91939,,1001.43,-3.6016,22527.8,,8.76818,-5.48844,,17.3478,13.4968,fluid
3039,9.72859,4.11639,,1001.4,-3.81068,22023,,8.46791,-5.69645,,17.223,13.067,fluid
3040,9.61002,4.31672,,1001.36,-3.9487,21487.2,,8.16806,-5.89595,,17.0358,12.6196,fluid
3041,9.4951,4.52021,,1001.33,-3.98334,20923.8,,7.86941,-6.08685,,16.7921,12.168,fluid
3042,9.38374,4.72668,,1001.29,-3.9235,20326.9,,7.57265,-6.26926,,16.5013,11.7151,fluid
3043,9.27589,4.93597,,1001.25,-3.82335,19693.6,,7.27848,-6.44322,,16.1591,11.2473,fluid
3044,9.17145,5.14792,,1001.21,-3.70944,19030.5,,6.98748,-6.60868,,15.7876,10.7694,fluid
3045,9.07031,5.36239,,1001.16,-3.58815,18348.2,,6.69999,-6.76569,,15.4037,10.289,fluid
3046,8.97238,5.57924,,1001.12,-3.42894,17656.4,,6.41605,-6.91441,,15.0098,9.81288,fluid
3047,8.87755,5.79831,,1001.08,-3.21208,16959.9,,6.13592,-7.05498,,14.592,9.34182,fluid
3048,8.78571,6.01949,,1001.03,-2.94079,16261.5,,5.85986,-7.18757,,14.1511,8.88173,fluid
3049,8.69675,6.24265,,1000.99,-2.63064,15563.5,,5.58809,-7.31243,,13.6894,8.43469,fluid
3050,8.61054,6.46768,,1000.94,-2.30994,14867.7,,5.32077,-7.42978,,13.2115,8.00028,fluid
3051,8.52696,6.69447,,1000.9,-2.01912,14176.7,,5.05796,-7.53986,,12.7228,7.57765,fluid
3052,8.44588,6.92292,,1000.86,-1.79521,13494.2,,4.79962,-7.64293,,12.2298,7.16772,fluid
3053,8.36717,7.15295,,1000.82,-1.66095,12824.2,,4.54567,-7.73922,,11.7367,6.77128,fluid
3054,8.29069,7.38445,,1000.77,-1.62894,12170.3,,4.29594,-7.82897,,11.2456,6.38907,fluid
3055,8.2163,7.61737,,1000.73,-1.68853,11535.6,,4.05026,-7.91241,,10.7573,6.02308,fluid
3056,8.14386,7.85164,,1000.69,-1.81526,10921.7,,3.8084,-7.98971,,10.272,5.67608,fluid
3057,8.07323,8.08719,,1000.66,-1.98473,10326.8,,3.5701,-8.0611,,9.78853,5.3508,fluid
3058,8.00425,8.32397,,1000.62,-2.16216,9747.31,,3.33502,-8.12671,,9.3044,5.05571,fluid
3059,7.93676,8.56195,,1000.58,-2.31753,9179.16,,3.10269,-8.18661,,8.81694,4.79201,fluid
3060,7.87059,8.80109,,1000.55,-2.44232,8613.53,,2.87259,-8.24091,,8.31978,4.55783,fluid
3061,7.80555,9.04138,,1000.51,-2.52238,8052.97,,2.64408,-8.28943,,7.81094,4.35567,fluid
3062,7.74146,9.28285,,1000.48,-2.54849,7491.41,,2.41625,-8.33188,,7.28799,4.18798,fluid
3063,7.67807,9.52552,,1000.44,-2.54498,6901.65,,2.18818,-8.36869,,6.74546,4.04427,fluid
3064,7.6152,9.7693,,1000.4,-2.48779,6335.47,,1.95902,-8.39836,,6.17483,3.94185,fluid
3065,7.55252,10.0148,,1000.36,-2.36858,5717.57,,1.72594,-8.41859,,5.55342,3.88981,fluid
3066,7.4894,10.2618,,1000.31,-2.20972,4926.56,,1.48687,-8.43368,,4.89734,3.82522,fluid
3067,7.42599,10.509,,1000.29,-1.6853,4583.93,,1.24784,-8.43968,,4.27255,3.8731,fluid
3068,7.36302,10.762,,1000.32,-0.89328,4978.65,,1.01293,-8.40361,,3.67546,4.25412,fluid
3069,7.30366,11.0226,,1000.22,-1.32853,3412.98,,0.787888,-8.32584,,3.05548,4.74474,fluid
3070,7.24868,11.2727,,1000.05,-1.10033,840.93,,0.566891,-8.33885,,2.29083,4.47538,fluid
3071,7.20717,11.5297,,1000.09,-0.566701,1359.88,,0.407741,-8.28311,,1.8608,4.9023,fluid
3072,14.1833,0.221555,,1000.96,5.66949,15082.5,,13.3472,0.000948164,,6.56724,5.55157,fluid
3073,14.7505,0.156768,,1000.75,3.03476,11747.8,,13.329,0.0506725,,4.64368,8.43125,fluid
3074,14.7437,0.257353,,1000.35,-6.12439,5504.91,,13.7897,0.254114,,5.82385,9.77608,fluid
3075,14.5296,0.205203,,1000.71,-0.332964,11237.9,,13.1183,-0.800446,,2.57257,6.45002,fluid
3076,14.4808,0.347905,,1001.11,-4.07367,17483.7,,13.7437,-0.28452,,6.45657,9.42519,fluid
3077,14.3775,0.49032,,1000.71,-10.4944,11211.6,,14.0372,0.101265,,8.65559,11.7772,fluid
3078,14.2208,0.568996,,1000.97,-2.25022,15309.5,,13.9386,-0.0258745,,8.09499,11.2996,fluid
3079,14.0772,0.64194,,1001.07,4.04329,16794.2,,13.9671,-0.171124,,6.77679,11.0584,fluid
3080,13.9337,0.720377,,1000.96,10.0612,15078.4,,14.0866,-0.262893,,6.52306,11.867,fluid
3081,13.776,0.806432,,1000.63,9.87046,9840.21,,14.1906,-0.346102,,7.66566,13.1639,fluid
3082,13.5986,0.898852,,1000.38,0.819206,5945.13,,14.1899,-0.466347,,9.99016,14.1699,fluid
3083,13.4134,0.996141,,1000.54,-3.81644,8530.8,,14.0792,-0.633565,,11.669,15.0024,fluid
3084,13.2278,1.09821,,1000.8,-0.799584,12509.7,,13.9387,-0.832432,,11.832,15.341,fluid
3085,13.0421,1.20282,,1000.97,2.94575,15264.1,,13.8104,-1.05973,,11.6857,15.7428,fluid
3086,12.8557,1.31278,,1000.96,4.21117,15166.8,,13.6812,-1.30124,,12.2009,15.9317,fluid
3087,12.6685,1.4299,,1000.92,2.77835,14456,,13.5216,-1.53042,,13.2047,16.2222,fluid
3088,12.4823,1.55268,,1000.94,1.13347,14809.1,,13.3292,-1.76796,,14.0312,16.6544,fluid
3089,12.2983,1.68083,,1000.99,-0.144393,15600.4,,13.1161,-2.02424,,14.6538,16.9428,fluid
3090,12.1171,1.81435,,1001.03,-1.28051,16216.9,,12.8892,-2.29512,,15.2229,17.0601,fluid
3091,11.9387,1.95326,,1001.05,-2.54105,16545,,12.6524,-2.5748,,15.8356,17.1016,fluid
3092,11.7635,2.09777,,1001.07,-3.76379,16801.7,,12.403,-2.85727,,16.4558,17.1439,fluid
3093,11.5915,2.24792,,1001.08,-4.44471,17077,,12.1398,-3.14144,,17.0279,17.2015,fluid
3094,11.4231,2.40359,,1001.1,-4.47042,17317.2,,11.8641,-3.42713,,17.5168,17.2061,fluid
3095,11.2585,2.56465,,1001.11,-4.00649,17497.5,,11.5772,-3.71211,,17.9089,17.1267,fluid
3096,11.0979,2.73098,,1001.12,-3.15517,17607.1,,11.2809,-3.99416,,18.2168,16.9814,fluid
3097,10.9413,2.90238,,1001.12,-2.24971,17615.4,,10.9765,-4.27169,,18.4684,16.7735,fluid
3098,10.7889,3.07867,,1001.11,-1.60759,17512.7,,10.6654,-4.5432,,18.6768,16.4965,fluid
3099,10.6408,3.25965,,1001.1,-1.28491,17326.1,,10.3488,-4.80748,,18.8438,16.1457,fluid
3100,10.4969,3.44509,,1001.08,-1.25729,17083.7,,10.0276,-5.06364,,18.9759,15.7326,fluid
3101,10.3574,3.63478,,1001.07,-1.41116,16801.8,,9.70324,-5.31094,,19.0495,15.2582,fluid
3102,10.2222,3.82851,,1001.05,-1.67352,16481.5,,9.37679,-5.54864,,19.0538,14.7361,fluid
3103,10.0912,4.02604,,1001.02,-1.98921,16128.9,,9.04953,-5.77618,,18.9842,14.1844,fluid
3104,9.96453,4.22716,,1001,-2.26021,15754.1,,8.72255,-5.99328,,18.8435,13.6204,fluid
3105,9.84198,4.43165,,1000.98,-2.41973,15360,,8.39684,-6.19997,,18.6329,13.0551,fluid
3106,9.72352,4.63932,,1000.95,-2.434,14938.5,,8.07329,-6.39638,,18.3617,12.4965,fluid
3107,9.60905,4.84996,,1000.92,-2.37725,14482.4,,7.75269,-6.58267,,18.0208,11.9304,fluid
3108,9.49845,5.0634,,1000.89,-2.29967,13997.9,,7.4358,-6.7589,,17.6411,11.3647,fluid
3109,9.3916,5.27945,,1000.86,-2.20213,13493.6,,7.123,-6.92524,,17.2284,10.7982,fluid
3110,9.28839,5.49796,,1000.82,-2.08631,12978.2,,6.81471,-7.08187,,16.7828,10.2328,fluid
3111,9.18867,5.71875,,1000.79,-1.95214,12458.6,,6.51132,-7.22901,,16.3074,9.67393,fluid
3112,9.09233,5.94167,,1000.76,-1.8106,11942.3,,6.21314,-7.36692,,15.8085,9.12878,fluid
3113,8.99921,6.16658,,1000.73,-1.64911,11436.1,,5.92037,-7.49596,,15.29,8.60287,fluid
3114,8.90918,6.39335,,1000.7,-1.45148,10941.8,,5.63313,-7.6165,,14.7542,8.09921,fluid
3115,8.8221,6.62185,,1000.66,-1.23536,10457.7,,5.35152,-7.72894,,14.2045,7.6183,fluid
3116,8.7378,6.85197,,1000.63,-1.02942,9982.6,,5.07553,-7.83369,,13.6457,7.15975,fluid
3117,8.65615,7.08361,,1000.61,-0.856903,9515.28,,4.80512,-7.93113,,13.0837,6.72263,fluid
3118,8.57699,7.31666,,1000.58,-0.747405,9056.14,,4.54017,-8.02163,,12.5241,6.30507,fluid
3119,8.50017,7.55105,,1000.55,-0.713724,8607.38,,4.28048,-8.10553,,11.9709,5.90946,fluid
3120,8.42551,7.78668,,1000.52,-0.749101,8172.12,,4.02575,-8.18311,,11.4267,5.5378,fluid
3121,8.35287,8.0235,,1000.49,-0.837351,7752.89,,3.77567,-8.25468,,10.8885,5.19071,fluid
3122,8.28208,8.26144,,1000.47,-0.95719,7349.36,,3.52988,-8.32049,,10.3569,4.87143,fluid
3123,8.21297,8.50045,,1000.44,-1.0789,6960.85,,3.28788,-8.38069,,9.82934,4.58155,fluid
3124,8.14534,8.74048,,1000.42,-1.18605,6584.54,,3.04912,-8.43554,,9.30195,4.32064,fluid
3125,8.07901,8.9815,,1000.4,-1.26867,6218.36,,2.81299,-8.48515,,8.77065,4.08815,fluid
3126,8.01378,9.22352,,1000.37,-1.30814,5862.76,,2.57865,-8.52934,,8.23277,3.88723,fluid
3127,7.94939,9.46653,,1000.35,-1.30685,5502.87,,2.34509,-8.56838,,7.68185,3.71258,fluid
3128,7.88562,9.71045,,1000.33,-1.27642,5142.45,,2.11146,-8.6019,,7.11395,3.56496,fluid
3129,7.82214,9.95576,,1000.31,-1.16739,4795.28,,1.8752,-8.62776,,6.51251,3.46125,fluid
3130,7.7583,10.2018,,1000.28,-1.02304,4400.01,,1.63534,-8.64943,,5.88573,3.37771,fluid
3131,7.69453,10.4487,,1000.26,-0.93317,4099.78,,1.39435,-8.65887,,5.24374,3.40035,fluid
3132,7.631,10.7024,,1000.23,-1.07867,3556.27,,1.14213,-8.62708,,4.4542,3.66777,fluid
3133,7.56267,10.9553,,1000.05,-1.68114,743.457,,0.851534,-8.60561,,3.34785,3.72075,fluid
3134,7.49961,11.1992,,1000.05,-0.551504,726.605,,0.589853,-8.6319,,2.51741,3.60365,fluid
3135,7.45157,11.4671,,1000.08,-0.364679,1318.39,,0.388911,-8.5187,,1.85651,4.32451,fluid
3136,14.9545,0.267166,,1000.5,4.75281,7801.54,,13.1931,0.336834,,6.07813,7.33074,fluid
3137,15.3801,0.170823,,1000.66,4.23222,10321.3,,12.9415,0.0957246,,3.06613,6.70987,fluid
3138,15.4229,0.222917,,1000.15,0.693586,2431.95,,13.4502,0.0249786,,3.99798,8.50938,fluid
3139,15.3274,0.315874,,1000.53,-6.95338,8278.12,,13.7048,0.0248495,,4.48385,8.9181,fluid
3140,15.2058,0.424425,,1000.55,-5.37905,8668.73,,13.9119,0.120674,,4.36708,9.70786,fluid
3141,15.0546,0.530186,,1000.43,-0.714875,6834.61,,14.0262,0.181215,,4.35266,9.97907,fluid
3142,14.8983,0.617091,,1000.43,3.64516,6779.01,,14.0967,0.137652,,4.32437,10.4883,fluid
3143,14.7443,0.697292,,1000.34,7.15273,5310.44,,14.2292,0.0202666,,4.41671,10.8215,fluid
3144,14.5831,0.778285,,1000.16,7.3511,2448.56,,14.376,-0.0831659,,5.19172,10.7817,fluid
3145,14.4042,0.862323,,1000.02,1.83078,255.784,,14.4612,-0.149441,,7.08939,10.4864,fluid
3146,14.2139,0.946937,,1000.18,-6.57395,2886.21,,14.425,-0.177553,,8.95523,11.563,fluid
3147,14.0217,1.03382,,1000.53,-5.4923,8351.41,,14.3228,-0.279796,,8.9566,13.455,fluid
3148,13.8296,1.12537,,1000.68,0.616995,10756.8,,14.2634,-0.440788,,8.33132,14.4765,fluid
3149,13.6353,1.21934,,1000.67,4.42211,10519.7,,14.2337,-0.649945,,8.87372,14.9605,fluid
3150,13.439,1.31895,,1000.58,3.63742,9133.03,,14.1759,-0.873718,,10.1681,15.3456,fluid
3151,13.2414,1.42529,,1000.56,1.68123,8819.67,,14.0675,-1.09496,,11.2538,16.1779,fluid
3152,13.0436,1.53757,,1000.6,1.56881,9409.67,,13.9173,-1.34045,,11.9618,17.0693,fluid
3153,12.8473,1.65575,,1000.63,1.70228,9942.73,,13.7508,-1.61669,,12.7011,17.6226,fluid
3154,12.6533,1.78002,,1000.65,0.6965,10238.2,,13.5709,-1.91239,,13.5875,17.9694,fluid
3155,12.4616,1.91072,,1000.66,-1.11383,10443.6,,13.3685,-2.21725,,14.5351,18.2401,fluid
3156,12.2727,2.0479,,1000.68,-2.88195,10700.4,,13.142,-2.52821,,15.4847,18.5021,fluid
3157,12.087,2.19154,,1000.7,-4.07999,10995.6,,12.8937,-2.84445,,16.4046,18.7192,fluid
3158,11.9049,2.34155,,1000.72,-4.65507,11264.8,,12.625,-3.1643,,17.2694,18.8369,fluid
3159,11.7268,2.49774,,1000.73,-4.61717,11478.9,,12.3384,-3.48491,,18.0478,18.8481,fluid
3160,11.553,2.65993,,1000.74,-4.03675,11635,,12.0366,-3.80315,,18.7237,18.7782,fluid
3161,11.3836,2.82792,,1000.74,-3.15754,11718.3,,11.7214,-4.1168,,19.2891,18.6281,fluid
3162,11.2189,3.00147,,1000.74,-2.24334,11711.7,,11.3946,-4.42395,,19.7398,18.3752,fluid
3163,11.059,3.18035,,1000.74,-1.53185,11619.2,,11.0584,-4.72263,,20.0879,18.0064,fluid
3164,10.904,3.36428,,1000.73,-1.05501,11468.3,,10.7148,-5.0114,,20.352,17.5314,fluid
3165,10.7538,3.55298,,1000.72,-0.768127,11267.9,,10.3656,-5.28917,,20.5283,16.9575,fluid
3166,10.6085,3.74619,,1000.7,-0.760908,11026.5,,10.0129,-5.555,,20.614,16.309,fluid
3167,10.4681,3.94362,,1000.68,-1.0236,10766,,9.65812,-5.80827,,20.6163,15.6227,fluid
3168,10.3324,4.14501,,1000.67,-1.33494,10497.5,,9.30286,-6.04875,,20.5322,14.9199,fluid
3169,10.2015,4.3501,,1000.65,-1.55397,10208.7,,8.94853,-6.27633,,20.3632,14.2106,fluid
3170,10.0752,4.55863,,1000.63,-1.64558,9893.2,,8.59631,-6.49118,,20.1179,13.5042,fluid
3171,9.95344,4.77036,,1000.61,-1.63329,9546.89,,8.24727,-6.69348,,19.7932,12.7985,fluid
3172,9.83603,4.98508,,1000.58,-1.62833,9178.41,,7.90232,-6.88343,,19.4116,12.1019,fluid
3173,9.72285,5.20256,,1000.56,-1.60164,8801.3,,7.56206,-7.06138,,18.9746,11.4123,fluid
3174,9.61375,5.42259,,1000.54,-1.5463,8421.87,,7.22714,-7.22764,,18.4843,10.7308,fluid
3175,9.50858,5.645,,1000.51,-1.4522,8042.9,,6.89817,-7.38263,,17.95,10.0664,fluid
3176,9.40718,5.86959,,1000.49,-1.33695,7664.52,,6.57558,-7.52685,,17.3814,9.42609,fluid
3177,9.30938,6.0962,,1000.46,-1.20626,7287.92,,6.25966,-7.66085,,16.788,8.81452,fluid
3178,9.21501,6.32467,,1000.44,-1.05641,6914.71,,5.95054,-7.78517,,16.1774,8.23456,fluid
3179,9.12391,6.55488,,1000.42,-0.89644,6546.36,,5.64827,-7.90039,,15.5543,7.68696,fluid
3180,9.0359,6.78667,,1000.39,-0.742413,6184.91,,5.3528,-8.00705,,14.923,7.17113,fluid
3181,8.9508,7.01994,,1000.37,-0.611163,5831.96,,5.06404,-8.10569,,14.287,6.68581,fluid
3182,8.86845,7.25457,,1000.35,-0.513029,5488.5,,4.78183,-8.1968,,13.6502,6.2299,fluid
3183,8.78866,7.49046,,1000.33,-0.456651,5154.64,,4.50596,-8.28082,,13.017,5.80273,fluid
3184,8.71126,7.72753,,1000.31,-0.445024,4829.53,,4.23615,-8.35821,,12.3901,5.40378,fluid
3185,8.63607,7.9657,,1000.29,-0.479743,4512.72,,3.97203,-8.42936,,11.7728,5.03326,fluid
3186,8.5629,8.20489,,1000.27,-0.555182,4204.77,,3.71316,-8.49463,,11.1669,4.69162,fluid
3187,8.49156,8.44504,,1000.25,-0.650792,3905.03,,3.45898,-8.55437,,10.5706,4.3793,fluid
3188,8.42186,8.6861,,1000.23,-0.75473,3611.6,,3.2089,-8.60884,,9.98094,4.09596,fluid
3189,8.35357,8.92801,,1000.21,-0.862143,3323.75,,2.96214,-8.65834,,9.398,3.84153,fluid
3190,8.28649,9.17075,,1000.19,-0.952013,3039.22,,2.71779,-8.70298,,8.81313,3.61558,fluid
3191,8.22034,9.41428,,1000.18,-1.01038,2754.44,,2.47472,-8.74295,,8.21962,3.41738,fluid
3192,8.15484,9.65853,,1000.16,-1.04963,2462.35,,2.23164,-8.77849,,7.61076,3.24227,fluid
3193,8.0897,9.90376,,1000.14,-1.06815,2163.89,,1.98673,-8.80853,,6.97664,3.095,fluid
3194,8.02449,10.1494,,1000.12,-1.04135,1852.11,,1.73808,-8.83477,,6.30341,2.9765,fluid
3195,7.95855,10.396,,1000.09,-1.03321,1461.47,,1.47813,-8.85437,,5.5257,2.87993,fluid
3196,7.88972,10.6458,,1000.06,-0.979501,1008.66,,1.18909,-8.85724,,4.52731,2.86442,fluid
3197,7.81229,10.8926,,1000.05,-0.537219,754.798,,0.865874,-8.86509,,3.46294,2.90604,fluid
3198,7.74978,11.1391,,1000.07,0.0298726,1095.96,,0.607786,-8.87446,,2.71533,2.93802,fluid
3199,7.70022,11.414,,1000.08,-0.236383,1315.92,,0.388735,-8.74269,,1.92092,3.61749,fluid
3200,15.7598,0.360195,,1000.41,-1.50732,6472.36,,13.4023,0.101716,,6.2316,7.71592,fluid
3201,16.026,0.201516,,1000.33,1.03574,5151.32,,13.3378,0.25251,,6.0878,11.4403,fluid
3202,16.0395,0.222547,,1000.24,-0.593025,3820.69,,13.5696,-0.048368,,5.81575,11.2462,fluid
3203,15.8747,0.468023,,1000.21,-0.658094,3336.72,,13.7635,-0.12324,,7.06126,8.43154,fluid
3204,15.737,0.621222,,1000.17,0.748339,2743,,13.7228,0.11503,,5.70816,8.3212,fluid
3205,15.6109,0.719797,,1000.15,0.445201,2355.37,,13.8178,0.211387,,4.96694,8.19975,fluid
3206,15.4675,0.801166,,1000.14,-0.245495,2195.55,,13.9596,0.28618,,4.7301,8.23345,fluid
3207,15.3053,0.874743,,1000.16,-1.81286,2547.3,,14.0622,0.349983,,5.08507,8.47682,fluid
3208,15.1354,0.946162,,1000.22,-4.00722,3390.76,,14.1201,0.379161,,5.424,8.85437,fluid
3209,14.9605,1.01788,,1000.29,-5.62573,4616.69,,14.1549,0.377065,,5.2497,9.685,fluid
3210,14.7823,1.08622,,1000.39,-5.20368,6067.54,,14.2146,0.315052,,4.71678,11.1094,fluid
3211,14.5943,1.15464,,1000.43,-2.28177,6746.19,,14.2975,0.180331,,4.68688,12.4378,fluid
3212,14.3955,1.22796,,1000.37,0.670013,5811.77,,14.3679,0.00236475,,5.67081,12.9609,fluid
3213,14.1919,1.30837,,1000.27,0.792692,4190.56,,14.3913,-0.173899,,6.75683,13.1379,fluid
3214,13.9877,1.39449,,1000.23,-1.01117,3635.93,,14.3828,-0.350456,,7.35577,13.9968,fluid
3215,13.7822,1.48559,,1000.27,-1.69613,4268.41,,14.3505,-0.566907,,7.98939,15.4008,fluid
3216,13.575,1.58298,,1000.31,-0.810843,4902.69,,14.2838,-0.833412,,8.93883,16.5475,fluid
3217,13.3674,1.68798,,1000.33,-0.0214982,5144.43,,14.1803,-1.12711,,10.0875,17.2855,fluid
3218,13.1612,1.80069,,1000.34,-0.127711,5407.12,,14.0486,-1.43411,,11.2861,17.9591,fluid
3219,12.9576,1.92072,,1000.37,-0.842905,5850.3,,13.8917,-1.7557,,12.4707,18.6755,fluid
3220,12.7565,2.04806,,1000.4,-1.85439,6249.53,,13.7041,-2.09183,,13.6155,19.2941,fluid
3221,12.5583,2.18277,,1000.42,-2.93501,6529.86,,13.4848,-2.4384,,14.749,19.7573,fluid
3222,12.3636,2.32477,,1000.43,-3.86051,6779.88,,13.238,-2.79116,,15.9152,20.0923,fluid
3223,12.173,2.4739,,1000.45,-4.27807,7047,,12.9662,-3.14661,,17.0899,20.3182,fluid
3224,11.9869,2.62992,,1000.46,-4.03508,7297.8,,12.6715,-3.50169,,18.1983,20.4281,fluid
3225,11.8057,2.79258,,1000.48,-3.29185,7493.35,,12.3568,-3.85334,,19.183,20.4045,fluid
3226,11.6295,2.9616,,1000.48,-2.39008,7616.12,,12.0248,-4.19849,,20.0138,20.2308,fluid
3227,11.4585,3.13669,,1000.49,-1.60572,7669.32,,11.6782,-4.53451,,20.679,19.8973,fluid
3228,11.2929,3.31753,,1000.49,-0.988827,7660.76,,11.3199,-4.85925,,21.1772,19.4008,fluid
3229,11.1327,3.50378,,1000.48,-0.493847,7595.11,,10.9525,-5.17107,,21.5189,18.7532,fluid
3230,10.9779,3.69511,,1000.48,-0.250386,7491.36,,10.5787,-5.46865,,21.7328,17.9962,fluid
3231,10.8285,3.89117,,1000.47,-0.294593,7374.66,,10.2008,-5.75119,,21.8458,17.1836,fluid
3232,10.6845,4.09165,,1000.46,-0.476273,7238.8,,9.82075,-6.01832,,21.855,16.3428,fluid
3233,10.5457,4.29621,,1000.45,-0.736878,7064.92,,9.44066,-6.2698,,21.7533,15.4854,fluid
3234,10.4121,4.50456,,1000.44,-0.917522,6871.02,,9.06208,-6.50583,,21.5601,14.6314,fluid
3235,10.2835,4.71639,,1000.42,-1.02845,6659.57,,8.68654,-6.72666,,21.2748,13.7847,fluid
3236,10.1598,4.93145,,1000.41,-1.08417,6441.23,,8.31527,-6.93268,,20.9069,12.9532,fluid
3237,10.0408,5.14946,,1000.4,-1.0888,6217.39,,7.94933,-7.12436,,20.4603,12.1393,fluid
3238,9.92627,5.37018,,1000.38,-1.03113,5985.71,,7.58957,-7.30228,,19.9427,11.3467,fluid
3239,9.81614,5.5934,,1000.37,-0.953379,5747.33,,7.23672,-7.46709,,19.3677,10.5809,fluid
3240,9.71016,5.81889,,1000.35,-0.884761,5507.85,,6.89129,-7.61949,,18.7516,9.84901,fluid
3241,9.60816,6.04647,,1000.34,-0.811304,5270.81,,6.5536,-7.76024,,18.1063,9.15574,fluid
3242,9.50992,6.27597,,1000.32,-0.715989,5034.97,,6.22384,-7.89007,,17.4371,8.50168,fluid
3243,9.41527,6.50721,,1000.31,-0.609734,4800.34,,5.9021,-8.00971,,16.7503,7.887,fluid
3244,9.32399,6.74006,,1000.29,-0.495476,4567.34,,5.5884,-8.11984,,16.0515,7.31112,fluid
3245,9.23591,6.97437,,1000.28,-0.392008,4337.04,,5.28263,-8.22112,,15.3467,6.77321,fluid
3246,9.15081,7.21003,,1000.26,-0.302956,4111.06,,4.98461,-8.31417,,14.6405,6.27191,fluid
3247,9.0685,7.44693,,1000.25,-0.242728,3890.33,,4.69409,-8.39957,,13.937,5.80585,fluid
3248,8.98879,7.68495,,1000.23,-0.225808,3677.65,,4.41072,-8.47789,,13.2426,5.37523,fluid
3249,8.91147,7.92402,,1000.22,-0.224279,3473.14,,4.13406,-8.54967,,12.5601,4.97933,fluid
3250,8.83635,8.16404,,1000.21,-0.262069,3274.24,,3.86365,-8.61539,,11.8921,4.61636,fluid
3251,8.76322,8.40495,,1000.2,-0.321182,3083.26,,3.59885,-8.6755,,11.24,4.28502,fluid
3252,8.69186,8.64667,,1000.18,-0.387453,2899.56,,3.33898,-8.73042,,10.6016,3.98426,fluid
3253,8.62205,8.88915,,1000.17,-0.448401,2721.55,,3.08323,-8.7805,,9.97357,3.71255,fluid
3254,8.55357,9.13234,,1000.16,-0.496621,2547.14,,2.83068,-8.82609,,9.35074,3.46803,fluid
3255,8.48615,9.37618,,1000.15,-0.525873,2375.29,,2.58024,-8.86742,,8.72749,3.25,fluid
3256,8.41953,9.62058,,1000.14,-0.530979,2203.83,,2.33064,-8.90504,,8.0968,3.05468,fluid
3257,8.35341,9.8656,,1000.13,-0.51696,2029.51,,2.08021,-8.93887,,7.44885,2.87883,fluid
3258,8.28748,10.111,,1000.12,-0.483351,1854.57,,1.82719,-8.96926,,6.77437,2.72627,fluid
3259,8.22131,10.3567,,1000.11,-0.417531,1674.98,,1.56817,-8.99881,,6.05792,2.56863,fluid
3260,8.1543,10.6019,,1000.1,-0.339418,1507.14,,1.29993,-9.0291,,5.27961,2.40363,fluid
3261,8.08622,10.8433,,1000.09,-0.203925,1420.42,,1.02717,-9.07217,,4.50139,2.24396,fluid
3262,8.02974,11.0894,,1000.09,-0.141566,1379.89,,0.77823,-9.09204,,3.64202,2.17361,fluid
3263,7.98481,11.371,,1000.09,-0.485432,1410.63,,0.549407,-8.95465,,2.56282,2.65626,fluid
