h/dp :,2
L2norm Pressure,KE,dp,Nparticles
29977.8,2.48705e+07,0.25,2560

t,7.77
ID,r,z,,rho,drhodt,pressure,,u_r,u_z,velocity,,pairAr,pairAz,totalAr,totalAz,Type
0,0.125,-0.125,,1008.57,0,69017.4,,0,0,0,,0,0,547.447,-9.81,boundary
1,0.375,-0.125,,1008.51,0,68487.1,,0,0,0,,0,0,181.092,-9.81,boundary
2,0.625,-0.125,,1008.38,0,67455.9,,0,0,0,,0,0,107.032,-9.81,boundary
3,0.875,-0.125,,1008.28,0,66598.2,,0,0,0,,0,0,75.4874,-9.81,boundary
4,1.125,-0.125,,1008.23,0,66166.6,,0,0,0,,0,0,58.3349,-9.81,boundary
5,1.375,-0.125,,1008.28,0,66608.2,,0,0,0,,0,0,48.0446,-9.81,boundary
6,1.625,-0.125,,1008.41,0,67710.2,,0,0,0,,0,0,41.3202,-9.81,boundary
7,1.875,-0.125,,1008.56,0,68926.7,,0,0,0,,0,0,36.4489,-9.81,boundary
8,2.125,-0.125,,1008.63,0,69511.1,,0,0,0,,0,0,32.4312,-9.81,boundary
9,2.375,-0.125,,1008.57,0,68999.7,,0,0,0,,0,0,28.8057,-9.81,boundary
10,2.625,-0.125,,1008.37,0,67381.9,,0,0,0,,0,0,25.4561,-9.81,boundary
11,2.875,-0.125,,1008.09,0,65074.8,,0,0,0,,0,0,22.453,-9.81,boundary
12,3.125,-0.125,,1007.78,0,62478.6,,0,0,0,,0,0,19.8389,-9.81,boundary
13,3.375,-0.125,,1007.45,0,59752.9,,0,0,0,,0,0,17.5737,-9.81,boundary
14,3.625,-0.125,,1007.14,0,57210.6,,0,0,0,,0,0,15.6704,-9.81,boundary
15,3.875,-0.125,,1006.86,0,54965.7,,0,0,0,,0,0,14.088,-9.81,boundary
16,4.125,-0.125,,1006.65,0,53276.7,,0,0,0,,0,0,12.8302,-9.81,boundary
17,4.375,-0.125,,1006.54,0,52378,,0,0,0,,0,0,11.8943,-9.81,boundary
18,4.625,-0.125,,1006.51,0,52124.8,,0,0,0,,0,0,11.1973,-9.81,boundary
19,4.875,-0.125,,1006.52,0,52215.3,,0,0,0,,0,0,10.6414,-9.81,boundary
20,5.125,-0.125,,1006.58,0,52664.2,,0,0,0,,0,0,10.2088,-9.81,boundary
21,5.375,-0.125,,1006.6,0,52866.3,,0,0,0,,0,0,9.77107,-9.81,boundary
22,5.625,-0.125,,1006.53,0,52233.1,,0,0,0,,0,0,9.22568,-9.81,boundary
23,5.875,-0.125,,1006.42,0,51391.4,,0,0,0,,0,0,8.69165,-9.81,boundary
24,6.125,-0.125,,1006.42,0,51340.8,,0,0,0,,0,0,8.32873,-9.81,boundary
25,6.375,-0.125,,1006.5,0,51986.7,,0,0,0,,0,0,8.10214,-9.81,boundary
26,6.625,-0.125,,1006.54,0,52313.3,,0,0,0,,0,0,7.84507,-9.81,boundary
27,6.875,-0.125,,1006.61,0,52879.9,,0,0,0,,0,0,7.64115,-9.81,boundary
28,7.125,-0.125,,1006.75,0,54082.5,,0,0,0,,0,0,7.53961,-9.81,boundary
29,7.375,-0.125,,1006.88,0,55155.5,,0,0,0,,0,0,7.42758,-9.81,boundary
30,7.625,-0.125,,1006.86,0,54995.9,,0,0,0,,0,0,7.16341,-9.81,boundary
31,7.875,-0.125,,1006.72,0,53797.9,,0,0,0,,0,0,6.7859,-9.81,boundary
32,8.125,-0.125,,1006.67,0,53427.7,,0,0,0,,0,0,6.53213,-9.81,boundary
33,8.375,-0.125,,1006.77,0,54196.9,,0,0,0,,0,0,6.42778,-9.81,boundary
34,8.625,-0.125,,1006.83,0,54685.2,,0,0,0,,0,0,6.29732,-9.81,boundary
35,8.875,-0.125,,1006.77,0,54190.1,,0,0,0,,0,0,6.06489,-9.81,boundary
36,9.125,-0.125,,1006.66,0,53325.7,,0,0,0,,0,0,5.80525,-9.81,boundary
37,9.375,-0.125,,1006.63,0,53058.3,,0,0,0,,0,0,5.62229,-9.81,boundary
38,9.625,-0.125,,1006.67,0,53410.4,,0,0,0,,0,0,5.51236,-9.81,boundary
39,9.875,-0.125,,1006.76,0,54103.7,,0,0,0,,0,0,5.4421,-9.81,boundary
40,10.125,-0.125,,1006.86,0,54987.9,,0,0,0,,0,0,5.39388,-9.81,boundary
41,10.375,-0.125,,1006.98,0,55976.6,,0,0,0,,0,0,5.35791,-9.81,boundary
42,10.625,-0.125,,1007.1,0,56945.5,,0,0,0,,0,0,5.32178,-9.81,boundary
43,10.875,-0.125,,1007.2,0,57767.2,,0,0,0,,0,0,5.27393,-9.81,boundary
44,11.125,-0.125,,1007.28,0,58392.1,,0,0,0,,0,0,5.2108,-9.81,boundary
45,11.375,-0.125,,1007.34,0,58888.4,,0,0,0,,0,0,5.13928,-9.81,boundary
46,11.625,-0.125,,1007.39,0,59310.7,,0,0,0,,0,0,5.06456,-9.81,boundary
47,11.875,-0.125,,1007.44,0,59709.4,,0,0,0,,0,0,4.99103,-9.81,boundary
48,12.125,-0.125,,1007.48,0,60068.3,,0,0,0,,0,0,4.91728,-9.81,boundary
49,12.375,-0.125,,1007.51,0,60321.6,,0,0,0,,0,0,4.83812,-9.81,boundary
50,12.625,-0.125,,1007.52,0,60392.4,,0,0,0,,0,0,4.74784,-9.81,boundary
51,12.875,-0.125,,1007.51,0,60272.9,,0,0,0,,0,0,4.6465,-9.81,boundary
52,13.125,-0.125,,1007.48,0,60012.4,,0,0,0,,0,0,4.53844,-9.81,boundary
53,13.375,-0.125,,1007.44,0,59669.4,,0,0,0,,0,0,4.42834,-9.81,boundary
54,13.625,-0.125,,1007.39,0,59269.4,,0,0,0,,0,0,4.31815,-9.81,boundary
55,13.875,-0.125,,1007.33,0,58836.7,,0,0,0,,0,0,4.20961,-9.81,boundary
56,14.125,-0.125,,1007.28,0,58366.5,,0,0,0,,0,0,4.10229,-9.81,boundary
57,14.375,-0.125,,1007.21,0,57859.6,,0,0,0,,0,0,3.99619,-9.81,boundary
58,14.625,-0.125,,1007.15,0,57330,,0,0,0,,0,0,3.89217,-9.81,boundary
59,14.875,-0.125,,1007.09,0,56839,,0,0,0,,0,0,3.79421,-9.81,boundary
60,15.125,-0.125,,1007.03,0,56378.2,,0,0,0,,0,0,3.70145,-9.81,boundary
61,15.375,-0.125,,1006.98,0,55929.8,,0,0,0,,0,0,3.6125,-9.81,boundary
62,15.625,-0.125,,1006.92,0,55470.9,,0,0,0,,0,0,3.52573,-9.81,boundary
63,15.875,-0.125,,1006.86,0,54992.2,,0,0,0,,0,0,3.44046,-9.81,boundary
64,16.125,-0.125,,1006.8,0,54490.6,,0,0,0,,0,0,3.35643,-9.81,boundary
65,16.375,-0.125,,1006.74,0,53973.8,,0,0,0,,0,0,3.27404,-9.81,boundary
66,16.625,-0.125,,1006.68,0,53461.4,,0,0,0,,0,0,3.19439,-9.81,boundary
67,16.875,-0.125,,1006.62,0,52971.9,,0,0,0,,0,0,3.11844,-9.81,boundary
68,17.125,-0.125,,1006.56,0,52515.8,,0,0,0,,0,0,3.04663,-9.81,boundary
69,17.375,-0.125,,1006.51,0,52090.8,,0,0,0,,0,0,2.97864,-9.81,boundary
70,17.625,-0.125,,1006.46,0,51702.9,,0,0,0,,0,0,2.91467,-9.81,boundary
71,17.875,-0.125,,1006.42,0,51362,,0,0,0,,0,0,2.85507,-9.81,boundary
72,18.125,-0.125,,1006.39,0,51101.9,,0,0,0,,0,0,2.80152,-9.81,boundary
73,18.375,-0.125,,1006.36,0,50912.4,,0,0,0,,0,0,2.75322,-9.81,boundary
74,18.625,-0.125,,1006.35,0,50784.1,,0,0,0,,0,0,2.70946,-9.81,boundary
75,18.875,-0.125,,1006.34,0,50709.3,,0,0,0,,0,0,2.66966,-9.81,boundary
76,19.125,-0.125,,1006.34,0,50715.6,,0,0,0,,0,0,2.63509,-9.81,boundary
77,19.375,-0.125,,1006.35,0,50790.4,,0,0,0,,0,0,2.6049,-9.81,boundary
78,19.625,-0.125,,1006.37,0,50918.6,,0,0,0,,0,0,2.57817,-9.81,boundary
79,19.875,-0.125,,1006.39,0,51088.7,,0,0,0,,0,0,2.55419,-9.81,boundary
80,20.125,-0.125,,1006.41,0,51280,,0,0,0,,0,0,2.53185,-9.81,boundary
81,20.375,-0.125,,1006.43,0,51470.9,,0,0,0,,0,0,2.51003,-9.81,boundary
82,20.625,-0.125,,1006.45,0,51649,,0,0,0,,0,0,2.48813,-9.81,boundary
83,20.875,-0.125,,1006.47,0,51798.8,,0,0,0,,0,0,2.46542,-9.81,boundary
84,21.125,-0.125,,1006.49,0,51914.7,,0,0,0,,0,0,2.44166,-9.81,boundary
85,21.375,-0.125,,1006.5,0,51981.5,,0,0,0,,0,0,2.41619,-9.81,boundary
86,21.625,-0.125,,1006.5,0,51990.8,,0,0,0,,0,0,2.38868,-9.81,boundary
87,21.875,-0.125,,1006.49,0,51931.3,,0,0,0,,0,0,2.3587,-9.81,boundary
88,22.125,-0.125,,1006.47,0,51809.4,,0,0,0,,0,0,2.3266,-9.81,boundary
89,22.375,-0.125,,1006.45,0,51646,,0,0,0,,0,0,2.2934,-9.81,boundary
90,22.625,-0.125,,1006.43,0,51450,,0,0,0,,0,0,2.25951,-9.81,boundary
91,22.875,-0.125,,1006.4,0,51233.2,,0,0,0,,0,0,2.22545,-9.81,boundary
92,23.125,-0.125,,1006.37,0,50988.5,,0,0,0,,0,0,2.19094,-9.81,boundary
93,23.375,-0.125,,1006.34,0,50726.7,,0,0,0,,0,0,2.15645,-9.81,boundary
94,23.625,-0.125,,1006.31,0,50465.7,,0,0,0,,0,0,2.12272,-9.81,boundary
95,23.875,-0.125,,1006.28,0,50217.7,,0,0,0,,0,0,2.09023,-9.81,boundary
96,24.125,-0.125,,1006.25,0,49996.5,,0,0,0,,0,0,2.05952,-9.81,boundary
97,24.375,-0.125,,1006.23,0,49812.6,,0,0,0,,0,0,2.03094,-9.81,boundary
98,24.625,-0.125,,1006.21,0,49666,,0,0,0,,0,0,2.00444,-9.81,boundary
99,24.875,-0.125,,1006.2,0,49549.4,,0,0,0,,0,0,1.97967,-9.81,boundary
100,25.125,-0.125,,1006.18,0,49416.3,,0,0,0,,0,0,1.95474,-9.81,boundary
101,25.375,-0.125,,1006.15,0,49159,,0,0,0,,0,0,1.92546,-9.81,boundary
102,25.625,-0.125,,1006.09,0,48710.3,,0,0,0,,0,0,1.88938,-9.81,boundary
103,0.125,-0.375,,1008.71,0,70167.2,,0,0,0,,0,0,556.491,-9.81,boundary
104,0.375,-0.375,,1008.73,0,70360.7,,0,0,0,,0,0,186.004,-9.81,boundary
105,0.625,-0.375,,1008.6,0,69247.7,,0,0,0,,0,0,109.852,-9.81,boundary
106,0.875,-0.375,,1008.44,0,67959.2,,0,0,0,,0,0,77.0174,-9.81,boundary
107,1.125,-0.375,,1008.31,0,66836.9,,0,0,0,,0,0,58.9212,-9.81,boundary
108,1.375,-0.375,,1008.3,0,66758.6,,0,0,0,,0,0,48.1522,-9.81,boundary
109,1.625,-0.375,,1008.45,0,68052.9,,0,0,0,,0,0,41.5276,-9.81,boundary
110,1.875,-0.375,,1008.68,0,69938.7,,0,0,0,,0,0,36.9796,-9.81,boundary
111,2.125,-0.375,,1008.85,0,71349.4,,0,0,0,,0,0,33.2816,-9.81,boundary
112,2.375,-0.375,,1008.88,0,71576,,0,0,0,,0,0,29.872,-9.81,boundary
113,2.625,-0.375,,1008.73,0,70298.3,,0,0,0,,0,0,26.5486,-9.81,boundary
114,2.875,-0.375,,1008.44,0,67930.7,,0,0,0,,0,0,23.4304,-9.81,boundary
115,3.125,-0.375,,1008.08,0,65001,,0,0,0,,0,0,20.6335,-9.81,boundary
116,3.375,-0.375,,1007.7,0,61871.2,,0,0,0,,0,0,18.1921,-9.81,boundary
117,3.625,-0.375,,1007.33,0,58844.2,,0,0,0,,0,0,16.1147,-9.81,boundary
118,3.875,-0.375,,1007.01,0,56169.4,,0,0,0,,0,0,14.3945,-9.81,boundary
119,4.125,-0.375,,1006.78,0,54273.8,,0,0,0,,0,0,13.0687,-9.81,boundary
120,4.375,-0.375,,1006.69,0,53539.7,,0,0,0,,0,0,12.1564,-9.81,boundary
121,4.625,-0.375,,1006.67,0,53368.9,,0,0,0,,0,0,11.4628,-9.81,boundary
122,4.875,-0.375,,1006.69,0,53606.1,,0,0,0,,0,0,10.923,-9.81,boundary
123,5.125,-0.375,,1006.74,0,53995.9,,0,0,0,,0,0,10.4652,-9.81,boundary
124,5.375,-0.375,,1006.71,0,53759.7,,0,0,0,,0,0,9.93511,-9.81,boundary
125,5.625,-0.375,,1006.49,0,51921.4,,0,0,0,,0,0,9.17096,-9.81,boundary
126,5.875,-0.375,,1006.23,0,49811.5,,0,0,0,,0,0,8.42607,-9.81,boundary
127,6.125,-0.375,,1006.16,0,49244.5,,0,0,0,,0,0,7.9907,-9.81,boundary
128,6.375,-0.375,,1006.29,0,50305.7,,0,0,0,,0,0,7.84177,-9.81,boundary
129,6.625,-0.375,,1006.43,0,51422.9,,0,0,0,,0,0,7.71238,-9.81,boundary
130,6.875,-0.375,,1006.66,0,53301.4,,0,0,0,,0,0,7.70166,-9.81,boundary
131,7.125,-0.375,,1006.96,0,55790.1,,0,0,0,,0,0,7.77605,-9.81,boundary
132,7.375,-0.375,,1007.08,0,56732.4,,0,0,0,,0,0,7.63848,-9.81,boundary
133,7.625,-0.375,,1006.97,0,55888.5,,0,0,0,,0,0,7.27888,-9.81,boundary
134,7.875,-0.375,,1006.77,0,54193,,0,0,0,,0,0,6.83539,-9.81,boundary
135,8.125,-0.375,,1006.75,0,54051.9,,0,0,0,,0,0,6.60795,-9.81,boundary
136,8.375,-0.375,,1006.92,0,55434.5,,0,0,0,,0,0,6.57356,-9.81,boundary
137,8.625,-0.375,,1007.02,0,56235.9,,0,0,0,,0,0,6.47468,-9.81,boundary
138,8.875,-0.375,,1006.92,0,55487.3,,0,0,0,,0,0,6.2091,-9.81,boundary
139,9.125,-0.375,,1006.8,0,54479.9,,0,0,0,,0,0,5.93006,-9.81,boundary
140,9.375,-0.375,,1006.79,0,54348.9,,0,0,0,,0,0,5.75814,-9.81,boundary
141,9.625,-0.375,,1006.87,0,55041.7,,0,0,0,,0,0,5.67959,-9.81,boundary
142,9.875,-0.375,,1007,0,56101.5,,0,0,0,,0,0,5.64167,-9.81,boundary
143,10.125,-0.375,,1007.15,0,57354.4,,0,0,0,,0,0,5.6244,-9.81,boundary
144,10.375,-0.375,,1007.32,0,58716.4,,0,0,0,,0,0,5.61829,-9.81,boundary
145,10.625,-0.375,,1007.47,0,59956.9,,0,0,0,,0,0,5.60116,-9.81,boundary
146,10.875,-0.375,,1007.59,0,60936.4,,0,0,0,,0,0,5.56114,-9.81,boundary
147,11.125,-0.375,,1007.68,0,61703.6,,0,0,0,,0,0,5.5041,-9.81,boundary
148,11.375,-0.375,,1007.76,0,62357.9,,0,0,0,,0,0,5.43979,-9.81,boundary
149,11.625,-0.375,,1007.83,0,62950.6,,0,0,0,,0,0,5.37301,-9.81,boundary
150,11.875,-0.375,,1007.9,0,63500.7,,0,0,0,,0,0,5.30551,-9.81,boundary
151,12.125,-0.375,,1007.96,0,63988.6,,0,0,0,,0,0,5.23573,-9.81,boundary
152,12.375,-0.375,,1008,0,64316.8,,0,0,0,,0,0,5.15606,-9.81,boundary
153,12.625,-0.375,,1008.01,0,64408.7,,0,0,0,,0,0,5.06113,-9.81,boundary
154,12.875,-0.375,,1007.99,0,64252,,0,0,0,,0,0,4.95088,-9.81,boundary
155,13.125,-0.375,,1007.95,0,63918.2,,0,0,0,,0,0,4.83153,-9.81,boundary
156,13.375,-0.375,,1007.9,0,63481,,0,0,0,,0,0,4.70904,-9.81,boundary
157,13.625,-0.375,,1007.84,0,62986.7,,0,0,0,,0,0,4.58692,-9.81,boundary
158,13.875,-0.375,,1007.77,0,62452.8,,0,0,0,,0,0,4.46638,-9.81,boundary
159,14.125,-0.375,,1007.71,0,61897.5,,0,0,0,,0,0,4.34861,-9.81,boundary
160,14.375,-0.375,,1007.64,0,61309.8,,0,0,0,,0,0,4.23271,-9.81,boundary
161,14.625,-0.375,,1007.56,0,60709.8,,0,0,0,,0,0,4.11994,-9.81,boundary
162,14.875,-0.375,,1007.49,0,60145,,0,0,0,,0,0,4.01329,-9.81,boundary
163,15.125,-0.375,,1007.43,0,59628.2,,0,0,0,,0,0,3.91329,-9.81,boundary
164,15.375,-0.375,,1007.37,0,59139.1,,0,0,0,,0,0,3.8183,-9.81,boundary
165,15.625,-0.375,,1007.31,0,58640.1,,0,0,0,,0,0,3.72574,-9.81,boundary
166,15.875,-0.375,,1007.25,0,58113.7,,0,0,0,,0,0,3.63437,-9.81,boundary
167,16.125,-0.375,,1007.18,0,57555.5,,0,0,0,,0,0,3.54389,-9.81,boundary
168,16.375,-0.375,,1007.11,0,56986,,0,0,0,,0,0,3.4555,-9.81,boundary
169,16.625,-0.375,,1007.04,0,56424.1,,0,0,0,,0,0,3.37021,-9.81,boundary
170,16.875,-0.375,,1006.97,0,55890.3,,0,0,0,,0,0,3.28908,-9.81,boundary
171,17.125,-0.375,,1006.91,0,55390.7,,0,0,0,,0,0,3.21229,-9.81,boundary
172,17.375,-0.375,,1006.86,0,54935.3,,0,0,0,,0,0,3.14021,-9.81,boundary
173,17.625,-0.375,,1006.81,0,54513.6,,0,0,0,,0,0,3.07207,-9.81,boundary
174,17.875,-0.375,,1006.76,0,54159.7,,0,0,0,,0,0,3.00956,-9.81,boundary
175,18.125,-0.375,,1006.73,0,53882.8,,0,0,0,,0,0,2.95298,-9.81,boundary
176,18.375,-0.375,,1006.7,0,53673.3,,0,0,0,,0,0,2.90155,-9.81,boundary
177,18.625,-0.375,,1006.68,0,53513.5,,0,0,0,,0,0,2.85413,-9.81,boundary
178,18.875,-0.375,,1006.67,0,53416.6,,0,0,0,,0,0,2.81126,-9.81,boundary
179,19.125,-0.375,,1006.67,0,53388.8,,0,0,0,,0,0,2.77308,-9.81,boundary
180,19.375,-0.375,,1006.67,0,53437.2,,0,0,0,,0,0,2.73977,-9.81,boundary
181,19.625,-0.375,,1006.69,0,53551.7,,0,0,0,,0,0,2.71062,-9.81,boundary
182,19.875,-0.375,,1006.71,0,53711.7,,0,0,0,,0,0,2.68447,-9.81,boundary
183,20.125,-0.375,,1006.73,0,53891.7,,0,0,0,,0,0,2.65995,-9.81,boundary
184,20.375,-0.375,,1006.75,0,54063.6,,0,0,0,,0,0,2.63563,-9.81,boundary
185,20.625,-0.375,,1006.77,0,54211.1,,0,0,0,,0,0,2.61075,-9.81,boundary
186,20.875,-0.375,,1006.78,0,54326.2,,0,0,0,,0,0,2.58492,-9.81,boundary
187,21.125,-0.375,,1006.79,0,54406.1,,0,0,0,,0,0,2.55806,-9.81,boundary
188,21.375,-0.375,,1006.8,0,54445.2,,0,0,0,,0,0,2.52995,-9.81,boundary
189,21.625,-0.375,,1006.79,0,54425.9,,0,0,0,,0,0,2.49982,-9.81,boundary
190,21.875,-0.375,,1006.78,0,54331.7,,0,0,0,,0,0,2.467,-9.81,boundary
191,22.125,-0.375,,1006.76,0,54167.1,,0,0,0,,0,0,2.43178,-9.81,boundary
192,22.375,-0.375,,1006.74,0,53951.7,,0,0,0,,0,0,2.39511,-9.81,boundary
193,22.625,-0.375,,1006.71,0,53697.5,,0,0,0,,0,0,2.35756,-9.81,boundary
194,22.875,-0.375,,1006.67,0,53410.5,,0,0,0,,0,0,2.31941,-9.81,boundary
195,23.125,-0.375,,1006.63,0,53094.8,,0,0,0,,0,0,2.28086,-9.81,boundary
196,23.375,-0.375,,1006.59,0,52778,,0,0,0,,0,0,2.24309,-9.81,boundary
197,23.625,-0.375,,1006.56,0,52486.9,,0,0,0,,0,0,2.2072,-9.81,boundary
198,23.875,-0.375,,1006.53,0,52235.8,,0,0,0,,0,0,2.1737,-9.81,boundary
199,24.125,-0.375,,1006.5,0,52025.7,,0,0,0,,0,0,2.14258,-9.81,boundary
200,24.375,-0.375,,1006.48,0,51855.2,,0,0,0,,0,0,2.1137,-9.81,boundary
201,24.625,-0.375,,1006.46,0,51709.7,,0,0,0,,0,0,2.0864,-9.81,boundary
202,24.875,-0.375,,1006.45,0,51591.1,,0,0,0,,0,0,2.06073,-9.81,boundary
203,25.125,-0.375,,1006.43,0,51450.4,,0,0,0,,0,0,2.03469,-9.81,boundary
204,25.375,-0.375,,1006.39,0,51157.7,,0,0,0,,0,0,2.00326,-9.81,boundary
205,25.625,-0.375,,1006.33,0,50649.5,,0,0,0,,0,0,1.96413,-9.81,boundary
206,0.125,-0.625,,1009.26,0,74699.6,,0,0,0,,0,0,592.116,-9.81,boundary
207,0.375,-0.625,,1009.07,0,73114.2,,0,0,0,,0,0,193.22,-9.81,boundary
208,0.625,-0.625,,1008.71,0,70179,,0,0,0,,0,0,111.317,-9.81,boundary
209,0.875,-0.625,,1008.34,0,67086.2,,0,0,0,,0,0,76.036,-9.81,boundary
210,1.125,-0.625,,1007.96,0,63996.1,,0,0,0,,0,0,56.4361,-9.81,boundary
211,1.375,-0.625,,1007.75,0,62252.2,,0,0,0,,0,0,44.9262,-9.81,boundary
212,1.625,-0.625,,1007.79,0,62604.4,,0,0,0,,0,0,38.2279,-9.81,boundary
213,1.875,-0.625,,1008.06,0,64768.8,,0,0,0,,0,0,34.2673,-9.81,boundary
214,2.125,-0.625,,1008.4,0,67645.7,,0,0,0,,0,0,31.568,-9.81,boundary
215,2.375,-0.625,,1008.69,0,69989.3,,0,0,0,,0,0,29.2153,-9.81,boundary
216,2.625,-0.625,,1008.77,0,70677.4,,0,0,0,,0,0,26.6906,-9.81,boundary
217,2.875,-0.625,,1008.62,0,69457.8,,0,0,0,,0,0,23.9527,-9.81,boundary
218,3.125,-0.625,,1008.33,0,67046.3,,0,0,0,,0,0,21.2775,-9.81,boundary
219,3.375,-0.625,,1008,0,64337.1,,0,0,0,,0,0,18.9115,-9.81,boundary
220,3.625,-0.625,,1007.75,0,62226.2,,0,0,0,,0,0,17.0339,-9.81,boundary
221,3.875,-0.625,,1007.66,0,61519.4,,0,0,0,,0,0,15.7553,-9.81,boundary
222,4.125,-0.625,,1007.73,0,62081.9,,0,0,0,,0,0,14.9347,-9.81,boundary
223,4.375,-0.625,,1007.9,0,63520.3,,0,0,0,,0,0,14.4051,-9.81,boundary
224,4.625,-0.625,,1008.11,0,65256.4,,0,0,0,,0,0,13.9959,-9.81,boundary
225,4.875,-0.625,,1008.14,0,65453.1,,0,0,0,,0,0,13.3179,-9.81,boundary
226,5.125,-0.625,,1007.92,0,63636,,0,0,0,,0,0,12.3192,-9.81,boundary
227,5.375,-0.625,,1007.51,0,60276.7,,0,0,0,,0,0,11.1307,-9.81,boundary
228,5.625,-0.625,,1007.04,0,56434.3,,0,0,0,,0,0,9.96263,-9.81,boundary
229,5.875,-0.625,,1006.77,0,54201.7,,0,0,0,,0,0,9.1638,-9.81,boundary
230,6.125,-0.625,,1006.76,0,54142.3,,0,0,0,,0,0,8.7802,-9.81,boundary
231,6.375,-0.625,,1007.13,0,57154.2,,0,0,0,,0,0,8.90191,-9.81,boundary
232,6.625,-0.625,,1007.48,0,60001.6,,0,0,0,,0,0,8.98965,-9.81,boundary
233,6.875,-0.625,,1007.87,0,63279.4,,0,0,0,,0,0,9.13236,-9.81,boundary
234,7.125,-0.625,,1007.95,0,63931.7,,0,0,0,,0,0,8.90206,-9.81,boundary
235,7.375,-0.625,,1007.8,0,62667.8,,0,0,0,,0,0,8.43156,-9.81,boundary
236,7.625,-0.625,,1007.4,0,59369.1,,0,0,0,,0,0,7.72893,-9.81,boundary
237,7.875,-0.625,,1007.14,0,57219.4,,0,0,0,,0,0,7.21447,-9.81,boundary
238,8.125,-0.625,,1007.21,0,57818.3,,0,0,0,,0,0,7.06516,-9.81,boundary
239,8.375,-0.625,,1007.41,0,59471.3,,0,0,0,,0,0,7.04881,-9.81,boundary
240,8.625,-0.625,,1007.4,0,59408.7,,0,0,0,,0,0,6.83734,-9.81,boundary
241,8.875,-0.625,,1007.21,0,57796.1,,0,0,0,,0,0,6.46564,-9.81,boundary
242,9.125,-0.625,,1007.06,0,56581.5,,0,0,0,,0,0,6.15725,-9.81,boundary
243,9.375,-0.625,,1007.06,0,56584.2,,0,0,0,,0,0,5.99334,-9.81,boundary
244,9.625,-0.625,,1007.18,0,57616,,0,0,0,,0,0,5.94338,-9.81,boundary
245,9.875,-0.625,,1007.37,0,59173.3,,0,0,0,,0,0,5.94837,-9.81,boundary
246,10.125,-0.625,,1007.59,0,60963.1,,0,0,0,,0,0,5.97568,-9.81,boundary
247,10.375,-0.625,,1007.79,0,62588.2,,0,0,0,,0,0,5.98596,-9.81,boundary
248,10.625,-0.625,,1007.94,0,63813.9,,0,0,0,,0,0,5.9587,-9.81,boundary
249,10.875,-0.625,,1008.04,0,64659.9,,0,0,0,,0,0,5.89831,-9.81,boundary
250,11.125,-0.625,,1008.13,0,65348.4,,0,0,0,,0,0,5.82667,-9.81,boundary
251,11.375,-0.625,,1008.21,0,66064.5,,0,0,0,,0,0,5.76056,-9.81,boundary
252,11.625,-0.625,,1008.3,0,66787.9,,0,0,0,,0,0,5.6979,-9.81,boundary
253,11.875,-0.625,,1008.38,0,67437.8,,0,0,0,,0,0,5.63178,-9.81,boundary
254,12.125,-0.625,,1008.44,0,67936.4,,0,0,0,,0,0,5.55611,-9.81,boundary
255,12.375,-0.625,,1008.47,0,68186.9,,0,0,0,,0,0,5.46378,-9.81,boundary
256,12.625,-0.625,,1008.47,0,68146.5,,0,0,0,,0,0,5.35243,-9.81,boundary
257,12.875,-0.625,,1008.43,0,67847.9,,0,0,0,,0,0,5.22569,-9.81,boundary
258,13.125,-0.625,,1008.37,0,67368.6,,0,0,0,,0,0,5.09024,-9.81,boundary
259,13.375,-0.625,,1008.3,0,66794.5,,0,0,0,,0,0,4.95286,-9.81,boundary
260,13.625,-0.625,,1008.22,0,66157.3,,0,0,0,,0,0,4.81597,-9.81,boundary
261,13.875,-0.625,,1008.14,0,65474.6,,0,0,0,,0,0,4.68078,-9.81,boundary
262,14.125,-0.625,,1008.06,0,64766.6,,0,0,0,,0,0,4.54861,-9.81,boundary
263,14.375,-0.625,,1007.97,0,64082.3,,0,0,0,,0,0,4.42264,-9.81,boundary
264,14.625,-0.625,,1007.89,0,63442.9,,0,0,0,,0,0,4.304,-9.81,boundary
265,14.875,-0.625,,1007.82,0,62868.1,,0,0,0,,0,0,4.19362,-9.81,boundary
266,15.125,-0.625,,1007.76,0,62334.7,,0,0,0,,0,0,4.08957,-9.81,boundary
267,15.375,-0.625,,1007.69,0,61801.3,,0,0,0,,0,0,3.9889,-9.81,boundary
268,15.625,-0.625,,1007.63,0,61245.1,,0,0,0,,0,0,3.89001,-9.81,boundary
269,15.875,-0.625,,1007.55,0,60650.6,,0,0,0,,0,0,3.79187,-9.81,boundary
270,16.125,-0.625,,1007.48,0,60027.6,,0,0,0,,0,0,3.69501,-9.81,boundary
271,16.375,-0.625,,1007.4,0,59397.9,,0,0,0,,0,0,3.6007,-9.81,boundary
272,16.625,-0.625,,1007.33,0,58799.9,,0,0,0,,0,0,3.5111,-9.81,boundary
273,16.875,-0.625,,1007.26,0,58235.6,,0,0,0,,0,0,3.42613,-9.81,boundary
274,17.125,-0.625,,1007.2,0,57723.8,,0,0,0,,0,0,3.34664,-9.81,boundary
275,17.375,-0.625,,1007.14,0,57259.2,,0,0,0,,0,0,3.27213,-9.81,boundary
276,17.625,-0.625,,1007.09,0,56870.7,,0,0,0,,0,0,3.20398,-9.81,boundary
277,17.875,-0.625,,1007.05,0,56551.6,,0,0,0,,0,0,3.14156,-9.81,boundary
278,18.125,-0.625,,1007.02,0,56288.3,,0,0,0,,0,0,3.0839,-9.81,boundary
279,18.375,-0.625,,1007,0,56070.9,,0,0,0,,0,0,3.03028,-9.81,boundary
280,18.625,-0.625,,1006.97,0,55888.5,,0,0,0,,0,0,2.97994,-9.81,boundary
281,18.875,-0.625,,1006.96,0,55776.7,,0,0,0,,0,0,2.93463,-9.81,boundary
282,19.125,-0.625,,1006.96,0,55742.9,,0,0,0,,0,0,2.89453,-9.81,boundary
283,19.375,-0.625,,1006.96,0,55801.1,,0,0,0,,0,0,2.86014,-9.81,boundary
284,19.625,-0.625,,1006.98,0,55929.3,,0,0,0,,0,0,2.83015,-9.81,boundary
285,19.875,-0.625,,1007,0,56103.6,,0,0,0,,0,0,2.8032,-9.81,boundary
286,20.125,-0.625,,1007.02,0,56294.7,,0,0,0,,0,0,2.77774,-9.81,boundary
287,20.375,-0.625,,1007.05,0,56479.1,,0,0,0,,0,0,2.75258,-9.81,boundary
288,20.625,-0.625,,1007.06,0,56633.6,,0,0,0,,0,0,2.72661,-9.81,boundary
289,20.875,-0.625,,1007.08,0,56751,,0,0,0,,0,0,2.6995,-9.81,boundary
290,21.125,-0.625,,1007.09,0,56832.8,,0,0,0,,0,0,2.67137,-9.81,boundary
291,21.375,-0.625,,1007.09,0,56873.1,,0,0,0,,0,0,2.64199,-9.81,boundary
292,21.625,-0.625,,1007.09,0,56857.4,,0,0,0,,0,0,2.61073,-9.81,boundary
293,21.875,-0.625,,1007.08,0,56766,,0,0,0,,0,0,2.57677,-9.81,boundary
294,22.125,-0.625,,1007.06,0,56602.6,,0,0,0,,0,0,2.54037,-9.81,boundary
295,22.375,-0.625,,1007.03,0,56385.3,,0,0,0,,0,0,2.50241,-9.81,boundary
296,22.625,-0.625,,1007,0,56116.6,,0,0,0,,0,0,2.46305,-9.81,boundary
297,22.875,-0.625,,1006.96,0,55787.6,,0,0,0,,0,0,2.42194,-9.81,boundary
298,23.125,-0.625,,1006.92,0,55422.1,,0,0,0,,0,0,2.38017,-9.81,boundary
299,23.375,-0.625,,1006.87,0,55063.7,,0,0,0,,0,0,2.33958,-9.81,boundary
300,23.625,-0.625,,1006.83,0,54747.1,,0,0,0,,0,0,2.30161,-9.81,boundary
301,23.875,-0.625,,1006.8,0,54473.2,,0,0,0,,0,0,2.26619,-9.81,boundary
302,24.125,-0.625,,1006.77,0,54226.3,,0,0,0,,0,0,2.23261,-9.81,boundary
303,24.375,-0.625,,1006.74,0,54002.9,,0,0,0,,0,0,2.20066,-9.81,boundary
304,24.625,-0.625,,1006.72,0,53809,,0,0,0,,0,0,2.17055,-9.81,boundary
305,24.875,-0.625,,1006.7,0,53653.6,,0,0,0,,0,0,2.14257,-9.81,boundary
306,25.125,-0.625,,1006.68,0,53510.1,,0,0,0,,0,0,2.11562,-9.81,boundary
307,25.375,-0.625,,1006.65,0,53228.7,,0,0,0,,0,0,2.08383,-9.81,boundary
308,25.625,-0.625,,1006.59,0,52711.8,,0,0,0,,0,0,2.04359,-9.81,boundary
309,25.125,0.125,,1005.92,0,47311.5,,0,0,0,,0,0,1.87196,-9.81,boundary
310,25.125,0.375,,1005.66,0,45202.9,,0,0,0,,0,0,1.78899,-9.81,boundary
311,25.125,0.625,,1005.41,0,43127.5,,0,0,0,,0,0,1.70729,-9.81,boundary
312,25.125,0.875,,1005.15,0,41068.9,,0,0,0,,0,0,1.6262,-9.81,boundary
313,25.125,1.125,,1004.9,0,39000.9,,0,0,0,,0,0,1.54471,-9.81,boundary
314,25.125,1.375,,1004.64,0,36909.5,,0,0,0,,0,0,1.46225,-9.81,boundary
315,25.125,1.625,,1004.37,0,34765.8,,0,0,0,,0,0,1.37769,-9.81,boundary
316,25.125,1.875,,1004.1,0,32555.5,,0,0,0,,0,0,1.29045,-9.81,boundary
317,25.125,2.125,,1003.81,0,30242.4,,0,0,0,,0,0,1.19911,-9.81,boundary
318,25.125,2.375,,1003.5,0,27770.8,,0,0,0,,0,0,1.10145,-9.81,boundary
319,25.125,2.625,,1003.16,0,25055.3,,0,0,0,,0,0,0.994084,-9.81,boundary
320,25.125,2.875,,1002.79,0,22066.5,,0,0,0,,0,0,0.875826,-9.81,boundary
321,25.125,3.125,,1002.39,0,18891.8,,0,0,0,,0,0,0.75012,-9.81,boundary
322,25.125,3.375,,1001.98,0,15650,,0,0,0,,0,0,0.621654,-9.81,boundary
323,25.125,3.625,,1001.59,0,12503.6,,0,0,0,,0,0,0.49687,-9.81,boundary
324,25.125,3.875,,1001.2,0,9465.02,,0,0,0,,0,0,0.376265,-9.81,boundary
325,25.125,4.125,,1000.84,0,6604.4,,0,0,0,,0,0,0.262641,-9.81,boundary
326,25.125,4.375,,1000.52,0,4084.64,,0,0,0,,0,0,0.162488,-9.81,boundary
327,25.125,4.625,,1000.67,0,5304.49,,0,0,0,,0,0,0.210982,-9.81,boundary
328,25.125,4.875,,1000.64,0,5017.08,,0,0,0,,0,0,0.199558,-9.81,boundary
329,25.125,5.125,,1000.63,0,4919.02,,0,0,0,,0,0,0.19566,-9.81,boundary
330,25.125,5.375,,1000.61,0,4778.95,,0,0,0,,0,0,0.190091,-9.81,boundary
331,25.125,5.625,,1000,0,0,,0,0,0,,0,0,0,-9.81,boundary
332,25.125,5.875,,1000,0,0,,0,0,0,,0,0,0,-9.81,boundary
333,25.125,6.125,,1000,0,0,,0,0,0,,0,0,0,-9.81,boundary
334,25.125,6.375,,1000,0,0,,0,0,0,,0,0,0,-9.81,boundary
335,25.125,6.625,,1000,0,0,,0,0,0,,0,0,0,-9.81,boundary
336,25.125,6.875,,1000,0,0,,0,0,0,,0,0,0,-9.81,boundary
337,25.125,7.125,,1000,0,0,,0,0,0,,0,0,0,-9.81,boundary
338,25.125,7.375,,1000,0,0,,0,0,0,,0,0,0,-9.81,boundary
339,25.125,7.625,,1000,0,0,,0,0,0,,0,0,0,-9.81,boundary
340,25.125,7.875,,1000,0,0,,0,0,0,,0,0,0,-9.81,boundary
341,25.125,8.125,,1000,0,0,,0,0,0,,0,0,0,-9.81,boundary
342,25.125,8.375,,1000,0,0,,0,0,0,,0,0,0,-9.81,boundary
343,25.125,8.625,,1000,0,0,,0,0,0,,0,0,0,-9.81,boundary
344,25.125,8.875,,1000,0,0,,0,0,0,,0,0,0,-9.81,boundary
345,25.125,9.125,,1000,0,0,,0,0,0,,0,0,0,-9.81,boundary
346,25.125,9.375,,1000,0,0,,0,0,0,,0,0,0,-9.81,boundary
347,25.125,9.625,,1000,0,0,,0,0,0,,0,0,0,-9.81,boundary
348,25.125,9.875,,1000,0,0,,0,0,0,,0,0,0,-9.81,boundary
349,25.375,0.125,,1005.89,0,47068.7,,0,0,0,,0,0,1.84406,-9.81,boundary
350,25.375,0.375,,1005.63,0,44938.4,,0,0,0,,0,0,1.76106,-9.81,boundary
351,25.375,0.625,,1005.37,0,42843.7,,0,0,0,,0,0,1.6794,-9.81,boundary
352,25.375,0.875,,1005.12,0,40786.3,,0,0,0,,0,0,1.59916,-9.81,boundary
353,25.375,1.125,,1004.87,0,38755.3,,0,0,0,,0,0,1.5199,-9.81,boundary
354,25.375,1.375,,1004.61,0,36722.9,,0,0,0,,0,0,1.44056,-9.81,boundary
355,25.375,1.625,,1004.36,0,34666.8,,0,0,0,,0,0,1.36025,-9.81,boundary
356,25.375,1.875,,1004.1,0,32535.1,,0,0,0,,0,0,1.27694,-9.81,boundary
357,25.375,2.125,,1003.81,0,30276.8,,0,0,0,,0,0,1.18864,-9.81,boundary
358,25.375,2.375,,1003.51,0,27824.7,,0,0,0,,0,0,1.09271,-9.81,boundary
359,25.375,2.625,,1003.17,0,25097.7,,0,0,0,,0,0,0.98595,-9.81,boundary
360,25.375,2.875,,1002.78,0,22008.8,,0,0,0,,0,0,0.864935,-9.81,boundary
361,25.375,3.125,,1002.36,0,18616.4,,0,0,0,,0,0,0.731927,-9.81,boundary
362,25.375,3.375,,1001.92,0,15188.1,,0,0,0,,0,0,0.597396,-9.81,boundary
363,25.375,3.625,,1001.51,0,11906.2,,0,0,0,,0,0,0.468502,-9.81,boundary
364,25.375,3.875,,1001.13,0,8876.54,,0,0,0,,0,0,0.34942,-9.81,boundary
365,25.375,4.125,,1000.78,0,6149.45,,0,0,0,,0,0,0.242154,-9.81,boundary
366,25.375,4.375,,1000.48,0,3741.32,,0,0,0,,0,0,0.147371,-9.81,boundary
367,25.375,4.625,,1000.23,0,1783.87,,0,0,0,,0,0,0.0702842,-9.81,boundary
368,25.375,4.875,,1000.64,0,5021.38,,0,0,0,,0,0,0.19776,-9.81,boundary
369,25.375,5.125,,1000.62,0,4904.98,,0,0,0,,0,0,0.193179,-9.81,boundary
370,25.375,5.375,,1000.61,0,4789.33,,0,0,0,,0,0,0.188627,-9.81,boundary
371,25.375,5.625,,1000,0,0,,0,0,0,,0,0,0,-9.81,boundary
372,25.375,5.875,,1000,0,0,,0,0,0,,0,0,0,-9.81,boundary
373,25.375,6.125,,1000,0,0,,0,0,0,,0,0,0,-9.81,boundary
374,25.375,6.375,,1000,0,0,,0,0,0,,0,0,0,-9.81,boundary
375,25.375,6.625,,1000,0,0,,0,0,0,,0,0,0,-9.81,boundary
376,25.375,6.875,,1000,0,0,,0,0,0,,0,0,0,-9.81,boundary
377,25.375,7.125,,1000,0,0,,0,0,0,,0,0,0,-9.81,boundary
378,25.375,7.375,,1000,0,0,,0,0,0,,0,0,0,-9.81,boundary
379,25.375,7.625,,1000,0,0,,0,0,0,,0,0,0,-9.81,boundary
380,25.375,7.875,,1000,0,0,,0,0,0,,0,0,0,-9.81,boundary
381,25.375,8.125,,1000,0,0,,0,0,0,,0,0,0,-9.81,boundary
382,25.375,8.375,,1000,0,0,,0,0,0,,0,0,0,-9.81,boundary
383,25.375,8.625,,1000,0,0,,0,0,0,,0,0,0,-9.81,boundary
384,25.375,8.875,,1000,0,0,,0,0,0,,0,0,0,-9.81,boundary
385,25.375,9.125,,1000,0,0,,0,0,0,,0,0,0,-9.81,boundary
386,25.375,9.375,,1000,0,0,,0,0,0,,0,0,0,-9.81,boundary
387,25.375,9.625,,1000,0,0,,0,0,0,,0,0,0,-9.81,boundary
388,25.375,9.875,,1000,0,0,,0,0,0,,0,0,0,-9.81,boundary
389,25.625,0.125,,1005.84,0,46649.4,,0,0,0,,0,0,1.80989,-9.81,boundary
390,25.625,0.375,,1005.58,0,44492.1,,0,0,0,,0,0,1.72665,-9.81,boundary
391,25.625,0.625,,1005.31,0,42358,,0,0,0,,0,0,1.64426,-9.81,boundary
392,25.625,0.875,,1005.06,0,40283.2,,0,0,0,,0,0,1.56412,-9.81,boundary
393,25.625,1.125,,1004.81,0,38260.2,,0,0,0,,0,0,1.48594,-9.81,boundary
394,25.625,1.375,,1004.55,0,36232.6,,0,0,0,,0,0,1.40755,-9.81,boundary
395,25.625,1.625,,1004.3,0,34163.7,,0,0,0,,0,0,1.32751,-9.81,boundary
396,25.625,1.875,,1004.03,0,32013.3,,0,0,0,,0,0,1.24428,-9.81,boundary
397,25.625,2.125,,1003.74,0,29722.8,,0,0,0,,0,0,1.15559,-9.81,boundary
398,25.625,2.375,,1003.44,0,27263.5,,0,0,0,,0,0,1.0603,-9.81,boundary
399,25.625,2.625,,1003.1,0,24582.5,,0,0,0,,0,0,0.956349,-9.81,boundary
400,25.625,2.875,,1002.73,0,21576.3,,0,0,0,,0,0,0.839712,-9.81,boundary
401,25.625,3.125,,1002.31,0,18230.7,,0,0,0,,0,0,0.709805,-9.81,boundary
402,25.625,3.375,,1001.87,0,14757.8,,0,0,0,,0,0,0.574841,-9.81,boundary
403,25.625,3.625,,1001.44,0,11346.7,,0,0,0,,0,0,0.44216,-9.81,boundary
404,25.625,3.875,,1001.04,0,8187.04,,0,0,0,,0,0,0.319163,-9.81,boundary
405,25.625,4.125,,1000.71,0,5572.72,,0,0,0,,0,0,0.217318,-9.81,boundary
406,25.625,4.375,,1000.43,0,3402.08,,0,0,0,,0,0,0.132707,-9.81,boundary
407,25.625,4.625,,1000.19,0,1482.67,,0,0,0,,0,0,0.0578495,-9.81,boundary
408,25.625,4.875,,1000.64,0,5004.23,,0,0,0,,0,0,0.195163,-9.81,boundary
409,25.625,5.125,,1000.59,0,4649.74,,0,0,0,,0,0,0.181346,-9.81,boundary
410,25.625,5.375,,1000.54,0,4206.06,,0,0,0,,0,0,0.164051,-9.81,boundary
411,25.625,5.625,,1000,0,0,,0,0,0,,0,0,0,-9.81,boundary
412,25.625,5.875,,1000,0,0,,0,0,0,,0,0,0,-9.81,boundary
413,25.625,6.125,,1000,0,0,,0,0,0,,0,0,0,-9.81,boundary
414,25.625,6.375,,1000,0,0,,0,0,0,,0,0,0,-9.81,boundary
415,25.625,6.625,,1000,0,0,,0,0,0,,0,0,0,-9.81,boundary
416,25.625,6.875,,1000,0,0,,0,0,0,,0,0,0,-9.81,boundary
417,25.625,7.125,,1000,0,0,,0,0,0,,0,0,0,-9.81,boundary
418,25.625,7.375,,1000,0,0,,0,0,0,,0,0,0,-9.81,boundary
419,25.625,7.625,,1000,0,0,,0,0,0,,0,0,0,-9.81,boundary
420,25.625,7.875,,1000,0,0,,0,0,0,,0,0,0,-9.81,boundary
421,25.625,8.125,,1000,0,0,,0,0,0,,0,0,0,-9.81,boundary
422,25.625,8.375,,1000,0,0,,0,0,0,,0,0,0,-9.81,boundary
423,25.625,8.625,,1000,0,0,,0,0,0,,0,0,0,-9.81,boundary
424,25.625,8.875,,1000,0,0,,0,0,0,,0,0,0,-9.81,boundary
425,25.625,9.125,,1000,0,0,,0,0,0,,0,0,0,-9.81,boundary
426,25.625,9.375,,1000,0,0,,0,0,0,,0,0,0,-9.81,boundary
427,25.625,9.625,,1000,0,0,,0,0,0,,0,0,0,-9.81,boundary
428,25.625,9.875,,1000,0,0,,0,0,0,,0,0,0,-9.81,boundary
429,0.202621,0.00973489,,1008.61,624.343,69368.8,,0.170844,-0.0526446,0.178771,,-353.742,3.52481,-14.3079,-6.28519,fluid
430,0.245734,0.0942849,,1008.49,937.509,68370.5,,0.272124,-0.100381,0.290048,,-291.604,4.11041,-15.7173,-5.69959,fluid
431,0.297233,0.220333,,1008.31,1290.42,66829.7,,0.413533,-0.287532,0.503671,,-242.334,7.07709,-19.347,-2.73291,fluid
432,0.274039,0.345134,,1008.27,1365.75,66514.6,,0.405784,-0.5602,0.691726,,-270.848,11.3652,-30.1188,1.55516,fluid
433,0.470204,0.380458,,1007.78,1179.87,62466.6,,0.660008,-0.521488,0.841166,,-123.695,7.23493,8.12946,-2.57507,fluid
434,0.392446,0.281122,,1008.06,1275.11,64773.5,,0.565864,-0.373188,0.677843,,-161.775,6.47119,1.9562,-3.33881,fluid
435,0.502847,0.21834,,1007.93,1052.08,63771.1,,0.660468,-0.280175,0.717437,,-112.755,4.36172,13.0672,-5.44828,fluid
436,0.684243,0.189981,,1007.79,878.066,62586.4,,0.684824,-0.236478,0.724503,,-89.3975,6.93149,1.36343,-2.87851,fluid
437,0.0890562,0.652627,,1008.51,-9.76227,68475.6,,-0.0705751,-2.55661,2.55759,,-588.986,23.1241,-45.8006,13.3141,fluid
438,0.0819731,15.5972,,1000,19.0494,-0.674884,,0.00234258,-7.57491,7.57491,,-0.0168766,0.00643773,-0.0222757,-9.80356,fluid
439,0.0808719,13.4369,,1000,-86.9566,19.4867,,-0.0109564,-8.18807,8.18808,,-0.192519,0.0308482,-0.0366257,-9.77915,fluid
440,0.339452,0.407011,,1008.06,1247.21,64835.5,,0.467557,-0.595519,0.757135,,-196.996,10.7891,-7.52261,0.979128,fluid
441,0.383272,0.104754,,1008.27,938.01,66564.2,,0.43893,-0.149991,0.46385,,-162.151,3.97582,10.0971,-5.83418,fluid
442,0.73368,0.42525,,1007.31,1167.24,58668,,0.926747,-0.651001,1.13255,,-80.799,8.22514,-1.41553,-1.58486,fluid
443,0.418293,0.148163,,1008.16,1019.74,65669.1,,0.523224,-0.193489,0.557854,,-143.615,4.09297,12.1066,-5.71703,fluid
444,0.53729,0.288688,,1007.77,1096.81,62454.7,,0.724464,-0.376669,0.816534,,-104.438,5.21451,10.9053,-4.59549,fluid
445,0.762552,0.23206,,1007.66,924.338,61503.1,,0.761877,-0.306099,0.821068,,-81.5402,8.30023,-1.49881,-1.50977,fluid
446,0.749322,0.141423,,1007.85,778.532,63104.8,,0.670418,-0.158952,0.689003,,-82.5581,6.73711,1.00149,-3.07289,fluid
447,0.174779,0.452189,,1008.44,952.93,67934.4,,0.311278,-1.44012,1.47338,,-451.5,32.5152,-66.0642,22.7052,fluid
448,0.0685523,2.4343,,1004.72,-202.888,37589.1,,-0.0530961,-1.59748,1.59836,,-314.778,19.1978,-15.4783,9.38784,fluid
449,0.0985015,6.57331,,1000.01,15.0311,59.7895,,0.00197693,-10.3133,10.3133,,-0.216192,-0.0408324,0.26212,-9.85083,fluid
450,0.298287,0.468284,,1008.12,1085.05,65318.4,,0.362237,-0.73792,0.822035,,-231.963,14.1991,-14.7489,4.38906,fluid
451,0.153299,4.32592,,1002.19,717.902,17286.1,,0.105617,-4.71082,4.712,,-127.029,12.1502,-14.5146,2.34017,fluid
452,0.0622091,10.5008,,1000,-157.553,2.39044,,-0.019642,-9.18258,9.1826,,0.00829034,-0.00658338,0.0274139,-9.81658,fluid
453,0.113439,3.9835,,1002.67,1931.79,21102.6,,0.224795,-3.99092,3.99725,,-168.267,7.53019,0.104726,-2.27981,fluid
454,0.104834,4.34984,,1002.2,1380.28,17401.5,,0.128336,-6.70441,6.70564,,-154.749,16.215,-15.8429,6.40499,fluid
455,0.0547761,7.58741,,1000.01,-31.4886,87.789,,-0.00395795,-10.0773,10.0773,,-0.686062,0.0284835,0.0162425,-9.78152,fluid
456,0.0587336,11.7663,,1000,14.7304,1.27689,,0.00183579,-8.72807,8.72807,,-0.011301,-0.0253106,-0.00108582,-9.83531,fluid
457,0.0606628,6.37461,,1000.01,13.8109,62.07,,0.00185658,-10.3509,10.3509,,-0.187481,0.093323,0.309075,-9.71668,fluid
458,0.0291265,15.226,,1000,-63.5722,-0.929881,,-0.00794679,-7.58114,7.58114,,0.0141773,0.000810337,0.00673821,-9.80919,fluid
459,0.0642367,25.6645,,1000,0.0173071,1.95586,,-3.65327e-05,-3.88494,3.88494,,5.18216e-05,0,0.0156987,-9.81,fluid
460,0.0554575,17.8111,,1000,2.83725e-06,0.000262755,,-6.53415e-09,-6.62179,6.62179,,9.41701e-09,0,2.11146e-06,-9.81,fluid
461,0.777915,0.0455043,,1008.04,575.761,64606.2,,0.586824,-0.0469125,0.588697,,-77.94,5.53446,4.44844,-4.27554,fluid
462,0.928938,0.110457,,1007.86,681.876,63154.8,,0.729269,-0.117233,0.738632,,-67.398,6.67127,0.057976,-3.13873,fluid
463,1.05844,0.166727,,1007.67,781.988,61615.8,,0.876157,-0.187881,0.896075,,-60.2537,7.30116,-2.48296,-2.50884,fluid
464,0.780504,0.300829,,1007.51,1028.98,60264.6,,0.842054,-0.423922,0.942743,,-79.4624,8.93976,-2.82542,-0.870244,fluid
465,1.15315,0.217229,,1007.49,871.861,60090.4,,1.1285,-0.243308,1.15443,,-52.4086,6.72174,-0.686098,-3.08826,fluid
466,0.195623,3.72998,,1002.96,1348.41,23436.9,,0.246141,-2.78443,2.79529,,-122.76,12.1171,-3.30761,2.3071,fluid
467,1.57609,0.257512,,1007.3,885.876,58583.1,,1.57097,-0.204962,1.58429,,-35.5313,4.32605,1.3691,-5.48395,fluid
468,1.51468,0.326078,,1007.06,1033.06,56611.6,,1.71304,-0.324013,1.74341,,-36.8982,6.17414,0.214864,-3.63586,fluid
469,1.3293,0.268148,,1007.26,947.617,58234,,1.52059,-0.276381,1.54551,,-41.322,5.22689,2.17031,-4.58311,fluid
470,2.00081,0.356743,,1007.05,940.025,56498.8,,2.31327,-0.179244,2.3202,,-24.1554,4.82636,3.88489,-4.98364,fluid
471,1.24683,0.300623,,1007.2,1018.48,57771.6,,1.46655,-0.347301,1.50711,,-45.5441,6.81356,0.459491,-2.99644,fluid
472,0.958316,0.325094,,1007.35,1082.88,59006.5,,1.06014,-0.498592,1.17153,,-66.0521,10.3527,-4.92844,0.542689,fluid
473,0.71382,0.469866,,1007.26,1193.76,58254.7,,0.947049,-0.6649,1.15715,,-80.6954,6.9209,0.32592,-2.8891,fluid
474,0.162189,2.26405,,1004.94,-383.841,39341,,-0.0382595,-2.25118,2.2515,,-256.211,11.5766,-14.8402,1.76656,fluid
475,0.379659,4.16606,,1002.24,2245.51,17694.1,,0.810259,-4.57107,4.64233,,-49.5837,2.78321,-3.0825,-7.02679,fluid
476,0.291461,0.681653,,1007.96,246.166,64009.7,,0.110936,-1.54519,1.54917,,-226.906,23.9628,-9.02456,14.1528,fluid
477,1.78515,0.396124,,1006.86,1070.84,54918.7,,2.03936,-0.35752,2.07046,,-31.0403,7.19108,-0.48559,-2.61892,fluid
478,0.533019,0.515401,,1007.48,1028.15,60036.7,,0.653172,-0.790709,1.0256,,-105.948,9.46267,5.85138,-0.347333,fluid
479,0.443909,4.09437,,1002.32,2441.99,18311.9,,1.03346,-3.79053,3.92888,,-38.3855,-0.251433,2.77062,-10.0614,fluid
480,0.161669,1.4931,,1007.02,519.024,56280.7,,0.150253,-3.36837,3.37172,,-365.361,35.635,-19.665,25.825,fluid
481,0.212662,2.887,,1004.08,438.786,32454.1,,0.0720764,-2.55439,2.5554,,-162.183,14.1704,-10.1951,4.36044,fluid
482,0.254625,3.48124,,1003.21,619.746,25440.2,,0.121457,-2.41429,2.41735,,-110.669,12.7196,-11.0762,2.90959,fluid
483,0.552213,4.30147,,1001.98,3503.94,15624.5,,1.89151,-5.05252,5.39498,,-20.2346,5.05084,8.00391,-4.75916,fluid
484,0.243441,7.56466,,1000.01,-137.982,105.566,,-0.0338192,-10.1214,10.1214,,-0.338563,0.0440183,0.0950712,-9.76598,fluid
485,0.21017,6.74463,,1000.01,50.7628,82.1128,,0.010625,-10.3374,10.3374,,-0.237067,-0.157049,0.153626,-9.96705,fluid
486,0.219812,11.5909,,1000,-95.8066,1.44967,,-0.021057,-8.73393,8.73396,,0.0193395,-0.01975,0.0259345,-9.82975,fluid
487,0.350394,4.49998,,1001.85,2111.16,14579.5,,0.737299,-5.90927,5.95509,,-52.8075,14.6394,-11.2753,4.82941,fluid
488,0.155155,6.20705,,1000.01,118.154,104.859,,0.0180598,-10.2895,10.2896,,-0.253123,0.678544,0.422702,-9.13146,fluid
489,0.147382,9.6439,,1000,-165.991,4.85485,,-0.0244942,-9.30445,9.30448,,-0.00558131,0.0445493,0.0273593,-9.76545,fluid
490,0.179142,13.5823,,1000,-57.2172,18.2281,,-0.0104955,-8.00281,8.00282,,-0.0693819,0.0687859,0.0323696,-9.74121,fluid
491,0.239906,16.7771,,1000,-13.8634,-1.41439,,-0.00332685,-7.13163,7.13163,,0.00468904,0.000977097,-0.00120656,-9.80902,fluid
492,0.27574,16.8045,,1000,-2.54479,-1.41497,,-0.000702304,-7.05397,7.05397,,-0.00477233,-0.00153742,-0.00990387,-9.81154,fluid
493,1.18055,0.0644913,,1007.89,554.534,63404.8,,0.914542,-0.0488121,0.915844,,-49.03,4.4575,4.25726,-5.3525,fluid
494,1.46355,0.17256,,1007.58,748.108,60859.5,,1.21018,-0.115031,1.21563,,-40.3247,4.04255,0.945801,-5.76745,fluid
495,1.78061,0.26317,,1007.34,830.157,58849.6,,1.52212,-0.199138,1.53509,,-33.5648,4.76195,-0.755163,-5.04805,fluid
496,1.8875,0.368526,,1006.96,995.462,55799.4,,2.20666,-0.259662,2.22189,,-26.9044,5.34489,2.45375,-4.46511,fluid
497,1.65177,0.398347,,1006.85,1116.71,54837.8,,1.97829,-0.431844,2.02487,,-33.3012,7.77042,-0.327388,-2.03958,fluid
498,2.16899,0.449562,,1006.87,1020.91,55006.5,,2.47592,-0.188867,2.48312,,-21.743,8.40544,3.44451,-1.40456,fluid
499,2.10472,0.51061,,1006.66,1103.57,53350.2,,2.67516,-0.274491,2.6892,,-21.3154,9.75092,3.86479,-0.0590816,fluid
500,2.30046,0.560139,,1006.72,1051.13,53824.9,,2.67238,-0.26749,2.68573,,-19.6305,10.5357,3.61073,0.725714,fluid
501,2.17857,0.639805,,1006.5,1152.39,52043.2,,2.79087,-0.410099,2.82084,,-20.027,12.6712,3.70742,2.86121,fluid
502,2.02301,0.546103,,1006.54,1158.51,52376.4,,2.77656,-0.431692,2.80992,,-21.1055,12.0281,4.61653,2.2181,fluid
503,1.6461,0.4852,,1006.64,1263.66,53177.5,,2.32016,-0.51928,2.37756,,-31.0847,10.2131,1.00727,0.403145,fluid
504,1.85468,0.461467,,1006.68,1153.73,53475.7,,2.42985,-0.371899,2.45815,,-26.4798,8.11959,2.16176,-1.69041,fluid
505,1.29424,0.372825,,1007,1153.54,56081.6,,1.75675,-0.400468,1.80182,,-41.0268,7.62513,2.00383,-2.18487,fluid
506,1.14474,0.420511,,1007.01,1268.69,56217.2,,1.65861,-0.592698,1.76133,,-49.1704,9.86422,-0.40354,0.0542172,fluid
507,0.57329,0.704447,,1007.22,886.123,57877.1,,0.577328,-1.05895,1.2061,,-94.5101,17.0909,5.72258,7.28089,fluid
508,0.24657,1.03375,,1007.65,905.091,61463.1,,0.253126,-1.36456,1.38784,,-268.055,15.7688,-20.6761,5.95881,fluid
509,0.914089,0.445753,,1007.16,1275.49,57390.6,,1.16914,-0.731942,1.37936,,-67.9114,11.7129,-5.5731,1.90289,fluid
510,0.29155,3.15112,,1003.65,194.416,28947.8,,0.0102556,-2.33677,2.33679,,-108.003,7.98646,-9.07449,-1.82354,fluid
511,0.504303,0.975984,,1007.11,1100.8,57001.3,,0.608454,-1.34143,1.47297,,-101.608,13.7639,10.6241,3.95391,fluid
512,0.296613,1.88662,,1005.95,-939.443,47535.9,,-0.305685,-2.61662,2.63442,,-176.708,7.05735,-17.3938,-2.75265,fluid
513,0.34954,2.67716,,1004.11,491.753,32661,,0.130733,-2.07912,2.08322,,-94.9509,17.9019,-1.89368,8.09192,fluid
514,0.454693,3.31485,,1003.18,620.575,25194.5,,0.245206,-2.69391,2.70505,,-54.0569,9.67656,1.17739,-0.133436,fluid
515,0.760887,3.84537,,1002.51,1212.65,19825.4,,0.853218,-4.64895,4.72659,,-21.0103,10.916,4.98012,1.10597,fluid
516,0.668865,4.22998,,1002.12,3271.08,16756.9,,2.1146,-4.30665,4.79778,,-7.65205,4.54278,17.3476,-5.26722,fluid
517,0.345583,4.7945,,1001.69,1171.43,13364.9,,0.356093,-8.09146,8.09929,,-50.6567,26.6121,-12.0486,16.8021,fluid
518,0.618546,3.82426,,1002.56,1262.33,20214.3,,0.709314,-4.10244,4.16331,,-27.9026,11.5956,4.69445,1.78564,fluid
519,0.522191,3.751,,1002.67,1170.81,21130.8,,0.543679,-3.88716,3.925,,-39.2356,10.6809,1.12232,0.870863,fluid
520,0.603314,4.3404,,1001.92,3762.78,15174,,2.25368,-5.65149,6.08427,,-11.8557,8.1691,13.2471,-1.6409,fluid
521,0.286197,10.7985,,1000,-33.4022,6.51475,,-0.00955814,-9.0391,9.0391,,-0.00852485,-0.0194243,0.0142382,-9.82942,fluid
522,0.262942,12.091,,1000,19.532,1.73816,,0.0051316,-8.77334,8.77335,,-0.00384671,0.00469039,0.00276373,-9.80531,fluid
523,0.307226,21.9198,,1000,-1.17902,0.153755,,-0.000366048,-5.20684,5.20684,,0.000739329,-0.000403064,0.00123979,-9.8104,fluid
524,0.373772,26.9687,,1000,-3.88621e-05,-0.00609775,,3.4687e-07,-3.3066,3.3066,,0,0,-1.63141e-05,-9.81,fluid
525,1.50589,0.0900273,,1007.88,571.934,63357.8,,1.04249,-0.0418297,1.04333,,-38.9159,3.59052,2.82837,-6.21948,fluid
526,1.95469,0.23831,,1007.49,752.005,60158.2,,1.74533,-0.104151,1.74843,,-29.2665,3.13694,1.28089,-6.67306,fluid
527,2.1993,0.369797,,1007.13,913.655,57196.5,,2.14699,-0.135028,2.15123,,-23.8157,7.17577,2.00678,-2.63423,fluid
528,2.38263,0.502565,,1006.91,966.739,55380.3,,2.51368,-0.206809,2.52218,,-19.7625,9.84521,3.32136,0.03521,fluid
529,2.31553,0.672664,,1006.56,1095.26,52517.3,,2.80374,-0.384975,2.83004,,-18.915,11.9414,3.61764,2.13144,fluid
530,2.47824,0.777513,,1006.55,1041.33,52389.4,,2.86976,-0.443685,2.90386,,-16.3642,12.3003,4.63809,2.49027,fluid
531,2.28211,0.799551,,1006.45,1129.53,51600.5,,2.7438,-0.519015,2.79246,,-19.8406,13.8582,2.62532,4.0482,fluid
532,2.0333,0.71373,,1006.39,1235.39,51121.1,,2.91507,-0.605454,2.97729,,-20.429,15.0157,4.55327,5.20567,fluid
533,1.862,0.533381,,1006.53,1236.63,52244.1,,2.6069,-0.587108,2.67219,,-25.2257,13.6946,2.65028,3.88462,fluid
534,0.950297,0.813148,,1006.89,1555.58,55171.4,,1.47359,-2.77449,3.14154,,-54.0999,27.4826,3.56017,17.6726,fluid
535,2.16378,0.849013,,1006.42,1169.35,51383.2,,2.69912,-0.609859,2.76716,,-20.9124,16.1139,2.68305,6.30388,fluid
536,1.51504,0.533964,,1006.61,1350.93,52935.1,,2.28028,-0.821803,2.42385,,-35.2592,15.6449,-0.548948,5.83485,fluid
537,1.43508,0.488833,,1006.71,1295.4,53701.1,,1.99231,-0.678337,2.10463,,-39.0673,12.9269,-1.89621,3.11688,fluid
538,1.16856,0.624304,,1006.79,1504.8,54377.8,,2.07119,-1.36824,2.48232,,-43.6426,20.7935,2.5775,10.9835,fluid
539,1.04522,0.569318,,1006.91,1456.62,55371.9,,1.62302,-1.0311,1.92285,,-55.6137,17.7178,-3.00087,7.90777,fluid
540,0.432345,1.3283,,1006.69,1226.43,53536.2,,0.563967,-2.96309,3.01628,,-117.724,16.4674,5.28127,6.65735,fluid
541,0.794184,0.70204,,1006.96,1366.55,55755.6,,1.15704,-2.68567,2.92431,,-66.7106,24.4646,3.00917,14.6546,fluid
542,0.461668,2.17733,,1004.72,-555.572,37603.9,,-0.263,-2.326,2.34082,,-78.7863,15.2784,2.28287,5.46839,fluid
543,0.534547,1.62025,,1005.97,-215.141,47715.9,,-0.144498,-2.30824,2.31276,,-88.6554,17.3176,0.0789455,7.50756,fluid
544,0.533606,2.50287,,1004.04,-82.4177,32072.2,,-0.0808597,-1.58305,1.58511,,-54.8062,17.4706,5.05672,7.66058,fluid
545,0.64443,2.83319,,1003.6,620.133,28527.9,,0.323618,-2.52531,2.54596,,-39.6112,8.68954,4.49853,-1.12046,fluid
546,0.672375,3.0301,,1003.3,702.744,26184,,0.393027,-2.56065,2.59064,,-36.8704,8.32713,1.94395,-1.48287,fluid
547,0.897378,3.32219,,1002.76,826.429,21871.3,,0.636696,-4.44637,4.49172,,-22.3576,11.9059,1.94766,2.09594,fluid
548,0.880917,3.97546,,1002.5,1332.13,19732.8,,1.01283,-4.31806,4.43525,,-21.8196,13.8381,0.524853,4.02814,fluid
549,0.84561,3.53879,,1002.61,787.985,20615.4,,0.575514,-4.02411,4.06506,,-21.3801,12.5847,2.93584,2.77467,fluid
550,0.648818,3.44032,,1002.79,788.205,22098.8,,0.457359,-3.65332,3.68184,,-30.9484,11.3109,3.01687,1.50089,fluid
551,0.690172,4.54876,,1001.66,3646.8,13106.1,,2.57843,-7.24333,7.68858,,1.44305,11.756,20.4012,1.94597,fluid
552,0.578598,4.67761,,1001.59,3667.64,12549.6,,2.08351,-9.43777,9.66502,,-13.2363,20.7323,8.41888,10.9223,fluid
553,0.306055,7.857,,1000.01,-61.0055,106.894,,-0.0187609,-10.0443,10.0443,,-0.349425,0.201678,-0.000166019,-9.60832,fluid
554,0.384589,10.8846,,1000,-22.1707,6.91858,,-0.00853499,-9.03967,9.03968,,-0.00713001,-0.025407,0.0108595,-9.83541,fluid
555,0.39666,15.5406,,1000,-12.8547,-2.61753,,-0.00509579,-7.46275,7.46275,,0.00452289,-0.00139778,-0.00207604,-9.8114,fluid
556,0.504877,28.2309,,999.898,0,-799.765,,0.102595,-3.06989,3.0716,,0,0,-1.58424,-9.81,fluid
557,1.75168,0.104264,,1007.97,527.87,64093,,1.0452,-0.0275423,1.04556,,-34.7026,3.12083,1.59741,-6.68917,fluid
558,2.25579,0.297266,,1007.42,773.948,59536.1,,1.91434,-0.0821953,1.9161,,-24.3503,6.4294,1.84781,-3.3806,fluid
559,2.51181,0.501434,,1007.01,906.884,56145.4,,2.42008,-0.16044,2.42539,,-19.4331,10.2336,2.76391,0.423563,fluid
560,2.51846,0.670503,,1006.7,1000.95,53661.9,,2.78037,-0.226439,2.78957,,-16.8724,11.4946,4.29317,1.68457,fluid
561,2.42058,0.88428,,1006.44,1065.48,51535.9,,2.74308,-0.63456,2.81552,,-17.6752,13.4211,3.47927,3.61114,fluid
562,2.59266,0.960905,,1006.42,957.624,51332,,2.80992,-0.317429,2.82779,,-15.3293,13.3197,4.34347,3.50973,fluid
563,2.04449,0.875258,,1006.44,1202.77,51534.3,,2.64151,-0.696123,2.7317,,-22.3478,17.9425,2.6974,8.13246,fluid
564,2.2371,1.01675,,1006.42,1045.2,51359.8,,2.27854,-0.674028,2.37614,,-21.6063,14.3325,1.20549,4.52252,fluid
565,1.83931,0.689818,,1006.4,1395.07,51185.5,,2.82083,-1.29428,3.10358,,-25.0037,17.7637,2.64807,7.95367,fluid
566,1.55817,0.833869,,1006.65,1555.07,53267.9,,2.46845,-1.93034,3.1336,,-30.9158,22.3888,3.04451,12.5788,fluid
567,1.29703,0.948817,,1006.92,1283.31,55415.6,,1.69782,-2.17237,2.75714,,-37.9326,22.1038,4.49886,12.2938,fluid
568,1.55955,0.697415,,1006.54,1524.91,52353.2,,2.55501,-1.06391,2.76767,,-32.4052,16.1093,0.946183,6.29932,fluid
569,1.16684,1.40688,,1006.01,66.313,48034.2,,0.231784,-2.95072,2.95981,,-31.1818,10.8581,9.73819,1.04806,fluid
570,1.17207,1.02548,,1006.92,1055.95,55427.4,,1.10062,-2.39614,2.63683,,-44.2015,22.2236,2.76375,12.4136,fluid
571,1.27122,0.746839,,1006.76,1545.92,54132.4,,2.22366,-1.57603,2.72554,,-38.8629,19.59,3.43441,9.78003,fluid
572,0.944647,1.14783,,1006.61,769.423,52886.6,,0.728872,-3.04849,3.13441,,-45.6505,11.2938,9.96757,1.48379,fluid
573,0.736594,1.06396,,1006.7,1125.19,53657.6,,0.870601,-3.31773,3.43005,,-61.1586,16.1161,11.202,6.3061,fluid
574,0.637709,1.8823,,1005.15,-448.63,41077.5,,-0.305584,-2.61722,2.635,,-60.7954,15.6318,3.28861,5.8218,fluid
575,1.01638,1.35119,,1006.12,176.056,48939.6,,0.208164,-3.17419,3.18101,,-40.3711,11.6367,7.48686,1.82665,fluid
576,0.774922,1.45983,,1005.87,22.6221,46848.5,,0.0250244,-3.23304,3.23313,,-53.2873,11.2263,6.81595,1.41635,fluid
577,0.768635,2.22049,,1004.17,-350.429,33131.5,,-0.32643,-2.78407,2.80314,,-41.8106,16.0365,1.11484,6.2265,fluid
578,0.828757,2.54951,,1003.75,134.708,29770.6,,0.017162,-2.90133,2.90138,,-33.5064,16.937,2.28135,7.12704,fluid
579,0.897875,3.05688,,1003.1,831.351,24564.5,,0.634668,-3.5552,3.61141,,-24.7955,6.60854,2.47836,-3.20146,fluid
580,1.25026,3.5384,,1002.66,1232.89,21070.4,,1.32054,-5.08848,5.25704,,-16.3176,7.55159,0.490522,-2.25841,fluid
581,1.04625,3.57558,,1002.59,973.585,20455.3,,0.886074,-4.35689,4.44608,,-19.1604,9.59767,0.340191,-0.212328,fluid
582,1.09621,3.89452,,1002.5,1076.27,19807.3,,1.04874,-6.04731,6.13757,,-23.7386,7.24212,-5.71479,-2.56788,fluid
583,0.52704,5.15019,,1001.08,-337.302,8488.38,,-0.180851,-7.7853,7.7874,,-9.30489,19.0222,6.78352,9.21218,fluid
584,0.367282,5.47805,,1000.53,809.461,4166.88,,0.292634,-9.12601,9.1307,,-6.60337,14.0986,4.73581,4.28858,fluid
585,0.450616,9.21503,,1000,-114.237,35.5726,,-0.0517475,-9.65286,9.653,,-0.126402,0.0362123,-0.0474606,-9.77379,fluid
586,0.379594,14.4524,,1000,-3.94746,2.7513,,-0.00149792,-7.87342,7.87342,,0.000183871,3.91636e-05,0.00743188,-9.80996,fluid
587,0.489522,19.5805,,999.999,-6.15028,-10.6107,,-0.00301513,-6.02405,6.02405,,0.0114895,0.00153344,-0.0101862,-9.80847,fluid
588,0.679693,35.757,,1002.87,0,22719.6,,0.33731,-0.209979,0.397327,,0,0,33.3306,-9.81,fluid
589,2.02416,0.11715,,1008.03,497.693,64541.3,,1.18012,-0.0131582,1.1802,,-30.8581,3.2802,0.773404,-6.5298,fluid
590,2.43949,0.291128,,1007.51,689.901,60304.3,,1.91403,-0.0373519,1.91439,,-21.6573,8.05837,2.87844,-1.75163,fluid
591,2.63378,0.469746,,1007.13,821.268,57146.7,,2.36556,-0.0804704,2.36693,,-18.9852,10.6394,2.55883,0.8294,fluid
592,2.68456,0.678606,,1006.77,919.34,54257.5,,2.62609,-0.26303,2.63923,,-17.0459,11.9829,3.02906,2.1729,fluid
593,2.7032,0.845647,,1006.56,935.348,52517.2,,2.66902,-0.233866,2.67925,,-16.4384,12.9623,2.86275,3.15225,fluid
594,2.66462,1.23702,,1006.14,867.977,49114.2,,2.34596,-0.431078,2.38524,,-16.0363,14.223,2.28305,4.41304,fluid
595,2.44749,1.03129,,1006.35,996.181,50787.3,,2.67444,-1.01414,2.86026,,-15.8165,14.8765,4.80339,5.06654,fluid
596,1.98547,1.07175,,1006.56,1056.26,52483.7,,1.89598,-1.32735,2.31443,,-25.8481,13.7419,0.413542,3.93194,fluid
597,1.52519,1.05427,,1006.82,1086.77,54617.5,,1.65261,-2.71436,3.17788,,-26.8086,19.6017,8.7592,9.79174,fluid
598,1.82833,0.799558,,1006.44,1398.21,51561.3,,2.77235,-1.36846,3.0917,,-24.6176,21.9826,3.40312,12.1726,fluid
599,1.98837,1.67478,,1005.21,168.109,41567,,0.151473,-2.77345,2.77759,,-18.9115,13.9184,1.88507,4.10837,fluid
600,1.46219,1.21676,,1006.65,543.494,53228.6,,0.693703,-2.98805,3.06752,,-31.1195,12.7017,5.0435,2.89167,fluid
601,2.46455,1.83987,,1004.62,472.181,36786.6,,1.1768,-2.3218,2.603,,-13.3526,10.8312,1.50504,1.0212,fluid
602,1.46849,1.38808,,1006.15,138.938,49159.8,,0.128512,-2.56823,2.57145,,-32.3072,12.4861,0.964759,2.67607,fluid
603,2.20074,1.75873,,1004.89,307.196,38916.4,,0.71047,-2.77843,2.86783,,-15.66,10.9559,1.93736,1.14593,fluid
604,1.59037,1.41419,,1006.04,105.594,48273,,0.517202,-2.95485,2.99977,,-20.8902,10.8493,9.28079,1.03934,fluid
605,1.41133,1.68126,,1005.19,-150.435,41379.9,,-0.307705,-2.7137,2.73109,,-28.0983,13.7119,1.07013,3.90191,fluid
606,1.95146,1.883,,1004.65,95.9185,37014.8,,-0.0453956,-2.97773,2.97807,,-19.0261,11.1766,-0.146132,1.36656,fluid
607,1.19966,1.66172,,1005.23,-226.759,41664,,-0.300009,-3.21964,3.23359,,-31.5482,13.8155,3.00113,4.00549,fluid
608,0.941853,1.70177,,1005.14,-310.273,40956.5,,-0.282082,-2.94917,2.96263,,-39.1728,13.1622,4.08991,3.35223,fluid
609,1.26367,1.92618,,1004.57,-167.664,36383.7,,-0.258734,-2.81855,2.8304,,-25.8902,14.0081,2.77084,4.19812,fluid
610,0.95335,1.95405,,1004.55,-273.6,36163.6,,-0.305835,-2.89376,2.90988,,-33.9207,15.4477,3.84085,5.63766,fluid
611,0.963048,2.29823,,1003.94,-176.839,31296.5,,-0.195403,-2.83927,2.84598,,-27.7683,18.2239,4.60144,8.41394,fluid
612,1.01109,2.69901,,1003.6,411.818,28550.1,,0.242286,-3.04664,3.05626,,-25.7522,11.6092,2.38352,1.79916,fluid
613,1.0705,3.17471,,1002.94,886.284,23273.5,,0.871182,-3.7169,3.81764,,-16.2825,8.48598,5.39463,-1.32402,fluid
614,1.37601,3.71908,,1002.54,1059.78,20083.7,,1.28077,-5.38132,5.53164,,-16.5577,3.32799,-1.99906,-6.48201,fluid
615,1.19978,4.06773,,1002.63,717.026,20791.2,,0.809135,-5.38574,5.44618,,-21.8125,20.3876,-4.52879,10.5776,fluid
616,0.759872,4.94448,,1001.52,1426.37,11994.5,,1.04637,-9.45879,9.51649,,-6.20314,18.3213,9.5578,8.51128,fluid
617,0.590717,11.2905,,1000,-49.998,2.80054,,-0.0295264,-9.08742,9.08746,,0.0152715,0.0256669,0.0200125,-9.78433,fluid
618,0.582534,9.33771,,1000,-73.4835,17.4478,,-0.0425029,-9.70786,9.70796,,0.0327925,0.0986043,0.062744,-9.7114,fluid
619,0.634034,24.556,,1000,0,-0.532394,,5.71379e-06,-4.27746,4.27746,,0,0,-0.000839693,-9.81,fluid
620,0.941304,46.5085,,986.154,0,-104250,,-0.541849,3.76612,3.8049,,0,0,-112.306,-9.81,fluid
621,2.2533,0.122425,,1008.05,444.269,64706.3,,1.17364,-0.00532412,1.17365,,-28.657,5.32701,-0.169991,-4.48299,fluid
622,2.70783,0.386197,,1007.31,700.666,58622.3,,2.06579,-0.0705594,2.067,,-19.8133,10.5636,1.67883,0.753619,fluid
623,2.85597,0.724707,,1006.75,845.913,54027.7,,2.58788,0.00938608,2.5879,,-17.6181,12.2363,1.17258,2.42629,fluid
624,2.85911,1.01229,,1006.41,846.511,51298.9,,2.557,-0.206605,2.56534,,-16.4183,12.9713,1.40959,3.16125,fluid
625,2.71641,1.08914,,1006.32,888.567,50547.6,,2.39316,-0.350683,2.41872,,-16.8657,14.1686,1.6257,4.35859,fluid
626,2.64567,1.43601,,1005.8,833.824,46347.5,,2.09914,-0.878728,2.27565,,-13.8739,12.8785,3.5432,3.06847,fluid
627,2.02542,1.18259,,1006.47,862.058,51795.4,,1.68555,-1.39975,2.19098,,-23.7859,13.3692,1.62232,3.55918,fluid
628,1.74287,0.997318,,1006.66,1173.92,53285.3,,2.24756,-1.84564,2.90824,,-24.3341,23.822,6.03721,14.012,fluid
629,2.31375,1.61071,,1005.3,471.08,42258,,1.25063,-2.7174,2.99138,,-12.4285,13.4275,5.73908,3.61751,fluid
630,1.83715,1.53082,,1005.67,172.709,45237.3,,0.407813,-2.68696,2.71774,,-19.467,13.1465,5.01789,3.33649,fluid
631,2.80833,2.04553,,1004.13,512.839,32790.6,,1.34164,-1.84758,2.28331,,-10.1967,10.3152,1.43145,0.505154,fluid
632,2.89992,2.13139,,1003.93,481.382,31217,,1.66438,-1.99251,2.5962,,-6.77464,11.5064,3.94799,1.69643,fluid
633,3.56293,2.32617,,1003.49,488.214,27659.7,,1.94744,-1.22591,2.30117,,-8.4818,13.5232,-0.745604,3.71322,fluid
634,3.10601,2.0303,,1004.2,555.985,33414.4,,1.45046,-1.83928,2.34239,,-9.54351,13.4581,1.16941,3.64806,fluid
635,3.67224,2.39626,,1003.44,480.988,27253.9,,1.88051,-1.33214,2.30454,,-7.7148,16.7289,-0.318623,6.91892,fluid
636,3.07722,2.1705,,1003.85,513.734,30580.5,,1.68527,-1.9801,2.60018,,-6.70435,13.722,3.19524,3.91205,fluid
637,3.45767,2.37489,,1003.46,509.982,27463.2,,1.71645,-1.47556,2.26351,,-8.09691,14.5022,-0.181612,4.69219,fluid
638,3.29609,2.26789,,1003.64,539.778,28858.2,,1.64325,-1.75744,2.40601,,-8.93217,13.4724,-0.2086,3.66244,fluid
639,1.68033,1.66104,,1005.24,-65.7221,41742.1,,0.0902055,-3.10783,3.10914,,-19.5916,14.6627,5.12063,4.85271,fluid
640,2.7996,2.21738,,1003.78,452.101,29987.9,,1.24363,-2.15163,2.48518,,-9.43039,12.2821,1.2408,2.47209,fluid
641,2.67711,2.31103,,1003.7,423.097,29327.4,,0.935041,-2.12238,2.31923,,-10.2011,12.4234,0.71342,2.61341,fluid
642,1.59556,1.83917,,1004.77,-110.475,37975.8,,-0.155251,-3.10608,3.10996,,-21.3542,14.5505,2.33374,4.74052,fluid
643,1.22163,2.13077,,1004.19,-95.6133,33283.1,,-0.156086,-3.04893,3.05293,,-23.6075,14.7422,3.52368,4.9322,fluid
644,1.24064,2.34697,,1003.93,12.8958,31226.1,,-0.0381196,-3.20174,3.20197,,-21.4185,19.5313,3.6523,9.72128,fluid
645,1.16548,2.80759,,1003.49,579.405,27654,,0.566785,-3.26138,3.31027,,-17.8012,12.8209,5.84379,3.01093,fluid
646,1.29966,3.33635,,1002.88,1124.28,22819.3,,1.26131,-3.8058,4.00937,,-12.2573,5.2667,5.25008,-4.5433,fluid
647,1.54989,3.89572,,1002.73,665.587,21612.6,,1.03088,-4.85212,4.96042,,-13.9935,5.84643,-0.0868168,-3.96357,fluid
648,1.33088,4.05951,,1002.7,863.767,21340,,1.16205,-6.01944,6.13058,,-15.5328,20.188,0.458531,10.378,fluid
649,0.634197,13.2556,,1000.01,-148.654,84.0251,,-0.0942581,-8.147,8.14754,,0.0136751,0.0703455,0.146164,-9.73965,fluid
650,0.672196,16.9296,,1000,-2.32251,-1.74576,,-0.00155992,-7.08468,7.08468,,0.00048122,0.000127364,-0.00211588,-9.80987,fluid
651,0.875974,23.1893,,1000,-14.0523,3.01128,,-0.0123049,-5.01696,5.01698,,2.82383e-06,0.0016521,0.00344046,-9.80835,fluid
652,0.966996,21.5933,,1000,-0.727317,-3.8972,,-0.000764062,-5.22905,5.22905,,-0.000264308,0.000130793,-0.00429452,-9.80987,fluid
653,2.48704,0.126715,,1007.98,401.923,64158.5,,1.26823,0.00132274,1.26823,,-24.5911,7.62508,1.00179,-2.18492,fluid
654,2.87695,0.346245,,1007.34,599.178,58902.8,,1.96572,-0.0245784,1.96588,,-19.6515,10.9292,0.673376,1.11925,fluid
655,2.90683,0.573647,,1006.97,764.694,55848.1,,2.30744,-0.136763,2.31149,,-19.0546,11.6368,0.0251323,1.8268,fluid
656,3.09358,0.628918,,1006.84,737.165,54812.5,,2.53722,0.116513,2.53989,,-15.2522,12.2084,2.34549,2.39842,fluid
657,2.38595,1.17273,,1006.24,897.456,49865,,2.30182,-1.21066,2.60078,,-17.0829,14.6366,3.68696,4.82657,fluid
658,2.54933,1.54095,,1005.53,735.284,44113.4,,1.64635,-1.5963,2.29317,,-14.1965,14.0807,3.01223,4.27068,fluid
659,2.90675,1.22525,,1006.18,799.17,49418.1,,2.4739,-0.629045,2.55262,,-15.0201,14.6617,1.87656,4.85173,fluid
660,1.87353,1.33514,,1006.26,486.545,50053.6,,0.795453,-2.09379,2.2398,,-25.0426,9.11565,1.5075,-0.694346,fluid
661,2.18599,1.33471,,1006.09,666.461,48690.9,,1.57037,-2.12505,2.64233,,-18.4744,13.4523,3.66478,3.64232,fluid
662,2.42696,1.32962,,1005.98,783.961,47819.4,,2.33149,-1.08515,2.57166,,-14.121,15.3323,5.46522,5.52232,fluid
663,3.35268,2.17625,,1003.8,548.48,30162.3,,1.69884,-1.26876,2.12033,,-8.56118,11.9925,0.401245,2.18252,fluid
664,3.90754,2.07827,,1003.89,629.807,30850.4,,2.54169,-1.35785,2.88166,,-9.45692,12.9711,-1.59238,3.16105,fluid
665,2.15536,1.50832,,1005.65,473.843,45138.8,,1.15339,-2.07953,2.37797,,-18.6589,13.6875,2.1659,3.87745,fluid
666,3.98801,2.25607,,1003.58,449.053,28363.7,,2.12862,-1.17891,2.43328,,-8.98266,14.1878,-1.89576,4.37782,fluid
667,4.115,2.36377,,1003.63,372.09,28781.6,,2.11015,-0.999976,2.33509,,-7.71658,15.3447,-0.747534,5.53469,fluid
668,3.76792,2.21523,,1003.59,543.761,28503,,2.1798,-1.35486,2.56655,,-9.37128,13.2532,-1.83372,3.44318,fluid
669,3.90719,2.47254,,1003.51,430.281,27840.1,,1.59539,-1.13278,1.95664,,-9.00137,17.8551,-1.90093,8.04515,fluid
670,3.66843,2.52452,,1003.47,480.824,27486.3,,2.06994,-1.36646,2.48029,,-6.78067,19.3222,0.686096,9.51217,fluid
671,3.82035,2.33102,,1003.47,507.304,27494.8,,2.06472,-1.57797,2.59866,,-8.29246,16.4809,-1.1204,6.67089,fluid
672,3.21398,2.38558,,1003.49,559.324,27683.6,,1.6859,-1.84229,2.49726,,-8.00139,14.2457,0.58216,4.43566,fluid
673,3.00826,2.36232,,1003.55,522.043,28180.1,,1.74653,-2.05754,2.69886,,-5.45657,14.6913,3.87784,4.88132,fluid
674,2.22352,1.90047,,1004.49,246.302,35721.5,,0.671983,-3.15944,3.23011,,-12.8927,13.3678,3.10076,3.55777,fluid
675,1.85863,2.01859,,1004.37,95.8954,34766.5,,0.152685,-2.9348,2.93877,,-18.117,14.2536,0.506907,4.44363,fluid
676,1.59069,2.02447,,1004.4,-43.2897,34991.3,,-0.136831,-3.21868,3.22159,,-21.1304,15.8771,0.770825,6.06712,fluid
677,1.35663,2.60096,,1003.75,239.806,29781.2,,0.133425,-3.04092,3.04385,,-18.8033,13.5776,3.06701,3.76758,fluid
678,1.35978,3.03855,,1003.26,807.851,25855.7,,0.910608,-3.53827,3.65357,,-12.0071,9.40234,6.9457,-0.407659,fluid
679,1.54141,3.50503,,1002.82,1130.47,22336.2,,1.48071,-4.52956,4.76544,,-12.2182,1.10709,2.23177,-8.70291,fluid
680,1.739,3.74681,,1002.9,1006.65,22950.3,,1.55697,-5.46379,5.6813,,-9.18851,1.98035,3.97073,-7.82965,fluid
681,1.15128,4.29608,,1002.81,1408.27,22262.6,,1.25841,-5.0852,5.2386,,-15.3699,34.6459,3.91307,24.8359,fluid
682,0.620376,7.15695,,1000.04,-47.8422,315.402,,-0.0305083,-10.4844,10.4845,,-0.476145,-0.183294,0.0322399,-9.99329,fluid
683,0.874969,22.6013,,1000,-12.8523,3.72236,,-0.0112423,-5.0742,5.07422,,1.50455e-05,-0.00141082,0.00426931,-9.81141,fluid
684,1.0485,19.6551,,999.998,-7.89974,-18.2871,,-0.00827117,-5.78511,5.78512,,-0.00689363,-0.000920066,-0.0243349,-9.81092,fluid
685,2.68626,0.149546,,1007.81,371.168,62752,,1.17244,-0.00528701,1.17246,,-23.8425,9.3541,-0.663155,-0.455904,fluid
686,3.12807,0.486858,,1007.02,649.524,56292.7,,2.20411,-0.000795903,2.20411,,-15.8808,10.6258,1.98973,0.815838,fluid
687,2.98587,0.91994,,1006.51,819.528,52101,,2.65316,-0.216638,2.66199,,-15.8397,13.3595,1.49656,3.5495,fluid
688,3.09917,0.333504,,1007.24,536.546,58103.7,,1.6542,-0.0465435,1.65485,,-17.979,11.2109,0.634267,1.40092,fluid
689,3.10038,1.20374,,1006.23,777.89,49784.5,,2.76667,-0.281784,2.78099,,-13.3014,16.0121,2.65676,6.20213,fluid
690,3.1754,1.08764,,1006.36,780.655,50865.8,,2.54076,-0.127204,2.54394,,-12.8134,13.4934,3.1041,3.68344,fluid
691,2.5869,1.77557,,1004.85,648.446,38609.1,,1.67212,-1.31892,2.12968,,-10.9347,9.66612,3.91813,-0.143877,fluid
692,2.85365,1.39947,,1005.91,798.278,47204.5,,2.19175,-0.639564,2.28316,,-14.0883,14.7627,2.35636,4.95266,fluid
693,2.86162,1.62022,,1005.39,735.36,42982.2,,2.33142,-1.16306,2.60543,,-9.84676,13.791,5.09297,3.98101,fluid
694,2.80332,1.72576,,1005.07,682.144,40399.6,,1.91153,-1.66692,2.53626,,-9.61584,14.814,4.7228,5.00404,fluid
695,2.81168,1.92394,,1004.46,576.151,35506.9,,1.57664,-1.90373,2.47184,,-8.55562,11.0343,4.01662,1.22425,fluid
696,3.35932,1.96976,,1004.37,629.101,34712.7,,2.30584,-1.06932,2.54172,,-8.73189,14.6126,1.55645,4.80262,fluid
697,3.56272,2.13138,,1003.83,573.977,30380.5,,2.30771,-1.19784,2.60007,,-10.1826,12.8382,-1.68782,3.02821,fluid
698,4.19362,2.229,,1003.86,445.666,30678.2,,2.25065,-0.967545,2.44981,,-7.08544,13.5138,0.201849,3.70376,fluid
699,4.31846,2.45969,,1003.99,437.531,31700.8,,2.44086,-1.15033,2.69835,,-5.32311,14.7507,1.98847,4.94066,fluid
700,4.27401,2.18833,,1004.09,493.426,32531.9,,2.30408,-1.13193,2.56711,,-5.62409,12.3748,1.95644,2.56481,fluid
701,4.27795,2.50888,,1003.88,434.209,30787.9,,2.31669,-1.13839,2.58128,,-7.30748,16.9154,-0.138392,7.1054,fluid
702,4.10052,2.48393,,1003.62,474.2,28726.2,,2.20668,-1.47826,2.65607,,-7.74961,18.6394,-0.769391,8.82936,fluid
703,4.04266,2.57673,,1003.65,443.775,29000.6,,1.90651,-1.05464,2.17877,,-7.66812,19.0274,-0.520594,9.21737,fluid
704,3.4148,2.50436,,1003.39,575.02,26896.9,,1.77648,-1.88417,2.58958,,-7.46402,17.8646,0.385916,8.0546,fluid
705,3.19753,2.53071,,1003.38,617.644,26770.7,,1.83226,-2.01085,2.72043,,-6.70277,16.0241,1.64139,6.2141,fluid
706,2.85536,2.4055,,1003.56,544.385,28269.9,,1.65413,-2.39202,2.90825,,-6.84914,16.0118,3.01633,6.2018,fluid
707,2.50019,1.96919,,1004.27,390.527,33980,,0.953499,-3.15275,3.29379,,-10.7694,16.6202,2.76371,6.81017,fluid
708,1.56575,2.24338,,1004.08,77.31,32387.2,,-0.0562108,-2.99658,2.99711,,-21.7109,15.2746,-1.11011,5.4646,fluid
709,1.8141,2.32299,,1003.9,327.869,30980.5,,0.677564,-3.66655,3.72863,,-14.0349,14.6016,2.97633,4.79165,fluid
710,1.62949,2.52192,,1003.79,314.419,30120.3,,0.297151,-3.81862,3.83016,,-18.843,17.0418,-0.428311,7.23184,fluid
711,1.57427,2.85088,,1003.59,578.624,28450.2,,0.700521,-4.01807,4.07868,,-13.4294,15.2012,4.57799,5.39123,fluid
712,1.62165,3.19267,,1003.24,900.735,25694.2,,1.23048,-4.44591,4.61304,,-9.81126,7.14962,5.98198,-2.66038,fluid
713,1.91961,3.74953,,1003.18,999.988,25197.9,,1.65918,-4.78868,5.06797,,-0.993942,1.19458,12.0911,-8.61542,fluid
714,1.10737,4.74776,,1001.96,1629.75,15458.8,,1.69516,-5.53841,5.79203,,-8.93581,-1.35801,4.99689,-11.168,fluid
715,0.774952,12.7103,,1000.02,-151.038,143.607,,-0.117124,-8.61274,8.61354,,0.021486,-0.0644061,0.206794,-9.87441,fluid
716,1.62693,4.27695,,1004.59,627.967,36524.6,,0.757815,-5.79622,5.84555,,-33.58,31.0167,-11.2325,21.2067,fluid
717,2.89195,0.120669,,1007.7,330.85,61804,,1.26123,-0.00296652,1.26123,,-21.3573,10.1813,-0.149471,0.371342,fluid
718,3.08106,0.104414,,1007.54,319.882,60545.6,,1.18401,-0.0158922,1.18411,,-17.0227,10.5444,2.48115,0.734425,fluid
719,3.12021,0.804401,,1006.62,783.387,53011.5,,2.63088,-0.269449,2.64464,,-14.2952,13.1864,2.58282,3.37639,fluid
720,3.39357,0.730723,,1006.68,589.319,53447.8,,2.06628,-0.222695,2.07824,,-14.9976,13.3868,0.647658,3.57685,fluid
721,3.32231,0.871944,,1006.55,650.127,52413.2,,2.1879,0.161677,2.19387,,-12.4839,13.7049,3.18962,3.89494,fluid
722,3.07441,1.43531,,1005.87,736.578,46857.6,,2.56444,-0.716941,2.66277,,-11.6484,16.0155,3.50395,6.20548,fluid
723,3.46077,1.73417,,1005.17,800.127,41211.2,,2.88867,-0.587895,2.94788,,-8.55108,11.2362,3.29577,1.42623,fluid
724,3.31528,1.80887,,1004.9,693.605,39014.5,,2.65402,-0.927949,2.81157,,-11.2568,11.9956,0.453898,2.18562,fluid
725,3.5998,1.85181,,1004.73,809.168,37681.1,,2.6845,-0.625821,2.75648,,-8.38194,10.5997,2.03631,0.789738,fluid
726,3.64342,2.03149,,1004.08,706.674,32430.2,,2.76591,-0.907919,2.91112,,-10.2956,10.9341,-1.43075,1.12412,fluid
727,3.14971,1.91464,,1004.55,664.781,36211,,1.89834,-0.936584,2.11681,,-12.3554,11.0228,-0.910835,1.21275,fluid
728,4.7275,1.42744,,1005.55,646.772,44303.6,,3.39808,-1.32368,3.64679,,-9.54447,14.708,-0.224744,4.89798,fluid
729,3.87613,1.85041,,1004.64,798.573,36907.7,,2.82493,-0.743466,2.92113,,-12.2818,8.94583,-2.80394,-0.864165,fluid
730,3.83829,1.96022,,1004.26,718.245,33852.7,,2.59169,-1.27982,2.89047,,-11.1478,11.9541,-2.36545,2.14415,fluid
731,4.4705,1.85738,,1004.76,618.76,37865.5,,2.70289,-1.66816,3.17622,,-7.3499,17.4308,1.08008,7.6208,fluid
732,4.11163,2.08505,,1003.96,562.556,31444.3,,2.47614,-1.27432,2.78481,,-8.09677,12.5019,-0.479281,2.6919,fluid
733,4.73601,1.86601,,1005.17,555.5,41193.1,,3.10071,-2.02077,3.70107,,-7.34645,18.8847,1.30668,9.07466,fluid
734,4.73956,0.551414,,1007.77,161.228,62444.9,,0.958214,-0.546044,1.10288,,-28.8027,22.75,-15.7291,12.94,fluid
735,4.51658,1.95073,,1004.8,593.184,38185.2,,2.61378,-2.07689,3.33846,,-6.42387,17.2958,1.99022,7.48581,fluid
736,3.50713,3.04821,,1003.54,622.642,28067.7,,1.73283,-1.17674,2.09462,,-4.08184,3.0977,3.89297,-6.7123,fluid
737,2.78696,3.75794,,1003.95,1151.55,31367.3,,1.96393,-5.12137,5.48502,,-11.0788,-2.82695,0.131972,-12.6369,fluid
738,3.13045,2.68222,,1003.31,752.114,26245.8,,2.0416,-2.48289,3.21448,,-6.12694,12.771,2.22943,2.96096,fluid
739,2.43172,2.15682,,1003.9,305.826,30931.9,,0.903336,-3.16529,3.29166,,-11.8786,14.6241,0.792201,4.81413,fluid
740,2.13379,2.05387,,1004.2,207.952,33368,,0.397959,-3.88189,3.90223,,-14.3668,16.801,1.20569,6.99098,fluid
741,2.08217,2.25883,,1003.92,295.295,31113.2,,0.279937,-3.42724,3.43866,,-13.9616,16.5093,0.922723,6.69931,fluid
742,2.29028,2.39113,,1003.73,453.103,29627.1,,1.19928,-4.14589,4.31586,,-11.6106,15.5864,1.27734,5.7764,fluid
743,1.84492,2.61113,,1003.72,446.945,29495.1,,0.829379,-4.08135,4.16477,,-11.1225,18.5077,4.80558,8.69772,fluid
744,1.8226,3.42667,,1003.09,965.204,24452.9,,1.50731,-4.51588,4.76079,,-10.0721,2.91548,3.30307,-6.89452,fluid
745,1.84269,4.01492,,1003.77,1140.3,29914.1,,1.99967,-5.66101,6.00381,,-9.06188,3.57146,7.11106,-6.23854,fluid
746,0.863265,8.58128,,1000.1,-3.72789,806.503,,-0.00312092,-9.8243,9.8243,,-0.553631,-0.115819,0.380521,-9.92582,fluid
747,1.06068,7.78666,,1000.21,-56.8376,1628.28,,-0.0618936,-10.7492,10.7494,,0.146644,0.421339,1.68146,-9.38866,fluid
748,1.33161,7.15166,,1000.33,-82.5609,2607.4,,-0.125112,-11.6951,11.6958,,-0.431832,-0.535856,1.5256,-10.3459,fluid
749,3.29563,0.232884,,1007.22,376.579,57871.5,,1.23359,-0.000877048,1.23359,,-16.439,10.8926,0.995245,1.08259,fluid
750,3.37792,0.104644,,1007.25,218.765,58154.2,,0.845826,-0.0202242,0.846068,,-18.8191,10.7559,-1.72701,0.945853,fluid
751,3.33778,0.476034,,1006.95,533.677,55671.5,,1.84204,0.023946,1.84219,,-15.3836,10.1566,1.18052,0.346638,fluid
752,3.11419,1.67127,,1005.3,730.431,42262.6,,2.2421,-0.620126,2.32628,,-12.8457,14.0656,0.653728,4.2556,fluid
753,3.28304,1.52186,,1005.75,779.043,45937.4,,2.642,-0.0638219,2.64277,,-9.89304,12.8143,4.01926,3.00428,fluid
754,3.33788,1.32126,,1006.16,755.214,49259.9,,2.26728,-0.186026,2.2749,,-10.0425,15.9178,4.62497,6.10784,fluid
755,3.72276,1.3691,,1006.17,604.837,49329.7,,2.75628,-0.231086,2.76595,,-10.8619,17.478,2.30767,7.66795,fluid
756,3.53105,1.56938,,1005.7,808.876,45530.1,,2.33444,-0.0655285,2.33536,,-9.46301,11.3239,3.35809,1.5139,fluid
757,3.97565,1.64719,,1005.32,786.152,42452.8,,3.06866,-0.461521,3.10318,,-13.4697,10.9207,-2.84807,1.11069,fluid
758,3.74839,1.62722,,1005.49,742.628,43839.5,,2.74396,-0.546797,2.79791,,-11.3812,13.5249,0.250401,3.71486,fluid
759,4.23576,1.80109,,1004.71,628.848,37492.7,,3.18301,-1.11656,3.37317,,-8.80769,12.5292,0.00228198,2.71918,fluid
760,5.02694,1.1878,,1006.34,642.176,50702,,3.19802,-1.42191,3.49988,,-8.67817,8.84499,1.34435,-0.965011,fluid
761,4.17865,1.61968,,1005.29,739.651,42171.1,,3.07499,-1.02273,3.24061,,-12.1314,11.7965,-2.09248,1.98645,fluid
762,4.05713,1.84974,,1004.58,751.896,36448.4,,2.90321,-0.439022,2.93622,,-11.6352,10.8812,-2.6924,1.07116,fluid
763,4.55468,1.57287,,1005.19,669.42,41391.3,,3.31756,-1.24812,3.54457,,-11.6956,14.2912,-2.65493,4.4812,fluid
764,4.23296,1.92831,,1004.41,574.364,35058.5,,2.94368,-0.845145,3.0626,,-7.04602,14.5551,1.19988,4.74507,fluid
765,4.85049,1.10607,,1006.48,610.143,51838.6,,3.13324,-2.10507,3.77472,,-13.3917,7.76208,-2.77318,-2.04792,fluid
766,3.12554,3.68537,,1003.3,649.899,26119.6,,1.22865,-2.20969,2.5283,,-2.79971,-8.04203,5.52969,-17.852,fluid
767,4.81093,1.74658,,1005.31,562.413,42353.4,,2.46632,-1.14773,2.7203,,-4.39756,18.4027,4.35951,8.59269,fluid
768,4.82737,1.56057,,1005.46,655.15,43598.9,,3.07378,-1.6768,3.50139,,-7.79237,17.3401,1.19014,7.53011,fluid
769,3.73167,2.70728,,1003.69,677.058,29256.5,,2.22692,-1.81803,2.87479,,-8.49259,18.1687,-0.681346,8.35871,fluid
770,3.50454,2.65947,,1003.44,597.367,27272.6,,2.1919,-2.17476,3.08772,,-5.2105,18.4899,2.54492,8.67993,fluid
771,2.83121,2.5777,,1003.51,667.689,27819.3,,1.79159,-2.79067,3.31627,,-7.40109,16.2145,2.39051,6.40454,fluid
772,2.56248,2.38301,,1003.68,542.187,29227.7,,1.06304,-3.17295,3.34629,,-12.2368,16.2892,-0.87267,6.47918,fluid
773,2.45748,2.60406,,1003.68,650.72,29171.3,,1.42947,-4.22196,4.45739,,-10.1477,19.5616,1.6793,9.75161,fluid
774,2.18657,2.79292,,1003.7,554.545,29355.4,,0.862827,-4.53541,4.61676,,-11.426,16.2475,1.94989,6.43752,fluid
775,1.85301,2.90913,,1003.66,571.791,29045.2,,0.667665,-4.12892,4.18256,,-10.7013,14.6271,4.9161,4.81712,fluid
776,1.98624,3.16226,,1003.4,783.935,26991.2,,1.08073,-4.51917,4.6466,,-12.7917,6.0234,0.751319,-3.7866,fluid
777,2.45661,3.48089,,1003.36,750.376,26618.8,,1.34338,-5.51901,5.68015,,-8.1209,16.488,2.67844,6.67803,fluid
778,1.45545,4.83802,,1002.59,580.879,20467,,0.650396,-6.32945,6.36278,,-13.0782,-10.0128,0.947857,-19.8228,fluid
779,2.19484,4.24506,,1004.28,2142.79,34029.9,,4.83199,-7.98974,9.33724,,0.502291,8.26477,15.9407,-1.54523,fluid
780,2.65301,3.99199,,1003.75,2196.85,29770.9,,4.74973,-7.74422,9.08476,,-13.1638,26.9602,-1.98416,17.1502,fluid
781,3.57089,0.109067,,1007.1,239.931,56896.7,,1.17694,0.0018229,1.17694,,-18.1724,11.8666,-2.35119,2.05663,fluid
782,3.54282,0.476018,,1006.95,479.627,55671.1,,1.84754,0.159772,1.85443,,-15.8338,9.38347,-0.22847,-0.426526,fluid
783,3.36534,1.07906,,1006.41,688.598,51264.7,,2.38496,-0.0329848,2.38519,,-11.0223,15.1478,4.11387,5.33781,fluid
784,3.56979,0.679608,,1006.79,510.094,54412.6,,2.51079,-0.111432,2.51327,,-12.5156,14.9952,2.62409,5.18519,fluid
785,3.84604,1.18069,,1006.55,637.562,52415.7,,2.59851,-0.342278,2.62096,,-6.54177,15.2364,6.99804,5.4264,fluid
786,3.57787,1.29937,,1006.26,627.955,50070.2,,2.2011,0.0602699,2.20193,,-14.7038,16.5374,-0.79642,6.7274,fluid
787,4.17522,1.25239,,1006.43,732.623,51455.4,,2.52403,0.0547335,2.52462,,-10.591,9.41549,1.65429,-0.394514,fluid
788,3.90398,1.43848,,1006.01,702.869,48064.6,,2.85644,0.0465366,2.85682,,-10.9025,13.8417,1.3356,4.03168,fluid
789,4.14599,0.981966,,1007.03,468.906,56371.7,,2.097,0.0932825,2.09907,,-11.9489,16.1631,1.55287,6.35306,fluid
790,4.06607,1.31099,,1006.33,711.056,50618.7,,2.57754,-0.282301,2.59296,,-12.3798,11.2995,-0.00908113,1.48952,fluid
791,3.92712,0.937941,,1006.97,624.341,55854.8,,1.54851,0.197783,1.56109,,-9.18114,11.3979,4.94329,1.5879,fluid
792,4.3227,0.731714,,1007.62,446.67,61177,,2.41032,0.345309,2.43493,,-8.78936,11.2457,5.2561,1.43575,fluid
793,4.5887,1.16643,,1006.32,722.444,50532,,3.65311,-0.631102,3.70722,,-12.8003,4.70391,-1.85721,-5.10609,fluid
794,4.22124,1.48717,,1005.69,813.818,45432.3,,3.04032,-0.626815,3.10426,,-12.0279,10.0044,-1.32604,0.194404,fluid
795,4.83828,0.505582,,1007.67,312.567,61593.7,,1.88183,-0.447729,1.93436,,-22.2018,14.7563,-9.56825,4.94629,fluid
796,4.23548,0.581349,,1007.61,370.975,61065.5,,2.04225,0.00893876,2.04227,,-12.7752,15.2685,1.5336,5.45847,fluid
797,5.07772,1.34623,,1006.12,681.027,48888.5,,3.03557,-1.22949,3.2751,,-7.65362,12.13,1.9159,2.32004,fluid
798,4.90345,0.746938,,1007.55,609.834,60639.9,,1.89247,-2.3636,3.02788,,-18.1659,21.4269,-5.89186,11.6169,fluid
799,4.44915,1.69868,,1004.95,666.156,39430.1,,2.88102,-1.36242,3.18693,,-10.8356,15.0035,-2.01687,5.19353,fluid
800,4.83221,1.9129,,1005.41,418.58,43153,,2.84673,-1.07849,3.04417,,-4.74192,14.6727,4.14031,4.8627,fluid
801,5.28422,1.388,,1006.4,533.295,51202.5,,3.54265,-1.43848,3.82356,,-6.64394,14.0645,2.98412,4.25447,fluid
802,3.57979,4.45798,,1003.39,108.79,26885,,1.66137,-1.95006,2.56182,,-16.6627,2.02896,-9.17786,-7.78104,fluid
803,2.73144,2.74508,,1003.51,670.832,27859.6,,1.44113,-3.22745,3.53458,,-10.6538,11.1364,-0.489884,1.32642,fluid
804,2.74829,2.9515,,1003.29,667.555,26106,,1.55822,-4.16873,4.45043,,-9.53821,10.6147,-0.0704113,0.804694,fluid
805,2.38278,3.29734,,1003.12,610.01,24679.7,,1.63072,-4.27966,4.57982,,-6.63079,12.3232,3.69458,2.5132,fluid
806,2.31715,3.06989,,1003.34,567.57,26501.2,,0.907668,-4.56953,4.65881,,-11.9884,8.6712,-0.589532,-1.1388,fluid
807,2.14653,2.5705,,1003.74,433.765,29704.5,,0.61989,-3.94222,3.99066,,-12.5693,16.5474,1.21754,6.73735,fluid
808,2.14131,3.42385,,1003.2,918.683,25357.6,,1.77175,-5.2177,5.51031,,-6.65957,12.9304,5.14473,3.12035,fluid
809,2.68877,3.8728,,1004.02,1128.2,31938.9,,2.06077,-4.46868,4.92096,,-13.2722,1.94416,-1.44116,-7.86584,fluid
810,2.44979,4.03887,,1003.49,783.904,27662.6,,1.70692,-3.67381,4.05099,,-3.35016,6.39339,7.90241,-3.41661,fluid
811,1.36579,5.34395,,1010.22,375.887,82679.3,,1.00487,-6.86949,6.9426,,-63.7018,15.1778,-3.77806,5.36784,fluid
812,2.05498,7.31151,,1001.17,157.291,9192.08,,-0.0615393,-12.095,12.0952,,-2.31326,6.22283,2.15459,-3.58717,fluid
813,3.73251,0.125784,,1007.02,305.175,56248.2,,1.14009,0.0375164,1.14071,,-13.8143,14.5511,1.15048,4.74112,fluid
814,3.89253,0.0906176,,1006.93,240.83,55495.8,,0.698513,0.0163763,0.698705,,-11.7095,14.36,2.44941,4.54997,fluid
815,3.68747,0.947968,,1006.69,578.449,53571,,2.43339,0.428099,2.47076,,-11.4101,9.57954,3.02119,-0.230455,fluid
816,3.64214,1.06021,,1006.55,602.04,52424.2,,2.41083,0.396003,2.44314,,-14.3411,15.5599,-0.0409376,5.74987,fluid
817,3.98945,0.573943,,1007.32,358.614,58736.5,,1.2919,0.495257,1.38358,,-11.5278,15.2797,3.08818,5.46971,fluid
818,4.10756,0.871244,,1007.2,424.058,57728.5,,2.08981,0.159149,2.09587,,-13.3542,8.15585,0.599621,-1.65415,fluid
819,4.59336,0.449553,,1007.75,243.808,62261.7,,-0.257839,-0.172137,0.310019,,-14.4636,18.8449,-1.01318,9.03494,fluid
820,4.3061,0.480978,,1007.64,380.361,61347.5,,1.37312,0.253771,1.39637,,-4.68857,11.6778,9.45008,1.86782,fluid
821,5.20267,0.46807,,1007.63,542.308,61294,,1.54589,-0.285485,1.57203,,-5.9878,12.1652,5.70421,2.35517,fluid
822,5.02673,0.563769,,1007.64,468.177,61346.3,,2.68758,-0.111799,2.6899,,-6.12715,10.8736,5.98435,1.06361,fluid
823,4.45573,0.931777,,1007.21,537.97,57802,,2.36624,-0.0560128,2.36691,,-2.98129,4.86564,9.8984,-4.94436,fluid
824,5.81725,0.538171,,1007.84,607.332,62979,,3.14828,-0.623171,3.20936,,-1.03713,16.92,9.70493,7.10995,fluid
825,6.2246,0.513316,,1008.33,494.179,67066.9,,2.19969,-0.614999,2.28405,,-24.1796,8.52373,-13.4942,-1.28627,fluid
826,6.00395,0.283828,,1007.43,279.005,59596.1,,0.369156,-0.117631,0.387444,,-3.50448,15.7813,6.3485,5.97126,fluid
827,5.5309,0.461338,,1007.68,678.546,61638.7,,2.13719,-0.406402,2.17549,,-9.50504,11.5333,1.55451,1.72331,fluid
828,4.47763,0.721163,,1007.77,616.642,62444.1,,0.437357,0.597824,0.740726,,1.80489,8.27526,15.6431,-1.53474,fluid
829,4.87259,0.854363,,1007.32,525.925,58735.1,,1.93956,-1.34225,2.35871,,-20.6071,14.7425,-8.64052,4.93248,fluid
830,4.42763,1.40692,,1005.71,734.831,45586.5,,2.89311,-1.09818,3.09453,,-16.232,10.8957,-5.99452,1.0857,fluid
831,4.87663,0.618464,,1007.69,508.762,61763.5,,1.94815,-1.11957,2.24694,,-20.8642,23.4813,-8.29565,13.6713,fluid
832,4.64599,1.69089,,1005.06,588.308,40301.5,,3.2338,-1.39047,3.52007,,-8.21497,17.4117,0.415826,7.60173,fluid
833,5.17765,1.11619,,1006.66,584.312,53339.4,,2.44999,-1.51515,2.88065,,-11.6997,11.8637,-1.466,2.05373,fluid
834,3.19698,2.95705,,1003.14,683.466,24903,,2.46138,-1.59581,2.93343,,-2.27495,13.2762,5.49018,3.46616,fluid
835,5.26686,1.24425,,1006.52,520.109,52178.7,,3.32268,-1.48797,3.64064,,-9.20518,15.41,0.637629,5.60004,fluid
836,2.99793,3.44036,,1002.96,348.644,23443,,1.58257,-3.91177,4.21977,,3.524,5.22299,11.3206,-4.58701,fluid
837,2.9905,4.95875,,1002,17.9894,15813.4,,0.700085,-3.73283,3.79792,,-5.7368,10.6396,-0.459487,0.829565,fluid
838,3.04133,5.2482,,1000.56,275.564,4398.19,,1.03299,-3.40325,3.55657,,3.46272,10.7109,4.90805,0.900943,fluid
839,2.47769,2.96184,,1003.42,449.293,27093.4,,0.790705,-4.6915,4.75767,,-8.45091,8.21664,2.44681,-1.59336,fluid
840,2.20554,3.76177,,1003.56,766.413,28272.3,,0.883701,-5.40728,5.47902,,-1.31271,0.904246,11.4605,-8.90575,fluid
841,2.87865,3.43631,,1003.03,639.362,23983,,1.94015,-4.98105,5.34556,,-7.47735,9.96732,0.828834,0.157319,fluid
842,2.31155,4.26889,,1003.84,1702.92,30517.8,,3.92688,-5.59414,6.83482,,19.4724,20.7648,32.6241,10.9548,fluid
843,2.60368,7.17288,,998.626,-0.431027,-10740.5,,0.435347,-11.0599,11.0684,,3.65632,-1.77138,-0.474454,-11.5814,fluid
844,2.72772,6.75997,,999.924,841.395,-594.137,,1.88076,-10.7357,10.8992,,4.38403,20.5754,4.1662,10.7654,fluid
845,4.07953,0.0997999,,1006.85,129.367,54913.8,,0.724045,0.0113128,0.724133,,-15.035,16.2293,-1.66587,6.41934,fluid
846,3.67279,0.402935,,1007.05,468.52,56490.2,,1.79114,0.0310615,1.79141,,-10.7762,9.53924,4.49689,-0.270764,fluid
847,3.76533,0.728212,,1006.97,562.256,55896.2,,1.89252,0.242718,1.90802,,-5.80626,10.8807,8.93591,1.07074,fluid
848,4.13452,0.375858,,1007.33,253.877,58796.4,,0.981558,0.209351,1.00364,,-14.569,11.5006,-0.451611,1.69058,fluid
849,5.49007,0.292842,,1007.41,445.672,59464.1,,1.38329,-0.0798418,1.3856,,-10.8915,14.7443,-0.139982,4.93427,fluid
850,5.02028,0.367778,,1007.45,406.308,59755.1,,1.6656,-0.232928,1.6818,,-10.5662,13.8517,1.24857,4.04172,fluid
851,5.84709,0.215293,,1007.15,464.826,57356.1,,0.332787,0.058498,0.337889,,0.935502,8.29358,10.6752,-1.51642,fluid
852,7.22718,0.205674,,1007.29,437.837,58447.1,,2.55644,-0.136747,2.56009,,3.73855,10.2914,11.7672,0.48145,fluid
853,7.78181,0.567251,,1006.86,479.68,54933.6,,3.78028,0.984276,3.90632,,7.82738,14.6995,14.8385,4.88953,fluid
854,8.29072,0.607585,,1007.01,531.674,56167.8,,4.7326,0.342743,4.74499,,1.39411,12.1349,8.12174,2.32487,fluid
855,5.24891,0.316631,,1007.43,432.452,59660.9,,1.31284,-0.147256,1.32107,,-6.15616,14.2555,5.12631,4.44553,fluid
856,9.08135,0.593299,,1006.59,346.016,52754.6,,1.55139,0.215801,1.56633,,-5.16249,9.94648,0.608585,0.136477,fluid
857,8.95344,0.780706,,1006.51,439.418,52095.1,,3.23339,1.92319,3.76211,,1.31929,13.7567,7.1001,3.94674,fluid
858,8.47476,0.552665,,1006.87,421.188,55009.3,,3.21894,-0.241547,3.22799,,-1.33169,11.7936,5.11499,1.98357,fluid
859,9.86917,2.05478,,1004.6,267.36,36602.9,,3.20021,4.16438,5.25199,,-5.425,14.3121,-1.73317,4.50209,fluid
860,5.78614,0.446934,,1007.67,567.417,61594.7,,2.98207,-0.301145,2.99724,,-3.38917,14.4157,7.17503,4.60569,fluid
861,9.39016,1.03836,,1006.17,323.743,49310.9,,3.71724,1.00648,3.85109,,-9.12248,4.8942,-3.90333,-4.9158,fluid
862,6.49634,0.341105,,1007.93,798.534,63740,,2.52,-0.132473,2.52348,,11.8648,12.7182,21.5993,2.90824,fluid
863,9.22126,1.08334,,1006.25,348.006,49975.7,,3.70281,0.916009,3.81443,,-10.623,4.2682,-5.23699,-5.5418,fluid
864,4.57154,1.34065,,1005.78,740.44,46142,,3.10595,-0.914729,3.23785,,-14.3756,9.32304,-4.34029,-0.486958,fluid
865,5.0642,0.926624,,1007.1,532.619,56940.7,,1.97432,-1.55184,2.5112,,-12.7622,13.4552,-1.59775,3.64524,fluid
866,5.39686,1.11557,,1006.98,553.647,55955.7,,2.51068,-1.24596,2.80284,,-11.4772,20.9419,-1.18092,11.1319,fluid
867,3.31059,4.85835,,1001.97,307.003,15557.5,,0.351303,-4.3927,4.40673,,-4.91367,19.3738,-0.223593,9.56379,fluid
868,2.92511,3.1617,,1002.94,841.373,23300.5,,1.87265,-4.55047,4.92074,,-1.8001,8.64605,6.14222,-1.16395,fluid
869,3.02324,5.01514,,1001.69,-162.48,13327.4,,-0.344566,-3.85189,3.86727,,3.04198,19.0512,7.44285,9.24124,fluid
870,2.90956,4.30294,,1002.63,273.243,20778.6,,1.72977,-4.09275,4.44327,,-20.4836,8.5514,-13.3609,-1.2586,fluid
871,2.85437,5.18967,,1002.12,-42.7595,16731.7,,-0.56588,-3.27095,3.31953,,20.7901,16.2925,26.6395,6.48248,fluid
872,2.79962,3.30674,,1002.95,451.43,23367.1,,0.804227,-4.53706,4.60779,,-12.0609,7.81494,-3.73898,-1.99506,fluid
873,1.91478,4.45033,,1006.55,1553.64,52454.8,,1.47115,-9.87338,9.98238,,-37.4037,21.4511,-10.1874,11.6411,fluid
874,1.96136,5.00472,,1004.71,287.415,37494.3,,2.04174,-10.2177,10.4197,,-67.3003,19.4234,-48.2735,9.61343,fluid
875,2.68603,6.98129,,998.97,415.205,-8060.73,,0.976371,-11.1765,11.2191,,0.36901,8.99651,-2.63507,-0.813488,fluid
876,2.22894,5.94695,,999.801,32.4255,-1564.03,,0.888331,-9.22903,9.27168,,23.9315,2.44055,23.2297,-7.36945,fluid
877,4.26112,0.0954847,,1006.84,159.926,54791.5,,0.974614,-0.00134051,0.974615,,-11.9018,17.0015,0.86927,7.19146,fluid
878,3.86417,0.429304,,1007.18,464.062,57605.3,,1.3383,-0.0331301,1.33871,,-7.73469,12.9304,7.06654,3.12037,fluid
879,4.40331,0.310165,,1007.41,335.476,59463.7,,0.824611,0.167813,0.841513,,-4.25476,15.5948,9.15023,5.78485,fluid
880,4.76794,0.291366,,1007.32,152.461,58714.5,,0.79903,-0.129642,0.809479,,-15.8606,17.9254,-3.63564,8.11536,fluid
881,7.70842,0.285458,,1006.85,263.039,54842.5,,2.33185,-0.129789,2.33546,,-5.8973,9.77478,1.16894,-0.0352167,fluid
882,7.14782,0.178422,,1007.21,296.651,57845.2,,1.51666,-0.151154,1.52418,,-8.64263,11.2918,-0.607868,1.48177,fluid
883,8.09498,0.369747,,1006.92,318.036,55418,,2.15565,0.0629361,2.15657,,-12.1445,8.698,-5.34556,-1.112,fluid
884,7.89392,0.398134,,1006.83,446.022,54706,,2.22037,0.00341765,2.22037,,1.59727,6.10034,8.48041,-3.70966,fluid
885,10.0119,3.25995,,1003.5,402.037,27732.7,,3.95163,4.51083,5.99691,,2.54057,1.61306,5.30089,-8.19694,fluid
886,10.7013,3.59639,,1002.8,470.229,22151.2,,5.38305,3.18678,6.25562,,2.31592,2.5852,4.38009,-7.2248,fluid
887,9.6141,1.57648,,1005.54,323.614,44209.2,,2.88953,2.78715,4.01467,,-4.44361,14.7413,0.129431,4.93131,fluid
888,10.7067,2.65715,,1003.49,194.953,27710.8,,1.98724,1.94195,2.77854,,4.02239,10.9605,6.60156,1.15051,fluid
889,9.97071,3.20759,,1003.53,399.202,27990.1,,4.38178,4.72043,6.44068,,3.10858,1.6344,5.90595,-8.1756,fluid
890,10.7992,3.57897,,1002.8,562.411,22167,,4.55406,2.36698,5.13245,,2.52108,2.66453,4.56799,-7.14547,fluid
891,10.8138,2.97309,,1003.2,295.273,25355.4,,2.90326,1.76607,3.39823,,-0.241408,6.28628,2.09584,-3.52372,fluid
892,10.6313,3.40039,,1002.77,437.862,21897.2,,4.76348,3.00815,5.6338,,2.68484,0.464045,4.73885,-9.34595,fluid
893,11.0449,3.45707,,1002.84,259.282,22506.9,,4.61311,1.49801,4.85024,,1.25837,-1.98816,3.29036,-11.7982,fluid
894,11.351,4.02467,,1002.55,419.164,20149,,4.17176,2.24835,4.73906,,-0.605395,5.03869,1.16518,-4.77131,fluid
895,5.80084,0.370993,,1007.53,519.137,60447.2,,2.76158,-0.213908,2.76986,,-1.57205,13.9579,8.77049,4.14788,fluid
896,8.85862,0.901322,,1006.42,474.523,51382.1,,4.5447,1.90754,4.92879,,1.11579,15.3177,6.87901,5.50773,fluid
897,5.78414,0.605341,,1007.9,590.16,63495.7,,3.6365,-0.715323,3.70619,,-4.61762,15.2205,6.27388,5.41052,fluid
898,4.77186,1.01085,,1006.82,670.816,54622.5,,2.8382,-0.952721,2.99384,,-19.7474,3.83381,-8.37809,-5.97619,fluid
899,4.41594,2.56419,,1004.15,600.007,32999.6,,2.48082,-2.18866,3.30828,,-6.38871,12.2549,1.05323,2.44492,fluid
900,5.67571,1.14855,,1007.51,616.005,60286.7,,3.35775,-1.7572,3.78975,,-10.4505,7.8507,0.0922513,-1.9593,fluid
901,3.04377,2.90732,,1003.17,908.306,25137,,2.52192,-2.87922,3.82753,,-5.82891,9.6807,2.4035,-0.129304,fluid
902,3.0786,3.88992,,1003.18,577.183,25203.8,,0.840942,-4.34871,4.42927,,-9.56092,6.40332,-1.40009,-3.40668,fluid
903,2.99319,5.51508,,999.58,-249.331,-3288.48,,2.15858,-2.37303,3.20792,,-20.6898,-16.6236,-21.7889,-26.4336,fluid
904,3.16305,4.84485,,1001.87,-76.5686,14770.8,,0.941776,-4.05947,4.16728,,-5.54615,15.9915,-0.885078,6.18153,fluid
905,1.77342,5.6136,,1010.41,-133.078,84332,,0.749903,-8.42145,8.45477,,4.30005,26.5411,51.3633,16.7311,fluid
906,2.43262,6.2006,,999.663,-1137.72,-2640.23,,-1.1467,-10.0601,10.1252,,8.5105,-8.70722,7.42479,-18.5172,fluid
907,2.24327,7.79521,,999.688,-85.4904,-2443.3,,-0.174997,-11.6074,11.6087,,-2.16434,1.3187,-3.25385,-8.4913,fluid
908,1.81282,12.0009,,1003.7,0,29333,,-0.121083,-10.5098,10.5105,,0,0,16.1213,-9.81,fluid
909,4.44578,0.0541818,,1006.79,243.825,54418.7,,0.91662,-0.008677,0.916661,,-6.28595,17.0044,5.87199,7.19443,fluid
910,4.6707,0.0922845,,1006.86,214.246,54971.9,,0.383291,0.00689479,0.383353,,-10.3808,17.3528,1.30853,7.54277,fluid
911,5.09465,0.219871,,1007.15,329.649,57323.9,,0.888136,-0.129787,0.897569,,-8.60509,16.1175,2.56683,6.30749,fluid
912,6.46297,0.163812,,1007.36,529.649,59062.2,,1.59004,-0.00678839,1.59005,,0.163075,12.1913,9.23485,2.38128,fluid
913,8.96302,0.663175,,1006.58,434.224,52640.1,,2.7347,0.834163,2.85909,,-2.27826,7.59885,3.5564,-2.21115,fluid
914,8.18661,0.257722,,1006.85,269.764,54902.6,,1.57821,0.0162994,1.57829,,-9.97501,4.00036,-3.31427,-5.80964,fluid
915,9.48838,1.0636,,1006.11,301.007,48813.4,,2.99541,0.81052,3.10313,,-5.03382,7.0391,0.0794982,-2.7709,fluid
916,10.1974,3.18373,,1003.2,447.814,25358.4,,4.20366,4.00592,5.80673,,3.85423,0.5555,6.33305,-9.2545,fluid
917,10.5624,3.14754,,1002.99,379.363,23662.8,,3.48961,3.1816,4.72228,,4.03156,2.66581,6.26516,-7.14419,fluid
918,10.2175,3.17394,,1003.18,448.118,25196.9,,4.08205,3.34529,5.2777,,4.56161,1.41252,7.01985,-8.39748,fluid
919,10.6514,3.3607,,1002.79,428.526,22047.4,,4.42933,3.04197,5.37332,,3.28084,0.217665,5.34498,-9.59234,fluid
920,9.94257,1.64352,,1005.1,167.36,40659.1,,1.89274,1.49941,2.41469,,-3.93549,7.85696,0.133148,-1.95304,fluid
921,10.8993,3.07436,,1003.1,315.219,24595.2,,2.92088,1.67048,3.36482,,0.799982,7.45985,3.04958,-2.35015,fluid
922,11.4536,3.16836,,1002.81,288.88,22235.2,,2.98856,0.756137,3.08274,,-4.8485,9.54769,-2.91261,-0.262311,fluid
923,11.7147,4.23569,,1001.72,276.023,13555.4,,3.39105,1.69595,3.7915,,1.93934,8.04027,3.09448,-1.76973,fluid
924,9.92587,2.40544,,1004.09,244.494,32482.7,,2.36577,3.69887,4.39073,,1.28532,7.80193,4.54452,-2.00807,fluid
925,10.9224,3.20123,,1002.98,302.313,23571.1,,3.39984,1.82783,3.86004,,2.18261,5.95294,4.33425,-3.85706,fluid
926,10.8819,3.38048,,1002.82,336.706,22316.9,,4.33753,2.22284,4.87393,,3.08555,0.489514,5.13061,-9.32049,fluid
927,11.1804,3.20514,,1003,386.816,23723.9,,3.11523,0.599628,3.17241,,-3.22309,8.91566,-1.1075,-0.894344,fluid
928,11.2132,3.21688,,1002.98,375.887,23579.8,,3.43596,0.925588,3.55844,,-4.29475,8.79975,-2.19813,-1.01025,fluid
929,10.9322,3.2082,,1002.97,293.186,23536.3,,3.54542,1.77739,3.96599,,2.26761,6.03577,4.41416,-3.77423,fluid
930,10.3676,2.57708,,1003.64,159.34,28842.5,,2.26219,3.4842,4.15417,,2.00582,9.96221,4.77772,0.152212,fluid
931,9.62774,2.27667,,1004.49,430.808,35726.3,,3.69412,3.67452,5.21043,,-5.6941,8.8795,-1.99992,-0.930501,fluid
932,3.96045,2.70347,,1003.79,692.47,30079.2,,1.96509,-1.35401,2.3864,,-7.91755,17.4267,-0.351305,7.61671,fluid
933,3.38035,2.84619,,1003.35,615.808,26591.5,,1.88832,-1.81143,2.61668,,-1.57397,12.0448,6.26622,2.23482,fluid
934,3.37572,4.7866,,1002.23,-104.299,17656.4,,1.11491,-3.49728,3.6707,,-7.59022,12.4174,-2.37148,2.60735,fluid
935,3.52824,4.38549,,1003.22,609.461,25539.4,,1.61144,-2.81215,3.24113,,-17.4408,-4.3521,-10.2254,-14.1621,fluid
936,2.17764,4.77515,,1006.97,1100.97,55870,,2.41487,-9.5177,9.81928,,5.07849,-21.6553,30.5571,-31.4653,fluid
937,1.83705,7.85776,,999.624,-307.645,-2950.69,,-0.49923,-12.1076,12.1179,,5.22705,1.00641,3.62023,-8.80359,fluid
938,1.6423,8.42287,,1000.46,-157.134,3638.6,,-0.277829,-11.9697,11.9729,,0.28228,-0.847028,2.4968,-10.657,fluid
939,2.13674,8.09932,,999.759,-35.2451,-1888.38,,-0.222523,-11.8425,11.8446,,-0.871592,-4.23927,-1.75558,-14.0493,fluid
940,2.15897,6.7751,,1005.05,45.5171,40254.8,,-1.1049,-9.93531,9.99656,,-13.8207,26.2733,4.73095,16.4633,fluid
941,4.87679,0.0231711,,1006.69,95.254,53554.2,,0.418462,0.0972181,0.429607,,-7.862,14.8517,3.04649,5.0417,fluid
942,5.41381,0.171516,,1007.12,240.605,57110,,0.813603,-0.090476,0.818618,,-12.1778,17.3833,-1.70345,7.57335,fluid
943,7.44192,0.189726,,1007.19,506.283,57656,,1.66325,-0.0498197,1.66399,,-5.36607,10.002,2.3261,0.192003,fluid
944,7.6021,0.173106,,1006.99,282.61,55994.9,,1.34982,-0.0424573,1.35049,,-8.42549,10.2,-1.11089,0.389973,fluid
945,9.35958,0.706717,,1006.39,244.321,51102.1,,2.45412,-0.439401,2.49315,,-7.46197,9.77935,-2.03676,-0.0306496,fluid
946,10.4346,3.42729,,1002.87,379.672,22694.5,,4.97703,3.41599,6.03655,,5.18803,0.400309,7.35674,-9.40969,fluid
947,10.3615,3.21873,,1003.02,409.635,23900.9,,4.35403,3.20954,5.40913,,5.09204,1.68618,7.3918,-8.12382,fluid
948,9.83159,2.85125,,1003.71,387.787,29408,,3.40605,3.95261,5.21769,,4.86563,5.45823,7.84576,-4.35177,fluid
949,10.2771,2.2788,,1004.12,173.521,32748.9,,1.70268,2.70194,3.19368,,1.44788,13.6964,4.62138,3.88642,fluid
950,10.0579,2.96949,,1003.4,345.632,26990.1,,3.79374,4.40148,5.8108,,4.20999,4.58372,6.88435,-5.22628,fluid
951,11.6395,4.93978,,1001.11,355.52,8777.86,,3.26365,1.69066,3.67556,,6.50674,9.24776,7.26005,-0.562241,fluid
952,11.7978,4.26023,,1001.6,223.633,12615.5,,3.40399,1.22037,3.61614,,2.67495,9.11231,3.74255,-0.697691,fluid
953,11.548,4.16301,,1002.07,289.597,16373.3,,3.34178,2.28103,4.04606,,0.815055,6.17653,2.22996,-3.63347,fluid
954,10.3917,2.93835,,1003.23,327.776,25589.8,,3.11407,3.09151,4.38804,,2.31316,7.60955,4.76775,-2.20045,fluid
955,10.5305,5.0509,,1002.12,252.45,16742,,1.14871,1.61383,1.9809,,3.61199,11.31,5.19848,1.49997,fluid
956,10.8899,4.90321,,1002.13,63.3808,16806.7,,2.23743,0.538428,2.30131,,3.49072,11.407,5.03076,1.59702,fluid
957,11.7942,5.26373,,1000.51,746.405,3986.56,,4.22089,1.57157,4.50397,,1.62347,4.76599,1.96131,-5.04401,fluid
958,11.7608,5.53241,,1000.13,-273.752,1022.55,,4.1595,0.889151,4.25348,,0.412142,7.05874,0.499076,-2.75126,fluid
959,11.4478,5.02442,,1001.19,399.888,9400.96,,4.2199,0.580285,4.25961,,4.37474,11.7124,5.19497,1.90239,fluid
960,11.8116,4.37711,,1001.48,262.869,11672.9,,3.1829,0.920135,3.31323,,4.12595,9.59149,5.11275,-0.218515,fluid
961,10.8535,3.0553,,1003.12,300.78,24702.2,,3.21777,1.92299,3.74859,,-0.700028,6.82638,1.56885,-2.98362,fluid
962,10.8368,3.42523,,1002.79,397.673,22069.2,,4.46382,2.13758,4.94924,,2.63221,0.582578,4.66305,-9.22742,fluid
963,9.2387,1.04737,,1006.25,376.832,49998.4,,4.5547,0.875106,4.638,,-12.6429,3.01045,-7.26467,-6.79955,fluid
964,8.4579,0.426535,,1006.95,529.943,55716.5,,2.65692,0.000242066,2.65692,,-1.07941,10.9041,5.46262,1.09409,fluid
965,3.54582,4.44553,,1003.3,582.743,26118.7,,0.798628,-3.16206,3.26136,,-17.8774,3.53394,-10.5355,-6.27606,fluid
966,4.87671,1.28644,,1005.97,651.688,47726.2,,3.32686,-1.88106,3.82183,,-10.1825,12.6907,-0.454109,2.88075,fluid
967,4.44942,2.22225,,1004.61,605.162,36682.5,,1.78411,-1.2859,2.19922,,-7.12459,14.2559,1.08193,4.44594,fluid
968,3.14444,4.00195,,1002.82,566.877,22359.4,,2.68514,-4.31438,5.08172,,-12.0749,13.9891,-4.98417,4.17915,fluid
969,1.4852,9.07145,,1000.3,-82.9831,2385.93,,-0.121461,-11.0977,11.0983,,-0.102438,1.11295,1.50354,-8.69705,fluid
970,2.17361,7.65067,,999.825,-90.8851,-1370.67,,-0.106213,-11.6496,11.6501,,1.24294,3.48284,0.612236,-6.32716,fluid
971,2.55112,7.1174,,998.952,64.9265,-8196.04,,0.291466,-11.1566,11.1604,,7.78182,2.2657,4.56573,-7.5443,fluid
972,1.86725,6.30494,,1011.87,582.763,96514.7,,0.797648,-7.78451,7.82527,,-54.9904,7.48129,-3.90852,-2.32871,fluid
973,5.22092,-0.0209786,,1006.67,64.2706,53404.1,,0.514522,0.0108317,0.514636,,-7.14494,14.2443,3.01616,4.43434,fluid
974,5.64919,0.191563,,1007.12,271.004,57100.9,,0.907273,0.479927,1.02639,,-7.05332,9.03784,2.983,-0.772162,fluid
975,7.84718,0.236262,,1006.74,242.2,53950.9,,1.74027,-0.111621,1.74385,,-2.1781,10.9724,4.65109,1.16242,fluid
976,8.15169,0.320083,,1006.9,315.447,55266.4,,2.01439,0.0695481,2.01559,,-10.4547,7.17957,-3.72136,-2.63043,fluid
977,9.90697,2.49241,,1003.97,260.451,31528.9,,3.43054,4.25039,5.46209,,0.898342,11.1144,4.06825,1.30441,fluid
978,10.3369,3.01555,,1003.18,366.668,25202.3,,3.54058,3.55334,5.01616,,3.36147,4.83267,5.79184,-4.97733,fluid
979,11.6245,2.91468,,1002.83,147.97,22385.1,,2.11056,0.546789,2.18024,,-3.36992,9.40727,-1.44968,-0.402726,fluid
980,10.2068,1.93856,,1004.55,123.333,36222.5,,1.21734,2.27067,2.5764,,0.817904,13.4306,4.35068,3.62057,fluid
981,11.5881,4.56018,,1001.52,350.995,11958.3,,3.3615,1.88255,3.85275,,4.53457,8.83436,5.56495,-0.975636,fluid
982,10.7299,2.45382,,1003.68,143.323,29172.9,,1.23972,1.76769,2.15908,,1.51782,17.0397,4.2267,7.22972,fluid
983,11.6427,3.96136,,1002.17,324.364,17147.7,,3.26858,1.63745,3.6558,,-0.900043,7.86834,0.569596,-1.94166,fluid
984,11.7554,3.85683,,1002.12,319.318,16713.7,,3.23451,0.994722,3.38401,,-0.600689,5.84472,0.818097,-3.96528,fluid
985,11.8483,4.15785,,1001.66,203.726,13083.5,,3.17051,0.958996,3.31237,,2.07804,9.47277,3.18046,-0.337229,fluid
986,11.6688,4.59141,,1001.38,315.429,10853.3,,3.23781,1.5992,3.61121,,5.79221,9.73862,6.72105,-0.0713798,fluid
987,12.2977,4.37865,,1001.69,387.392,13312.6,,3.90639,-0.486307,3.93654,,2.17494,7.48847,3.25565,-2.32153,fluid
988,11.574,4.6831,,1001.41,262.892,11083.6,,3.02146,1.70068,3.46721,,5.24291,11.7496,6.19919,1.93965,fluid
989,10.8403,4.99556,,1002,357.158,15765.1,,2.11588,1.08825,2.37933,,5.73112,11.5587,7.18252,1.74868,fluid
990,11.5007,4.80101,,1001.4,313.201,11021.1,,3.29851,1.31888,3.55241,,5.90471,12.0406,6.86167,2.23056,fluid
991,11.9058,3.8433,,1001.96,262.854,15490.9,,3.01196,0.644912,3.08023,,1.9161,7.22295,3.21467,-2.58705,fluid
992,11.5702,4.57117,,1001.53,328.881,12056.9,,3.4095,2.236,4.0773,,3.90331,8.52287,4.94378,-1.28713,fluid
993,12.3687,4.03959,,1001.95,232.209,15397.3,,3.19359,0.0730544,3.19442,,0.757474,9.93109,1.99991,0.121086,fluid
994,10.5078,3.19418,,1002.95,394.129,23382.1,,3.91963,3.00251,4.93746,,3.34791,2.84738,5.56657,-6.96262,fluid
995,10.6292,2.56783,,1003.59,126.833,28508.5,,1.68172,2.48298,2.9989,,3.71054,12.9486,6.38304,3.13865,fluid
996,11.2643,2.65324,,1003.21,198.89,25451.6,,2.04141,0.473372,2.09557,,-6.69517,11.9053,-4.44291,2.09534,fluid
997,11.3039,3.15071,,1002.96,397.297,23439.4,,2.66915,0.236842,2.67964,,-5.33347,10.5108,-3.26602,0.700781,fluid
998,11.0683,2.32287,,1003.57,78.3135,28316.7,,1.02166,0.901004,1.36221,,-3.17442,15.4188,-0.625148,5.60879,fluid
999,10.6548,3.18023,,1002.95,375.292,23347.5,,3.53282,3.05947,4.67346,,4.03389,2.83491,6.2187,-6.97509,fluid
1000,2.83686,4.55088,,1003.13,790.294,24768.5,,1.54556,-3.67265,3.98461,,-38.6928,-0.103939,-29.9891,-9.91394,fluid
1001,2.74721,6.18841,,1002.3,1188.48,18167.6,,0.591918,-7.50128,7.5246,,-9.62332,-16.4974,-3.02537,-26.3074,fluid
1002,2.6085,6.5112,,1000.95,661.514,7513.36,,0.862464,-9.28783,9.32779,,0.329539,10.6201,3.20713,0.81014,fluid
1003,2.14237,31.4782,,964.326,0,-251728,,-1.50509,-3.38537,3.70487,,0,0,-121.847,-9.81,fluid
1004,2.87756,5.48317,,999.697,1367.35,-2372.81,,6.48681,-4.49739,7.89337,,1.20255,5.99833,0.377707,-3.81167,fluid
1005,5.75025,-0.0793929,,1006.48,127.431,51876.4,,0.592533,-0.0576371,0.595329,,-9.39604,14.7884,-0.432553,4.97838,fluid
1006,6.02321,0.0551879,,1006.72,39.1716,53847.7,,0.690327,-0.00187363,0.690329,,-6.30656,20.8348,2.57377,11.0248,fluid
1007,8.63908,0.353529,,1006.85,300.97,54904.3,,1.50363,0.140697,1.5102,,-4.38344,13.4689,1.92864,3.65888,fluid
1008,9.75853,2.18758,,1004.5,313.502,35802.4,,2.58036,3.77981,4.5766,,-4.07074,12.8672,-0.418352,3.05716,fluid
1009,9.43654,1.1857,,1006.11,352.53,48840.2,,2.45738,1.31254,2.78594,,-4.92101,8.85434,0.223211,-0.95566,fluid
1010,9.84974,2.71321,,1003.77,304.837,29890.3,,2.90202,4.83685,5.64064,,3.54454,5.40044,6.56779,-4.40956,fluid
1011,10.684,2.30921,,1003.83,111.666,30374,,1.16484,1.80487,2.14812,,-0.942975,14.7079,1.88914,4.89792,fluid
1012,11.59,3.06655,,1002.74,197.275,21684.4,,2.25466,0.359691,2.28317,,-3.28321,9.99464,-1.41737,0.184639,fluid
1013,11.7525,3.45538,,1002.39,227.947,18903.5,,3.08972,0.82301,3.19745,,-2.39308,7.86323,-0.788447,-1.94677,fluid
1014,11.8051,3.4571,,1002.35,202.162,18565.3,,2.87855,0.751764,2.97509,,-1.11912,7.92071,0.449849,-1.88929,fluid
1015,11.7515,3.94189,,1002.03,306.222,15996.3,,3.23963,1.35469,3.51147,,0.0656383,7.67742,1.4241,-2.13258,fluid
1016,11.7159,3.10344,,1002.64,178.111,20879,,2.22022,0.360258,2.24926,,-3.03103,9.99316,-1.25361,0.183158,fluid
1017,11.9372,3.59674,,1002.18,223.261,17211.4,,2.73461,0.690702,2.82049,,0.209088,8.15066,1.64779,-1.65934,fluid
1018,12.2434,4.0347,,1001.84,190.732,14549.2,,3.07511,0.0594517,3.07568,,1.39216,9.34061,2.5783,-0.469391,fluid
1019,12.2737,3.62539,,1002.18,233.008,17222.5,,2.54897,0.144088,2.55304,,0.875843,9.7388,2.276,-0.0711992,fluid
1020,12.0056,3.71565,,1002.04,253.509,16128,,2.93539,0.413758,2.9644,,1.51028,8.22782,2.85091,-1.58218,fluid
1021,12.1281,4.35358,,1001.63,197.781,12825.4,,3.27497,0.319608,3.29053,,2.08022,9.46881,3.13599,-0.341192,fluid
1022,11.8509,3.91655,,1001.93,276.471,15241.4,,3.17923,1.03564,3.34366,,1.51735,7.5008,2.80097,-2.3092,fluid
1023,12.653,3.74586,,1002.31,176.477,18228.9,,2.7183,-0.118725,2.72089,,-0.762007,8.54905,0.675355,-1.26095,fluid
1024,12.405,4.26934,,1001.76,404.213,13882.6,,4.18893,-0.129938,4.19095,,2.98963,10.1162,4.10677,0.306176,fluid
1025,12.0246,4.42474,,1001.49,209.529,11767.1,,2.9476,0.632608,3.01472,,2.83,9.62562,3.80713,-0.184381,fluid
1026,12.3711,4.15692,,1001.88,295.206,14818.8,,3.42884,0.272039,3.43961,,1.9535,10.468,3.14911,0.657967,fluid
1027,12.7372,4.64591,,1000.37,-334.141,2944.47,,3.40813,-0.335706,3.42463,,2.00523,9.15235,2.23632,-0.657651,fluid
1028,12.8172,4.34655,,1001.07,137.092,8441.96,,3.57955,-1.05883,3.73286,,-3.46627,12.6455,-2.80833,2.83548,fluid
1029,11.9468,4.0267,,1001.73,244.123,13668.2,,3.06076,0.581579,3.11552,,3.17629,8.70532,4.3184,-1.10468,fluid
1030,10.5142,4.92439,,1002.5,6.38022,19806.4,,1.47991,0.935002,1.75053,,5.85561,8.68436,7.73469,-1.12564,fluid
1031,10.9239,2.5602,,1003.5,122.173,27797.7,,1.45702,1.53142,2.1138,,-4.03878,13.7855,-1.503,3.97549,fluid
1032,8.604,0.743436,,1006.55,326.89,52394.6,,3.76057,0.766234,3.83783,,-11.3391,0.513393,-5.28916,-9.29661,fluid
1033,3.35473,4.17143,,1002.75,458.121,21734.8,,1.60223,-1.86821,2.46117,,-13.3742,4.49445,-6.91306,-5.31555,fluid
1034,2.40625,5.09783,,1009.71,267.98,78441.1,,-0.315932,-7.54803,7.55464,,-3.12474,-22.5507,29.1607,-32.3607,fluid
1035,2.8144,6.40952,,1001.62,436.194,12811.5,,1.37067,-9.41806,9.51728,,11.7866,13.619,16.3314,3.80902,fluid
1036,3.07415,4.58065,,1002.59,660.765,20458.1,,1.59065,-4.13322,4.42873,,-19.9179,-4.6146,-13.2802,-14.4246,fluid
1037,6.33166,-0.0673944,,1006.64,46.2545,53146.2,,-0.143207,-0.0344526,0.147293,,-11.5577,15.8769,-3.21934,6.06688,fluid
1038,6.63913,0.134122,,1007.14,390.233,57232.2,,0.987882,0.086167,0.991633,,2.73126,19.7858,11.2906,9.9758,fluid
1039,8.35782,0.268645,,1006.94,362.861,55599.3,,1.8788,0.613013,1.97628,,-2.94128,9.91605,3.66525,0.106045,fluid
1040,10.074,3.06856,,1003.36,372.921,26607.2,,3.52986,4.14456,5.44402,,3.94435,3.28937,6.57668,-6.52063,fluid
1041,9.87573,2.91506,,1003.63,320.634,28780.6,,3.61199,4.30574,5.62013,,6.73798,6.77137,9.64173,-3.03863,fluid
1042,10.1577,2.8569,,1003.4,320.66,26958,,3.2225,4.01249,5.14632,,4.06614,7.78899,6.71109,-2.02101,fluid
1043,10.78,2.30283,,1003.77,79.3862,29948.3,,0.727721,1.67091,1.8225,,0.0717219,15.7019,2.83941,5.89191,fluid
1044,11.7451,3.37248,,1002.44,189.362,19266.9,,2.78196,0.385798,2.80858,,-2.68714,5.97946,-1.05071,-3.83054,fluid
1045,11.9766,3.4069,,1002.33,205.683,18397.3,,2.57956,0.396384,2.60984,,0.150832,7.6483,1.68337,-2.1617,fluid
1046,11.3411,2.93224,,1003.03,199.602,23990.8,,1.90921,0.832705,2.0829,,-4.18709,9.90584,-2.0781,0.0958363,fluid
1047,12.0539,3.54702,,1002.2,238.131,17393.4,,2.6448,0.459868,2.68448,,1.11684,8.63148,2.55664,-1.17852,fluid
1048,11.8755,3.28117,,1002.44,175.274,19305.4,,2.5401,0.186873,2.54696,,-1.77793,6.97878,-0.156248,-2.83122,fluid
1049,12.0431,3.25714,,1002.49,196.937,19664.2,,2.26728,0.204667,2.2765,,-0.425021,7.8483,1.20374,-1.9617,fluid
1050,11.8098,3.66372,,1002.22,222.482,17545.7,,2.7399,0.927018,2.89247,,-0.971638,7.59934,0.510759,-2.21066,fluid
1051,12.2165,3.52095,,1002.27,241.546,17897.4,,2.52485,0.201486,2.53288,,0.795047,9.34931,2.25676,-0.460691,fluid
1052,12.3913,3.54029,,1002.32,197.491,18353.3,,2.42493,0.0151297,2.42498,,0.512615,9.78155,1.99032,-0.0284497,fluid
1053,12.3576,3.37597,,1002.49,217.016,19698.3,,2.36041,0.0452278,2.36085,,0.0962173,9.49035,1.68627,-0.319649,fluid
1054,12.3374,3.86633,,1002.02,209.868,15966.2,,2.72362,0.0249851,2.72373,,0.680376,8.80077,1.9719,-1.00923,fluid
1055,12.6793,3.47731,,1002.54,136.892,20086.6,,2.46884,-0.363378,2.49544,,-0.589914,9.95633,0.990274,0.146334,fluid
1056,12.0655,3.80481,,1001.94,258.236,15315.3,,2.88709,0.423947,2.91805,,2.45973,8.47441,3.72661,-1.33559,fluid
1057,12.9565,3.70938,,1002.38,299.897,18782,,2.90131,-0.454117,2.93663,,-2.37847,9.08894,-0.932286,-0.721062,fluid
1058,12.8901,3.14644,,1003.03,205.313,23968,,2.01216,-0.675521,2.12252,,-1.70465,11.3041,0.149163,1.4941,fluid
1059,13.0696,3.30656,,1002.8,155.727,22189.4,,2.05888,-0.90509,2.24904,,-4.12895,9.92115,-2.4359,0.111146,fluid
1060,12.9237,3.10145,,1003.09,207.051,24447,,1.94067,-0.731141,2.07383,,-1.52275,11.2682,0.363075,1.45818,fluid
1061,12.6608,4.09401,,1001.89,372.806,14940.4,,3.14341,-0.266622,3.1547,,-1.06243,13.0162,0.115395,3.20621,fluid
1062,12.5199,3.66126,,1002.29,140.085,18093.6,,2.52162,-0.168416,2.52724,,-0.500752,9.45651,0.941134,-0.353489,fluid
1063,12.5044,4.11055,,1001.94,358.448,15291,,3.38454,0.0629476,3.38513,,0.917943,12.2541,2.13842,2.44408,fluid
1064,13.0642,3.90719,,1001.94,326.473,15278.6,,2.98659,-0.742371,3.07747,,-2.54005,9.1931,-1.37281,-0.616904,fluid
1065,6.31169,0.250064,,1007.63,432.063,61284.5,,2.14896,-0.186438,2.15703,,-15.6327,14.6484,-5.99654,4.83835,fluid
1066,2.44162,5.43642,,1006.98,1327.65,55920.3,,2.9689,-10.0812,10.5093,,-16.5165,80.3059,6.22779,70.4959,fluid
1067,4.39447,1.06211,,1006.8,580.79,54500.1,,2.69175,0.160654,2.69654,,-11.7218,12.7757,0.596383,2.96574,fluid
1068,2.45201,14.3536,,1003.15,0,24935.4,,-0.0267528,-9.31423,9.31427,,0,0,10.1375,-9.81,fluid
1069,6.75133,0.0116807,,1006.74,100.091,53997.8,,0.851148,0.144287,0.863291,,-0.0802398,19.6033,7.86429,9.79326,fluid
1070,8.80162,0.453288,,1006.69,142.022,53574,,2.05788,-0.0391235,2.05825,,-9.12118,9.01728,-3.0748,-0.792723,fluid
1071,8.63785,0.222094,,1006.87,277.729,55076.2,,1.0676,0.0750075,1.07023,,-4.2384,10.4006,2.09421,0.590637,fluid
1072,10.9455,2.43785,,1003.57,151.108,28353.8,,0.644747,0.815918,1.03991,,-2.34588,16.9041,0.23535,7.09408,fluid
1073,9.96451,2.10883,,1004.5,230.8,35766.7,,1.76123,3.06643,3.53624,,-1.56532,13.6173,2.00802,3.80735,fluid
1074,10.4067,2.46699,,1003.78,125.564,29971.5,,1.74253,2.77275,3.27484,,-0.00563279,12.2201,2.86355,2.41011,fluid
1075,10.3045,1.8537,,1004.57,63.5978,36351.6,,1.33877,1.91124,2.33348,,-0.449702,11.4257,3.062,1.61571,fluid
1076,11.4582,2.93932,,1002.92,155.71,23129.6,,1.73864,0.425431,1.78993,,-3.68334,9.64496,-1.67063,-0.165037,fluid
1077,11.6122,2.74243,,1002.97,102.169,23519.8,,1.48089,0.330534,1.51733,,-3.01535,10.3018,-0.995904,0.491816,fluid
1078,11.7708,2.99065,,1002.73,169.499,21583.6,,1.91554,0.360016,1.94908,,-2.33598,9.07075,-0.507309,-0.739249,fluid
1079,11.8879,3.09949,,1002.62,173.182,20721.8,,1.97938,0.360725,2.01198,,-1.32507,8.88838,0.413468,-0.921619,fluid
1080,12.0443,3.09088,,1002.68,176.057,21184.1,,1.99561,0.281903,2.01542,,-0.616959,8.32609,1.13719,-1.48391,fluid
1081,12.2012,3.09698,,1002.75,175.073,21780.6,,2.0334,0.206559,2.04386,,-0.616346,8.35394,1.16387,-1.45606,fluid
1082,12.1587,3.40151,,1002.37,227.345,18757.6,,2.45799,0.235257,2.46922,,0.352672,8.46759,1.89175,-1.34241,fluid
1083,12.4247,3.06428,,1002.93,174.443,23175,,2.03912,0.0506542,2.03974,,-1.01261,9.25425,0.847173,-0.555753,fluid
1084,12.2171,3.23873,,1002.59,206.437,20466.7,,2.2403,0.194452,2.24872,,-0.395156,8.50264,1.27576,-1.30736,fluid
1085,12.3347,2.96377,,1003,139.99,23745,,1.92977,0.0653081,1.93087,,-1.33937,9.28357,0.579927,-0.526434,fluid
1086,12.3689,3.25092,,1002.65,209.052,20996.9,,2.25968,0.04741,2.26017,,-0.415302,8.97626,1.27776,-0.833742,fluid
1087,12.5323,3.18936,,1002.83,205.707,22368.3,,2.14988,-0.00299829,2.14988,,-0.854316,9.08176,0.925517,-0.728243,fluid
1088,12.5907,3.28811,,1002.72,198.442,21549.5,,2.24048,-0.110779,2.24321,,-0.751791,10.0138,0.955094,0.203846,fluid
1089,12.6523,3.02936,,1003.1,182.138,24595.2,,1.87665,-0.0406954,1.87709,,-1.40697,9.19861,0.530952,-0.611393,fluid
1090,12.7269,3.35038,,1002.71,175.528,21442.1,,2.28361,-0.329001,2.30719,,-0.409607,10.3261,1.27062,0.516112,fluid
1091,12.5099,3.4729,,1002.45,174.223,19396.3,,2.35939,-0.186977,2.36679,,0.0164994,9.86123,1.56319,0.0512324,fluid
1092,12.9722,2.71673,,1003.52,117.464,27957.2,,1.4926,-0.542322,1.58807,,-4.43078,9.82528,-2.2832,0.015277,fluid
1093,12.3247,3.74762,,1002.1,211.433,16571.3,,2.6339,0.0178829,2.63397,,0.791427,9.22427,2.13317,-0.585733,fluid
1094,12.8085,3.57196,,1002.51,155.087,19877.8,,2.56065,-0.487015,2.60655,,-0.811656,9.50626,0.736381,-0.30374,fluid
1095,12.8748,3.32968,,1002.79,177.13,22071.7,,2.25751,-0.490291,2.31014,,-1.49932,10.2211,0.210245,0.411109,fluid
1096,8.4205,3.47346,,1007.51,117.539,60276.4,,0.657727,-2.92868,3.00163,,-0.635031,-18.5238,6.46991,-28.3338,fluid
1097,9.9382,5.17073,,1002.44,578.945,19325.6,,2.01576,-0.04967,2.01638,,11.4931,24.0927,13.4329,14.2827,fluid
1098,12.1508,3.85244,,1001.91,250.498,15070.6,,2.86556,0.200865,2.87259,,2.36603,9.00664,3.60396,-0.803356,fluid
1099,10.7466,2.88419,,1003.28,281.827,26018.4,,2.55958,2.60458,3.65175,,2.16293,5.8389,4.57609,-3.9711,fluid
1100,7.85456,3.39849,,1006.96,1253.51,55778.4,,0.754826,-4.26659,4.33284,,17.9106,0.978169,24.963,-8.83183,fluid
1101,7.10006,0.00869134,,1006.9,81.2411,55312.7,,0.00570038,-0.0273661,0.0279535,,-8.61747,12.9864,-0.880431,3.1764,fluid
1102,8.94372,0.390288,,1006.65,137.616,53215.9,,1.69196,0.0342693,1.69231,,-7.81558,8.32974,-1.90478,-1.48026,fluid
1103,9.12498,0.395698,,1006.6,172.662,52846.3,,1.392,-0.0916415,1.39502,,-6.94724,9.15189,-1.19384,-0.658115,fluid
1104,10.0755,2.38356,,1004.06,217.641,32281.5,,2.11501,3.65709,4.22464,,5.64127,12.0766,8.83227,2.26659,fluid
1105,10.1974,2.19492,,1004.29,220.55,34074.4,,1.38973,2.3322,2.71487,,3.28506,14.3904,6.61229,4.58037,fluid
1106,9.89185,1.73414,,1004.99,182.201,39751.2,,2.22653,1.94422,2.95591,,-4.34326,9.50275,-0.344627,-0.307251,fluid
1107,11.4829,2.72018,,1003.03,121.256,23994.5,,1.39193,0.156358,1.40068,,-4.24072,11.1303,-2.15745,1.32033,fluid
1108,11.1804,2.51868,,1003.35,81.7869,26571.3,,1.07145,0.544822,1.20201,,-5.88733,12.4489,-3.51868,2.63894,fluid
1109,11.7464,2.62323,,1003.11,106.225,24630.7,,1.42385,0.328496,1.46125,,-1.26819,9.24847,0.822174,-0.561526,fluid
1110,11.8712,2.94508,,1002.79,168.649,22056.2,,1.75317,0.33433,1.78476,,-0.931453,8.35723,0.921336,-1.45277,fluid
1111,11.9131,2.80177,,1002.97,156.845,23537.9,,1.53296,0.264422,1.5556,,-1.05903,8.76728,0.910911,-1.04272,fluid
1112,12.01,2.72119,,1003.13,146.302,24777.4,,1.44626,0.361839,1.49084,,-0.927701,9.2409,1.12894,-0.569101,fluid
1113,12.161,2.50643,,1003.49,116.376,27715,,1.159,0.275264,1.19124,,-1.52793,10.2551,0.74315,0.445125,fluid
1114,12.0637,2.9308,,1002.89,153.679,22840.5,,1.75658,0.278074,1.77846,,-0.629273,8.38438,1.25861,-1.42562,fluid
1115,12.0235,2.25999,,1003.72,77.8307,29483.9,,0.897813,0.285154,0.942009,,-1.79008,11.1031,0.653025,1.29309,fluid
1116,12.0449,2.56205,,1003.36,133.798,26613.7,,1.21782,0.29401,1.25281,,-1.61823,9.90763,0.583926,0.0976346,fluid
1117,12.1852,2.36116,,1003.68,94.4375,29188.5,,0.900653,0.270992,0.940538,,-1.94378,10.9031,0.442843,1.09311,fluid
1118,12.2141,2.89669,,1003.01,135.684,23859.2,,1.76078,0.227025,1.77536,,-1.48065,8.9299,0.466901,-0.880097,fluid
1119,12.3252,2.55007,,1003.52,107.375,27939.6,,1.24342,0.213182,1.26157,,-1.6072,10.3657,0.65171,0.555667,fluid
1120,12.5011,2.81594,,1003.28,113.301,26002.8,,1.64075,0.130515,1.64594,,-0.992075,9.38454,1.08116,-0.425463,fluid
1121,12.3245,2.74452,,1003.27,119.446,25934.8,,1.48834,0.168051,1.49779,,-1.4688,9.6231,0.628664,-0.186899,fluid
1122,12.1825,2.71177,,1003.24,126.981,25665.7,,1.44359,0.244924,1.46422,,-1.6268,9.72064,0.473169,-0.0893578,fluid
1123,12.5231,2.93638,,1003.15,148.326,24934,,1.81051,0.0417369,1.81099,,-0.823512,9.32974,1.16128,-0.480256,fluid
1124,12.4948,2.36135,,1003.81,92.3881,30236.9,,0.943609,0.0607095,0.94556,,-2.09637,12.0097,0.31441,2.1997,fluid
1125,13.0897,2.56944,,1003.63,73.1285,28799.1,,1.15025,-0.779071,1.38925,,-4.94665,10.0536,-2.75447,0.243611,fluid
1126,13.2069,2.59535,,1003.56,99.2016,28241.6,,1.26358,-0.965555,1.59026,,-3.79169,11.0342,-1.66088,1.22418,fluid
1127,13.1868,2.93795,,1003.19,172.748,25280.8,,1.67728,-1.05836,1.98328,,-3.4859,10.9689,-1.57486,1.1589,fluid
1128,12.7242,3.1848,,1002.93,199.529,23196.7,,2.17723,-0.308286,2.19895,,-1.18561,9.79248,0.632094,-0.0175155,fluid
1129,12.7032,2.79981,,1003.4,102.685,26979.2,,1.42712,-0.269724,1.45239,,-2.61043,9.88369,-0.493827,0.0736925,fluid
1130,12.6927,3.6486,,1002.4,135.678,18944.2,,2.60783,-0.264386,2.6212,,-0.450722,8.94337,1.03824,-0.866629,fluid
1131,13.1113,3.05513,,1003.08,169.943,24429.1,,1.80273,-0.960518,2.04266,,-3.20565,10.5116,-1.34816,0.701627,fluid
1132,13.0866,2.71589,,1003.5,136.493,27729.5,,1.37319,-0.826471,1.60271,,-3.36557,11.6369,-1.25403,1.82689,fluid
1133,7.62793,0.0601812,,1006.95,254.69,55672.8,,0.461997,-0.0339708,0.463244,,-4.81786,10.1344,2.43033,0.324435,fluid
1134,9.20268,0.496123,,1006.58,220.976,52652.5,,1.36952,0.0605279,1.37086,,-5.69843,8.73095,-0.0143955,-1.07905,fluid
1135,9.69417,1.79882,,1005.05,183.573,40257.4,,2.42313,2.32035,3.35493,,-4.4709,6.28225,-0.339034,-3.52775,fluid
1136,10.3397,2.03452,,1004.36,124.414,34692.6,,1.02685,2.3126,2.53032,,0.489782,16.0964,3.83049,6.28637,fluid
1137,10.0396,2.21031,,1004.34,205.075,34505.2,,1.94483,3.26059,3.79655,,0.250692,12.7611,3.67276,2.95115,fluid
1138,11.0406,2.28019,,1003.62,38.6245,28718.4,,0.597498,0.984215,1.15138,,-2.80986,14.4986,-0.218081,4.68861,fluid
1139,11.6929,2.71169,,1003,107.851,23746.2,,1.52864,0.372649,1.57341,,-1.60349,9.90681,0.421255,0.0968095,fluid
1140,11.2783,2.39626,,1003.39,85.3136,26842,,1.06026,0.437424,1.14695,,-4.64721,12.4798,-2.27529,2.66978,fluid
1141,11.6726,2.3991,,1003.36,80.9757,26636.6,,1.06609,0.344368,1.12032,,-1.62255,9.8019,0.651779,-0.00810038,fluid
1142,11.8568,2.56756,,1003.23,115.344,25620.8,,1.36061,0.411314,1.42142,,-0.861898,9.49402,1.29198,-0.315979,fluid
1143,11.8236,2.37523,,1003.47,97.761,27485.4,,1.00077,0.356561,1.06239,,-1.73019,10.2174,0.586402,0.407437,fluid
1144,11.8455,2.15634,,1003.76,71.3937,29846.6,,0.680163,0.442592,0.811486,,-2.11357,10.9137,0.396641,1.1037,fluid
1145,11.9671,2.07844,,1003.89,61.9501,30912.1,,0.511003,0.241436,0.565168,,-2.32256,11.3849,0.250505,1.57493,fluid
1146,11.955,2.36924,,1003.55,98.8062,28151.6,,1.02322,0.392383,1.09587,,-1.48771,10.7916,0.858761,0.98164,fluid
1147,12.4165,1.88905,,1004.17,34.2985,33102.3,,0.29886,-0.0128706,0.299138,,-2.53614,12.731,0.118798,2.92097,fluid
1148,12.1152,2.12348,,1003.89,49.2157,30908.3,,0.66034,0.315261,0.731737,,-1.86702,11.411,0.674283,1.601,fluid
1149,12.3159,2.08924,,1003.98,34.6459,31627.1,,0.491893,0.144801,0.512763,,-2.42943,11.4649,0.128378,1.6549,fluid
1150,12.659,2.20771,,1003.99,74.4708,31692.5,,0.764355,-0.15722,0.780357,,-2.30758,11.9289,0.18602,2.11887,fluid
1151,12.2688,2.25644,,1003.82,65.3089,30329.5,,0.740639,0.214657,0.771118,,-2.22903,11.1749,0.23364,1.36489,fluid
1152,12.4274,2.22781,,1003.9,46.3615,31003.1,,0.731531,0.149484,0.746648,,-2.56439,11.3594,-0.0793485,1.54939,fluid
1153,12.4149,2.45237,,1003.68,99.6098,29202.9,,1.09549,0.169576,1.10854,,-1.74444,11.3362,0.599183,1.52621,fluid
1154,12.8813,2.40982,,1003.83,90.8998,30387.7,,0.818435,-0.58757,1.00751,,-3.18638,11.8099,-0.836333,1.99993,fluid
1155,9.90803,3.49958,,1004.21,786.983,33451.7,,4.50483,2.98233,5.40257,,-1.76883,4.33243,1.59324,-5.47757,fluid
1156,8.50265,1.10278,,1006.21,764.892,49658.4,,6.09302,0.834508,6.1499,,-5.60759,15.4356,0.196706,5.6256,fluid
1157,8.71744,1.71461,,1006.26,523.395,50095.5,,4.04517,1.25741,4.2361,,-6.00035,17.6725,-0.289536,7.86245,fluid
1158,9.1448,3.0458,,1006.39,528.836,51140.2,,3.51695,1.35536,3.76908,,3.73983,8.12817,9.29657,-1.68183,fluid
1159,9.11365,2.20814,,1005.58,440.723,44567.3,,3.01277,2.86416,4.15694,,-10.8026,9.08621,-5.93958,-0.723794,fluid
1160,12.4494,2.67722,,1003.42,106.764,27149.8,,1.42255,0.0875839,1.42524,,-1.12858,9.52742,1.04479,-0.282579,fluid
1161,12.9333,2.55377,,1003.68,78.2464,29233,,1.22099,-0.643083,1.37999,,-5.07106,10.0837,-2.81907,0.273657,fluid
1162,13.2671,2.29112,,1003.81,55.8223,30262.4,,0.955429,-0.905954,1.31666,,-4.11226,10.6788,-1.83991,0.868752,fluid
1163,13.2606,3.84804,,1001.89,278.542,14944.9,,2.89274,-0.775405,2.99486,,-2.07064,9.18444,-0.945751,-0.625556,fluid
1164,9.3718,1.99631,,1005.29,312.854,42160.1,,3.2379,4.18287,5.28965,,-13.206,14.888,-8.73103,5.07798,fluid
1165,7.9555,0.0769109,,1006.62,24.5775,52962.1,,0.475829,-0.0569832,0.479228,,-6.32879,11.9258,0.284752,2.11575,fluid
1166,9.54743,0.869435,,1006.16,154.379,49212.2,,2.16512,0.475517,2.21672,,-9.33639,8.67076,-4.21343,-1.13924,fluid
1167,9.52343,1.35938,,1005.95,318.267,47536.4,,2.25957,1.73138,2.84664,,-4.66804,11.6977,0.293964,1.88771,fluid
1168,9.85352,1.39707,,1005.6,211.311,44685.5,,1.52817,1.6827,2.27306,,-0.515882,12.5053,3.99385,2.69525,fluid
1169,10.6087,2.11373,,1004.06,57.0871,32225.2,,0.730049,1.78443,1.92799,,-1.25908,14.6652,1.76627,4.85521,fluid
1170,11.4398,2.45399,,1003.27,59.9382,25903.1,,1.04014,0.45234,1.13424,,-3.42182,10.2639,-1.1649,0.453897,fluid
1171,11.3832,2.59239,,1003.17,49.1032,25094.7,,1.1636,0.796363,1.41002,,-4.22609,11.012,-2.02851,1.20203,fluid
1172,11.6758,2.20583,,1003.63,74.4125,28788.4,,0.790576,0.477491,0.923584,,-2.03688,10.819,0.419858,1.00905,fluid
1173,11.6815,2.06731,,1003.82,57.46,30317.6,,0.613483,0.430034,0.749193,,-2.08808,11.0255,0.497405,1.21551,fluid
1174,11.828,1.91122,,1004.05,31.1774,32139.7,,0.458743,0.48364,0.666598,,-2.78843,11.9574,-0.082122,2.14743,fluid
1175,12.034,1.91485,,1004.08,37.8616,32382.1,,0.376959,0.294171,0.478158,,-2.33062,12.3391,0.349333,2.52905,fluid
1176,12.2189,1.80477,,1004.21,35.1518,33449.2,,0.329825,0.15928,0.366271,,-2.54068,12.7006,0.18534,2.89057,fluid
1177,12.5282,1.78045,,1004.27,25.5979,33951.8,,0.337235,-0.0117155,0.337439,,-2.41936,12.9297,0.279145,3.11975,fluid
1178,12.207,1.96259,,1004.06,31.4683,32275.9,,0.484906,0.22764,0.53568,,-2.30418,12.293,0.329179,2.48305,fluid
1179,13.3464,1.8604,,1004.21,54.8917,33469.1,,0.686138,-0.486118,0.84089,,-3.61335,11.1753,-1.11614,1.36525,fluid
1180,12.7012,1.7944,,1004.28,29.5877,34016.3,,0.301303,-0.237601,0.383715,,-2.94326,12.6591,-0.276472,2.84911,fluid
1181,12.9138,1.88703,,1004.22,27.1811,33548.8,,0.459716,-0.373953,0.592604,,-3.93024,11.1628,-1.34326,1.3528,fluid
1182,12.5957,2.10165,,1004.05,38.2945,32179.5,,0.562045,-0.105323,0.571829,,-2.87326,11.3491,-0.328775,1.53914,fluid
1183,12.482,2.01574,,1004.08,26.2621,32438.1,,0.421138,-0.0689328,0.426742,,-2.68197,11.6654,-0.093756,1.85543,fluid
1184,12.8165,2.03504,,1004.12,48.9187,32772.1,,0.471744,-0.358205,0.592329,,-3.73957,11.9864,-1.19305,2.1764,fluid
1185,12.7094,1.94036,,1004.18,33.1243,33193.6,,0.399626,-0.293133,0.495608,,-3.72594,11.7018,-1.12506,1.89175,fluid
1186,13.231,2.89247,,1003.22,170.873,25518.6,,1.57403,-1.17358,1.96338,,-3.05498,10.9303,-1.13248,1.12031,fluid
1187,7.69708,1.23353,,1006.65,421.991,53202.3,,4.37099,-0.963361,4.47589,,-10.2476,23.1129,-3.38121,13.3029,fluid
1188,8.77176,1.43604,,1006.15,570.025,49153.7,,5.02519,1.93053,5.38326,,-6.62942,14.622,-1.06003,4.81196,fluid
1189,13.253,3.7092,,1002.2,278.905,17343,,2.68821,-1.10142,2.9051,,-3.18385,9.87887,-1.8781,0.0688671,fluid
1190,8.90492,1.91406,,1006.03,553.425,48217.9,,4.07982,1.20744,4.25474,,-7.34188,9.91846,-1.9596,0.10846,fluid
1191,9.05226,1.77346,,1005.96,515.914,47614.1,,4.13119,2.33339,4.74462,,-10.5896,14.5952,-5.36085,4.7852,fluid
1192,11.0436,4.5085,,1002.47,349.702,19554,,2.7329,2.54262,3.73279,,2.51194,4.37079,4.27819,-5.43921,fluid
1193,11.2824,4.42359,,1002.18,305.205,17208.7,,3.07444,2.58313,4.01556,,1.99099,4.36061,3.51294,-5.44939,fluid
1194,8.98157,3.83277,,1006.83,378.381,54682.1,,2.01088,-1.31887,2.4048,,6.1205,-24.5174,12.1675,-34.3274,fluid
1195,9.3487,1.63053,,1005.76,434.226,45987,,4.51128,3.00705,5.42162,,-10.6213,14.4516,-5.73039,4.64158,fluid
1196,8.13334,2.57618,,1008.12,472.423,65304.4,,2.12711,-3.73291,4.29642,,-5.84609,-1.18299,2.11845,-10.993,fluid
1197,8.26642,0.0966686,,1006.75,29.1746,54040.1,,0.907444,0.163183,0.921999,,-11.4333,3.40623,-4.93981,-6.40377,fluid
1198,9.92072,2.44672,,1004.03,258.896,32002.2,,2.82853,4.0099,4.90713,,1.39004,9.47002,4.6029,-0.339984,fluid
1199,9.3533,0.487578,,1006.52,178.717,52202.1,,1.4718,0.0274605,1.47206,,-5.50653,8.69848,0.0384451,-1.11152,fluid
1200,10.474,1.98644,,1004.3,65.9946,34149.7,,0.674843,1.92218,2.0372,,-0.480292,14.4701,2.7662,4.66015,fluid
1201,10.0161,1.75779,,1004.87,135.948,38821.2,,1.83581,2.30424,2.94614,,0.633058,11.9451,4.49011,2.13508,fluid
1202,11.4928,2.23225,,1003.55,76.0446,28124.5,,0.705676,0.433185,0.828026,,-1.78215,10.7784,0.656346,0.968449,fluid
1203,11.5549,2.45241,,1003.26,65.3163,25857.9,,1.11142,0.458685,1.20235,,-1.9087,9.94841,0.321864,0.138412,fluid
1204,11.9257,1.80009,,1004.18,24.7068,33242.5,,0.329881,0.311891,0.453979,,-3.35152,11.9288,-0.575669,2.11879,fluid
1205,11.57,1.69846,,1004.3,13.6199,34192.1,,0.164869,0.390794,0.424149,,-2.41676,11.8795,0.525813,2.06952,fluid
1206,12.3676,1.72194,,1004.3,33.9018,34223.6,,0.272578,0.0755819,0.282863,,-2.90627,12.3106,-0.150943,2.50061,fluid
1207,12.6684,1.61924,,1004.43,24.3085,35230.2,,0.324581,-0.163057,0.363236,,-3.38113,12.5072,-0.612453,2.69719,fluid
1208,12.8132,1.63275,,1004.42,24.2073,35190.6,,0.284054,-0.201028,0.347993,,-2.4255,12.7683,0.308836,2.9583,fluid
1209,13.111,1.68346,,1004.38,32.2514,34848.3,,0.344775,-0.427594,0.549278,,-4.264,10.6571,-1.61765,0.84713,fluid
1210,12.9402,1.75098,,1004.32,28.6727,34372.1,,0.47116,-0.370726,0.599524,,-3.53686,11.2455,-0.892074,1.43555,fluid
1211,13.6404,1.83744,,1004.22,75.0497,33579.1,,0.933695,-0.524957,1.07115,,-2.60379,10.6163,-0.152399,0.806288,fluid
1212,13.2273,1.75152,,1004.32,40.2495,34318.2,,0.621293,-0.494645,0.794153,,-3.17579,10.8947,-0.592443,1.08466,fluid
1213,13.4096,1.94212,,1004.13,75.2982,32801.1,,0.780155,-0.57617,0.969853,,-3.14501,11.9879,-0.708988,2.17794,fluid
1214,13.4542,2.12148,,1003.93,82.0972,31242,,0.868349,-0.812106,1.18893,,-3.50088,11.1607,-1.18788,1.35071,fluid
1215,13.1241,1.86712,,1004.22,49.7694,33571.7,,0.676619,-0.542231,0.86708,,-3.64093,11.5815,-1.09367,1.77147,fluid
1216,13.545,2.01527,,1004.04,99.5857,32083.5,,1.12119,-0.748159,1.34789,,-2.67172,11.6282,-0.312582,1.81821,fluid
1217,13.0417,1.99648,,1004.13,45.0171,32850.9,,0.575321,-0.434241,0.720805,,-3.44973,12.295,-0.941182,2.48499,fluid
1218,13.3446,3.07159,,1002.9,81.4013,22918.4,,1.74844,-1.32504,2.19381,,-4.74413,8.65695,-3.03166,-1.15305,fluid
1219,13.1481,2.44331,,1003.72,49.8371,29514.1,,1.00264,-0.945417,1.37808,,-4.64848,9.91754,-2.41205,0.107541,fluid
1220,9.05041,1.61157,,1006.06,516.34,48434,,4.4323,2.28738,4.98772,,-11.046,16.5416,-5.72666,6.73156,fluid
1221,10.9726,5.47804,,1000.34,334.504,2695.33,,2.71954,-0.175008,2.72517,,3.51657,15.4866,3.76213,5.67661,fluid
1222,8.54062,1.87667,,1007.02,314.474,56276.4,,3.21063,0.622981,3.27051,,-10.3081,6.52678,-3.76479,-3.28322,fluid
1223,8.01538,1.17158,,1006.6,771.915,52854.5,,5.82263,-1.29644,5.96522,,-1.32127,11.3333,5.22962,1.52335,fluid
1224,9.10837,2.00114,,1005.75,585.824,45889.2,,3.94659,2.65304,4.75543,,-9.98361,12.459,-4.97426,2.649,fluid
1225,11.2832,4.07434,,1002.61,257.615,20641.5,,3.49964,1.93031,3.9967,,1.32093,6.11458,3.14557,-3.69542,fluid
1226,8.96835,3.60983,,1007.69,766.403,61745.7,,1.96058,-1.08431,2.24045,,-5.19801,-7.37044,1.63431,-17.1804,fluid
1227,8.70707,3.39355,,1007.9,324.057,63476.2,,2.13793,-1.5737,2.65468,,2.56766,3.92574,9.80072,-5.88426,fluid
1228,11.339,4.23491,,1002.35,349.489,18557,,3.7172,2.41494,4.43278,,-0.408268,5.97666,1.22447,-3.83334,fluid
1229,8.47854,0.0982458,,1006.87,167.178,55049.9,,1.09171,0.278766,1.12674,,-4.09203,7.06159,2.35651,-2.74841,fluid
1230,10.0496,2.70358,,1003.62,281.955,28707,,3.00026,4.19033,5.15368,,3.45361,8.02239,6.29983,-1.78761,fluid
1231,9.44992,0.415324,,1006.52,158.248,52141.8,,1.6526,-0.082624,1.65466,,-5.39353,8.46122,0.0884502,-1.34878,fluid
1232,10.8282,2.16035,,1003.85,44.8722,30580.4,,0.492712,1.2047,1.30156,,-1.29315,13.6913,1.52016,3.88133,fluid
1233,10.1064,1.93704,,1004.61,146.915,36719.6,,1.45308,2.55706,2.94109,,-0.564479,13.363,3.05215,3.55301,fluid
1234,11.4926,2.02596,,1003.84,57.9127,30448.9,,0.555086,0.591398,0.811093,,-1.60808,11.2491,1.03124,1.43914,fluid
1235,11.6699,1.8947,,1004.04,31.3548,32111.7,,0.384239,0.396339,0.552018,,-2.19972,11.6031,0.540874,1.79308,fluid
1236,12.0766,1.70243,,1004.3,15.31,34191.6,,0.303441,0.345921,0.46015,,-2.97974,11.6836,-0.160654,1.8736,fluid
1237,11.2742,1.65453,,1004.38,21.3054,34847.9,,0.266148,0.638371,0.69163,,-2.14183,11.4386,0.935619,1.62859,fluid
1238,12.481,1.60135,,1004.44,16.1762,35279.3,,0.130341,0.127613,0.182411,,-3.04448,11.8528,-0.230314,2.04283,fluid
1239,13.4228,1.62652,,1004.44,43.4352,35290.7,,0.562213,-0.504789,0.755576,,-3.21325,11.3916,-0.595707,1.58158,fluid
1240,13.2293,1.58174,,1004.49,44.0248,35676.7,,0.607425,-0.435374,0.747339,,-3.57085,10.7763,-0.886105,0.966281,fluid
1241,13.8303,1.78172,,1004.29,83.2564,34075.5,,1.06062,-0.473849,1.16166,,-3.20853,9.8907,-0.755221,0.0807041,fluid
1242,13.4883,1.78288,,1004.28,50.0193,34019.4,,0.830371,-0.447831,0.943435,,-2.48737,10.5466,0.0240251,0.736554,fluid
1243,14.1216,1.84588,,1004.22,79.148,33526.7,,1.24216,-0.441251,1.3182,,-2.00032,10.4673,0.363853,0.657296,fluid
1244,13.947,2.02607,,1004.01,103.209,31873.4,,1.12898,-0.626254,1.29104,,-2.32457,10.6449,-0.0483752,0.834938,fluid
1245,13.9227,1.87762,,1004.18,92.3942,33245,,1.10775,-0.461681,1.20011,,-2.47508,10.5416,-0.0971946,0.731648,fluid
1246,13.8174,2.21593,,1003.78,87.9406,30043.6,,1.18093,-0.861327,1.46167,,-2.75731,9.49103,-0.591176,-0.318974,fluid
1247,13.7356,1.94156,,1004.11,101.79,32679.4,,1.06432,-0.590514,1.21717,,-2.95492,10.8323,-0.585495,1.02231,fluid
1248,13.7468,2.07322,,1003.96,107.342,31449.2,,1.08689,-0.692527,1.28877,,-3.35999,10.6518,-1.08126,0.841836,fluid
1249,13.1859,2.04987,,1004.06,85.8245,32293.7,,0.744471,-0.753227,1.05905,,-3.44364,12.1284,-1.00444,2.31839,fluid
1250,12.8981,2.12633,,1004.06,74.0561,32259,,0.601924,-0.464591,0.760366,,-3.00939,12.933,-0.518444,3.12299,fluid
1251,12.9319,2.24774,,1003.96,85.1364,31469.4,,0.688276,-0.536461,0.872648,,-3.12734,13.1188,-0.703476,3.30875,fluid
1252,7.13332,0.669467,,1007.84,1045.93,62954.4,,4.46305,-1.58583,4.73642,,-2.4239,20.1831,6.33289,10.3731,fluid
1253,13.2799,3.45666,,1002.55,175.992,20183.8,,2.18487,-0.872348,2.35259,,-4.904,10.6019,-3.38799,0.791853,fluid
1254,7.03478,1.73076,,1006.65,223.934,53271.5,,3.63184,-3.8408,5.28602,,12.7393,8.76942,20.2619,-1.04058,fluid
1255,13.3303,2.75399,,1003.33,175.575,26408.1,,1.49871,-1.14311,1.8849,,-3.80662,12.2914,-1.83215,2.48144,fluid
1256,8.74849,1.54404,,1006.15,610.067,49185.7,,5.01979,1.72672,5.30847,,-6.17673,18.0389,-0.588917,8.22888,fluid
1257,9.27676,1.81896,,1005.64,379.251,45016.7,,3.7706,3.36676,5.05495,,-11.4787,10.5696,-6.65331,0.759607,fluid
1258,9.38654,2.74114,,1004.58,244.05,36416.8,,3.46189,4.3505,5.55981,,-6.09622,7.66212,-2.23421,-2.14788,fluid
1259,10.7832,4.51537,,1002.95,400.724,23342.1,,2.44635,2.08825,3.21643,,2.70141,7.14349,4.85971,-2.66651,fluid
1260,8.66548,3.08374,,1007.68,33.9555,61683.2,,0.656587,-0.288373,0.717123,,-23.088,-6.23477,-16.024,-16.0448,fluid
1261,8.763,0.126779,,1006.79,148.154,54363.3,,0.916992,-0.0404667,0.917884,,-4.53669,10.1827,1.62521,0.372701,fluid
1262,9.72692,1.4432,,1005.66,283.054,45153.6,,2.56552,2.37509,3.49613,,-3.59269,14.5835,1.02332,4.77348,fluid
1263,9.61532,0.526741,,1006.43,193.658,51460.3,,1.52269,0.000244338,1.52269,,-8.31857,8.45338,-3.00087,-1.35662,fluid
1264,11.3321,2.09585,,1003.72,66.7953,29558.8,,0.567476,0.533621,0.778961,,-2.39848,11.3535,0.200256,1.54352,fluid
1265,11.4741,1.82619,,1004.12,32.4428,32708.8,,0.321585,0.553328,0.639992,,-1.89175,11.4331,0.94721,1.62309,fluid
1266,11.3328,1.8906,,1004.01,38.9719,31878.4,,0.470272,0.697531,0.841252,,-2.04835,11.4518,0.753328,1.64183,fluid
1267,11.3653,1.56003,,1004.53,11.0386,36002.6,,0.0864917,0.54523,0.552048,,-2.85494,11.2384,0.29856,1.42839,fluid
1268,11.73,1.68514,,1004.32,5.58253,34312.3,,0.234657,0.452967,0.51014,,-2.40047,12.4567,0.512134,2.64668,fluid
1269,12.7223,1.46607,,1004.6,9.31752,36615.9,,0.129578,-0.0943246,0.160273,,-3.60215,10.9201,-0.737244,1.11015,fluid
1270,13.4584,1.52254,,1004.55,42.7529,36219.3,,0.589987,-0.385476,0.704753,,-2.82033,11.3377,-0.141318,1.52766,fluid
1271,12.8992,1.50904,,1004.56,22.0697,36271.6,,0.317204,-0.201958,0.376039,,-2.63955,12.4316,0.1596,2.62165,fluid
1272,13.7229,1.56306,,1004.52,56.9671,35928.3,,0.78574,-0.469997,0.915578,,-3.07423,10.9919,-0.467884,1.18192,fluid
1273,13.9887,1.72342,,1004.35,74.2083,34594.3,,0.837352,-0.490356,0.970365,,-2.54308,10.2347,-0.0807826,0.424725,fluid
1274,13.6411,1.66906,,1004.4,51.731,34973.7,,0.761682,-0.426809,0.873113,,-2.41616,10.4702,0.136462,0.660196,fluid
1275,14.3248,2.14608,,1003.89,103.721,30848.1,,1.39091,-0.519869,1.48489,,-1.99806,10.2073,0.147077,0.397332,fluid
1276,14.292,2.00048,,1004.05,100.802,32180.3,,1.29472,-0.428821,1.36389,,-2.22679,10.5663,0.0157532,0.756296,fluid
1277,14.1307,2.17683,,1003.84,96.6225,30465.6,,1.3911,-0.636727,1.52989,,-2.19132,10.1311,-0.0435712,0.321064,fluid
1278,13.9694,2.19536,,1003.81,88.9697,30237.4,,1.37798,-0.707108,1.54881,,-1.98813,10.0163,0.168211,0.20633,fluid
1279,14.118,1.99036,,1004.06,94.8983,32222.1,,1.26903,-0.498945,1.36359,,-2.25636,10.6312,0.0167643,0.821204,fluid
1280,13.7655,2.32475,,1003.66,78.3658,29043,,1.24396,-0.828292,1.49449,,-2.46439,9.48561,-0.362239,-0.324392,fluid
1281,13.2462,2.13669,,1003.97,85.4358,31529.1,,0.831728,-0.849269,1.18871,,-3.3287,12.0525,-0.957873,2.24254,fluid
1282,13.4257,3.89693,,1001.68,163.066,13250.1,,2.63975,-0.719843,2.73614,,-2.19713,7.69106,-1.21187,-2.11894,fluid
1283,13.0994,2.28824,,1003.88,69.4795,30792.5,,0.744273,-0.984689,1.23432,,-4.42947,11.6724,-2.08786,1.86238,fluid
1284,6.46224,1.56829,,1005.8,357.943,46322.1,,3.64124,-0.859647,3.74134,,-1.46421,7.64456,5.66258,-2.16544,fluid
1285,8.98856,4.3933,,1005.69,7.1339,45395.6,,1.80027,-3.19023,3.66313,,-6.78107,7.18682,-1.75925,-2.62318,fluid
1286,9.31184,2.92573,,1005.18,429.051,41298.8,,3.23034,2.9006,4.34149,,-3.95557,8.15263,0.456655,-1.65737,fluid
1287,8.3907,1.17626,,1006.19,586.114,49499.5,,5.39274,0.95814,5.4772,,-7.93597,14.9967,-2.07295,5.18667,fluid
1288,8.3967,1.37906,,1006.15,497.803,49184.3,,5.17575,0.590258,5.2093,,-7.25518,15.6895,-1.43342,5.87946,fluid
1289,7.94787,0.861374,,1006.93,934.4,55561.6,,4.94958,-0.731266,5.00331,,-7.27844,14.0855,-0.335827,4.27548,fluid
1290,6.79279,1.24118,,1006.55,446.095,52464.2,,2.98082,-1.61753,3.39141,,-10.1055,8.63844,-2.43229,-1.17156,fluid
1291,7.66326,0.936315,,1006.58,541.524,52657.4,,5.50953,-0.709942,5.55508,,0.0705066,1.84785,6.89701,-7.96215,fluid
1292,12.971,4.42163,,1001.02,312.595,8020,,3.31801,-0.767417,3.4056,,-5.04438,11.8106,-4.4267,2.00057,fluid
1293,8.92414,0.172416,,1006.66,77.8237,53339.5,,0.897882,-0.0429315,0.898907,,-5.04479,10.7101,0.89264,0.900132,fluid
1294,9.7773,1.883,,1004.86,196.27,38694.3,,2.27891,3.02182,3.78482,,-0.205742,13.968,3.73268,4.15797,fluid
1295,9.56488,0.789945,,1006.21,132.85,49647.1,,1.60624,-0.158286,1.61402,,-8.17169,4.14211,-3.01315,-5.66789,fluid
1296,11.2811,2.23707,,1003.55,67.8594,28181.6,,0.749007,0.586745,0.951463,,-2.94939,11.872,-0.460109,2.06203,fluid
1297,11.002,1.93746,,1003.99,4.93517,31690.6,,0.319883,0.759251,0.823886,,-1.72423,12.4476,1.14476,2.63762,fluid
1298,11.7242,1.53931,,1004.52,2.96253,35939,,0.118686,0.355518,0.374806,,-3.08161,11.9708,-0.0300226,2.16081,fluid
1299,11.1679,1.91286,,1003.98,14.6163,31649.1,,0.498656,0.854759,0.989581,,-1.51159,12.0944,1.31109,2.28441,fluid
1300,12.222,1.60028,,1004.42,12.2209,35178.5,,0.212948,0.213945,0.30186,,-2.93223,11.9329,-0.0666087,2.12287,fluid
1301,13.8648,1.54036,,1004.55,62.9371,36191.6,,0.845467,-0.293114,0.894835,,-3.2528,11.0281,-0.654309,1.21807,fluid
1302,13.9931,1.51903,,1004.58,58.728,36421.3,,0.823721,-0.376946,0.905872,,-2.19833,10.6962,0.392618,0.886158,fluid
1303,14.1383,1.67398,,1004.41,66.6309,35032,,1.10629,-0.387643,1.17224,,-2.26203,10.4769,0.204907,0.66689,fluid
1304,14.278,1.66522,,1004.42,73.7415,35122.9,,1.0165,-0.417375,1.09885,,-2.11684,10.4854,0.332287,0.675374,fluid
1305,14.4214,1.81442,,1004.26,87.2749,33850,,1.21139,-0.422457,1.28294,,-1.97852,10.3562,0.358727,0.546235,fluid
1306,14.3404,1.89653,,1004.17,94.4086,33122.9,,1.18429,-0.444269,1.26488,,-2.22518,10.3358,0.0749937,0.525836,fluid
1307,14.6144,1.99161,,1004.07,99.5163,32313,,1.31424,-0.413652,1.3778,,-1.98469,10.4205,0.217392,0.610477,fluid
1308,14.5104,2.07137,,1003.98,102.04,31595.1,,1.30987,-0.470415,1.39178,,-2.03617,10.2242,0.132617,0.414179,fluid
1309,14.5181,2.23516,,1003.79,101.143,30078.8,,1.42551,-0.427917,1.48835,,-1.87009,9.90754,0.1939,0.0975415,fluid
1310,14.3353,2.29617,,1003.71,101.32,29451.9,,1.46348,-0.482384,1.54093,,-1.85501,9.96894,0.1919,0.158935,fluid
1311,13.9845,2.37055,,1003.61,84.4381,28602.3,,1.37743,-0.779684,1.58279,,-1.76645,10.0678,0.271483,0.257801,fluid
1312,13.5571,2.23397,,1003.79,72.4311,30074.9,,1.11332,-0.937488,1.45546,,-3.37006,9.38931,-1.16004,-0.420692,fluid
1313,13.4761,2.49334,,1003.54,93.3242,28084.8,,1.30965,-1.05656,1.68271,,-3.48029,10.6055,-1.4036,0.795484,fluid
1314,10.8697,5.44725,,1000.42,285.336,3298.85,,2.95462,-0.00292632,2.95462,,3.82732,16.4705,4.13068,6.66049,fluid
1315,13.4848,2.9065,,1003.02,117.021,23956.1,,1.59225,-1.41173,2.12797,,-4.45665,9.73836,-2.68549,-0.0716366,fluid
1316,6.99565,0.830809,,1007.69,642.23,61761,,3.81934,-1.92244,4.27588,,-11.8353,10.4345,-3.07417,0.624501,fluid
1317,6.6449,1.4179,,1006.12,262.946,48917.8,,1.49205,-2.29416,2.73668,,-13.3739,11.5745,-6.057,1.76452,fluid
1318,9.08078,1.48374,,1006.13,500.048,48970.7,,5.00605,2.68741,5.68179,,-10.8063,14.4833,-5.44632,4.67334,fluid
1319,7.41067,0.554434,,1007.39,696.892,59330.6,,3.13789,-0.358737,3.15833,,-9.35906,14.9101,-1.41171,5.10012,fluid
1320,8.8036,1.09249,,1006.3,662.645,50423.1,,4.84576,1.2256,4.99835,,-4.07558,9.77851,1.61609,-0.0314912,fluid
1321,9.42242,2.24508,,1004.87,320.502,38822.6,,3.23027,4.50651,5.54466,,-4.31904,10.1974,-0.21879,0.387392,fluid
1322,10.6316,4.66225,,1002.91,207.537,23034.5,,2.27781,1.56294,2.76247,,4.58887,9.96878,6.74918,0.158776,fluid
1323,9.2033,2.28695,,1005.32,413.307,42451.4,,2.97696,3.19842,4.36946,,-7.10285,8.00104,-2.51465,-1.80896,fluid
1324,9.56511,4.56414,,1006.75,493.596,54087.9,,1.32911,-0.192857,1.34302,,6.02292,-5.3816,11.6397,-15.1916,fluid
1325,9.09875,0.12555,,1006.57,97.9229,52626.8,,1.01894,-0.0521774,1.02027,,-6.01967,10.9648,-0.273486,1.15482,fluid
1326,9.73424,0.387762,,1006.5,142.103,52029.5,,1.49036,-0.108308,1.49429,,-6.44534,8.53536,-1.13486,-1.27464,fluid
1327,9.6885,1.2234,,1005.92,196.509,47306.8,,1.61067,1.15424,1.98155,,-3.39884,8.18453,1.4552,-1.62547,fluid
1328,11.0514,2.12374,,1003.75,21.2978,29786.9,,0.676527,0.880653,1.11051,,-1.72664,12.6982,0.958582,2.88821,fluid
1329,10.8342,1.96319,,1004.04,14.6866,32098,,0.406726,1.22646,1.29214,,-1.97077,12.3564,0.97996,2.54642,fluid
1330,11.9515,1.60605,,1004.41,3.78284,35107.1,,0.0766197,0.375408,0.383147,,-3.0929,11.3628,-0.168342,1.55285,fluid
1331,12.2258,1.45067,,1004.61,-8.57956,36722.7,,0.102427,0.179964,0.207071,,-2.95322,11.4529,0.0366835,1.6429,fluid
1332,12.6519,1.30692,,1004.81,-5.92679,38337.2,,-0.160358,-0.0540348,0.169218,,-4.11931,11.3243,-1.10367,1.51426,fluid
1333,13.0573,1.46968,,1004.61,29.1101,36695.2,,0.293734,-0.186914,0.348162,,-2.48727,11.9399,0.310145,2.12991,fluid
1334,14.1729,1.48487,,1004.62,56.6532,36758.8,,0.908203,-0.323331,0.964041,,-2.53554,10.8911,0.0461209,1.08112,fluid
1335,13.2047,1.38312,,1004.72,34.708,37607.6,,0.318598,-0.232819,0.394601,,-3.51591,11.2504,-0.681265,1.4404,fluid
1336,14.457,1.64755,,1004.44,77.1969,35287.8,,1.07934,-0.391441,1.14813,,-2.41098,10.2078,0.0191115,0.397754,fluid
1337,14.7645,1.96997,,1004.09,96.4091,32470.8,,1.32185,-0.320224,1.36009,,-1.85556,10.5556,0.334737,0.745575,fluid
1338,14.5758,1.80814,,1004.27,85.6727,33904.9,,1.21133,-0.314135,1.2514,,-1.86209,10.4681,0.454134,0.658079,fluid
1339,14.8321,2.16266,,1003.87,90.121,30718.1,,1.34944,-0.342185,1.39215,,-1.58558,10.0788,0.477496,0.268847,fluid
1340,14.6858,2.19728,,1003.83,96.3398,30433.3,,1.3436,-0.416792,1.40676,,-1.67842,9.87975,0.38597,0.0697476,fluid
1341,14.672,2.38986,,1003.61,100.809,28617.9,,1.43371,-0.358846,1.47794,,-1.65112,9.97002,0.292374,0.160022,fluid
1342,14.3793,2.47603,,1003.51,108.337,27800.6,,1.42173,-0.539813,1.52076,,-1.67075,10.2034,0.255882,0.393362,fluid
1343,14.1837,2.33574,,1003.66,95.4966,29010,,1.37992,-0.603506,1.50612,,-2.14689,9.91542,-0.109034,0.105419,fluid
1344,13.9817,2.53033,,1003.43,109.796,27163.1,,1.50168,-0.740591,1.67437,,-2.04835,10.6077,-0.112222,0.797697,fluid
1345,13.3801,3.38351,,1002.56,181.393,20254.7,,2.21108,-0.9242,2.39646,,-4.64624,10.007,-3.13631,0.196975,fluid
1346,13.1984,4.24047,,1001.34,48.6658,10547.6,,3.22179,-0.919059,3.35031,,-3.32052,8.66985,-2.52244,-1.14015,fluid
1347,7.52532,2.31411,,1006.72,524.372,53781.6,,0.519297,-4.842,4.86976,,18.8959,17.9631,25.9949,8.15306,fluid
1348,6.38496,2.22697,,1005.83,264.228,46602.4,,1.83047,-1.05323,2.11186,,6.80355,8.82465,14.06,-0.985351,fluid
1349,8.13832,1.24844,,1006.47,572.213,51738,,5.08375,-0.144672,5.08581,,-4.35935,15.8135,1.95714,6.00348,fluid
1350,7.72283,1.09719,,1006.5,545.619,52003.9,,5.10158,-0.90228,5.18076,,-0.00539053,10.6391,6.68492,0.829082,fluid
1351,5.58755,2.51276,,1004.71,343.792,37473.6,,1.95644,-1.29505,2.34623,,-13.5471,5.41462,-6.87187,-4.39538,fluid
1352,9.27053,1.34079,,1006.13,448.739,49033.5,,3.36824,1.93439,3.88419,,-8.54895,14.7113,-3.29202,4.90132,fluid
1353,9.46714,1.5018,,1005.82,380.853,46463.9,,3.71535,2.68676,4.58503,,-8.4759,16.3429,-3.59638,6.53288,fluid
1354,10.8149,3.89425,,1003.17,609.589,25135.2,,4.70277,2.10569,5.15267,,4.90103,8.89962,7.2178,-0.910379,fluid
1355,10.6465,5.07098,,1001.99,620.791,15735,,1.90456,1.84108,2.64895,,3.94151,10.2359,5.41653,0.425885,fluid
1356,8.78248,3.9515,,1005.6,109.049,44679.3,,1.39193,-2.14053,2.5533,,14.1802,-19.404,19.2392,-29.214,fluid
1357,9.27804,0.13342,,1006.54,114.135,52368.7,,0.88825,-0.0516353,0.88975,,-5.96657,10.94,-0.358898,1.13,fluid
1358,9.71818,0.841338,,1006.12,182.965,48919.7,,1.76246,0.663352,1.88317,,-2.52725,6.9618,2.47596,-2.8482,fluid
1359,10.6105,1.94598,,1004.22,48.5837,33548.6,,0.75202,1.37165,1.56428,,-0.171813,12.8363,2.97672,3.02634,fluid
1360,10.8026,1.68619,,1004.45,38.3924,35358.9,,0.444754,1.01844,1.11132,,-0.615252,12.214,2.64344,2.40404,fluid
1361,11.1354,1.7005,,1004.32,22.557,34358.1,,0.317737,0.785296,0.84714,,-1.80529,10.926,1.26691,1.11598,fluid
1362,12.4946,1.46604,,1004.59,5.41537,36557.7,,0.211535,0.0428297,0.215827,,-2.93439,10.9986,-0.0218876,1.18861,fluid
1363,11.4863,1.49646,,1004.61,1.66411,36677.5,,0.17826,0.533727,0.562709,,-2.70508,11.5366,0.473429,1.7266,fluid
1364,13.3487,1.34734,,1004.77,28.0277,37993.8,,0.253275,-0.238029,0.347572,,-3.7079,10.7749,-0.875155,0.964894,fluid
1365,13.5144,1.4064,,1004.69,32.7634,37362.6,,0.515958,-0.255906,0.575934,,-2.18198,10.9724,0.56976,1.16236,fluid
1366,14.2017,1.35702,,1004.78,47.13,38017.2,,0.621534,-0.357242,0.716887,,-2.84344,10.6264,-0.179222,0.816398,fluid
1367,14.3612,1.48181,,1004.62,64.1563,36787.7,,0.8627,-0.337519,0.926375,,-2.04538,10.6744,0.504435,0.864376,fluid
1368,14.6618,1.61833,,1004.46,73.4561,35504.7,,0.981994,-0.342782,1.0401,,-2.07967,10.8916,0.331136,1.08156,fluid
1369,14.9385,1.83161,,1004.23,91.8984,33590.5,,1.19958,-0.311783,1.23944,,-1.91421,10.1909,0.324905,0.380928,fluid
1370,14.7443,1.80352,,1004.26,83.0234,33902.9,,1.29232,-0.224159,1.31161,,-1.75585,10.2164,0.533787,0.406447,fluid
1371,14.9847,2.14592,,1003.88,89.7831,30817.3,,1.39996,-0.31661,1.43531,,-1.37996,10.1572,0.668684,0.347247,fluid
1372,14.9306,1.97176,,1004.08,92.7729,32395.6,,1.33838,-0.28116,1.36759,,-1.4397,10.6634,0.72123,0.853434,fluid
1373,14.8204,2.37801,,1003.62,97.6891,28703.5,,1.43589,-0.330839,1.47351,,-1.3843,9.86562,0.54547,0.0556192,fluid
1374,14.5184,2.412,,1003.58,104.053,28414.9,,1.45688,-0.406022,1.5124,,-1.72709,10.1381,0.223095,0.328132,fluid
1375,14.1622,2.49703,,1003.47,109.935,27538.7,,1.457,-0.558173,1.56026,,-1.85742,10.0317,0.0803684,0.221716,fluid
1376,13.7937,2.49827,,1003.47,99.1697,27479.2,,1.34369,-0.963867,1.65365,,-1.78526,10.5516,0.200017,0.741621,fluid
1377,13.6243,2.38365,,1003.61,72.5242,28660.5,,1.26186,-0.870793,1.53315,,-3.2494,9.74343,-1.15334,-0.0665692,fluid
1378,13.4051,2.36254,,1003.69,47.4121,29301.9,,0.959471,-1.04843,1.42119,,-4.29863,9.66192,-2.12079,-0.148084,fluid
1379,13.3757,2.5918,,1003.49,119.364,27639.7,,1.30031,-1.06929,1.6835,,-4.00957,11.1994,-1.95034,1.38936,fluid
1380,13.0427,4.38444,,1001.17,272.491,9204.5,,3.01622,-0.696078,3.0955,,-4.58169,11.2057,-3.87679,1.39566,fluid
1381,9.04376,5.02115,,1004.85,-219.445,38651.7,,2.90797,-2.19123,3.64113,,-16.4902,-28.7154,-12.237,-38.5254,fluid
1382,6.03102,1.89289,,1005.68,423.877,45337.8,,2.02519,-1.84959,2.74269,,-10.7397,-0.533783,-3.26467,-10.3438,fluid
1383,5.15088,3.42267,,1004.14,118.524,32877.8,,1.35171,-1.40377,1.94877,,-18.1479,-2.43487,-11.7912,-12.2449,fluid
1384,8.77143,1.25142,,1006.21,637.042,49654.2,,4.88305,1.57335,5.13027,,-8.45772,13.3779,-2.83175,3.56793,fluid
1385,8.29846,0.994706,,1006.54,564.672,52352,,4.20368,0.653179,4.25412,,-10.3235,7.00569,-4.05583,-2.80431,fluid
1386,11.535,4.46644,,1001.71,417.123,13474.6,,3.50349,2.04145,4.05487,,2.63992,6.42366,3.80609,-3.38634,fluid
1387,11.4448,3.18273,,1002.81,147.292,22253.5,,2.43253,1.23053,2.72606,,-4.07001,9.24984,-2.13105,-0.560161,fluid
1388,8.02491,3.44903,,1007.27,797.222,58314.2,,1.32937,-3.08378,3.35811,,4.26812,-4.64791,11.4823,-14.4579,fluid
1389,9.44,0.157952,,1006.54,105.651,52341.4,,0.904894,-0.0547014,0.906546,,-5.48276,10.5941,0.0258589,0.78415,fluid
1390,10.4383,1.69953,,1004.65,55.7667,37036.4,,0.852055,1.25563,1.51743,,-1.75781,12.5399,1.77388,2.72986,fluid
1391,10.0994,1.57074,,1005.1,135.442,40634.9,,1.20134,1.45679,1.88824,,-0.841916,9.68087,3.16118,-0.129128,fluid
1392,10.9608,1.72487,,1004.32,30.6623,34356.5,,0.339496,1.07406,1.12644,,-1.64523,11.4385,1.47578,1.62854,fluid
1393,11.0068,1.48795,,1004.71,21.3199,37483.4,,0.309089,0.927136,0.977301,,-1.89698,11.8898,1.49253,2.07978,fluid
1394,12.932,1.34585,,1004.77,8.67727,37936.4,,0.133813,-0.125403,0.18339,,-2.92444,11.3444,-0.00483247,1.53435,fluid
1395,11.5804,1.34232,,1004.84,-13.7679,38539.6,,-0.0118622,0.440149,0.440309,,-3.40733,12.0134,-0.0953582,2.20335,fluid
1396,13.9352,1.36342,,1004.77,46.9917,37943.4,,0.643312,-0.247636,0.689328,,-2.36747,10.7148,0.342445,0.904762,fluid
1397,13.7292,1.36545,,1004.75,47.1928,37849.2,,0.61797,-0.222797,0.656906,,-2.62129,10.8242,0.122499,1.01424,fluid
1398,14.4565,1.31583,,1004.82,48.5873,38382.3,,0.699278,-0.230425,0.736264,,-2.41148,11.0296,0.230803,1.21955,fluid
1399,14.566,1.50516,,1004.59,69.3181,36535.3,,0.91959,-0.322345,0.97445,,-2.72723,10.0505,-0.230429,0.240473,fluid
1400,15.0083,1.60628,,1004.46,71.9599,35439.8,,1.12741,-0.235597,1.15176,,-1.96279,9.88553,0.38807,0.0755307,fluid
1401,15.0605,1.7415,,1004.31,83.1645,34281.5,,1.17868,-0.251187,1.20515,,-1.64789,10.2766,0.618583,0.466587,fluid
1402,14.826,1.62659,,1004.45,67.6072,35363.3,,1.11309,-0.240069,1.13868,,-1.37086,10.6442,1.00381,0.834167,fluid
1403,15.1458,2.10048,,1003.92,93.8,31161.9,,1.37584,-0.234694,1.39571,,-1.44986,10.1998,0.599552,0.38979,fluid
1404,15.1391,1.92971,,1004.11,89.5729,32664.5,,1.25448,-0.265086,1.28219,,-1.52055,10.5535,0.62824,0.74346,fluid
1405,15.0939,2.48552,,1003.48,102.846,27575.5,,1.39747,-0.24994,1.41965,,-1.1179,10.2822,0.702707,0.472182,fluid
1406,14.9724,2.34344,,1003.65,95.4376,28988.5,,1.41444,-0.302314,1.44638,,-1.34879,9.72139,0.580292,-0.0886094,fluid
1407,14.6243,2.61218,,1003.34,100.903,26484.3,,1.45061,-0.440235,1.51594,,-1.49615,10.6532,0.308794,0.843246,fluid
1408,14.3002,2.61806,,1003.34,110.589,26470,,1.40505,-0.667064,1.55536,,-1.55425,10.4682,0.290612,0.65824,fluid
1409,14.0864,2.68084,,1003.26,127.833,25801.8,,1.38016,-0.805199,1.59787,,-1.91579,10.2443,-0.0900525,0.434296,fluid
1410,13.7759,2.63182,,1003.31,123.299,26248.7,,1.49162,-0.904443,1.7444,,-1.55747,11.2886,0.341651,1.47862,fluid
1411,13.5067,3.32043,,1002.55,168.621,20141.1,,2.07591,-0.931535,2.27534,,-3.78313,9.62646,-2.29573,-0.183542,fluid
1412,13.396,3.61145,,1002.26,258.987,17859.3,,2.51899,-1.15227,2.77002,,-3.89011,11.3973,-2.55993,1.58735,fluid
1413,7.4486,1.8687,,1007.97,720.674,64042.3,,1.86669,-3.71436,4.15704,,-1.90702,-0.139082,6.62292,-9.94908,fluid
1414,7.25189,0.937141,,1007.07,753.276,56707.9,,2.95102,-2.22786,3.69755,,-5.89301,4.0108,1.8718,-5.7992,fluid
1415,5.46228,2.37448,,1005.15,330.011,41037.6,,1.36075,-1.32935,1.90232,,-16.0635,2.18193,-8.5891,-7.62807,fluid
1416,6.74897,1.09774,,1007.24,512.425,58059,,3.40697,-1.08805,3.57649,,-7.29366,1.46309,1.24716,-8.34691,fluid
1417,9.23006,2.55841,,1005.03,277.329,40108.7,,3.21311,2.65884,4.17055,,-8.06072,8.98506,-3.73705,-0.824941,fluid
1418,10.8716,4.67614,,1002.52,121.296,19892,,2.02502,1.88863,2.76905,,1.6074,8.09457,3.43253,-1.71543,fluid
1419,11.5001,4.23312,,1002.07,360.61,16323.3,,3.44064,2.74551,4.4018,,0.708421,5.81781,2.1249,-3.99219,fluid
1420,9.79787,5.17559,,1002.69,144.876,21281.2,,1.4541,0.599111,1.57268,,13.761,25.2422,15.9272,15.4322,fluid
1421,9.6045,0.136578,,1006.55,87.9366,52430.5,,0.871028,-0.0670908,0.873608,,-5.00492,10.4427,0.418506,0.632705,fluid
1422,9.82111,1.12116,,1005.88,126.498,46936.6,,1.73663,0.836791,1.92772,,-2.76994,8.2958,1.9813,-1.5142,fluid
1423,10.6067,1.52682,,1004.79,49.9419,38175.7,,0.487538,1.13228,1.23278,,-1.69321,10.3799,1.88881,0.569943,fluid
1424,10.6367,1.71406,,1004.5,37.9558,35757.6,,0.607724,1.25,1.3899,,-1.00747,13.4034,2.3392,3.59342,fluid
1425,11.1529,1.3914,,1004.84,14.1408,38563.8,,0.0591574,0.610902,0.613759,,-1.56267,12.0912,1.8784,2.28115,fluid
1426,12.1973,1.19432,,1005.02,-20.0627,40025.1,,-0.190544,0.279612,0.338364,,-3.50525,11.8205,-0.240177,2.01049,fluid
1427,12.3911,1.33562,,1004.78,-10.564,38037.8,,0.02701,0.105035,0.108452,,-2.85556,11.5499,0.199598,1.73987,fluid
1428,13.3959,1.18172,,1005.01,8.58778,39925.4,,0.153782,-0.235957,0.281646,,-3.33512,10.5244,-0.36957,0.714419,fluid
1429,13.8926,1.22219,,1004.95,34.98,39468.2,,0.110651,-0.347329,0.364529,,-3.57017,10.417,-0.743233,0.606994,fluid
1430,14.2778,1.23956,,1004.92,41.199,39225.2,,0.537677,-0.318285,0.624822,,-2.29419,10.1454,0.439635,0.335384,fluid
1431,14.7527,1.45789,,1004.64,63.2343,36887.2,,0.910868,-0.219399,0.936918,,-1.74509,10.2011,0.743741,0.391081,fluid
1432,14.9392,1.43309,,1004.65,60.9426,37009.2,,0.857921,-0.307097,0.911228,,-1.53915,10.4991,0.926702,0.689057,fluid
1433,15.2103,1.61675,,1004.43,73.3628,35227.1,,1.04171,-0.243444,1.06977,,-1.80073,10.2015,0.505057,0.391524,fluid
1434,15.2472,1.79748,,1004.24,79.7341,33707.7,,1.25245,-0.201609,1.26857,,-1.24707,10.4675,0.954342,0.657472,fluid
1435,15.4272,2.18464,,1003.81,94.176,30222.4,,1.37143,-0.237646,1.39187,,-1.15908,10.1274,0.792515,0.317364,fluid
1436,15.304,2.01182,,1004.01,94.1211,31862.4,,1.29236,-0.177531,1.3045,,-1.42344,10.3108,0.650212,0.500754,fluid
1437,15.2967,2.25137,,1003.74,93.0947,29696.1,,1.38605,-0.253884,1.40911,,-1.2426,9.98748,0.691498,0.17748,fluid
1438,14.9432,2.54967,,1003.41,106.87,27006.3,,1.43384,-0.273998,1.45978,,-1.36477,10.6358,0.436354,0.825831,fluid
1439,14.762,2.56924,,1003.39,104.848,26867,,1.45589,-0.399667,1.50975,,-1.28512,10.7701,0.528748,0.960134,fluid
1440,14.487,2.66595,,1003.28,97.1811,26003.2,,1.44132,-0.499943,1.52557,,-1.54197,10.4531,0.247097,0.64307,fluid
1441,13.9738,2.78282,,1003.12,131.209,24704,,1.40981,-0.949195,1.69957,,-1.99836,9.53728,-0.235978,-0.272723,fluid
1442,13.9803,3.0096,,1002.83,104.052,22401.7,,1.5851,-0.730868,1.74548,,-0.78063,9.5879,0.817219,-0.222103,fluid
1443,13.5338,2.72528,,1003.26,147.2,25813.6,,1.33435,-1.12112,1.74282,,-3.44202,11.6255,-1.54087,1.81546,fluid
1444,13.4909,3.1378,,1002.73,78.0295,21562.7,,1.82886,-1.10123,2.13482,,-4.63494,8.25021,-3.04096,-1.55979,fluid
1445,12.0176,5.27407,,1000.42,194.788,3312.79,,3.5698,0.724205,3.64252,,2.1318,7.3253,2.40734,-2.4847,fluid
1446,7.23952,1.40811,,1006.75,472.597,54072.4,,2.98064,-2.18121,3.69349,,5.03562,20.1708,12.4546,10.3608,fluid
1447,5.65264,2.15286,,1005.5,237.548,43880.9,,1.27202,-0.978112,1.6046,,-6.65286,4.0443,1.06758,-5.7657,fluid
1448,3.8537,3.00863,,1003.94,656.949,31327.4,,2.37331,-2.1049,3.17225,,-12.5973,7.70435,-4.50008,-2.10565,fluid
1449,11.262,4.62279,,1001.89,230.439,14934.7,,2.8406,2.50624,3.78817,,5.21035,4.94347,6.53396,-4.86653,fluid
1450,11.2177,2.89788,,1003.15,202.186,24925.7,,2.06661,1.16093,2.37036,,-4.16902,10.1937,-1.95399,0.38373,fluid
1451,9.49668,4.63302,,1006.57,364.164,52596.7,,1.33559,-1.02872,1.68584,,4.77121,-4.49968,10.2735,-14.3097,fluid
1452,8.63685,2.55608,,1007.67,376.673,61562.9,,2.89742,0.694787,2.97955,,-12.778,10.8317,-5.70432,1.02165,fluid
1453,9.79509,0.154515,,1006.57,84.9266,52582.9,,0.992292,-0.0795903,0.995479,,-7.10701,10.5104,-1.77376,0.700385,fluid
1454,9.81104,0.546163,,1006.41,178.557,51255.1,,1.15752,0.00622359,1.15754,,-4.18999,8.63185,1.00097,-1.17815,fluid
1455,10.7832,1.4399,,1004.85,27.3112,38633.7,,0.337009,0.765296,0.836214,,-0.893733,10.8218,2.67173,1.01177,fluid
1456,10.2035,1.30223,,1005.39,130.786,42991.5,,1.11684,1.2482,1.67491,,-2.17378,10.8824,2.01703,1.07243,fluid
1457,11.326,1.31095,,1004.94,-2.45724,39354.6,,-0.0693951,0.59654,0.600563,,-2.26488,11.3438,1.19273,1.5338,fluid
1458,11.7803,1.28341,,1004.91,-9.49183,39117.3,,0.0177708,0.343284,0.343743,,-3.20362,11.1953,0.100725,1.38535,fluid
1459,12.0924,1.39038,,1004.71,-11.9595,37492.5,,-0.0311351,0.352901,0.354272,,-3.81011,11.2656,-0.724142,1.45556,fluid
1460,14.011,1.15874,,1005.04,22.7108,40180.1,,0.313395,-0.27077,0.414165,,-2.6091,10.5117,0.244264,0.701728,fluid
1461,13.6198,1.25787,,1004.9,20.9615,38994.4,,0.463657,-0.120259,0.478999,,-1.9857,10.3121,0.86343,0.50208,fluid
1462,15.3395,1.57701,,1004.46,65.8629,35466.6,,1.07378,-0.186236,1.08981,,-0.962008,10.1773,1.33983,0.367315,fluid
1463,14.6099,1.27756,,1004.86,42.0639,38700,,0.705624,-0.228081,0.74157,,-2.14094,10.5175,0.495137,0.707539,fluid
1464,15.6703,1.77363,,1004.22,76.271,33554.9,,1.21719,-0.100346,1.22132,,-1.16398,10.0072,0.968324,0.19722,fluid
1465,15.4714,1.6956,,1004.32,74.9317,34376.1,,1.17069,-0.147533,1.17995,,-1.47095,10.2589,0.741397,0.448905,fluid
1466,15.4161,1.85328,,1004.17,84.936,33125.7,,1.24965,-0.139993,1.25747,,-1.26243,10.1076,0.877424,0.297636,fluid
1467,15.5721,2.26575,,1003.7,87.7123,29345.1,,1.38407,-0.18376,1.39621,,-0.981177,10.1941,0.896343,0.384103,fluid
1468,15.4861,2.01015,,1004,94.9121,31740.7,,1.29523,-0.16046,1.30513,,-1.28054,10.2533,0.760929,0.44329,fluid
1469,15.3801,2.42814,,1003.52,90.8175,27952,,1.38809,-0.223464,1.40596,,-0.922952,9.97309,0.888078,0.163089,fluid
1470,15.2528,2.51086,,1003.43,98.4147,27234.2,,1.39575,-0.183861,1.40781,,-1.0573,10.2638,0.722115,0.453824,fluid
1471,15.1466,2.29809,,1003.7,93.8602,29344.3,,1.39713,-0.253113,1.41987,,-1.3309,9.78783,0.599305,-0.0221654,fluid
1472,14.8543,2.7347,,1003.18,97.8502,25206.5,,1.39784,-0.383834,1.44958,,-1.35519,10.1279,0.336354,0.317936,fluid
1473,14.2573,2.77935,,1003.15,105.238,24933.2,,1.47045,-0.595214,1.58635,,-1.45664,10.2861,0.286681,0.476097,fluid
1474,14.1566,2.92472,,1002.96,107.18,23452.8,,1.50832,-0.679401,1.65428,,-1.30718,9.72567,0.344606,-0.0843278,fluid
1475,13.6641,2.67692,,1003.28,129.842,25956.5,,1.32903,-1.02135,1.67614,,-2.58517,11.3556,-0.691755,1.54561,fluid
1476,13.6107,3.04325,,1002.78,68.0249,22029.8,,1.63976,-1.11624,1.98363,,-3.44135,8.07498,-1.82728,-1.73502,fluid
1477,10.0254,5.19359,,1002.21,484.465,17487.5,,1.41844,0.531594,1.51478,,11.3775,27.4189,13.1179,17.6089,fluid
1478,6.0389,2.34199,,1004.95,66.6174,39420.9,,0.475618,-1.86396,1.92369,,-13.1457,3.304,-6.65005,-6.506,fluid
1479,7.08369,1.12769,,1006.59,384.122,52747,,4.20996,-2.49688,4.89471,,-6.86332,6.26519,0.534206,-3.54481,fluid
1480,5.48667,1.85056,,1006.45,378.176,51630.2,,1.95594,-1.83467,2.68174,,-12.643,12.0069,-3.29322,2.19694,fluid
1481,10.3289,3.85881,,1003.71,290.582,29458.1,,4.46961,2.84438,5.29792,,10.0979,9.26154,12.9394,-0.548459,fluid
1482,11.0239,2.94104,,1003.22,247.714,25518,,2.46527,1.49714,2.88426,,-2.52799,9.12707,-0.220639,-0.682929,fluid
1483,9.07274,4.33118,,1006.18,427.452,49409.4,,1.24564,-1.31521,1.81146,,3.01446,3.22619,8.42693,-6.58381,fluid
1484,11.9438,5.27611,,1000.42,274.022,3275.32,,4.42887,1.58817,4.70501,,0.65835,5.76154,0.932463,-4.04846,fluid
1485,9.96236,0.211002,,1006.58,90.7053,52663.6,,1.06047,-0.0512742,1.06171,,-7.36178,10.4658,-2.11007,0.655848,fluid
1486,9.97288,0.614918,,1006.32,148.089,50584.1,,1.25245,0.57572,1.37844,,-3.33761,10.39,1.70268,0.580006,fluid
1487,11.8756,1.41183,,1004.69,-0.509054,37369.3,,0.000568739,0.41017,0.410171,,-2.16462,12.0874,0.96741,2.27736,fluid
1488,10.4819,1.14569,,1005.4,31.4544,43058.7,,0.659778,0.618802,0.904557,,-1.24624,9.73513,2.83961,-0.0748666,fluid
1489,12.7504,1.19449,,1004.98,-12.4693,39710.4,,-0.0400906,-0.0598512,0.0720377,,-4.04982,11.3214,-0.950826,1.51139,fluid
1490,12.4,1.17222,,1005.04,-10.1841,40179.5,,-0.157338,0.0339767,0.160965,,-2.97318,11.3506,0.250836,1.54058,fluid
1491,13.1257,1.20085,,1004.98,15.2262,39699.4,,0.169596,-0.0938704,0.193842,,-3.06659,11.3437,-0.0570311,1.53375,fluid
1492,13.5566,1.10721,,1005.12,1.04744,40822.5,,0.0730245,-0.189726,0.203294,,-2.89439,10.2628,0.101538,0.452797,fluid
1493,14.1534,1.11752,,1005.1,22.0545,40609.1,,0.411817,-0.0652479,0.416954,,-1.76684,10.3926,1.08782,0.582586,fluid
1494,14.7725,1.27471,,1004.85,42.265,38634.4,,0.670541,-0.116769,0.680632,,-1.82845,10.1145,0.77422,0.304457,fluid
1495,15.1037,1.40102,,1004.67,63.9145,37199.5,,0.91424,-0.186513,0.933072,,-2.63188,10.3188,-0.180397,0.508788,fluid
1496,15.6104,1.60977,,1004.4,69.625,34970.9,,0.993618,-0.130262,1.00212,,-1.34051,10.2133,0.889927,0.403281,fluid
1497,15.2474,1.39012,,1004.67,56.6864,37191.6,,0.866008,-0.18471,0.885487,,-1.11626,10.438,1.31161,0.628043,fluid
1498,15.8402,1.94167,,1004.03,82.8901,31975.3,,1.26334,-0.0895782,1.26651,,-0.8492,10.2057,1.16133,0.395657,fluid
1499,15.6582,2.09729,,1003.88,91.5419,30812.9,,1.34076,-0.15368,1.34954,,-1.09458,10.3847,0.86566,0.574698,fluid
1500,15.6473,1.91937,,1004.07,86.9295,32365.9,,1.24482,-0.111332,1.24979,,-1.22974,10.0643,0.83033,0.254296,fluid
1501,15.5349,2.45526,,1003.48,90.2325,27566.9,,1.39088,-0.140987,1.39801,,-0.880279,9.9578,0.888084,0.147802,fluid
1502,15.4114,2.65426,,1003.24,96.8046,25689.7,,1.39094,-0.239074,1.41134,,-0.82772,10.5434,0.833826,0.733424,fluid
1503,15.0883,2.68804,,1003.22,101.995,25554.2,,1.38174,-0.320221,1.41836,,-1.2385,10.4472,0.4497,0.637176,fluid
1504,14.6076,2.8356,,1003.07,92.7667,24345.6,,1.45017,-0.461311,1.52177,,-1.21407,9.73197,0.447459,-0.078034,fluid
1505,14.424,2.88339,,1003.02,99.556,23947.7,,1.44237,-0.491524,1.52382,,-1.44946,9.75373,0.205795,-0.0562727,fluid
1506,14.3275,3.039,,1002.83,111.338,22429.7,,1.50843,-0.542503,1.60301,,-1.16812,10.1008,0.392959,0.290814,fluid
1507,13.8606,2.90886,,1002.94,114.995,23280.3,,1.56208,-1.01915,1.86514,,-1.91798,8.62591,-0.243304,-1.18409,fluid
1508,13.7306,2.96007,,1002.87,91.5015,22711.9,,1.63774,-1.23003,2.04821,,-2.98871,8.30655,-1.33934,-1.50345,fluid
1509,12.4587,4.96823,,1000.68,469.664,5363.63,,3.36974,-0.772811,3.45722,,9.26478,12.63,9.695,2.81996,fluid
1510,8.40258,4.04115,,1005.79,41.7239,46199,,1.76079,-1.97576,2.64651,,4.59646,-2.27474,10.063,-12.0847,fluid
1511,5.11247,2.59769,,1005.03,387.445,40064.2,,1.95109,-1.67183,2.56939,,-18.5805,3.98252,-10.7832,-5.82748,fluid
1512,4.72282,2.7204,,1004.56,454.225,36292.3,,2.17124,-2.04858,2.98513,,-11.5422,0.925401,-3.89264,-8.8846,fluid
1513,10.7518,4.96443,,1002.24,456.377,17660.3,,2.20028,1.67177,2.76333,,4.03394,7.9181,5.67281,-1.8919,fluid
1514,9.22681,4.0502,,1007.14,275.083,57232.6,,1.37231,-0.676848,1.53015,,2.72675,-13.6826,8.88564,-23.4926,fluid
1515,10.1562,4.78227,,1003.3,146.016,26161.9,,1.12279,1.23063,1.66587,,9.28253,13.8637,11.85,4.05368,fluid
1516,7.89397,2.25578,,1007.81,200.726,62720.6,,2.76533,-3.143,4.18635,,9.67374,3.56763,17.5576,-6.24237,fluid
1517,9.90367,0.896396,,1006.01,142.237,47997,,1.27801,0.260032,1.3042,,-2.85817,6.56177,1.95928,-3.24823,fluid
1518,10.4376,1.38345,,1005.11,83.4874,40717.1,,0.665514,0.810774,1.04893,,-1.3685,11.028,2.51266,1.21796,fluid
1519,10.5426,0.769234,,1005.96,60.222,47611.4,,0.64764,0.144996,0.663673,,-3.39753,8.92909,1.09182,-0.880906,fluid
1520,10.1661,0.814718,,1006,81.6448,47933.3,,0.876319,0.137683,0.887069,,-3.5946,6.39747,1.09231,-3.41253,fluid
1521,12.934,1.16831,,1005.03,-6.29804,40051.4,,0.0150233,-0.00489458,0.0158005,,-2.73373,10.5416,0.347387,0.731591,fluid
1522,11.7163,1.07729,,1005.28,-21.0263,42081.6,,-0.157266,0.275323,0.317073,,-2.27448,10.8361,1.29837,1.0261,fluid
1523,13.2134,1.06257,,1005.21,9.25339,41499.6,,-0.0643319,-0.136107,0.150545,,-3.88176,11.0588,-0.757299,1.24883,fluid
1524,13.6452,0.9797,,1005.33,2.18124,42466.3,,0.165865,-0.238077,0.290158,,-3.37497,10.8398,-0.279279,1.0298,fluid
1525,14.4359,1.14069,,1005.05,37.4084,40242.1,,0.397435,-0.315438,0.507401,,-3.04999,9.72484,-0.276358,-0.0851554,fluid
1526,14.9306,1.23611,,1004.89,43.5636,38928.8,,0.794844,-0.143921,0.807769,,-1.1612,10.359,1.43344,0.548961,fluid
1527,15.4506,1.42819,,1004.61,58.211,36672.5,,0.972255,-0.113397,0.978845,,-1.10788,10.0487,1.25476,0.238747,fluid
1528,15.8305,1.6419,,1004.34,68.9049,34487.6,,1.02781,-0.111259,1.03382,,-1.10773,10.2798,1.06142,0.469801,fluid
1529,15.9008,1.80667,,1004.16,77.6338,33037.4,,1.20819,-0.135945,1.21581,,-1.00642,9.8537,1.06269,0.0436997,fluid
1530,16.1318,1.97134,,1003.95,84.1823,31400.2,,1.29221,-0.0784255,1.29459,,-0.916438,10.0567,1.02238,0.246738,fluid
1531,16.0191,2.06836,,1003.87,88.1282,30697.3,,1.29394,-0.0938011,1.29733,,-0.940176,10.2091,0.968741,0.399059,fluid
1532,15.8429,2.11303,,1003.84,88.7551,30490.2,,1.34128,-0.104111,1.34532,,-0.74628,10.3873,1.17089,0.57728,fluid
1533,15.6974,2.47924,,1003.43,92.0326,27203.7,,1.38375,-0.1273,1.3896,,-0.682509,10.0428,1.04457,0.232786,fluid
1534,15.7553,2.28585,,1003.65,89.1556,28996,,1.37571,-0.126697,1.38154,,-0.815162,10.1006,1.01854,0.290623,fluid
1535,15.4906,2.86211,,1002.97,87.4702,23536.6,,1.34794,-0.203656,1.36324,,-0.674834,10.0656,0.840074,0.255628,fluid
1536,15.2629,2.71848,,1003.17,95.9225,25136.5,,1.37846,-0.292853,1.40922,,-0.932261,10.5039,0.709435,0.693872,fluid
1537,14.7556,2.90957,,1002.98,89.4693,23571.4,,1.39469,-0.375468,1.44435,,-1.16992,9.74094,0.422792,-0.0690628,fluid
1538,14.543,3.02234,,1002.85,102.548,22577.6,,1.41088,-0.42155,1.47251,,-1.11686,10.3653,0.431196,0.555283,fluid
1539,14.1667,3.13075,,1002.71,116.914,21445.5,,1.58242,-0.641726,1.70759,,-0.840573,10.1343,0.669133,0.324348,fluid
1540,14.0214,3.21417,,1002.59,127.771,20523.3,,1.63535,-0.776071,1.81016,,-0.827194,10.0941,0.632736,0.284138,fluid
1541,13.7644,3.41598,,1002.36,176.463,18638.1,,1.8628,-0.704954,1.99173,,-0.10902,11.2108,1.24187,1.40084,fluid
1542,13.5073,3.66875,,1002.08,165.088,16448.7,,2.28225,-1.01472,2.49766,,-1.8744,11.5104,-0.659164,1.70043,fluid
1543,7.35786,1.22285,,1006.54,412.643,52373.2,,4.06243,-2.42003,4.72862,,4.15582,17.7215,11.2275,7.91153,fluid
1544,5.82806,2.5215,,1004.68,350.277,37234.3,,1.70427,-1.09238,2.02431,,-7.73571,-0.759592,-1.37665,-10.5696,fluid
1545,11.138,3.96286,,1002.88,332.409,22764.5,,4.17389,2.43601,4.83276,,2.37357,7.28667,4.41156,-2.52333,fluid
1546,7.79982,1.96994,,1007.97,305.328,64067.5,,3.3784,-2.84808,4.41873,,9.38783,23.3429,17.5369,13.5329,fluid
1547,8.6994,4.31946,,1006,-262.624,47908,,1.09869,-2.53217,2.76026,,-2.91159,11.1745,2.56262,1.36445,fluid
1548,12.539,3.914,,1002.14,254.547,16880.9,,2.98368,-0.0861509,2.98493,,-0.828239,9.14935,0.515158,-0.660647,fluid
1549,10.102,0.14092,,1006.64,84.6435,53135.1,,0.979166,-0.0599905,0.981002,,-6.68751,10.8137,-1.46231,1.00365,fluid
1550,10.0129,1.30962,,1005.55,158.264,44308.1,,1.36252,1.16652,1.79367,,-2.14637,10.34,2.25432,0.530018,fluid
1551,10.2782,0.541965,,1006.35,102.786,50821.4,,0.935262,0.408998,1.02078,,-4.69777,10.2678,0.215611,0.457817,fluid
1552,10.6609,1.24028,,1005.2,34.5076,41436.6,,0.470728,0.896697,1.01274,,-1.78378,10.7837,2.08291,0.97366,fluid
1553,10.9479,1.27395,,1005.08,11.1901,40454.1,,0.129788,0.715342,0.72702,,-2.22939,10.8508,1.44708,1.04082,fluid
1554,12.6956,0.981141,,1005.35,-13.8808,42673.1,,-0.043339,0.190637,0.195501,,-2.89751,10.8709,0.445843,1.06089,fluid
1555,13.8107,1.02927,,1005.24,20.3097,41778.2,,0.195939,-0.0987395,0.219412,,-2.79333,10.941,0.215971,1.13097,fluid
1556,15.6788,1.33924,,1004.69,57.9067,37289,,0.816226,-0.116575,0.824508,,-1.45406,10.0573,0.913152,0.247281,fluid
1557,15.2175,1.24455,,1004.85,50.5587,38626.4,,0.7426,-0.193195,0.767319,,-1.90518,9.6993,0.620842,-0.110696,fluid
1558,15.9352,1.54315,,1004.43,64.6452,35215.4,,1.04542,-0.0863478,1.04898,,-0.776253,10.4444,1.42392,0.63443,fluid
1559,15.6636,1.47994,,1004.53,64.0981,36034.2,,1.01457,-0.15775,1.02676,,-1.32393,10.1279,0.966195,0.317883,fluid
1560,16.2029,1.75095,,1004.17,74.0194,33161.5,,1.15431,-0.0741858,1.15669,,-0.883815,10.0754,1.15432,0.265376,fluid
1561,16.0602,1.7978,,1004.14,76.7705,32932.6,,1.13266,-0.101832,1.13722,,-1.04191,9.91775,1.0002,0.107747,fluid
1562,16.34,1.93243,,1003.96,81.3165,31488.6,,1.20059,-0.0698491,1.20262,,-0.786465,9.87699,1.13301,0.066993,fluid
1563,16.0982,2.23099,,1003.68,92.0406,29170.9,,1.34098,-0.112456,1.34569,,-0.835655,10.2015,0.969768,0.391539,fluid
1564,15.943,2.30458,,1003.61,91.5481,28651.4,,1.36583,-0.112183,1.37042,,-0.778794,10.0215,1.01185,0.2115,fluid
1565,15.7537,2.68373,,1003.17,92.7812,25145.6,,1.3592,-0.144458,1.36685,,-0.601807,10.5572,0.989318,0.747181,fluid
1566,15.8674,2.48673,,1003.4,93.507,26988.1,,1.36975,-0.0983731,1.37328,,-0.655663,9.94899,1.03941,0.138994,fluid
1567,15.5798,2.65419,,1003.23,94.8185,25572.1,,1.35967,-0.18509,1.37221,,-0.694538,10.5924,0.941543,0.782427,fluid
1568,15.1658,2.90312,,1002.95,81.4301,23342.9,,1.36955,-0.285097,1.39891,,-0.821011,9.95591,0.713647,0.14591,fluid
1569,14.9678,2.86379,,1003.02,84.9109,23876.8,,1.39018,-0.345777,1.43254,,-0.994527,9.80611,0.595887,-0.00389037,fluid
1570,14.8709,3.05364,,1002.79,94.1743,22117.3,,1.37326,-0.265989,1.39879,,-0.897506,10.6332,0.585633,0.82322,fluid
1571,14.3814,3.22204,,1002.6,107.684,20554.4,,1.41217,-0.540298,1.512,,-0.798066,10.4034,0.62746,0.593438,fluid
1572,14.2054,3.35117,,1002.43,115.439,19200.1,,1.53288,-0.590205,1.64258,,-0.68492,9.35064,0.663414,-0.459359,fluid
1573,13.7993,3.16581,,1002.63,104.63,20796.7,,1.76374,-0.950436,2.00352,,-0.752938,9.53611,0.750194,-0.273892,fluid
1574,13.6262,3.57158,,1002.18,182.232,17254.8,,2.11745,-1.07373,2.37413,,-1.10891,11.51,0.154629,1.7,fluid
1575,9.30308,5.07644,,1005.33,-274.205,42520.3,,2.59784,-0.373169,2.62451,,32.2982,24.5867,36.8445,14.7767,fluid
1576,6.50086,1.83813,,1005.53,358.411,44096.2,,2.75919,-0.724517,2.85272,,1.68823,6.66984,8.43409,-3.14016,fluid
1577,4.9799,2.26374,,1005.77,476.148,46105.6,,2.01458,-1.92677,2.78765,,-11.8111,13.6419,-2.60588,3.83188,fluid
1578,9.9323,4.71968,,1004.44,44.5063,35328.7,,2.10061,0.85746,2.26887,,10.9453,20.5328,14.4865,10.7228,fluid
1579,8.96844,2.98587,,1006.88,250.37,55114.5,,2.45786,1.35527,2.80675,,-7.96559,2.85025,-1.8622,-6.95975,fluid
1580,10.2604,4.65394,,1003.45,114.37,27394.4,,1.75071,1.52721,2.32322,,13.5242,8.39886,16.1849,-1.41114,fluid
1581,10.2816,0.156229,,1006.67,74.1584,53437,,0.992907,-0.0366362,0.993583,,-6.19132,10.7243,-1.02843,0.914269,fluid
1582,10.2877,1.56889,,1004.95,100.157,39447.4,,1.09865,1.32161,1.71863,,-1.40815,11.3316,2.40737,1.52156,fluid
1583,11.5309,1.16739,,1005.14,-23.2708,40978.3,,-0.0998451,0.478223,0.488535,,-4.27316,11.3876,-0.737558,1.57756,fluid
1584,12.1898,1.01948,,1005.34,-22.9206,42583.8,,-0.176206,0.257472,0.311994,,-3.23771,11.236,0.23714,1.42595,fluid
1585,10.8277,1.09377,,1005.39,5.34303,42953.2,,0.311003,0.557798,0.63864,,-2.24457,10.128,1.70114,0.317995,fluid
1586,12.918,0.981184,,1005.34,-15.1922,42597.4,,-0.13255,-0.110326,0.172457,,-3.17262,10.8511,0.107367,1.04114,fluid
1587,14.5876,1.07465,,1005.13,31.3964,40899.2,,0.401537,-0.135063,0.423644,,-1.9662,9.93839,0.823193,0.128395,fluid
1588,15.3938,1.0759,,1005.05,33.5474,40218.9,,0.557077,-0.248023,0.609795,,-1.77151,10.1389,0.828035,0.328862,fluid
1589,15.9064,1.4056,,1004.58,57.3138,36451.1,,0.904508,-0.0827399,0.908285,,-1.48921,9.52687,0.79194,-0.283132,fluid
1590,16.3631,1.58144,,1004.33,64.8056,34429.4,,1.00454,-0.0514329,1.00586,,-0.756978,9.99531,1.33804,0.18531,fluid
1591,16.1345,1.58808,,1004.35,64.9655,34613.4,,1.04033,-0.041634,1.04116,,-1.28428,10.059,0.851725,0.248958,fluid
1592,16.5156,1.88803,,1003.99,77.902,31670.9,,1.24219,-0.0305001,1.24256,,-0.65142,9.91969,1.2586,0.109686,fluid
1593,16.3818,1.74427,,1004.16,72.495,33023.9,,1.15871,0.00668796,1.15873,,-0.594801,9.92089,1.41275,0.110893,fluid
1594,16.5186,2.07481,,1003.79,82.813,30072.3,,1.26554,-0.0199333,1.26569,,-0.701911,10.0659,1.11173,0.255891,fluid
1595,16.2789,2.24263,,1003.64,89.6903,28862,,1.32836,-0.0626671,1.32984,,-0.61752,10.2897,1.14902,0.479733,fluid
1596,16.2929,2.08133,,1003.81,86.4057,30275,,1.25855,-0.0448131,1.25935,,-0.703711,10.1809,1.1474,0.370856,fluid
1597,16.0692,2.46669,,1003.4,92.3951,26993,,1.35478,-0.101015,1.35854,,-0.620314,9.9718,1.05378,0.1618,fluid
1598,15.8469,2.85708,,1002.95,82.5396,23339.4,,1.32342,-0.171887,1.33453,,-0.358078,10.4982,1.1104,0.688162,fluid
1599,15.6519,2.88663,,1002.93,85.6798,23192.8,,1.30902,-0.200641,1.3243,,-0.262796,10.2362,1.21467,0.42622,fluid
1600,15.4749,3.0881,,1002.69,86.5744,21280.1,,1.29806,-0.126785,1.30424,,-0.339327,10.7478,1.03212,0.937822,fluid
1601,15.3395,2.94119,,1002.88,82.6178,22837.8,,1.34675,-0.244882,1.36883,,-0.541569,10.24,0.942966,0.429967,fluid
1602,15.0592,3.05986,,1002.77,85.9352,21903.8,,1.35504,-0.226696,1.37388,,-0.673408,10.7298,0.777095,0.91978,fluid
1603,14.7121,3.12474,,1002.72,108.659,21489.8,,1.37406,-0.336518,1.41466,,-0.915754,10.9327,0.540976,1.12272,fluid
1604,14.3616,3.47195,,1002.25,104.069,17771.1,,1.50387,-0.368716,1.54841,,-0.575856,8.65034,0.658775,-1.15966,fluid
1605,14.559,3.23987,,1002.57,106.076,20303.1,,1.43347,-0.487315,1.51404,,-0.807682,10.6433,0.583285,0.833275,fluid
1606,14.1006,3.54378,,1002.17,142.84,17132.9,,1.63681,-0.499915,1.71145,,-0.822112,9.18715,0.390304,-0.622853,fluid
1607,13.5944,4.07164,,1001.44,205.254,11319.3,,2.73809,-0.0406909,2.7384,,-1.81924,8.74358,-0.987785,-1.06642,fluid
1608,6.81903,2.25543,,1007.51,338.55,60304.8,,0.661224,-3.34387,3.40862,,-7.84883,15.7681,0.928822,5.95815,fluid
1609,4.37538,3.58662,,1003.88,376.248,30846.4,,1.55141,-1.97962,2.51511,,-13.7796,-0.849021,-6.75694,-10.659,fluid
1610,4.70517,2.23977,,1005.38,531.188,42921,,2.16957,-1.69095,2.7507,,-12.4758,15.4917,-3.40253,5.68167,fluid
1611,8.99607,4.53693,,1005.07,-211.823,40413.7,,1.54986,-2.69805,3.11152,,-0.95178,6.9584,3.51793,-2.8516,fluid
1612,12.6889,2.35068,,1003.88,116.487,30791.2,,0.865313,-0.243124,0.898819,,-1.70933,12.6016,0.707932,2.79162,fluid
1613,10.4617,0.173598,,1006.71,67.9565,53711.8,,0.952364,-0.029859,0.952832,,-6.52575,10.5968,-1.42584,0.786815,fluid
1614,10.0722,1.00948,,1005.8,68.5027,46285.1,,1.20871,0.981327,1.55691,,-3.125,9.04969,1.44384,-0.76031,fluid
1615,10.6441,0.951166,,1005.64,16.7062,45029.4,,0.460436,0.524922,0.698244,,-2.94652,9.6083,1.26019,-0.2017,fluid
1616,12.5296,1.05735,,1005.23,-8.56722,41708.2,,-0.290318,0.0411723,0.293223,,-3.33949,11.8606,-0.0280519,2.05056,fluid
1617,13.9603,0.90411,,1005.43,4.22358,43301.5,,0.052598,-0.153365,0.162134,,-3.13315,10.6301,-0.0481497,0.820079,fluid
1618,11.9553,0.945941,,1005.5,-14.4142,43898.1,,-0.230728,0.344039,0.414245,,-4.36038,10.8243,-0.708616,1.01431,fluid
1619,14.8036,1.06765,,1005.12,25.0451,40835.1,,0.419651,-0.228359,0.47776,,-1.91274,10.5836,0.831653,0.773557,fluid
1620,15.4391,1.25365,,1004.81,44.7132,38328.2,,0.843808,-0.113912,0.851462,,-1.08584,10.2436,1.38482,0.433577,fluid
1621,15.8315,1.19646,,1004.83,45.3921,38492.1,,0.656988,-0.173407,0.679488,,-0.638867,10.0752,1.7808,0.265181,fluid
1622,16.5575,1.56856,,1004.32,62.6822,34350.4,,1.03789,0.0236046,1.03816,,-0.965578,9.86161,1.10011,0.0516092,fluid
1623,16.1046,1.39269,,1004.57,58.8088,36356.4,,0.813196,-0.128596,0.823301,,-1.23763,10.0938,1.00962,0.283766,fluid
1624,16.6977,1.94034,,1003.91,79.2338,31039.9,,1.1745,-0.029193,1.17486,,-0.702809,9.82809,1.14888,0.0180913,fluid
1625,16.6252,1.73136,,1004.14,75.2247,32890.6,,1.11155,-0.0821179,1.11458,,-1.03243,10.1727,0.937775,0.36273,fluid
1626,16.7087,2.1298,,1003.7,84.9903,29391.4,,1.26658,-0.025056,1.26683,,-0.685134,10.0613,1.06742,0.251288,fluid
1627,16.4762,2.24571,,1003.61,87.781,28602.9,,1.30326,-0.045756,1.30406,,-0.62667,10.1839,1.10311,0.373874,fluid
1628,16.622,2.48424,,1003.31,85.8577,26204.9,,1.31339,-0.0632908,1.31492,,-0.39043,10.0202,1.1809,0.210181,fluid
1629,16.4431,2.42581,,1003.4,85.2191,26964.6,,1.32013,-0.067399,1.32185,,-0.546231,10.1425,1.08808,0.332456,fluid
1630,16.2384,2.4211,,1003.44,88.4337,27247.7,,1.33241,-0.0773006,1.33465,,-0.423855,10.0861,1.24837,0.276126,fluid
1631,15.9491,2.64511,,1003.2,93.0953,25361.5,,1.34854,-0.103814,1.35253,,-0.596452,10.5301,0.988627,0.720136,fluid
1632,16.0293,2.82507,,1002.97,80.4627,23491.3,,1.29797,-0.124741,1.30395,,-0.279207,10.8626,1.18198,1.05265,fluid
1633,15.6632,3.05915,,1002.71,86.5947,21456.9,,1.26845,-0.120724,1.27418,,-0.339701,10.7612,1.02649,0.951199,fluid
1634,15.5285,3.32337,,1002.37,79.2798,18754.4,,1.28135,-0.229561,1.30175,,-0.17312,11.1591,1.03176,1.34911,fluid
1635,15.2399,3.1124,,1002.68,85.9681,21217.9,,1.3152,-0.22777,1.33478,,-0.522303,11.119,0.866234,1.30897,fluid
1636,14.5995,3.43151,,1002.28,84.5068,18039.3,,1.42253,-0.439519,1.48888,,-0.253275,9.00358,0.979518,-0.806421,fluid
1637,14.8373,3.31655,,1002.45,109.889,19348.2,,1.30886,-0.394821,1.36711,,-0.515504,10.5623,0.785335,0.752313,fluid
1638,14.2625,3.61112,,1002.07,119.225,16340.7,,1.58561,-0.261714,1.60706,,-0.760504,10.1708,0.382839,0.360829,fluid
1639,13.6625,3.32372,,1002.48,159.091,19645.5,,1.82853,-0.994411,2.08143,,-1.20602,10.0322,0.228332,0.222244,fluid
1640,13.2478,4.1171,,1001.41,25.8406,11086.8,,2.89874,-0.948859,3.05009,,-2.61951,7.3154,-1.7838,-2.4946,fluid
1641,6.08897,2.0568,,1005.16,124.217,41162,,1.71406,-1.80524,2.48935,,-10.9532,12.9875,-4.22779,3.17748,fluid
1642,4.70578,3.51928,,1004.06,280.407,32290.5,,0.921186,-1.72178,1.95272,,-15.314,-2.50434,-8.47985,-12.3143,fluid
1643,10.161,3.72109,,1003.88,346.894,30807.2,,4.59594,3.4007,5.71729,,5.41611,4.83938,8.43632,-4.97062,fluid
1644,13.1377,3.81431,,1002.08,309.144,16394.4,,2.75683,-0.846483,2.88386,,-2.67823,9.11296,-1.43292,-0.697037,fluid
1645,10.6424,0.136806,,1006.79,71.9022,54408.8,,0.860822,-0.0300651,0.861347,,-6.39359,10.3019,-1.31562,0.491887,fluid
1646,10.2984,1.10802,,1005.54,39.1135,44229.4,,0.659918,0.673296,0.942773,,-2.24561,9.27461,2.02548,-0.535387,fluid
1647,11.0153,0.951316,,1005.6,12.636,44686.8,,0.193601,0.464546,0.503274,,-3.44491,10.7034,0.589293,0.893414,fluid
1648,11.1452,1.15171,,1005.24,-4.4995,41793,,0.164564,0.657713,0.677988,,-3.0597,11.1348,0.670608,1.3248,fluid
1649,13.3187,0.940826,,1005.41,1.92815,43145.9,,-0.0389729,-0.00140324,0.0389981,,-3.16674,10.8313,0.0553202,1.02134,fluid
1650,15.0288,1.08974,,1005.07,40.5578,40426.9,,0.511857,-0.134033,0.529115,,-2.01772,9.96662,0.65867,0.156625,fluid
1651,14.1526,0.93087,,1005.37,5.23566,42829.3,,0.107668,-0.263909,0.285027,,-2.67222,11.2074,0.337873,1.39744,fluid
1652,15.6618,1.18872,,1004.87,48.2027,38756.2,,0.661411,-0.123029,0.672756,,-1.873,9.55815,0.58958,-0.251851,fluid
1653,14.8084,0.902083,,1005.36,21.4898,42767.8,,0.346892,-0.122508,0.367889,,-1.22087,10.1252,1.65181,0.315151,fluid
1654,16.2551,1.25362,,1004.71,47.2956,37481,,0.7445,-0.0579486,0.746752,,-0.672817,9.95999,1.62218,0.149992,fluid
1655,16.2881,1.42706,,1004.51,56.6605,35856.5,,0.952173,0.0103469,0.952229,,-0.730096,9.89727,1.46141,0.0872675,fluid
1656,16.7507,1.5966,,1004.27,71.6752,33922.5,,0.934473,-0.0873751,0.938549,,-1.09006,9.88712,0.926477,0.0771193,fluid
1657,16.8153,1.7911,,1004.05,72.3765,32189.4,,1.17349,-0.0071909,1.17351,,-0.645877,10.0533,1.2607,0.243309,fluid
1658,16.997,1.89742,,1003.92,79.9308,31107.9,,1.14874,-0.0483409,1.14976,,-0.793475,9.91624,1.02958,0.10624,fluid
1659,16.8759,2.01603,,1003.81,81.8149,30216.5,,1.22046,-0.0319934,1.22088,,-0.629887,9.96695,1.15384,0.156952,fluid
1660,16.8813,2.2322,,1003.57,88.0761,28305.5,,1.28408,0.00755169,1.2841,,-0.657485,10.1647,1.01328,0.354663,fluid
1661,16.6639,2.29374,,1003.52,89.3425,27957.4,,1.29491,-0.018154,1.29504,,-0.61617,10.2988,1.05566,0.488824,fluid
1662,16.5377,2.6367,,1003.13,85.9711,24830,,1.31966,0.000726052,1.31966,,-0.345257,10.2012,1.15147,0.391213,fluid
1663,16.7755,2.59004,,1003.16,82.8129,25019.7,,1.29304,-0.0304034,1.2934,,-0.328163,10.0818,1.15859,0.271783,fluid
1664,16.3269,2.60576,,1003.2,88.8916,25364.9,,1.31238,-0.0132086,1.31245,,-0.329781,10.0301,1.21882,0.220067,fluid
1665,15.6915,3.246,,1002.46,90.3419,19466.1,,1.19103,-0.110164,1.19611,,-0.0601353,11.3965,1.17736,1.58647,fluid
1666,15.3781,3.25474,,1002.48,82.4657,19635.2,,1.23098,-0.283601,1.26323,,-0.37616,11.2904,0.897507,1.48043,fluid
1667,15.0029,3.23866,,1002.55,101.883,20136,,1.30764,-0.306084,1.34299,,-0.415773,11.243,0.922958,1.43304,fluid
1668,14.7753,3.48545,,1002.19,91.9835,17288.8,,1.35825,-0.325716,1.39676,,0.0875585,9.47599,1.25512,-0.334012,fluid
1669,14.5124,3.5838,,1002.06,97.6705,16305.5,,1.37495,-0.197464,1.38906,,0.108765,9.89242,1.23001,0.0824186,fluid
1670,13.9278,3.63086,,1002.04,120.157,16135.7,,1.78759,-0.725019,1.92902,,-1.63615,9.108,-0.479987,-0.701996,fluid
1671,13.952,3.38884,,1002.38,155.924,18797.2,,1.72155,-0.688017,1.85395,,-0.578056,10.0513,0.76602,0.241284,fluid
1672,11.1829,5.44675,,1000.41,233.505,3197.45,,2.89994,-0.219666,2.90825,,1.59375,14.9857,1.87956,5.17572,fluid
1673,5.33314,2.78109,,1004.6,210.213,36572.1,,1.24449,-1.29887,1.79884,,-13.7045,6.00169,-6.87836,-3.80831,fluid
1674,4.99446,2.93655,,1004.49,381.314,35750.3,,1.81546,-1.27613,2.2191,,-12.0193,6.06815,-4.89335,-3.74185,fluid
1675,7.46421,0.893619,,1006.84,615.43,54830.6,,3.8378,0.0992588,3.83908,,-6.3944,0.554254,0.901461,-9.25575,fluid
1676,9.40461,4.80199,,1005.66,-18.0992,45158.4,,1.52043,-1.31855,2.01253,,9.08022,-3.0591,13.8549,-12.8691,fluid
1677,10.7979,0.219298,,1006.72,54.5713,53804.8,,0.735591,0.148164,0.750364,,-6.2243,10.1438,-1.27465,0.333807,fluid
1678,10.3642,0.838336,,1005.89,56.9369,47046.6,,0.830682,0.38016,0.913539,,-3.19668,8.31792,1.31607,-1.49208,fluid
1679,10.6363,0.516823,,1006.33,53.796,50663.4,,0.619722,0.223876,0.65892,,-4.33781,8.81083,0.395443,-0.999167,fluid
1680,11.2209,0.816445,,1005.8,3.17124,46309.1,,0.0891708,0.485249,0.493374,,-3.57373,11.3093,0.529497,1.49927,fluid
1681,13.0794,0.857811,,1005.56,-9.44406,44395.3,,-0.152714,-0.0111608,0.153121,,-3.21228,11.2691,0.16322,1.45906,fluid
1682,14.3307,0.903346,,1005.4,16.4241,43064.6,,0.253911,-0.045642,0.25798,,-2.04521,11.0273,0.943719,1.21732,fluid
1683,13.6935,0.810723,,1005.61,1.884,44772,,-0.177998,-0.087673,0.198418,,-3.01085,10.6831,0.24048,0.873052,fluid
1684,16.0296,1.21446,,1004.78,43.4812,38090.4,,0.802202,0.0601763,0.804456,,-1.46291,9.78309,0.902039,-0.0269147,fluid
1685,16.2967,1.1119,,1004.87,41.6244,38821.5,,0.71797,-0.202275,0.74592,,-0.631336,10.1966,1.73928,0.386626,fluid
1686,16.8894,1.51576,,1004.34,62.5189,34485.6,,0.961319,0.0524999,0.962751,,-0.523023,9.97067,1.51,0.160666,fluid
1687,16.4841,1.38847,,1004.53,53.1914,36005.8,,0.64932,-0.152693,0.667032,,-0.983666,9.59647,1.19077,-0.213528,fluid
1688,17.1693,1.65732,,1004.15,65.4267,32974.7,,1.08515,-0.00518173,1.08516,,-1.06629,9.75654,0.846332,-0.0534602,fluid
1689,16.9832,1.69544,,1004.13,66.9645,32830.1,,1.10283,0.00939944,1.10287,,-0.905276,9.90905,1.01986,0.0990481,fluid
1690,17.1705,2.02822,,1003.76,80.2726,29841.5,,1.1479,-0.0204769,1.14808,,-0.760241,9.93181,0.9712,0.121809,fluid
1691,17.1743,1.83596,,1003.96,75.3645,31462.7,,1.14652,0.0438806,1.14736,,-0.929092,9.98811,0.895641,0.178113,fluid
1692,17.1014,2.33095,,1003.43,84.4331,27192,,1.22798,0.0744828,1.23024,,-0.534941,10.2262,1.04968,0.416211,fluid
1693,17.0357,2.15119,,1003.64,82.9591,28889.2,,1.20462,0.0169947,1.20474,,-0.65268,9.88789,1.03697,0.0778919,fluid
1694,16.841,2.40715,,1003.37,89.006,26713.9,,1.25821,-0.0345757,1.25869,,-0.502496,10.3037,1.07842,0.493654,fluid
1695,16.205,2.85825,,1002.9,80.9242,22985.8,,1.32933,-0.142922,1.33699,,-0.248023,10.9642,1.16631,1.15419,fluid
1696,16.1513,2.64785,,1003.17,91.7142,25136.8,,1.3279,-0.0512408,1.32888,,-0.448403,10.4136,1.103,0.60364,fluid
1697,15.8793,3.05575,,1002.7,81.88,21325.2,,1.25336,-0.135726,1.26069,,-0.154567,10.2903,1.18478,0.480299,fluid
1698,15.3298,3.50569,,1002.14,78.1926,16867.2,,1.26393,-0.184031,1.27726,,0.0804649,9.96157,1.17841,0.151567,fluid
1699,15.1915,3.35224,,1002.37,82.3797,18744.3,,1.28609,-0.324251,1.32634,,-0.373113,10.6218,0.857841,0.811847,fluid
1700,14.9492,3.59318,,1002.01,96.4733,15846.6,,1.26001,-0.189883,1.27424,,0.0228684,9.91032,1.08078,0.100316,fluid
1701,14.4287,3.70429,,1001.91,85.5896,15105.2,,1.40028,-0.301672,1.4324,,-0.321067,11.0183,0.723817,1.20834,fluid
1702,12.5754,4.79705,,1000.42,-204.787,3324.97,,3.26756,-0.64068,3.32978,,7.06509,8.9344,7.32939,-0.875598,fluid
1703,12.5228,4.86937,,1000.53,181.495,4176.44,,3.31483,-0.98314,3.45755,,7.98975,10.67,8.32308,0.860035,fluid
1704,6.3975,1.97294,,1005.42,379.24,43226.6,,1.92272,-0.822287,2.09118,,-1.97839,14.6649,4.74199,4.85489,fluid
1705,4.16353,3.17661,,1003.81,433.095,30227.2,,2.08374,-2.30203,3.10505,,-8.8684,3.8939,-1.63596,-5.9161,fluid
1706,9.64323,3.14321,,1004.2,299.942,33356.2,,3.65909,3.6075,5.13838,,-3.26061,3.17005,0.183951,-6.63995,fluid
1707,9.9196,3.73587,,1004.88,441.565,38876,,3.67703,2.92527,4.69869,,-4.20696,2.22015,-0.306889,-7.58985,fluid
1708,11.5585,3.89874,,1002.37,383.123,18771.7,,3.41164,2.02973,3.96977,,-2.84135,6.2424,-1.22114,-3.5676,fluid
1709,10.1097,0.461104,,1006.46,93.1626,51661.6,,0.973234,-0.0698096,0.975734,,-4.74596,8.22809,0.331363,-1.58191,fluid
1710,11.323,1.03714,,1005.4,-11.1969,43096.5,,0.0585312,0.327141,0.332336,,-3.10946,11.3853,0.676171,1.57531,fluid
1711,10.8089,0.547819,,1006.27,34.1297,50120.5,,0.593864,0.294029,0.662667,,-3.75344,9.59278,0.854646,-0.217216,fluid
1712,12.1292,0.811618,,1005.74,-24.9004,45835.7,,-0.181849,0.287368,0.340073,,-3.80663,11.5154,-0.0492295,1.70542,fluid
1713,12.8806,0.755502,,1005.76,-16.6883,46011.3,,-0.176269,0.0138185,0.17681,,-3.30334,10.9511,0.248318,1.14107,fluid
1714,14.4829,0.878968,,1005.42,18.3378,43273.7,,0.172495,-0.172945,0.244264,,-2.27841,10.3737,0.693385,0.563711,fluid
1715,15.5531,1.01242,,1005.11,33.0056,40729.5,,0.579724,-0.0783198,0.584991,,-0.843149,9.94018,1.76227,0.130176,fluid
1716,15.1996,1.05594,,1005.1,39.3935,40647.9,,0.530566,-0.0467249,0.532619,,-1.68573,9.64358,0.974977,-0.166417,fluid
1717,16.8703,1.37967,,1004.49,58.0476,35710.1,,0.838346,0.0371772,0.83917,,-1.11744,9.27202,0.989847,-0.537981,fluid
1718,15.9851,0.892902,,1005.21,24.9822,41503.3,,0.397481,-0.0578881,0.401674,,-0.744378,9.93775,1.83854,0.127749,fluid
1719,16.6407,1.37079,,1004.53,49.6037,36008.5,,0.906209,0.0404234,0.90711,,-0.59529,9.86261,1.55884,0.0526114,fluid
1720,17.3853,1.61262,,1004.18,64.6128,33181.9,,0.997855,-0.0402143,0.998665,,-1.09587,9.85747,0.804814,0.0474673,fluid
1721,17.1134,1.50001,,1004.33,56.5525,34395.1,,0.963807,-0.0312665,0.964314,,-1.04243,9.62067,0.95874,-0.189334,fluid
1722,17.5246,1.91223,,1003.85,79.2652,30567.7,,1.11332,0.0548806,1.11467,,-1.17553,10.0458,0.562055,0.235763,fluid
1723,17.3739,1.77181,,1004.01,70.07,31847.3,,1.09282,0.0561763,1.09426,,-0.766878,10.0969,1.05886,0.286853,fluid
1724,17.352,1.96695,,1003.81,79.4679,30220.9,,1.13651,0.000986938,1.13651,,-0.83879,10.1018,0.896247,0.291764,fluid
1725,17.0126,2.47862,,1003.26,85.1551,25865.1,,1.26828,0.0343759,1.26874,,-0.53576,10.4024,0.979641,0.59245,fluid
1726,16.6069,2.80303,,1002.92,90.1556,23128.6,,1.26838,-0.0212719,1.26855,,-0.213551,10.9311,1.1751,1.12114,fluid
1727,16.3912,2.77157,,1002.99,91.8565,23666.7,,1.30503,-0.0429882,1.30574,,-0.371045,11.0057,1.06852,1.19568,fluid
1728,16.0568,3.059,,1002.67,77.097,21117.3,,1.26968,-0.0692639,1.27157,,0.19411,10.3359,1.50577,0.525923,fluid
1729,15.6128,3.48744,,1002.12,65.9977,16776.2,,1.27237,-0.223561,1.29186,,0.179775,10.137,1.25201,0.327026,fluid
1730,15.0576,3.48905,,1002.18,92.496,17188.5,,1.23664,-0.24418,1.26052,,-0.15303,9.81054,0.986005,0.000540639,fluid
1731,14.092,3.74636,,1001.91,97.3213,15075.7,,1.75267,-0.522331,1.82884,,-0.0971612,9.99904,0.970609,0.189037,fluid
1732,14.1486,3.97306,,1001.69,170.689,13339,,1.5922,-0.0361644,1.59261,,-0.0487047,10.2095,0.892478,0.399539,fluid
1733,6.03512,3.80511,,1006.01,-27.6999,48013.8,,3.07811,-1.58828,3.46372,,-11.6222,9.78488,-3.714,-0.0251242,fluid
1734,5.24175,2.08529,,1006,456.038,47966.3,,2.29093,-1.72297,2.86653,,-11.1874,5.42446,-2.09114,-4.38554,fluid
1735,9.41819,2.5364,,1004.49,147.255,35693.8,,2.73716,3.97028,4.82236,,-2.83716,6.01224,0.935791,-3.79776,fluid
1736,5.48552,3.44563,,1004.59,554.936,36539.4,,2.72693,-2.44878,3.66506,,-11.5149,-0.356165,-4.88428,-10.1662,fluid
1737,6.90069,0.42908,,1007.67,328.82,61617.9,,2.56577,-0.459902,2.60666,,-18.6601,12.928,-9.79885,3.11804,fluid
1738,8.05797,0.775886,,1007.07,844.629,56701.2,,4.85489,-0.307536,4.86462,,-5.01147,12.8988,1.97577,3.08885,fluid
1739,6.32319,0.447469,,1008.25,679.451,66375.2,,3.35539,-0.423234,3.38197,,-4.82477,13.8615,5.58643,4.05145,fluid
1740,7.36067,1.58532,,1007.64,793.484,61342.3,,3.09638,-2.65616,4.07955,,11.6159,23.3844,19.8865,13.5744,fluid
1741,10.9767,0.138372,,1006.86,53.7031,54927.3,,0.603916,-0.0164367,0.60414,,-6.57945,9.79021,-1.60952,-0.0197876,fluid
1742,10.833,0.79736,,1005.88,41.1634,46934.8,,0.344148,0.348807,0.490005,,-3.8662,10.7005,0.441067,0.890541,fluid
1743,11.9698,1.1601,,1005.11,-9.45089,40705.9,,-0.189531,0.385146,0.429254,,-3.2451,11.2453,0.138327,1.43534,fluid
1744,13.4226,0.82224,,1005.61,-8.98583,44788.8,,-0.140009,-0.117904,0.18304,,-2.49242,11.0838,0.825783,1.27377,fluid
1745,13.1882,0.68675,,1005.88,-17.0081,46946,,-0.168452,-0.0216429,0.169837,,-2.86268,10.8052,0.676212,0.995233,fluid
1746,13.8975,0.720144,,1005.74,-1.90263,45850.9,,-0.00865354,-0.140797,0.141062,,-2.44553,10.5683,0.83484,0.758258,fluid
1747,16.4964,1.16044,,1004.79,38.8123,38115.9,,0.636907,0.0342755,0.637829,,-1.68414,9.88033,0.615412,0.0703335,fluid
1748,16.0522,1.0444,,1004.99,29.8339,39773.1,,0.659783,-0.0572348,0.662261,,-1.13176,9.67071,1.33367,-0.139288,fluid
1749,17.2136,1.26817,,1004.57,46.6932,36397.6,,0.742729,-0.0240067,0.743117,,-1.35102,10.0308,0.753817,0.220779,fluid
1750,16.6562,1.1608,,1004.77,35.7579,37935.4,,0.726842,-0.01327,0.726963,,-0.596939,9.83778,1.66981,0.0277787,fluid
1751,17.0523,1.30717,,1004.55,50.9019,36193.9,,0.702544,-0.0865417,0.707854,,-1.09459,9.77084,1.01832,-0.0391601,fluid
1752,17.54,1.58833,,1004.19,63.3202,33271.5,,0.912309,-0.0701708,0.915004,,-0.813002,9.85102,1.07598,0.041022,fluid
1753,17.3175,1.45625,,1004.35,57.8677,34595.7,,0.797055,0.00159538,0.797057,,-1.23906,9.33674,0.750014,-0.473256,fluid
1754,17.7166,1.99087,,1003.75,78.4281,29777.1,,1.07432,0.0522698,1.07559,,-1.09753,10.1523,0.576935,0.342276,fluid
1755,17.6482,1.79861,,1003.96,72.7172,31442.1,,1.03926,0.0898021,1.04314,,-1.34554,9.76456,0.42904,-0.0454367,fluid
1756,17.4252,2.14902,,1003.6,77.2524,28582.9,,1.1548,0.0319934,1.15525,,-0.872246,9.79787,0.762181,-0.0121307,fluid
1757,17.25,2.21246,,1003.55,78.9469,28153.9,,1.19219,0.0294454,1.19255,,-0.68302,9.98302,0.943318,0.173022,fluid
1758,17.2067,2.53049,,1003.18,85.3502,25195.1,,1.24935,0.0407776,1.25001,,-0.597576,10.3511,0.862043,0.541116,fluid
1759,16.9653,2.68003,,1003.02,79.7836,23946.1,,1.2375,0.00480181,1.23751,,-0.266366,10.121,1.14085,0.31104,fluid
1760,15.874,3.22443,,1002.47,90.3706,19538.6,,1.21416,-0.149281,1.22331,,-0.328857,11.4432,0.898962,1.63316,fluid
1761,15.2075,3.6323,,1001.94,98.7866,15311.7,,1.18132,-0.192369,1.19688,,0.0666176,10.1968,1.07152,0.38675,fluid
1762,15.4102,3.72939,,1001.78,107.777,14012.9,,1.12517,-0.0761868,1.12774,,0.0323341,10.8386,0.94005,1.02865,fluid
1763,13.6525,3.97821,,1001.55,184.387,12230.7,,2.41762,-0.137372,2.42152,,-1.68043,7.87616,-0.785958,-1.93384,fluid
1764,13.7369,3.89114,,1001.68,116.551,13227.2,,2.26055,-0.342222,2.2863,,-1.56485,7.81471,-0.603566,-1.99529,fluid
1765,5.80308,2.78943,,1004.68,195.302,37240.5,,1.78815,-1.57519,2.383,,-10.328,6.43083,-3.94052,-3.37917,fluid
1766,8.21262,0.607279,,1007.06,590.858,56619,,4.8204,0.124953,4.82202,,-6.20092,10.6656,0.644874,0.855569,fluid
1767,11.7174,5.5516,,1000.15,319.641,1178.76,,3.74007,0.302386,3.75228,,1.42097,7.97194,1.52155,-1.83806,fluid
1768,8.78109,0.715853,,1006.53,405.782,52283.5,,3.44141,0.917486,3.56162,,-3.70787,4.33406,2.20758,-5.47594,fluid
1769,10.2333,4.92167,,1002.69,262.848,21265.6,,1.30829,1.22985,1.79559,,9.82467,14.5761,11.8972,4.76608,fluid
1770,9.65427,5.2279,,1002.88,-173.156,22788.8,,1.44925,0.105424,1.45308,,6.44017,42.071,8.79388,32.261,fluid
1771,10.2527,4.16848,,1004.64,586.322,36935.2,,4.1185,2.1055,4.62549,,14.8334,6.8676,18.4193,-2.9424,fluid
1772,8.89329,3.24015,,1007.85,520.048,63109.1,,2.60141,0.158436,2.60623,,-6.41973,15.6263,0.621233,5.81628,fluid
1773,11.1758,0.171549,,1006.83,37.6781,54722.9,,0.626777,0.0230348,0.6272,,-5.54695,10.7184,-0.683644,0.908413,fluid
1774,11.2742,0.456788,,1006.39,23.7891,51082.9,,0.29442,0.268939,0.398762,,-4.88759,10.3145,-0.385387,0.504514,fluid
1775,11.0695,0.665853,,1006.06,16.8587,48446.9,,0.176545,0.389926,0.428031,,-3.70638,10.2065,0.643855,0.396481,fluid
1776,12.65,0.784585,,1005.72,-25.9556,45703.4,,-0.291054,0.0654387,0.29832,,-3.57601,11.5289,0.0163527,1.71894,fluid
1777,13.4748,0.648817,,1005.92,-10.6694,47315,,-0.18492,-0.0822525,0.202388,,-2.85265,10.9097,0.638045,1.09972,fluid
1778,14.1648,0.72492,,1005.7,3.14913,45501.3,,0.0344879,-0.0437077,0.0556757,,-2.5909,10.4124,0.603177,0.60243,fluid
1779,16.2675,0.970827,,1005.06,40.48,40322.1,,0.54677,-0.0886501,0.55391,,-1.50696,9.42057,0.959253,-0.389431,fluid
1780,16.8303,1.19336,,1004.71,44.3219,37456.6,,0.62261,0.105366,0.631462,,-0.977058,9.5599,1.23806,-0.250096,fluid
1781,17.6427,1.42641,,1004.35,56.6385,34584,,0.841728,0.076928,0.845236,,-1.56986,9.46341,0.381897,-0.346593,fluid
1782,17.0802,1.07702,,1004.81,37.0706,38336.4,,0.538569,0.0175524,0.538855,,-0.837847,10.1577,1.3959,0.347654,fluid
1783,17.8277,1.51314,,1004.24,58.2415,33704.2,,0.943892,0.00655409,0.943915,,-1.41562,10.007,0.466948,0.197028,fluid
1784,17.7333,1.65138,,1004.1,60.4113,32606.7,,0.956123,0.115045,0.963019,,-1.23599,9.72485,0.595229,-0.0851542,fluid
1785,17.4573,1.33824,,1004.47,53.7006,35529.1,,0.852054,-0.00921711,0.852104,,-1.17756,10.066,0.848591,0.255968,fluid
1786,17.8684,2.00743,,1003.72,74.0468,29547.5,,1.07918,0.125013,1.0864,,-1.12964,10.1634,0.517841,0.35343,fluid
1787,17.4059,2.56459,,1003.12,86.6028,24707.2,,1.20747,0.057579,1.20884,,-0.583083,10.3592,0.831974,0.549209,fluid
1788,17.612,2.13299,,1003.6,75.6811,28595.2,,1.14139,0.0603724,1.14299,,-0.79375,9.93852,0.824038,0.128524,fluid
1789,17.3387,2.38145,,1003.35,84.0939,26523.2,,1.18774,0.0577064,1.18915,,-0.701407,10.279,0.823199,0.468951,fluid
1790,17.1348,2.72987,,1002.94,81.1628,23287.8,,1.25918,0.0464604,1.26004,,-0.346908,10.1401,1.0082,0.330124,fluid
1791,16.3109,3.01509,,1002.69,75.148,21289.3,,1.25652,-0.101005,1.26057,,-0.033988,10.7213,1.26773,0.911273,fluid
1792,16.1873,3.17238,,1002.5,88.5061,19760.7,,1.20653,-0.021993,1.20673,,0.109463,10.6267,1.32717,0.816681,fluid
1793,15.5096,3.65001,,1001.9,90.0389,14963.6,,1.14497,-0.0818437,1.14789,,0.0946315,10.2397,1.0576,0.429712,fluid
1794,15.7031,3.69255,,1001.8,78.4147,14196,,1.10856,-0.078809,1.11136,,0.159192,10.2373,1.06159,0.427293,fluid
1795,13.8424,3.77369,,1001.84,68.4927,14544.6,,2.05627,-0.682709,2.16664,,-1.65407,8.46048,-0.605275,-1.34952,fluid
1796,13.9491,4.24434,,1001.36,260.133,10706.2,,2.21882,0.263131,2.23436,,2.35021,10.1442,3.11669,0.334229,fluid
1797,11.5924,5.51815,,1000.32,406.983,2476.81,,3.42158,0.293805,3.43418,,2.13553,10.1478,2.34912,0.337775,fluid
1798,5.09232,3.74797,,1004.31,409.733,34285.2,,2.29071,-2.53269,3.41495,,-11.6222,1.89222,-4.91839,-7.91778,fluid
1799,9.21054,0.806222,,1006.41,270.644,51295.6,,2.08738,-0.216586,2.09858,,-7.59946,10.8304,-2.06571,1.02038,fluid
1800,5.84661,0.969217,,1008.17,688.414,65742.3,,2.47964,-1.14925,2.73302,,-8.29196,13.2252,2.8614,3.41519,fluid
1801,12.7375,4.14256,,1001.71,351.5,13500,,3.24543,-0.703687,3.32084,,-1.20093,14.281,-0.14288,4.47103,fluid
1802,8.11609,1.58862,,1007.16,493.265,57422.1,,4.21071,-0.958325,4.31839,,-6.16879,17.2481,0.855996,7.4381,fluid
1803,8.26939,2.50312,,1009.05,654.75,72984.1,,2.12586,-1.66128,2.69799,,9.30378,-0.618109,18.0504,-10.4281,fluid
1804,9.77744,3.88677,,1005.92,583.156,47253.3,,3.27765,1.48853,3.59982,,-2.00042,10.2374,2.80405,0.427438,fluid
1805,11.3686,0.140038,,1006.91,32.8026,55333.5,,0.563117,0.0192315,0.563445,,-5.04831,10.6692,-0.21446,0.859168,fluid
1806,11.3946,0.691815,,1005.99,-11.0587,47885.6,,0.080575,0.0142923,0.0818328,,-3.98741,10.692,0.190037,0.88198,fluid
1807,11.4891,0.389355,,1006.51,13.8919,52075,,0.313825,0.12791,0.338891,,-4.52742,10.6552,-0.0241583,0.84517,fluid
1808,13.4202,0.492189,,1006.22,-6.20866,49771.4,,-0.0565811,-0.0700507,0.0900474,,-3.51243,10.4983,0.173336,0.688307,fluid
1809,14.099,0.561389,,1005.99,1.98393,47890.2,,0.0790155,-0.0766204,0.110064,,-3.066,10.31,0.310478,0.499989,fluid
1810,14.6643,0.816687,,1005.51,15.0654,43928.2,,0.257532,-0.0877306,0.272065,,-2.44851,10.1179,0.530677,0.307923,fluid
1811,16.9193,1.05719,,1004.86,34.4558,38681.7,,0.598691,-0.0431602,0.600245,,-1.6868,9.39821,0.588394,-0.411792,fluid
1812,16.2986,0.815448,,1005.27,31.6246,42003.3,,0.40719,-0.0310382,0.408372,,-2.3776,9.23083,0.185999,-0.579171,fluid
1813,17.3375,1.16716,,1004.68,41.6678,37225.6,,0.640063,0.0400177,0.641313,,-1.35929,9.44892,0.777825,-0.361079,fluid
1814,17.8403,1.33455,,1004.43,52.0053,35259,,0.818739,0.091155,0.823798,,-1.62137,9.71787,0.346279,-0.0921252,fluid
1815,18.0054,1.51836,,1004.22,58.4387,33574.4,,0.905146,0.0663648,0.907575,,-1.29464,9.85071,0.562204,0.0407104,fluid
1816,18.0502,1.68526,,1004.05,63.1691,32166.8,,0.886765,0.116681,0.894409,,-1.49917,9.72311,0.275719,-0.0868934,fluid
1817,18.0458,1.86092,,1003.87,67.5578,30708.4,,0.991879,0.16602,1.00568,,-1.27876,9.82994,0.416374,0.019941,fluid
1818,17.8669,1.79519,,1003.95,71.0597,31339.8,,0.973384,0.0497855,0.974657,,-1.14472,9.75716,0.602459,-0.0528406,fluid
1819,17.9126,2.24628,,1003.46,73.3748,27405.5,,1.08476,0.129706,1.09249,,-1.08852,9.72822,0.436169,-0.0817837,fluid
1820,17.7513,2.27941,,1003.43,74.259,27182.3,,1.11516,0.13499,1.1233,,-1.01421,9.65052,0.511844,-0.15948,fluid
1821,17.5345,2.3215,,1003.4,78.5569,26935.8,,1.15598,0.0896625,1.15946,,-0.888026,10.0132,0.642935,0.203192,fluid
1822,16.9271,2.92919,,1002.72,88.2073,21486.7,,1.28194,0.0485688,1.28286,,-0.20647,11.1462,1.05946,1.33624,fluid
1823,16.7995,2.77453,,1002.93,82.921,23194.8,,1.26366,0.0346238,1.26414,,-0.278264,10.6295,1.09838,0.81949,fluid
1824,16.5056,2.97176,,1002.72,82.5364,21526.5,,1.28278,-0.119737,1.28835,,-0.065039,11.0181,1.23562,1.20815,fluid
1825,15.9893,3.33777,,1002.29,91.1723,18091.3,,1.17872,-0.131189,1.186,,-0.166339,11.3133,0.962543,1.50335,fluid
1826,15.8258,3.50696,,1002.06,65.8319,16229.1,,1.2408,-0.256701,1.26707,,0.170701,10.0461,1.19408,0.236124,fluid
1827,14.7053,3.66983,,1001.9,81.788,15016.2,,1.20857,-0.246613,1.23348,,0.146307,10.2803,1.16551,0.470308,fluid
1828,14.5473,3.94699,,1001.61,71.02,12683.9,,1.21184,-0.314697,1.25204,,-0.166611,9.83814,0.703897,0.0281367,fluid
1829,8.58962,3.94596,,1005.33,120.426,42537,,1.32209,-2.24619,2.60639,,-1.59999,-14.2791,3.32588,-24.0891,fluid
1830,4.6208,3.89119,,1003.83,289.723,30385.2,,1.51953,-1.67336,2.26033,,-12.5392,5.41669,-5.98849,-4.39331,fluid
1831,8.57139,0.863655,,1006.44,507.876,51510.2,,4.53274,1.77804,4.869,,-11.3476,11.1076,-5.37652,1.29759,fluid
1832,6.13541,1.25109,,1007.61,546.108,61099.1,,2.76487,-0.837349,2.88888,,-12.0337,8.68329,-2.15044,-1.12671,fluid
1833,12.0239,4.95849,,1000.88,133.686,6913.76,,4.06121,0.00155999,4.06121,,-1.60846,9.91271,-1.03396,0.102707,fluid
1834,8.41261,2.8455,,1007.79,358.37,62565.1,,2.23525,-1.8567,2.9058,,9.55078,12.5151,16.9304,2.7051,fluid
1835,13.2061,3.2428,,1002.8,117.499,22171.4,,1.97409,-0.994911,2.21063,,-4.58876,9.06266,-2.91457,-0.747344,fluid
1836,10.0677,4.01577,,1005.14,638.154,40947.1,,3.60217,2.73309,4.52166,,1.70731,6.92797,5.75369,-2.88203,fluid
1837,10.4493,0.455591,,1006.43,67.8275,51470.3,,0.670221,0.101928,0.677927,,-4.871,7.38454,0.0232193,-2.42546,fluid
1838,11.5392,0.907203,,1005.6,-21.8108,44702.5,,-0.150951,0.332708,0.36535,,-3.7611,10.845,0.091307,1.03498,fluid
1839,11.6056,0.596325,,1006.16,3.2948,49217.3,,0.125211,0.338624,0.361032,,-4.24869,10.938,-0.0338118,1.12799,fluid
1840,13.1827,0.461411,,1006.31,-9.44577,50499.8,,-0.101319,-0.00576763,0.101483,,-3.70381,10.6025,0.102902,0.792473,fluid
1841,14.3595,0.641882,,1005.82,6.64724,46461.9,,0.153207,-0.0910041,0.178197,,-2.13041,10.5518,1.0865,0.741765,fluid
1842,15.8079,1.00017,,1005.09,41.0756,40544.4,,0.680387,-0.0588166,0.682925,,-1.58957,9.73256,0.962263,-0.0774366,fluid
1843,17.5935,1.20866,,1004.6,46.1717,36608.2,,0.676959,0.0680668,0.680373,,-1.2697,9.78492,0.801545,-0.0250833,fluid
1844,16.5842,0.989413,,1004.99,31.2008,39734.8,,0.598878,-0.0592594,0.601802,,-1.57598,9.61742,0.808073,-0.192585,fluid
1845,17.9694,1.20491,,1004.57,42.7839,36384.9,,0.668102,0.0780205,0.672642,,-1.37088,9.46858,0.644721,-0.34142,fluid
1846,17.7589,1.16112,,1004.64,40.8932,36931.5,,0.645958,0.0970649,0.65321,,-1.61076,9.40775,0.459246,-0.402252,fluid
1847,18.2554,1.49728,,1004.24,54.9367,33698.9,,0.833295,0.183241,0.853204,,-1.68471,9.71526,0.153464,-0.0947434,fluid
1848,18.0939,1.35301,,1004.4,52.7731,34979.9,,0.812277,0.048776,0.813741,,-1.88164,9.76597,0.0431385,-0.0440299,fluid
1849,18.2324,1.67024,,1004.06,62.8291,32247.9,,0.871948,0.158296,0.8862,,-1.6316,9.9319,0.129964,0.121898,fluid
1850,18.2954,1.87644,,1003.84,65.3985,30513.5,,0.979922,0.150882,0.99147,,-1.55851,9.58226,0.102924,-0.227744,fluid
1851,18.1948,1.99916,,1003.72,70.9827,29492.5,,0.998838,0.177446,1.01448,,-1.36889,9.99945,0.246036,0.189447,fluid
1852,17.8187,2.46249,,1003.21,80.0899,25433.9,,1.12266,0.189644,1.13856,,-0.91554,10.3536,0.507264,0.5436,fluid
1853,17.3129,2.76639,,1002.88,83.348,22760.3,,1.25457,0.0911507,1.25787,,-0.443359,10.3152,0.86752,0.505189,fluid
1854,17.501,2.74884,,1002.88,81.1506,22788.8,,1.22722,0.0865637,1.23027,,-0.513783,10.1898,0.784625,0.379847,fluid
1855,17.1217,2.90966,,1002.71,88.5765,21468.2,,1.26172,0.0510371,1.26275,,-0.349837,11.1185,0.900626,1.30849,fluid
1856,16.4578,3.19027,,1002.43,85.0425,19203.3,,1.22761,-0.063339,1.22924,,0.0489952,10.4297,1.21299,0.6197,fluid
1857,16.3254,3.32134,,1002.26,97.3004,17825,,1.24317,-0.111728,1.24818,,0.0897395,10.9266,1.17914,1.1166,fluid
1858,16.1405,3.42609,,1002.13,92.5062,16785.8,,1.24451,-0.179056,1.25732,,-0.0280282,10.791,1.00974,0.981039,fluid
1859,14.8774,3.77911,,1001.71,61.3524,13488,,1.20013,-0.394455,1.26329,,0.550876,9.77788,1.45593,-0.0321228,fluid
1860,15.1415,3.79435,,1001.67,69.6313,13139.6,,1.20885,-0.413358,1.27757,,0.181743,10.654,1.04808,0.843972,fluid
1861,8.73471,4.02635,,1005.37,61.4768,42867,,1.32771,-2.44559,2.78276,,7.60574,0.974008,12.4872,-8.83599,fluid
1862,5.76494,3.12957,,1004.71,481.574,37455.3,,2.25361,-1.60603,2.76733,,-4.46706,5.63137,1.9996,-4.17863,fluid
1863,5.80382,1.78868,,1006.51,642.396,52128.8,,2.4012,-1.29472,2.72801,,-10.8837,7.58491,-1.96003,-2.22509,fluid
1864,5.38975,4.51006,,1004.05,169.45,32165.8,,1.36204,-3.1409,3.42351,,-12.2089,23.5657,-6.26498,13.7557,fluid
1865,10.4915,2.35911,,1003.88,129.384,30813.7,,1.2827,2.09324,2.45499,,-0.0340455,12.2889,2.89163,2.47895,fluid
1866,5.53149,6.0979,,1005.1,-324.697,40605.3,,2.18364,-10.1153,10.3484,,90.4586,39.4266,97.7621,29.6166,fluid
1867,10.2536,2.67881,,1003.54,249.342,28075.4,,2.62247,3.45517,4.33769,,2.2286,9.40496,4.95704,-0.405043,fluid
1868,8.16031,1.86729,,1008.15,668.968,65548.9,,3.27056,-0.611189,3.32717,,-7.41563,23.3646,0.552076,13.5546,fluid
1869,11.5941,0.141561,,1006.93,28.2501,55535.3,,0.47555,0.0644925,0.479903,,-4.63754,10.6006,0.11946,0.790618,fluid
1870,11.7558,0.828376,,1005.73,-12.4176,45771.9,,-0.0441546,0.323103,0.326106,,-2.88902,11.4184,0.982343,1.60835,fluid
1871,11.7693,0.355198,,1006.59,3.26959,52731.1,,0.12279,0.179253,0.217277,,-4.18085,11.3836,0.270234,1.57363,fluid
1872,12.9807,0.564041,,1006.13,-11.0444,49019.3,,-0.274048,-0.00514154,0.274096,,-3.49009,10.7217,0.263231,0.911684,fluid
1873,15.9782,0.733857,,1005.44,15.606,43369.8,,0.320159,-0.161552,0.35861,,-1.41335,9.959,1.28628,0.148996,fluid
1874,15.7094,0.833497,,1005.34,28.3723,42571.8,,0.483143,0.00632477,0.483185,,-1.83903,9.65485,0.856541,-0.155153,fluid
1875,17.1848,0.956574,,1004.95,31.3341,39432.9,,0.574459,-0.00764323,0.574509,,-1.04408,9.67688,1.23925,-0.133121,fluid
1876,15.3276,0.666235,,1005.66,14.3179,45173.6,,0.271022,-0.0110228,0.271246,,-1.76292,9.76487,1.1677,-0.045126,fluid
1877,17.6185,0.956483,,1004.9,32.0774,39065.2,,0.559297,0.0448029,0.561088,,-1.03935,9.83674,1.1671,0.0267356,fluid
1878,17.4462,1.05092,,1004.8,35.3432,38252.5,,0.588957,0.0375431,0.590153,,-1.42745,9.24454,0.754669,-0.565455,fluid
1879,18.7826,1.64451,,1004.09,57.3873,32524.7,,0.820932,0.187517,0.842076,,-2.01112,9.92322,-0.286532,0.113216,fluid
1880,18.2726,1.30949,,1004.44,49.0592,35336.8,,0.678271,-0.016339,0.678468,,-1.44763,9.89377,0.477682,0.083769,fluid
1881,18.4623,1.53233,,1004.2,58.3866,33398.4,,0.674979,0.019848,0.67527,,-2.0263,9.73345,-0.224868,-0.07655,fluid
1882,18.4902,1.90261,,1003.82,62.1214,30289.1,,0.959404,0.204614,0.980981,,-1.61862,9.74391,0.0132707,-0.0660938,fluid
1883,18.034,2.09269,,1003.62,74.6323,28731.5,,1.04073,0.135029,1.04945,,-1.44546,10.0884,0.141971,0.278388,fluid
1884,18.0396,2.39639,,1003.28,75.2392,25978,,1.05967,0.203095,1.07895,,-0.966719,9.95821,0.468635,0.148212,fluid
1885,17.6042,2.47943,,1003.21,84.8575,25396.2,,1.14308,0.11656,1.14901,,-0.821979,10.4968,0.616033,0.686759,fluid
1886,17.6903,2.65222,,1002.99,82.149,23641.1,,1.17433,0.0908728,1.17785,,-0.783353,10.2744,0.549058,0.464364,fluid
1887,17.2498,3.04514,,1002.51,91.0625,19863.4,,1.25557,0.0487683,1.25651,,-0.393192,10.9442,0.755432,1.13424,fluid
1888,16.7385,2.99434,,1002.66,86.8918,21025.6,,1.27818,-0.0498289,1.27915,,-0.178815,11.0893,1.07398,1.27928,fluid
1889,16.6576,3.18384,,1002.41,88.0613,19017.4,,1.28365,-0.0160036,1.28375,,-0.0505038,10.2888,1.08842,0.478755,fluid
1890,16.538,3.39008,,1002.11,90.6002,16655.4,,1.24079,-0.114893,1.2461,,-0.0069469,11.0034,0.998036,1.19344,fluid
1891,15.4748,4.05801,,1001.28,34.199,10078.4,,1.01604,-0.326243,1.06713,,0.858223,10.9353,1.50867,1.12529,fluid
1892,15.6845,3.84493,,1001.58,78.4296,12424,,1.09245,-0.211168,1.11267,,0.113517,12.1941,0.904392,2.38405,fluid
1893,12.3856,4.92809,,1000.81,458.981,6338.9,,3.42444,-0.610689,3.47846,,6.88795,10.9354,7.39934,1.12538,fluid
1894,7.80675,1.36524,,1007.01,806.122,56150.8,,4.49704,-1.97715,4.91248,,-4.02002,29.9521,3.12254,20.1421,fluid
1895,4.85872,3.25184,,1004.23,424.716,33606.2,,1.75973,-1.35487,2.22088,,-17.8462,-2.15004,-10.9586,-11.96,fluid
1896,3.4911,3.33679,,1003.47,606.34,27540.4,,2.05125,-2.31286,3.09143,,-8.92577,2.96844,-1.06433,-6.84156,fluid
1897,7.14786,0.356811,,1007.52,565.297,60390.2,,3.56205,-0.113262,3.56385,,-3.09801,12.3525,5.28761,2.54245,fluid
1898,12.1962,4.85763,,1001.05,480.782,8248.55,,4.1647,-0.347539,4.17918,,-0.639154,7.56419,0.0364578,-2.24581,fluid
1899,8.45572,1.56274,,1006.37,575.882,50960.8,,5.15171,0.452331,5.17153,,-8.39009,20.1687,-2.40145,10.3587,fluid
1900,8.88284,2.75237,,1006.55,151.334,52401.4,,1.80877,0.933225,2.03532,,-19.3523,4.00851,-13.4915,-5.80149,fluid
1901,11.0189,0.425374,,1006.43,8.67716,51434.1,,0.617386,-0.0108026,0.617481,,-4.2611,10.1358,0.376892,0.325824,fluid
1902,12.3737,0.618249,,1006.09,-14.4134,48682,,-0.163432,0.113521,0.19899,,-4.01029,10.7901,-0.0998002,0.980148,fluid
1903,12.6504,0.591376,,1006.11,-22.4892,48812,,-0.0986394,0.0157599,0.0998905,,-3.5421,10.8437,0.293019,1.0337,fluid
1904,12.3371,0.383068,,1006.56,-0.581114,52485.4,,-0.0403819,0.064381,0.0759975,,-3.65959,11.0764,0.566983,1.26644,fluid
1905,15.4712,0.856753,,1005.34,25.0101,42622.3,,0.403719,-0.125207,0.422689,,-1.5263,9.5416,1.21399,-0.268397,fluid
1906,14.9962,0.850612,,1005.42,26.9812,43243.8,,0.35192,-0.0126872,0.352148,,-1.74641,9.99917,1.12169,0.189174,fluid
1907,17.0056,0.819041,,1005.15,29.5896,41058.2,,0.461479,0.028965,0.462387,,-1.01935,9.71951,1.38267,-0.090492,fluid
1908,16.6887,0.833503,,1005.18,25.243,41271.7,,0.422011,0.0798891,0.429507,,-1.53846,9.2997,0.921835,-0.510299,fluid
1909,18.6933,1.35851,,1004.39,43.7183,34924.2,,0.722923,0.0967374,0.729367,,-2.06774,9.44498,-0.207638,-0.365017,fluid
1910,18.4765,1.32722,,1004.42,46.8357,35168.4,,0.793881,0.209829,0.821143,,-2.24351,9.38469,-0.348477,-0.425314,fluid
1911,18.9461,1.6536,,1004.09,57.5855,32513.2,,0.790898,0.216692,0.820046,,-2.3967,9.84449,-0.687605,0.0344918,fluid
1912,18.6327,1.51802,,1004.22,48.0942,33539.7,,0.778987,0.24232,0.815806,,-1.8802,10.0157,-0.0877188,0.205683,fluid
1913,18.4304,1.71129,,1004.02,60.7545,31894.5,,0.862409,0.13309,0.872618,,-1.61646,9.81275,0.107154,0.00275377,fluid
1914,18.3682,2.1128,,1003.59,72.2197,28485,,0.962028,0.201578,0.98292,,-1.46865,10.0521,0.0765769,0.242085,fluid
1915,18.3401,2.32216,,1003.36,71.5179,26612.6,,1.01636,0.206023,1.03703,,-1.37287,10.0475,0.0733341,0.237451,fluid
1916,18.1766,2.23997,,1003.45,72.6057,27381.5,,1.04662,0.184237,1.06271,,-1.34041,9.9756,0.16082,0.165598,fluid
1917,18.1996,2.50071,,1003.15,76.9215,24962.3,,1.02589,0.252362,1.05647,,-1.10828,10.0476,0.259001,0.237628,fluid
1918,17.9707,2.57982,,1003.06,81.5335,24239.9,,1.12524,0.222576,1.14705,,-1.02117,10.4953,0.323566,0.685345,fluid
1919,17.6535,2.8722,,1002.71,76.4947,21410.8,,1.1999,0.169643,1.21184,,-0.604982,10.5594,0.604576,0.749438,fluid
1920,17.0058,3.12257,,1002.44,90.2308,19270.7,,1.29592,-0.024714,1.29615,,-0.217508,10.5856,0.912922,0.775637,fluid
1921,16.8227,3.24486,,1002.29,90.8289,18084.2,,1.2748,-0.0459886,1.27563,,0.154412,10.3139,1.22695,0.503869,fluid
1922,16.7218,3.44185,,1002,85.5802,15797,,1.26421,-0.101556,1.26829,,0.161211,11.4038,1.10402,1.59378,fluid
1923,15.893,3.76011,,1001.66,62.8112,13100.4,,1.10336,-0.0287285,1.10374,,0.250691,10.8544,1.07362,1.04438,fluid
1924,16.0412,3.62146,,1001.83,57.4821,14480.2,,1.15076,-0.237691,1.17505,,0.205376,10.0432,1.10641,0.233192,fluid
1925,13.9449,4.00205,,1001.64,194.012,12933.8,,2.0852,0.0552789,2.08593,,0.388971,9.86903,1.31495,0.0590334,fluid
1926,9.45731,4.97589,,1004.84,-235.146,38514.2,,2.04454,-0.0490986,2.04513,,25.2051,25.0315,29.2579,15.2215,fluid
1927,5.53506,3.6089,,1004.78,630.095,38074,,2.33472,-2.23764,3.23388,,-8.64402,16.8952,-1.79807,7.08524,fluid
1928,4.90346,4.75268,,1003.24,476.728,25696.7,,4.20669,-2.99026,5.16119,,20.8994,-1.6032,26.123,-11.4132,fluid
1929,6.74324,0.59403,,1008.15,454.256,65536.5,,2.41973,-0.515753,2.47408,,-16.1689,14.7173,-6.52863,4.90734,fluid
1930,11.047,2.72558,,1003.34,176.408,26450,,1.82077,0.427885,1.87037,,-5.8529,9.9728,-3.46654,0.162803,fluid
1931,8.01136,2.86324,,1005.89,51.9842,47025.8,,2.62978,-4.04406,4.82391,,17.0919,4.45444,22.9275,-5.35556,fluid
1932,9.50442,3.92389,,1006.94,331.879,55645.7,,3.06999,0.360247,3.09105,,15.0731,5.13073,20.8874,-4.67927,fluid
1933,11.8423,0.138193,,1006.97,12.6473,55831.2,,0.355544,0.00755347,0.355625,,-4.82142,10.8008,-0.13948,0.990822,fluid
1934,12.0912,0.616561,,1006.12,-9.02924,48923.1,,0.0255392,0.134424,0.136829,,-3.03768,11.0282,0.983861,1.2182,fluid
1935,13.2345,0.265877,,1006.69,7.79712,53603.4,,0.0793323,0.0450442,0.0912282,,-3.31995,10.7081,0.703396,0.898116,fluid
1936,13.7214,0.594735,,1005.99,-0.576871,47880.7,,-0.0127998,0.0350315,0.0372966,,-3.35525,10.4499,0.113463,0.639905,fluid
1937,16.1338,0.654011,,1005.53,15.479,44116,,0.334323,-0.0425507,0.337019,,-0.577281,9.98617,2.14206,0.176171,fluid
1938,16.8238,0.851039,,1005.13,25.3167,40911.5,,0.53689,-0.0603534,0.540271,,-0.806351,9.84362,1.613,0.0336215,fluid
1939,16.4562,0.593272,,1005.56,17.1533,44390.5,,0.38636,-0.0198387,0.386869,,-1.18116,9.48446,1.50141,-0.325542,fluid
1940,18.0495,1.03585,,1004.77,32.3226,37990.6,,0.533343,-0.00590456,0.533376,,-2.09375,9.74545,0.00105849,-0.0645491,fluid
1941,18.6511,1.17638,,1004.6,38.9675,36563.3,,0.41061,0.0392659,0.412483,,-2.4573,9.87544,-0.505883,0.0654392,fluid
1942,18.2279,1.13853,,1004.64,41.7211,36924.5,,0.597151,0.0562387,0.599794,,-1.92597,9.19837,0.0903914,-0.611632,fluid
1943,19.0967,1.56407,,1004.2,51.8622,33342.2,,0.659227,0.14774,0.675579,,-2.3647,9.70048,-0.626035,-0.109516,fluid
1944,18.8701,1.42613,,1004.33,48.8335,34406.6,,0.634218,0.102097,0.642383,,-2.0555,9.98027,-0.240016,0.170271,fluid
1945,18.8474,1.88287,,1003.85,64.1752,30541.2,,0.79069,0.137437,0.802546,,-2.0672,9.60413,-0.452959,-0.205871,fluid
1946,18.6432,1.75756,,1003.97,62.2975,31539.2,,0.801776,0.124938,0.811452,,-1.82043,9.99448,-0.135389,0.184481,fluid
1947,18.5215,2.33761,,1003.34,70.0667,26470.1,,0.980782,0.224649,1.00618,,-1.45695,9.927,-0.0325507,0.117,fluid
1948,18.55,2.09322,,1003.61,68.242,28659.7,,0.928396,0.253271,0.962323,,-1.64148,10.0799,-0.102051,0.269884,fluid
1949,18.3985,2.53631,,1003.11,71.2025,24609.2,,1.00735,0.276147,1.04451,,-1.27795,10.0449,0.0554703,0.234892,fluid
1950,18.2094,2.68654,,1002.92,77.6052,23142.5,,1.06697,0.194495,1.08455,,-1.07275,10.4608,0.194452,0.650833,fluid
1951,17.8442,2.7564,,1002.84,74.8152,22509.1,,1.16001,0.153862,1.17017,,-0.787488,10.3338,0.470363,0.523789,fluid
1952,17.4243,2.9477,,1002.63,86.5865,20774.6,,1.22988,0.127164,1.23644,,-0.462667,10.9946,0.726493,1.18455,fluid
1953,17.153,3.26899,,1002.2,79.331,17388.4,,1.26027,0.0111987,1.26032,,-0.176088,10.5532,0.835411,0.743249,fluid
1954,16.9614,3.36752,,1002.08,85.3768,16447.7,,1.26984,-2.45299e-05,1.26984,,0.177262,11.0212,1.14496,1.21124,fluid
1955,16.2905,3.56728,,1001.87,68.8205,14770.9,,1.17175,-0.237223,1.19552,,0.475487,10.4374,1.38051,0.627356,fluid
1956,16.5122,3.60026,,1001.78,51.7132,14077.6,,1.259,-0.213023,1.2769,,0.659573,11.0517,1.51061,1.24167,fluid
1957,14.6898,3.99596,,1001.52,75.7095,11992,,1.2454,-0.206516,1.26241,,0.37018,11.1935,1.18529,1.38348,fluid
1958,13.4135,4.1025,,1001.39,87.5268,10940.9,,2.75478,-0.830075,2.87712,,-1.8466,7.99193,-1.03207,-1.81807,fluid
1959,5.45581,3.10351,,1004.59,411.247,36494.1,,1.65931,-1.62287,2.32099,,-18.413,-3.78718,-11.7545,-13.5972,fluid
1960,3.56316,3.80531,,1003.35,619.569,26575.3,,1.81681,-2.55694,3.13667,,-6.37961,0.125659,1.0538,-9.68434,fluid
1961,3.88083,4.94187,,1005.4,321.213,43097.3,,1.46025,-3.61697,3.90062,,-25.4373,28.9836,-14.3918,19.1736,fluid
1962,4.76405,5.29454,,1008.69,442.993,70005,,2.47775,-6.57735,7.02857,,-5.74945,-64.2338,8.81838,-74.0438,fluid
1963,7.76899,2.50666,,1006.68,309.136,53454.2,,1.00895,-3.56794,3.70785,,-0.952764,-0.897431,5.88207,-10.7074,fluid
1964,7.74854,1.74237,,1008.13,549.54,65342.9,,3.73893,-3.08058,4.84454,,-4.26098,7.46234,4.10399,-2.34766,fluid
1965,12.0922,0.129763,,1007.01,8.00361,56222.5,,0.289223,0.0018592,0.289229,,-4.11982,10.5392,0.497282,0.729213,fluid
1966,13.567,0.240754,,1006.69,9.49574,53592.6,,0.0748592,-0.0135554,0.0760766,,-2.9404,9.97769,0.983568,0.167686,fluid
1967,12.5852,0.388389,,1006.52,-8.54467,52204.1,,-0.112913,0.000434599,0.112914,,-3.87732,10.4061,0.243855,0.59608,fluid
1968,15.2226,0.858078,,1005.38,21.3067,42917.5,,0.349818,-0.101976,0.364378,,-1.81504,10.2218,0.989207,0.411828,fluid
1969,16.4493,0.793828,,1005.27,29.5895,42051.2,,0.387945,-0.0289051,0.38902,,-0.390228,9.8577,2.15278,0.0477015,fluid
1970,15.7848,0.636639,,1005.62,15.1279,44874.6,,0.232619,-0.0483132,0.237584,,-1.68452,9.53916,1.14249,-0.270845,fluid
1971,17.8302,0.98566,,1004.85,35.9345,38625.7,,0.531954,0.0554792,0.534839,,-1.32465,9.31887,0.831199,-0.49113,fluid
1972,17.3093,0.837641,,1005.09,29.0393,40548.8,,0.484366,0.0196327,0.484763,,-1.2887,9.53791,1.04205,-0.272085,fluid
1973,18.8777,1.20669,,1004.57,37.42,36356.9,,0.499586,0.0936792,0.508293,,-2.32171,9.63916,-0.404547,-0.17084,fluid
1974,18.4183,1.12338,,1004.65,41.6442,37044.7,,0.517612,0.098977,0.52699,,-1.86883,9.67691,0.133149,-0.133088,fluid
1975,19.2963,1.61652,,1004.15,48.3585,33003,,0.648232,0.186797,0.674609,,-2.26822,9.69562,-0.564966,-0.114376,fluid
1976,19.0436,1.36342,,1004.41,45.6753,35043.8,,0.576735,0.114016,0.587897,,-2.61431,9.77999,-0.782198,-0.0300141,fluid
1977,18.8806,2.11119,,1003.6,61.4932,28566.6,,0.869051,0.256755,0.906186,,-1.78438,9.8917,-0.276803,0.0816957,fluid
1978,19.0108,1.87803,,1003.86,58.7806,30638.8,,0.782265,0.21903,0.81235,,-1.93415,10.0235,-0.328692,0.21349,fluid
1979,18.8521,2.33744,,1003.35,66.7706,26524.6,,0.897687,0.2973,0.945637,,-1.77824,10.0084,-0.37595,0.198356,fluid
1980,18.7038,1.9824,,1003.74,64.0688,29646.2,,0.906944,0.211167,0.931203,,-1.82559,9.74218,-0.246451,-0.0678161,fluid
1981,18.701,2.22735,,1003.47,68.4504,27492.1,,0.921727,0.235128,0.951244,,-1.68428,10.0427,-0.219265,0.232717,fluid
1982,18.3957,2.77909,,1002.81,73.3979,22200.3,,1.04053,0.273508,1.07587,,-1.33367,10.3492,-0.130223,0.539247,fluid
1983,18.0542,2.78919,,1002.79,74.0813,22112.6,,1.12032,0.250614,1.14801,,-0.947058,10.3136,0.274316,0.503626,fluid
1984,17.7605,3.03853,,1002.48,85.2074,19587.1,,1.18872,0.21633,1.20825,,-0.666151,10.878,0.433969,1.06798,fluid
1985,17.3708,3.2226,,1002.24,81.7132,17729.3,,1.29389,0.0415147,1.29456,,-0.392709,10.4728,0.625648,0.66279,fluid
1986,17.3117,3.40886,,1001.98,76.0266,15625.6,,1.3083,0.0752821,1.31046,,-0.0821379,11.7909,0.818683,1.98087,fluid
1987,16.6426,3.72652,,1001.59,47.1729,12513.9,,1.20645,-0.133202,1.21378,,1.13973,11.5995,1.89046,1.78948,fluid
1988,16.7719,3.8397,,1001.4,77.7014,11040.7,,1.20198,-0.093072,1.20558,,1.31459,11.5841,1.97195,1.77409,fluid
1989,15.3228,3.939,,1001.44,50.6266,11344.7,,1.12266,-0.426842,1.20106,,0.690117,10.8731,1.42943,1.06315,fluid
1990,13.7092,4.4022,,1001.14,105.385,8952.02,,2.68286,-0.0605286,2.68354,,0.957489,11.36,1.60974,1.54997,fluid
1991,6.92074,1.48654,,1006.14,440.291,49102.7,,2.60914,-2.80459,3.83058,,-2.91086,17.1696,4.14084,7.35958,fluid
1992,4.0176,3.59496,,1003.86,476.906,30674.8,,1.55131,-1.94808,2.4903,,-14.3107,3.45885,-6.70496,-6.35115,fluid
1993,5.16103,4.75514,,1003.41,1245.42,27045.4,,3.65033,-2.40231,4.36989,,16.1554,36.4666,21.3779,26.6566,fluid
1994,9.06327,1.19399,,1006.28,534.394,50194.2,,4.67133,1.69169,4.96822,,-11.7391,8.03701,-6.23539,-1.77299,fluid
1995,11.8823,4.57402,,1001.27,274.723,10025.5,,3.47015,0.580705,3.5184,,4.0892,9.13318,4.93186,-0.676822,fluid
1996,8.95343,2.49472,,1005.98,353.923,47785.6,,2.47727,1.47342,2.88232,,-13.1432,2.27947,-7.83785,-7.53053,fluid
1997,12.3613,0.134449,,1007.03,10.9778,56326.8,,0.16349,0.039808,0.168267,,-4.68326,11.1334,-0.158356,1.32338,fluid
1998,13.9247,0.425879,,1006.27,4.82073,50172.5,,0.0415444,-0.00590529,0.041962,,-2.6404,10.171,0.940256,0.360971,fluid
1999,12.8597,0.395855,,1006.48,1.98442,51852.2,,-0.0406048,-0.00145801,0.040631,,-3.24389,10.3018,0.762315,0.491814,fluid
2000,14.4888,0.478273,,1006.09,9.5755,48654,,0.118744,-0.0761815,0.14108,,-3.08955,9.9705,0.24817,0.160496,fluid
2001,17.0015,0.618235,,1005.43,18.8154,43333.7,,0.319248,-0.0238327,0.320136,,-1.31754,9.53411,1.2175,-0.275887,fluid
2002,16.6669,0.613983,,1005.49,17.7947,43829,,0.305303,0.00974513,0.305459,,-1.24325,9.83994,1.37208,0.0299381,fluid
2003,18.7339,1.03323,,1004.77,33.9425,37939.6,,0.515849,0.120816,0.529808,,-2.13854,9.76948,-0.122959,-0.0405235,fluid
2004,18.0935,0.883317,,1004.96,25.6811,39527.6,,0.388252,-0.0612436,0.393053,,-2.09129,9.0368,0.0825433,-0.773204,fluid
2005,19.0585,1.14869,,1004.65,33.6223,36994.9,,0.561085,0.110835,0.571927,,-2.73014,9.74252,-0.797998,-0.0674804,fluid
2006,18.4986,0.974378,,1004.83,33.1625,38487.3,,0.492696,0.0107031,0.492812,,-2.24918,9.57112,-0.178635,-0.238878,fluid
2007,19.4822,1.63711,,1004.15,47.2869,32953.5,,0.633548,0.215012,0.669039,,-2.59302,9.89885,-0.908537,0.0888539,fluid
2008,19.2325,1.39416,,1004.39,44.7101,34892.3,,0.541185,0.16387,0.565451,,-2.3744,9.9356,-0.568085,0.125603,fluid
2009,19.3606,1.84022,,1003.92,53.7636,31127.6,,0.690007,0.242936,0.731524,,-2.33353,10.0079,-0.73203,0.197874,fluid
2010,19.1605,1.76346,,1003.99,53.6367,31677.6,,0.755489,0.219466,0.78672,,-2.29794,10.0188,-0.651226,0.208773,fluid
2011,19.0437,2.29071,,1003.41,65.1473,27005.6,,0.844897,0.2808,0.890337,,-1.89077,10.136,-0.477501,0.326034,fluid
2012,19.0773,2.09149,,1003.63,59.5443,28802.6,,0.820885,0.268053,0.863542,,-2.07008,9.75947,-0.565758,-0.0505261,fluid
2013,18.6542,2.4699,,1003.19,67.3127,25256.5,,0.969301,0.269421,1.00605,,-1.48988,9.9474,-0.140248,0.137405,fluid
2014,18.5445,2.65913,,1002.96,72.6742,23423.2,,0.980272,0.333207,1.03535,,-1.31459,10.2716,-0.0552303,0.46159,fluid
2015,18.2298,2.93326,,1002.6,73.512,20576.7,,1.06511,0.314716,1.11063,,-1.02211,10.1172,0.1037,0.307204,fluid
2016,17.9401,2.96004,,1002.57,80.9685,20354.4,,1.14025,0.311711,1.18209,,-0.739134,10.4544,0.39253,0.644362,fluid
2017,17.5762,3.10119,,1002.4,87.3283,18990.9,,1.20593,0.148286,1.21501,,-0.499542,10.7639,0.578358,0.953906,fluid
2018,17.5456,3.31652,,1002.1,82.8927,16553.1,,1.29394,0.183703,1.30692,,-0.226703,11.0002,0.714755,1.19025,fluid
2019,16.8581,3.58745,,1001.77,69.7718,13947.5,,1.22602,-0.109162,1.23087,,0.45031,12.0243,1.27619,2.21427,fluid
2020,16.9983,3.7286,,1001.54,74.1906,12173.6,,1.2322,-0.159903,1.24253,,0.362791,11.9875,1.07786,2.17754,fluid
2021,15.9531,3.90678,,1001.45,72.3737,11408.8,,1.204,-0.224089,1.22467,,0.371714,13.0422,1.08583,3.23223,fluid
2022,14.1381,4.34695,,1001.23,125.028,9701.18,,1.89707,0.74288,2.03734,,2.21927,10.6439,2.9046,0.833944,fluid
2023,8.12406,3.98635,,1006.14,193.378,49054.6,,1.03411,-2.3895,2.60366,,3.81556,-23.4881,9.81693,-33.2981,fluid
2024,4.39737,4.19997,,1003.77,633.508,29951.2,,2.00618,-2.00454,2.83601,,-6.71957,-5.89968,0.0659745,-15.7097,fluid
2025,5.58101,4.98272,,1002.27,13.229,17963,,2.32307,-3.71816,4.38422,,-30.9999,39.5034,-27.7887,29.6934,fluid
2026,5.91099,4.40668,,1007.41,328.054,59461.7,,2.86617,-3.15903,4.26549,,-3.15067,-5.34516,6.83487,-15.1552,fluid
2027,11.561,3.42871,,1002.61,235.319,20619.7,,2.87008,0.559308,2.92407,,-2.83709,5.47392,-1.05818,-4.33608,fluid
2028,10.0025,4.3492,,1005.43,408.784,43340.6,,2.33599,0.728574,2.44697,,15.1148,-2.64904,19.4244,-12.459,fluid
2029,12.6047,0.142701,,1007.01,7.05513,56154.2,,0.127373,0.00895904,0.127688,,-4.36992,10.6693,0.0541114,0.859269,fluid
2030,14.2499,0.395594,,1006.28,9.32989,50185.5,,0.0660868,-0.0244829,0.0704761,,-2.07993,9.98452,1.41993,0.174522,fluid
2031,13.6961,0.36238,,1006.43,3.54539,51483.1,,0.0252702,-0.000874932,0.0252854,,-2.8552,10.238,0.879731,0.42798,fluid
2032,14.8835,0.632004,,1005.78,14.1867,46138.1,,0.207192,-0.0224027,0.208399,,-2.08304,10.1681,0.999112,0.35811,fluid
2033,17.1875,0.665069,,1005.34,20.6001,42571.4,,0.335581,0.0264912,0.336625,,-1.3504,9.7063,1.11333,-0.1037,fluid
2034,16.2612,0.501551,,1005.74,12.8197,45832.5,,0.319641,-0.0217408,0.320379,,-1.88644,9.60993,0.915999,-0.200072,fluid
2035,18.2769,0.8912,,1004.94,28.262,39366.3,,0.502012,0.133013,0.519334,,-1.72441,9.74257,0.418872,-0.0674324,fluid
2036,18.7426,0.871224,,1004.96,28.1923,39549.5,,0.324941,0.0397083,0.327358,,-2.58455,9.28223,-0.484828,-0.527766,fluid
2037,18.9655,0.967811,,1004.86,25.5723,38675.2,,0.297572,0.107292,0.316324,,-2.61073,9.47658,-0.581355,-0.333416,fluid
2038,19.245,1.19041,,1004.62,39.6064,36744.3,,0.495962,0.175593,0.526129,,-2.90577,9.59856,-1.00525,-0.211437,fluid
2039,19.6142,1.52282,,1004.28,44.0768,34062.9,,0.583572,0.234718,0.629006,,-2.73256,10.0424,-1.00332,0.232443,fluid
2040,19.4107,1.40409,,1004.39,40.6299,34932.5,,0.580641,0.235249,0.626487,,-2.73811,9.95258,-0.946336,0.142581,fluid
2041,19.5298,1.85055,,1003.92,53.3949,31151.1,,0.688414,0.28144,0.743722,,-2.48452,10.0449,-0.895692,0.234892,fluid
2042,19.235,1.98111,,1003.76,56.906,29838.7,,0.746856,0.282622,0.798542,,-2.12501,9.91747,-0.579541,0.107472,fluid
2043,19.3679,2.12512,,1003.61,59.0165,28634.2,,0.812507,0.240242,0.84728,,-2.12465,9.92007,-0.651534,0.11007,fluid
2044,19.2313,2.25872,,1003.45,60.3294,27365.8,,0.816593,0.316784,0.875886,,-1.91364,10.1276,-0.495546,0.317567,fluid
2045,18.9253,2.52058,,1003.13,65.9468,24832.2,,0.893511,0.307403,0.944912,,-1.56728,9.9503,-0.259268,0.140301,fluid
2046,18.7738,2.63207,,1003,69.3819,23722.1,,0.922569,0.34664,0.985542,,-1.46626,10.263,-0.206456,0.453024,fluid
2047,18.4783,2.9577,,1002.57,72.4122,20314.8,,1.01916,0.333054,1.0722,,-1.13048,9.98166,-0.0339099,0.171664,fluid
2048,18.1089,3.0807,,1002.4,84.7188,18991.5,,1.1065,0.335047,1.15612,,-0.992437,10.5562,0.0537895,0.746152,fluid
2049,17.8988,3.20724,,1002.23,81.632,17648.8,,1.17316,0.185925,1.18781,,-0.892438,10.8678,0.0913995,1.05776,fluid
2050,17.7593,3.32777,,1002.07,81.6685,16327.7,,1.24536,0.248076,1.26983,,-0.462388,11.1369,0.455104,1.32693,fluid
2051,17.1068,3.5049,,1001.86,74.7865,14703.5,,1.30185,0.0259621,1.30211,,0.338249,11.9952,1.19616,2.1852,fluid
2052,17.4102,3.56997,,1001.73,76.4307,13678.8,,1.30731,0.0527901,1.30838,,0.0525831,12.2124,0.836901,2.4024,fluid
2053,16.1196,3.83232,,1001.52,63.1025,11987.7,,1.07715,0.0585725,1.07875,,1.02062,12.097,1.76317,2.287,fluid
2054,14.2941,3.99558,,1001.64,111.859,12970,,1.47048,-0.0309105,1.47081,,-0.0204017,10.5037,0.885472,0.693653,fluid
2055,11.0402,5.42413,,1000.42,255.949,3333.22,,2.76539,-0.209225,2.7733,,3.21789,14.9896,3.51968,5.17958,fluid
2056,6.4139,3.62059,,1006.23,265.089,49804.9,,3.16521,-1.63814,3.564,,3.91028,17.3838,11.6274,7.57382,fluid
2057,6.60676,4.4074,,1001.53,-2590.38,12093.3,,1.89038,-5.13771,5.47445,,-22.2794,-27.6919,-20.4517,-37.5019,fluid
2058,4.45098,2.91679,,1003.93,520.543,31213.1,,2.43196,-1.65771,2.9432,,-13.6789,11.0302,-6.69376,1.22021,fluid
2059,9.67009,2.50037,,1004.12,314.582,32770.6,,3.0125,4.02179,5.02493,,-2.92185,6.84313,0.453093,-2.96687,fluid
2060,8.26397,3.24554,,1007.62,329.453,61172,,1.29771,-1.61478,2.07161,,1.52298,-15.7468,8.86927,-25.5568,fluid
2061,11.8614,0.593894,,1006.17,-3.18261,49297,,0.0807014,0.284401,0.295629,,-4.42449,11.2086,-0.293856,1.39859,fluid
2062,14.7542,0.397255,,1006.19,5.7306,49502.6,,0.209234,-0.0313828,0.211574,,-2.23452,9.94386,1.09999,0.133863,fluid
2063,14.0282,0.238111,,1006.61,6.05609,52954.5,,0.0114392,-0.0195882,0.0226837,,-3.0175,9.80382,0.732569,-0.0061795,fluid
2064,14.6362,0.612578,,1005.84,7.63522,46623.7,,0.0504633,-0.0500472,0.0710723,,-1.83233,10.136,1.33469,0.326017,fluid
2065,17.7483,0.615522,,1005.35,15.2494,42634.1,,0.388441,-0.00296874,0.388452,,-1.8562,9.3531,0.533185,-0.456902,fluid
2066,16.415,0.366025,,1005.93,9.10969,47351.8,,0.204677,-0.0224315,0.205902,,-1.48624,9.41102,1.38144,-0.398978,fluid
2067,18.5146,0.791712,,1005.06,24.744,40354.8,,0.331875,0.00563503,0.331923,,-2.17834,9.67521,-0.00969959,-0.134788,fluid
2068,18.3019,0.708926,,1005.18,19.5094,41293.8,,0.294303,0.0446689,0.297674,,-2.28271,9.16621,-0.038079,-0.643787,fluid
2069,19.7664,1.39342,,1004.45,40.0459,35377.3,,0.446301,0.137686,0.467057,,-2.92105,9.86449,-1.13921,0.0544881,fluid
2070,19.3847,1.12376,,1004.71,32.6613,37489.6,,0.419709,0.159419,0.448966,,-2.50778,9.93737,-0.582869,0.127368,fluid
2071,19.557,1.31151,,1004.51,37.3253,35898.5,,0.474826,0.162394,0.501828,,-2.87772,9.62635,-1.05039,-0.183653,fluid
2072,19.7041,1.9733,,1003.81,53.6928,30207.6,,0.648905,0.323127,0.724906,,-2.2137,10.1454,-0.686456,0.33544,fluid
2073,19.7024,1.76283,,1004.03,47.8753,32049.2,,0.608942,0.24326,0.655733,,-2.54997,9.90012,-0.929842,0.0901206,fluid
2074,19.5435,2.07474,,1003.68,60.4172,29192.8,,0.732059,0.269089,0.779949,,-2.30012,10.1248,-0.811865,0.314774,fluid
2075,19.4653,2.3181,,1003.4,55.746,26940.9,,0.728668,0.350213,0.808459,,-2.11515,9.97906,-0.735787,0.169055,fluid
2076,19.3343,2.46065,,1003.22,60.5955,25548.5,,0.785292,0.324599,0.849734,,-1.93927,9.98556,-0.622111,0.175555,fluid
2077,19.1322,2.49635,,1003.17,62.7238,25124.7,,0.847926,0.261073,0.887208,,-1.8024,9.9042,-0.493338,0.0942048,fluid
2078,19.26,2.66884,,1002.97,59.4015,23511.1,,0.801643,0.407119,0.899098,,-1.78718,9.9845,-0.570078,0.174505,fluid
2079,18.6859,2.8154,,1002.76,70.2829,21854.7,,0.915149,0.353928,0.981205,,-1.40608,10.3743,-0.23972,0.564261,fluid
2080,18.3726,3.11508,,1002.35,78.5795,18587.3,,1.03018,0.365162,1.09298,,-1.05636,10.6516,-0.0470526,0.841611,fluid
2081,18.2527,3.26042,,1002.15,73.3502,16947.2,,1.14936,0.343192,1.1995,,-0.974029,10.9936,-0.0475386,1.18361,fluid
2082,18.0637,3.31841,,1002.07,70.3453,16311.6,,1.198,0.303432,1.23583,,-0.976662,11.0915,-0.0755172,1.28153,fluid
2083,17.6229,3.47475,,1001.86,85.2381,14672.6,,1.27155,0.253031,1.29648,,-0.230261,12.1303,0.600782,2.32029,fluid
2084,17.8063,3.62475,,1001.62,81.2222,12766.8,,1.22541,0.164859,1.23645,,-0.953492,11.1751,-0.23767,1.36513,fluid
2085,16.3078,3.76151,,1001.59,54.325,12520.7,,1.0397,-0.218189,1.06235,,0.721705,11.7894,1.48826,1.97945,fluid
2086,14.9519,4.00113,,1001.41,67.0461,11110.5,,1.13436,-0.267494,1.16547,,1.00736,10.1067,1.74939,0.296728,fluid
2087,13.5435,4.43733,,1001.27,188.36,9987.01,,2.93698,-0.168766,2.94183,,-0.776277,12.4472,-0.0398071,2.6372,fluid
2088,6.12801,2.95341,,1005.68,627.79,45348.7,,2.11263,-1.00137,2.33793,,0.60011,-3.08178,7.95854,-12.8918,fluid
2089,5.83575,4.68588,,1005.58,779.126,44553.8,,4.42379,-2.71788,5.19199,,-3.71905,40.3204,3.87319,30.5104,fluid
2090,10.5575,3.61692,,1002.85,481.579,22560.3,,5.01851,2.80598,5.74969,,2.57635,4.14247,4.70717,-5.66753,fluid
2091,11.1684,4.97868,,1001.5,416.039,11799.1,,3.03545,1.73185,3.49475,,4.50001,13.7861,5.55491,3.97613,fluid
2092,9.32291,4.23956,,1007.15,320.128,57324.4,,2.58861,0.278711,2.60357,,17.3073,3.76155,23.4125,-6.04845,fluid
2093,12.8402,0.154036,,1006.96,8.60553,55816.7,,0.116099,0.0146239,0.117017,,-3.8092,10.7214,0.507764,0.911424,fluid
2094,14.5871,0.212895,,1006.55,9.33933,52455.6,,0.0695804,-0.0148619,0.0711499,,-2.29685,9.75506,1.27575,-0.0549379,fluid
2095,14.4186,0.187611,,1006.64,13.3024,53122.3,,0.0680091,-0.0173418,0.0701853,,-2.78184,9.73921,0.878174,-0.0707859,fluid
2096,15.1209,0.630154,,1005.75,7.80027,45904.1,,0.115527,-0.110761,0.160045,,-1.8035,10.0633,1.21495,0.253346,fluid
2097,17.9842,0.708367,,1005.2,24.7595,41469.9,,0.304604,0.093645,0.318674,,-1.84677,9.40826,0.447197,-0.401737,fluid
2098,17.7959,0.794567,,1005.1,28.718,40650.7,,0.271623,0.109555,0.292884,,-1.52166,9.77641,0.751023,-0.033587,fluid
2099,18.5209,0.612006,,1005.3,16.7973,42295.2,,0.269834,-0.0171648,0.270379,,-2.67142,9.20435,-0.399819,-0.605653,fluid
2100,18.9174,0.756943,,1005.12,21.3045,40787.4,,0.269187,0.00422711,0.26922,,-2.58894,9.80197,-0.443841,-0.00802695,fluid
2101,19.9521,1.42226,,1004.44,35.6306,35327.8,,0.404365,0.145224,0.429652,,-2.76085,9.91223,-0.99804,0.102226,fluid
2102,19.6185,1.13467,,1004.72,30.4819,37608.2,,0.389714,0.129522,0.410674,,-2.99932,10.0507,-1.09136,0.240667,fluid
2103,20.0112,1.64575,,1004.2,42.3416,33384.2,,0.488681,0.212185,0.532759,,-2.70089,10.1005,-1.03959,0.290455,fluid
2104,20.0902,2.09683,,1003.71,47.1803,29416.9,,0.589444,0.337667,0.679311,,-2.38314,10.0258,-0.924304,0.21579,fluid
2105,19.8121,1.6102,,1004.21,44.25,33490.9,,0.574349,0.180904,0.602166,,-2.72838,9.99681,-1.04505,0.186812,fluid
2106,19.902,2.03275,,1003.76,48.2228,29834.1,,0.628572,0.308726,0.700296,,-2.32711,9.96698,-0.833673,0.156977,fluid
2107,19.6124,2.51293,,1003.18,56.4695,25210.9,,0.70931,0.400138,0.81439,,-1.88622,9.95438,-0.604836,0.144384,fluid
2108,19.6445,2.29627,,1003.44,50.8984,27253,,0.70357,0.368793,0.794367,,-2.11385,10.0112,-0.731288,0.201236,fluid
2109,19.4759,2.62905,,1003.03,60.2012,24011.8,,0.759976,0.402348,0.859911,,-1.87107,10.1378,-0.641896,0.327809,fluid
2110,19.5849,2.8098,,1002.81,56.5972,22270.4,,0.699995,0.439437,0.826497,,-1.78009,10.0807,-0.646156,0.270678,fluid
2111,19.0244,2.70322,,1002.91,65.1838,23076.5,,0.864419,0.381001,0.94466,,-1.7111,10.1569,-0.501631,0.346887,fluid
2112,18.6574,3.04504,,1002.45,70.7463,19393.9,,0.959007,0.4199,1.04691,,-1.25172,9.95349,-0.214789,0.143493,fluid
2113,18.5663,3.23215,,1002.19,71.6518,17320.6,,1.03856,0.444491,1.12968,,-1.38397,10.7228,-0.453111,0.912838,fluid
2114,18.429,3.39625,,1001.96,63.2063,15448.1,,1.13486,0.397851,1.20258,,-1.27897,10.8301,-0.442357,1.02009,fluid
2115,17.9543,3.48139,,1001.83,77.3743,14450.8,,1.24153,0.355555,1.29144,,-0.779369,11.3685,0.0240229,1.55852,fluid
2116,17.9498,3.75642,,1001.41,90.9597,11110.3,,1.2515,0.387147,1.31001,,-0.613025,11.2218,0.00506968,1.41184,fluid
2117,16.5874,3.9953,,1001.2,97.0388,9457.49,,1.10436,-0.246754,1.13159,,0.840472,11.722,1.40995,1.91196,fluid
2118,15.2124,4.15018,,1001.18,38.3209,9273.56,,0.933758,-0.00941331,0.933805,,1.43795,10.8693,2.04683,1.05927,fluid
2119,12.5707,4.53635,,1000.83,239.36,6565.75,,2.96709,-0.524419,3.01307,,5.97035,7.96514,6.49222,-1.84486,fluid
2120,6.27971,3.23017,,1005.29,613.743,42179.8,,3.60865,-1.97541,4.11395,,-6.3532,-22.2091,0.32829,-32.0191,fluid
2121,6.84083,4.35626,,1002.34,-1177.21,18466.4,,6.31865,-4.99381,8.05378,,-11.4435,-7.97375,-8.75035,-17.7837,fluid
2122,11.4623,5.475,,1000.44,445.711,3477.46,,3.96747,0.305646,3.97922,,0.442494,11.9388,0.745742,2.12882,fluid
2123,12.7981,3.91605,,1002.13,348.613,16809.5,,2.98919,-0.456925,3.02391,,-0.184854,8.89083,1.12579,-0.919167,fluid
2124,8.45074,3.57474,,1007.06,418.063,56617.9,,0.642068,-1.68255,1.8009,,4.11203,-7.71858,10.7648,-17.5286,fluid
2125,12.3897,0.855876,,1005.62,-10.7065,44875.9,,-0.0965854,0.135397,0.166316,,-3.7655,11.3516,-0.163725,1.54156,fluid
2126,14.9817,0.188288,,1006.52,8.94748,52211.1,,0.117551,-0.0217411,0.119545,,-2.28867,9.68389,1.17373,-0.126113,fluid
2127,14.9908,0.424812,,1006.11,16.2805,48841.4,,0.13232,-0.0206037,0.133915,,-2.21591,9.88191,1.02238,0.0719059,fluid
2128,15.5605,0.622829,,1005.69,18.6563,45409.7,,0.177938,-0.0117959,0.178329,,-1.10328,9.8454,1.79847,0.0354005,fluid
2129,17.5305,0.615293,,1005.37,16.4699,42794.6,,0.288684,-0.0256422,0.28982,,-1.53445,9.47242,0.89367,-0.337577,fluid
2130,18.1076,0.576068,,1005.38,19.2567,42871.6,,0.293249,0.0698452,0.301452,,-1.9981,9.62124,0.356848,-0.188763,fluid
2131,19.4007,0.95479,,1004.91,26.2968,39144.4,,0.214498,0.0929265,0.233762,,-2.91416,9.38519,-0.906352,-0.42481,fluid
2132,20.3359,1.47585,,1004.44,33.2302,35301.9,,0.353492,0.160583,0.388258,,-2.90146,9.8187,-1.17318,0.00870189,fluid
2133,19.9908,1.19241,,1004.71,30.9335,37493.2,,0.344771,0.14507,0.374048,,-3.01827,10.0327,-1.15154,0.222701,fluid
2134,19.8147,1.19751,,1004.68,35.1504,37235.8,,0.34189,0.0790651,0.350913,,-3.20242,9.65455,-1.33197,-0.155448,fluid
2135,20.1971,1.65332,,1004.22,39.6143,33518.4,,0.474039,0.253072,0.537363,,-2.83927,10.3378,-1.18667,0.527838,fluid
2136,20.2648,2.17213,,1003.64,45.9805,28872.6,,0.527574,0.376051,0.64788,,-2.31402,10.1953,-0.894426,0.385261,fluid
2137,19.9114,1.82721,,1003.99,44.877,31672.6,,0.552592,0.256712,0.609311,,-2.53631,10.1309,-0.951948,0.32094,fluid
2138,20.1075,1.87592,,1003.96,44.1771,31422.3,,0.523039,0.222902,0.568555,,-2.74734,10.0491,-1.19079,0.23914,fluid
2139,19.9828,2.27809,,1003.49,51.4536,27677.9,,0.611196,0.361378,0.710039,,-2.23728,10.3568,-0.857014,0.546825,fluid
2140,19.7875,2.19372,,1003.57,51.3824,28292.8,,0.679357,0.331801,0.756054,,-2.34172,10.0495,-0.916966,0.239537,fluid
2141,19.7724,2.61819,,1003.07,55.4466,24297.3,,0.638492,0.49123,0.805592,,-1.91134,10.0812,-0.68625,0.271238,fluid
2142,19.766,2.84297,,1002.78,53.6503,22040.1,,0.693138,0.497891,0.853426,,-1.83877,10.093,-0.726813,0.282993,fluid
2143,19.1628,2.85243,,1002.73,65.9553,21613.7,,0.827011,0.440194,0.936866,,-1.60506,10.2951,-0.480232,0.485132,fluid
2144,18.8838,2.85745,,1002.71,67.5617,21453,,0.899377,0.322281,0.955377,,-1.58363,10.2064,-0.450644,0.396429,fluid
2145,18.8244,3.10924,,1002.37,65.2244,18748,,0.954017,0.394999,1.03256,,-1.45145,10.1048,-0.457866,0.29483,fluid
2146,18.7101,3.36749,,1002.01,63.7197,15904.3,,1.02435,0.445463,1.11701,,-1.4612,10.9524,-0.612877,1.14237,fluid
2147,18.2029,3.49723,,1001.81,68.0717,14250,,1.15276,0.411064,1.22386,,-1.0381,11.1012,-0.256666,1.29116,fluid
2148,18.4147,3.61474,,1001.65,76.4582,13029.6,,1.12302,0.470698,1.21767,,-1.03762,11.3982,-0.331226,1.58824,fluid
2149,16.9212,4.25708,,1000.65,-14.065,5105.39,,1.2376,-0.213971,1.25596,,1.12515,10.8926,1.42667,1.08258,fluid
2150,15.4579,4.26233,,1001.02,58.026,8054.25,,0.89531,0.12669,0.904229,,0.862146,10.9151,1.38266,1.10507,fluid
2151,13.8241,4.26842,,1001.3,272.547,10223.4,,2.40728,-0.055322,2.40792,,0.932933,9.93691,1.67151,0.126915,fluid
2152,7.36727,2.15453,,1006.78,155.763,54290.3,,2.35811,-4.40457,4.99609,,-1.95418,1.54822,5.36533,-8.26178,fluid
2153,3.96809,4.13255,,1003.24,249.341,25674.7,,1.30927,-2.56123,2.87647,,-14.0843,-12.0489,-7.63493,-21.8589,fluid
2154,6.3284,3.96019,,1007.28,1187.83,58384.3,,3.27736,-5.20127,6.1477,,25.8029,51.0394,34.962,41.2294,fluid
2155,12.9807,4.14947,,1001.47,116.922,11596.2,,3.20355,-1.02331,3.36301,,-3.07314,10.1181,-2.18111,0.308108,fluid
2156,9.34943,3.68256,,1007.23,476.107,57954.4,,2.2309,1.13366,2.50242,,-3.95842,-1.09416,2.19582,-10.9042,fluid
2157,12.0884,0.361347,,1006.6,2.58494,52843.2,,-0.0522381,0.160799,0.169072,,-4.55335,11.2397,-0.210607,1.42967,fluid
2158,15.9556,0.48013,,1005.84,12.1034,46613.9,,0.272241,-0.0286172,0.273741,,-1.73031,9.53971,1.17421,-0.270293,fluid
2159,15.1915,0.305945,,1006.28,9.85085,50237.4,,0.161077,-0.00219127,0.161092,,-1.89666,9.76992,1.38963,-0.0400812,fluid
2160,15.374,0.467222,,1005.97,9.13973,47732.3,,0.258667,-0.0371653,0.261323,,-2.1666,9.80649,0.919696,-0.00351313,fluid
2161,19.1439,0.94191,,1004.9,28.533,39054.5,,0.306857,0.101523,0.323215,,-2.64732,9.51324,-0.61723,-0.296759,fluid
2162,19.2542,0.787101,,1005.11,23.7892,40704.7,,0.171624,0.121527,0.210294,,-3.13704,9.66022,-1.03371,-0.149778,fluid
2163,19.6257,0.958274,,1004.94,22.7976,39319.4,,0.227843,0.0722499,0.239024,,-3.33632,9.75536,-1.34269,-0.0546375,fluid
2164,20.3859,1.25169,,1004.7,31.4448,37448.3,,0.214077,0.106203,0.238973,,-3.16514,10.3418,-1.33677,0.531765,fluid
2165,19.8503,0.976035,,1004.94,24.8738,39387,,0.237024,0.132938,0.271759,,-3.1876,10.0783,-1.21316,0.268255,fluid
2166,20.3704,1.71206,,1004.17,36.8421,33172.8,,0.421682,0.31368,0.525558,,-2.73021,10.3845,-1.1085,0.574469,fluid
2167,20.1392,1.43924,,1004.45,32.9765,35395.3,,0.426475,0.239527,0.489136,,-3.03083,9.94334,-1.28108,0.133339,fluid
2168,20.4571,1.9512,,1003.91,38.2788,31067.8,,0.432684,0.359192,0.562348,,-2.42332,10.1663,-0.91056,0.356292,fluid
2169,20.2699,1.92223,,1003.92,43.1481,31158,,0.494063,0.308231,0.582327,,-2.50133,10.2314,-0.97018,0.42144,fluid
2170,20.4447,2.14745,,1003.69,41.1181,29242.4,,0.517117,0.401878,0.654917,,-2.40501,10.2131,-0.979948,0.403086,fluid
2171,20.1673,2.34473,,1003.43,48.7918,27200.1,,0.548651,0.362162,0.657404,,-2.2186,10.5789,-0.874493,0.768919,fluid
2172,19.845,2.42958,,1003.3,48.9932,26159.2,,0.648494,0.406897,0.765578,,-1.94151,10.1589,-0.627664,0.348933,fluid
2173,19.951,2.71487,,1002.96,54.5636,23456.4,,0.615007,0.454613,0.764792,,-1.94753,9.92443,-0.775307,0.114433,fluid
2174,19.9592,2.93951,,1002.68,46.7231,21183.7,,0.639496,0.502965,0.81359,,-1.78636,10.2506,-0.727837,0.440601,fluid
2175,19.3854,2.84394,,1002.76,60.145,21815.4,,0.744251,0.44374,0.866495,,-1.70283,10.3047,-0.580571,0.494669,fluid
2176,19.2415,3.06923,,1002.45,56.8764,19402.7,,0.843634,0.442258,0.952528,,-1.53512,9.93926,-0.529211,0.129261,fluid
2177,19.0195,3.02158,,1002.5,59.6263,19767.5,,0.882174,0.336621,0.944217,,-1.52747,9.89186,-0.490734,0.081859,fluid
2178,18.8876,3.30076,,1002.12,65.8766,16732.7,,0.932084,0.489244,1.05268,,-1.33364,10.9423,-0.449609,1.13227,fluid
2179,18.5928,3.55423,,1001.75,69.408,13802.6,,1.03766,0.545943,1.17252,,-1.14385,11.055,-0.402783,1.245,fluid
2180,18.6912,3.8003,,1001.4,78.858,11021.3,,0.979259,0.576083,1.13614,,-1.59638,10.6198,-1.00756,0.809788,fluid
2181,17.2325,3.71656,,1001.53,80.1171,12078.2,,1.29381,-0.0274813,1.2941,,0.198819,11.7816,0.898642,1.97163,fluid
2182,15.9098,4.19323,,1001.04,41.742,8218.36,,0.874837,-0.269663,0.915455,,0.978641,10.172,1.49466,0.361967,fluid
2183,14.3769,4.10464,,1001.54,9.8017,12176.5,,1.24585,0.305151,1.28268,,1.04078,14.159,1.88642,4.34902,fluid
2184,10.6274,5.41304,,1000.7,202.093,5528.28,,2.47064,0.397218,2.50237,,1.27046,20.8007,1.79029,10.9907,fluid
2185,4.72388,4.44123,,1003.4,505.705,26978.4,,2.8829,-2.74692,3.98205,,-6.18133,-15.8052,-0.489633,-25.6152,fluid
2186,5.15161,1.65091,,1006.16,689.872,49226.7,,2.91097,-2.046,3.55807,,-8.82401,18.6924,0.673113,8.88244,fluid
2187,11.9072,5.55172,,1000.06,407.333,466.09,,3.449,-0.412469,3.47358,,1.88917,7.19639,1.92831,-2.61361,fluid
2188,12.6753,2.60008,,1003.61,106.098,28679.5,,1.19186,-0.388257,1.25351,,-1.96706,10.56,0.287411,0.750048,fluid
2189,13.074,0.141646,,1006.96,8.0706,55801.5,,0.0784307,0.00365445,0.0785158,,-3.61488,10.2957,0.623726,0.485733,fluid
2190,16.1164,0.318423,,1006.07,8.12985,48513,,0.219618,-0.00572842,0.219693,,-1.5135,9.42187,1.4785,-0.388128,fluid
2191,15.6717,0.414008,,1006.01,11.2828,47994.4,,0.245436,-0.0149139,0.245888,,-1.80976,9.70015,1.23444,-0.109854,fluid
2192,16.8415,0.508782,,1005.62,15.0413,44863,,0.287866,0.0405726,0.290712,,-1.4541,9.72767,1.19485,-0.0823274,fluid
2193,18.7428,0.647305,,1005.26,20.9997,41901.8,,0.273579,0.0559234,0.279236,,-2.66863,9.4756,-0.444703,-0.334397,fluid
2194,19.4423,0.733699,,1005.2,20.7406,41413.6,,0.178474,0.123632,0.217112,,-3.03878,9.89371,-0.919718,0.0837088,fluid
2195,20.0697,1.00334,,1004.94,25.8333,39381.4,,0.205122,0.105957,0.230872,,-3.43139,9.98175,-1.47881,0.171747,fluid
2196,20.5791,1.37629,,1004.59,28.7198,36531.9,,0.235441,0.171719,0.29141,,-3.21841,10.0916,-1.45133,0.281585,fluid
2197,20.2563,1.05271,,1004.91,23.5969,39141.8,,0.190092,0.0589911,0.199035,,-3.21852,10.0422,-1.29564,0.232182,fluid
2198,20.7498,1.51103,,1004.46,27.6218,35468,,0.288223,0.204429,0.35336,,-2.83264,10.5777,-1.13091,0.767739,fluid
2199,20.1901,1.24801,,1004.68,29.424,37225.2,,0.318776,0.155711,0.354773,,-3.14112,10.2077,-1.30597,0.397698,fluid
2200,20.5641,1.78321,,1004.12,34.7614,32723,,0.352661,0.218438,0.414831,,-2.66739,10.4702,-1.08264,0.660164,fluid
2201,20.5111,1.54857,,1004.38,30.7499,34839.4,,0.346342,0.231416,0.41654,,-2.73609,10.4579,-1.04494,0.647922,fluid
2202,20.6672,2.00673,,1003.87,38.3157,30753.5,,0.369754,0.257634,0.450659,,-2.55237,10.3715,-1.07008,0.561541,fluid
2203,20.4955,2.35621,,1003.45,40.1408,27320.3,,0.490269,0.419194,0.645048,,-2.17842,10.5319,-0.850002,0.721899,fluid
2204,20.0422,2.52923,,1003.2,47.6234,25351,,0.56898,0.392448,0.691197,,-1.97603,9.87144,-0.715179,0.0614373,fluid
2205,20.2403,2.61429,,1003.11,43.8406,24652.8,,0.539946,0.442835,0.698316,,-1.89359,9.84288,-0.679359,0.0328839,fluid
2206,20.1412,2.78742,,1002.89,52.3171,22853.4,,0.569026,0.492063,0.752275,,-1.90969,10.1308,-0.778297,0.320765,fluid
2207,19.6573,3.03029,,1002.54,44.5699,20076.8,,0.664204,0.484079,0.821888,,-1.74352,10.1072,-0.724766,0.297203,fluid
2208,19.4498,3.04743,,1002.5,50.9859,19768.7,,0.719866,0.478163,0.864203,,-1.52969,9.92699,-0.51583,0.116991,fluid
2209,19.3373,3.28203,,1002.19,59.5463,17301.5,,0.773161,0.607729,0.983419,,-1.63524,10.4876,-0.742475,0.677589,fluid
2210,19.0818,3.22539,,1002.24,61.3455,17668.7,,0.849125,0.517674,0.994485,,-1.32972,10.5278,-0.40584,0.717757,fluid
2211,18.8053,3.58185,,1001.73,59.3456,13621.6,,0.958699,0.497577,1.08013,,-1.30071,10.6897,-0.577606,0.87968,fluid
2212,18.9341,3.7605,,1001.48,69.4571,11666.3,,0.91387,0.619369,1.10398,,-1.54,10.296,-0.924753,0.486047,fluid
2213,17.5531,3.76423,,1001.41,86.2183,11077,,1.29042,0.171354,1.30175,,-0.299518,11.038,0.330651,1.22797,fluid
2214,15.9928,4.3508,,1000.78,80.8711,6118.66,,0.828064,0.189985,0.849578,,0.976079,9.67781,1.35837,-0.132191,fluid
2215,15.0758,4.1877,,1001.18,37.7319,9260.7,,0.890516,-0.018781,0.890714,,0.061836,12.822,0.67539,3.01201,fluid
2216,11.8411,5.53327,,1000.09,198.813,679.654,,3.31451,0.129976,3.31706,,2.43116,7.11645,2.48855,-2.69355,fluid
2217,5.06901,4.07951,,1004.61,749.644,36687.3,,1.99557,-2.58466,3.26539,,-20.3159,4.34601,-13.1116,-5.46399,fluid
2218,6.54337,0.937743,,1008.47,732.151,68199.7,,2.58426,-0.595773,2.65205,,-3.91297,10.3174,6.42219,0.507439,fluid
2219,11.5599,5.05538,,1001.07,528.067,8398.73,,4.04153,1.10683,4.19035,,5.32897,10.0782,6.05473,0.268206,fluid
2220,10.6021,3.91627,,1003.35,507.696,26554,,4.93879,2.62826,5.59459,,1.74901,8.19806,4.24526,-1.61194,fluid
2221,13.4204,0.115436,,1006.97,10.2524,55817.6,,0.0521581,-0.0021778,0.0522036,,-3.45965,9.88733,0.670736,0.0773291,fluid
2222,16.6316,0.378805,,1005.86,7.01536,46820.8,,0.285321,-0.0182033,0.285901,,-1.54639,9.39425,1.25239,-0.415746,fluid
2223,17.3095,0.524966,,1005.52,16.2322,44067.6,,0.353578,0.00188068,0.353583,,-1.684,9.41501,0.847882,-0.394991,fluid
2224,17.5087,0.805887,,1005.11,24.196,40714.4,,0.383082,0.0139542,0.383336,,-1.41262,9.42804,0.900942,-0.38196,fluid
2225,19.6801,0.789726,,1005.15,19.3797,41059.5,,0.171219,0.0620554,0.182117,,-3.48447,9.54444,-1.40882,-0.265562,fluid
2226,18.303,0.481932,,1005.5,14.4211,43846.6,,0.156374,0.0089108,0.156628,,-2.36823,9.39574,0.0142798,-0.414257,fluid
2227,19.9134,0.787731,,1005.18,15.8134,41326.7,,0.147209,0.0816968,0.168359,,-3.3628,9.60497,-1.29819,-0.205034,fluid
2228,20.8967,1.19389,,1004.85,19.9978,38652.5,,0.184411,0.155559,0.24126,,-3.1963,10.132,-1.35554,0.322003,fluid
2229,20.4395,0.980064,,1005.03,17.9584,40072.9,,0.21558,0.0835978,0.231221,,-3.30216,10.1515,-1.3514,0.341462,fluid
2230,20.7725,1.29077,,1004.72,23.8332,37577.1,,0.168997,0.149126,0.225386,,-3.23145,10.3801,-1.43097,0.570089,fluid
2231,20.9232,1.47327,,1004.53,26.2271,36026,,0.239046,0.143105,0.278607,,-2.66096,10.3707,-0.946897,0.560711,fluid
2232,20.8249,1.89744,,1004.02,29.1068,31927.9,,0.32538,0.370294,0.49294,,-2.38715,10.5246,-0.860127,0.714637,fluid
2233,20.7228,1.70679,,1004.23,30.3571,33599.1,,0.362738,0.225349,0.427037,,-2.67879,10.2208,-1.06426,0.410823,fluid
2234,20.8441,2.14229,,1003.74,36.0035,29645.7,,0.357867,0.373684,0.517405,,-2.19092,10.5515,-0.773957,0.741515,fluid
2235,20.6418,2.22101,,1003.62,40.0044,28717,,0.480171,0.345958,0.59182,,-2.12993,10.3984,-0.743742,0.588357,fluid
2236,20.3422,2.44428,,1003.33,41.835,26375.8,,0.496253,0.420499,0.650451,,-2.20745,10.416,-0.915141,0.605985,fluid
2237,20.478,2.65047,,1003.09,42.573,24449.8,,0.497284,0.448537,0.669684,,-1.97218,9.95257,-0.781898,0.142573,fluid
2238,20.3524,2.81729,,1002.87,48.1031,22691,,0.521069,0.496168,0.719511,,-1.75406,10.0752,-0.642337,0.265168,fluid
2239,19.8465,3.10708,,1002.46,41.846,19435.8,,0.63307,0.529579,0.825367,,-1.60451,10.1023,-0.627601,0.292333,fluid
2240,19.7174,3.28192,,1002.23,57.1179,17623.5,,0.681983,0.540444,0.870161,,-1.45088,10.313,-0.559064,0.503007,fluid
2241,19.519,3.26878,,1002.23,56.8789,17594,,0.721796,0.598492,0.937647,,-1.51528,10.1724,-0.615907,0.362357,fluid
2242,19.2,3.40596,,1002.01,61.2602,15878.1,,0.774668,0.589978,0.973748,,-1.33251,10.975,-0.507181,1.16505,fluid
2243,19.0139,3.48517,,1001.88,54.8897,14842.4,,0.921122,0.505146,1.05054,,-1.55184,10.8544,-0.772696,1.0444,fluid
2244,19.2942,3.65384,,1001.68,45.8489,13240.2,,0.810139,0.594737,1.00501,,-1.48825,10.0365,-0.803172,0.226477,fluid
2245,17.7388,3.80661,,1001.32,89.8619,10396.9,,1.35718,0.29105,1.38804,,-0.8356,11.3465,-0.250262,1.53647,fluid
2246,16.421,3.87215,,1001.42,65.492,11205.1,,1.06152,-0.285871,1.09934,,1.07736,12.615,1.75876,2.80498,fluid
2247,15.236,4.33237,,1000.96,64.8734,7561.63,,0.690776,-0.501613,0.853691,,1.2404,12.5909,1.73622,2.78092,fluid
2248,12.2198,5.05092,,1000.82,351.976,6489.98,,4.0159,-0.223075,4.02209,,2.22835,11.735,2.75901,1.92502,fluid
2249,3.38548,5.90094,,1008.8,1005.2,70917.5,,4.08048,-4.79869,6.29903,,-16.3083,64.5634,4.45644,54.7534,fluid
2250,4.09486,4.62832,,1005.4,740.205,43108.2,,3.22299,-3.2169,4.55369,,-10.8856,-13.5481,-0.414803,-23.3581,fluid
2251,6.0591,5.97952,,1001.76,972.184,13885.8,,-0.304437,-12.6415,12.6452,,15.8946,0.138711,18.1823,-9.67129,fluid
2252,11.2153,3.58891,,1002.84,426.198,22514.6,,4.43665,1.56107,4.70328,,0.772226,3.10229,2.77402,-6.70771,fluid
2253,13.8188,0.110172,,1006.9,11.8351,55322.4,,0.0549867,-0.00401996,0.0551334,,-3.22512,9.7952,0.750838,-0.0148025,fluid
2254,15.831,0.261711,,1006.23,9.18024,49813.2,,0.128107,-0.0103796,0.128526,,-1.78982,9.51394,1.33726,-0.29606,fluid
2255,17.8986,0.449211,,1005.57,14.1798,44448.4,,0.267551,0.00777879,0.267665,,-1.9391,9.3365,0.530486,-0.473502,fluid
2256,17.1391,0.36429,,1005.79,8.80777,46262.9,,0.233558,0.0601498,0.241179,,-1.41715,9.60896,1.26656,-0.201044,fluid
2257,18.6988,0.455432,,1005.52,13.6422,44037.5,,0.173247,-0.00278039,0.173269,,-2.81934,9.22567,-0.477164,-0.58433,fluid
2258,19.2226,0.561822,,1005.4,16.2762,43040.2,,0.254867,0.0536121,0.260445,,-2.91768,9.62892,-0.690655,-0.18108,fluid
2259,20.5504,1.16012,,1004.84,24.197,38520,,0.173045,0.214877,0.275892,,-3.08822,10.0636,-1.22282,0.25362,fluid
2260,21.0267,1.11424,,1004.97,18.8835,39576.3,,0.16838,0.107548,0.199796,,-3.11061,10.1782,-1.23773,0.36823,fluid
2261,20.707,1.04949,,1004.99,18.5208,39781.1,,0.133462,0.165024,0.212238,,-3.03838,10.2845,-1.12678,0.4745,fluid
2262,21.1218,1.31564,,1004.74,17.7884,37767.1,,0.0547366,0.148735,0.158487,,-2.85442,10.6119,-1.0748,0.801851,fluid
2263,21.0999,1.50757,,1004.51,21.7238,35903.5,,0.236925,0.291304,0.375488,,-2.77773,10.2519,-1.08378,0.441932,fluid
2264,20.9324,1.73156,,1004.23,29.3726,33593.2,,0.224799,0.198011,0.299572,,-2.74254,10.198,-1.14445,0.388034,fluid
2265,21.1071,1.72716,,1004.25,25.3358,33821.4,,0.198585,0.272469,0.337158,,-2.62309,10.5789,-1.02751,0.768919,fluid
2266,20.9969,2.0354,,1003.88,30.63,30800.6,,0.299002,0.307707,0.429052,,-2.2902,10.6186,-0.828952,0.808616,fluid
2267,21.0125,2.29578,,1003.57,31.8836,28314.2,,0.295155,0.364196,0.468781,,-2.13531,10.3207,-0.792618,0.510686,fluid
2268,20.6348,2.50392,,1003.28,39.6906,25996,,0.441338,0.428566,0.615181,,-2.07086,10.4459,-0.815158,0.635878,fluid
2269,20.8102,2.61702,,1003.15,38.1694,24992.1,,0.4127,0.536496,0.676867,,-1.94921,10.4493,-0.752033,0.639283,fluid
2270,20.5265,2.91755,,1002.75,43.3513,21782.4,,0.489743,0.506891,0.704831,,-1.55912,10.271,-0.500846,0.46103,fluid
2271,20.1619,2.99972,,1002.62,44.0768,20710.8,,0.599327,0.496424,0.778223,,-1.74648,10.4874,-0.721934,0.677404,fluid
2272,20.0364,3.19669,,1002.36,38.1861,18673.9,,0.59827,0.541174,0.806719,,-1.46667,9.9788,-0.536868,0.168803,fluid
2273,19.9204,3.37256,,1002.13,59.9303,16848.3,,0.605463,0.573706,0.834101,,-1.59607,10.2554,-0.752093,0.445448,fluid
2274,19.5952,3.47033,,1001.97,54.6308,15566.1,,0.730281,0.603174,0.947169,,-1.50534,10.8352,-0.712526,1.02523,fluid
2275,19.4335,3.5387,,1001.86,46.6129,14666.3,,0.732063,0.570626,0.928186,,-1.50773,10.5297,-0.754437,0.719673,fluid
2276,19.5033,3.80182,,1001.49,51.9532,11755.8,,0.657782,0.611562,0.898157,,-1.64852,9.02335,-1.04666,-0.786647,fluid
2277,18.2296,3.69826,,1001.52,81.3791,11966.1,,1.21712,0.406815,1.28331,,-1.02068,11.5823,-0.365263,1.77227,fluid
2278,16.7661,4.02966,,1001.08,105.348,8514.32,,1.23597,-0.224881,1.25627,,1.09773,11.3328,1.60501,1.52282,fluid
2279,15.6711,4.09235,,1001.23,38.3912,9679.16,,0.958263,-0.368376,1.02663,,1.18517,10.8849,1.80206,1.07487,fluid
2280,14.2382,4.39181,,1001.21,91.8743,9543.36,,1.8321,0.890097,2.03688,,3.69219,11.2659,4.36164,1.45593,fluid
2281,5.41088,4.20351,,1004.36,230.673,34705.3,,2.39128,-3.55615,4.28537,,-11.3794,-1.76933,-4.99333,-11.5793,fluid
2282,6.27131,1.4833,,1006.41,520.205,51251.6,,2.68892,-0.463168,2.72852,,-15.0472,9.36529,-6.92686,-0.444709,fluid
2283,12.0525,4.17574,,1001.62,150.335,12811,,3.16116,0.199289,3.16744,,3.27365,9.83398,4.33486,0.0239793,fluid
2284,13.0273,3.51934,,1002.6,193.553,20552.3,,2.37454,-0.743712,2.48828,,-2.92979,9.97554,-1.35625,0.165542,fluid
2285,14.2063,0.106369,,1006.83,9.71011,54746.6,,0.0850919,0.00261437,0.085132,,-2.8272,9.98195,1.00032,0.171952,fluid
2286,17.4461,0.377407,,1005.72,9.99976,45707.7,,0.223576,-0.0133094,0.223972,,-1.67471,9.16967,0.930327,-0.640327,fluid
2287,16.9236,0.322361,,1005.9,6.94299,47103,,0.213604,-0.010132,0.213844,,-1.79588,9.28682,0.971076,-0.523185,fluid
2288,19.0577,0.648897,,1005.27,18.5337,41998,,0.237798,0.0144517,0.238237,,-3.05593,9.49999,-0.863754,-0.310011,fluid
2289,20.1174,0.806665,,1005.19,19.616,41374.3,,0.152556,0.0998264,0.182315,,-3.50958,10.0303,-1.46356,0.220281,fluid
2290,20.3306,0.810659,,1005.22,17.3386,41595.3,,0.152865,0.104482,0.18516,,-3.5321,9.97453,-1.49678,0.164532,fluid
2291,20.5817,0.840696,,1005.22,16.9366,41633.7,,0.171384,0.083609,0.190691,,-3.57427,10.0763,-1.56194,0.266308,fluid
2292,21.2697,1.20246,,1004.9,15.6123,39011.4,,0.123479,0.119091,0.171551,,-2.91966,10.4272,-1.09446,0.617246,fluid
2293,20.9725,0.864416,,1005.26,13.5277,41931.1,,0.00106322,0.0797462,0.0797533,,-3.27087,10.3504,-1.28199,0.54041,fluid
2294,21.5198,1.52713,,1004.55,15.8153,36190.1,,0.0154788,0.224324,0.224857,,-2.49311,10.6231,-0.81901,0.813127,fluid
2295,21.311,1.48856,,1004.57,20.2028,36332.4,,0.0876937,0.214435,0.231673,,-2.51821,10.3522,-0.82109,0.542166,fluid
2296,21.1389,1.92985,,1004.02,26.1854,31933.9,,0.269159,0.217796,0.346239,,-2.2322,10.509,-0.727579,0.698959,fluid
2297,21.2804,1.70148,,1004.31,21.0702,34253.4,,0.244753,0.26661,0.361919,,-2.33079,10.6183,-0.728073,0.808288,fluid
2298,21.2802,2.04555,,1003.9,25.141,30967.3,,0.187935,0.374429,0.418947,,-2.14092,10.6053,-0.691352,0.795328,fluid
2299,21.1613,2.47411,,1003.36,29.3756,26651.4,,0.304002,0.414888,0.514343,,-1.74286,10.346,-0.487635,0.536018,fluid
2300,20.806,2.36499,,1003.46,35.6385,27473.3,,0.398546,0.457678,0.606884,,-2.1345,10.3984,-0.818611,0.5884,fluid
2301,20.9881,2.77957,,1002.96,36.3188,23427.6,,0.402634,0.497265,0.639833,,-1.58113,10.3001,-0.468192,0.49009,fluid
2302,20.6603,2.75599,,1002.97,40.872,23506.2,,0.446355,0.4604,0.64125,,-1.73586,10.2611,-0.601474,0.451055,fluid
2303,20.3608,3.04556,,1002.58,41.314,20377,,0.518938,0.540178,0.749058,,-1.67444,10.4862,-0.676218,0.676221,fluid
2304,20.2424,3.24594,,1002.32,32.6213,18301.2,,0.558498,0.523749,0.765658,,-1.54769,9.82217,-0.645681,0.0121729,fluid
2305,20.1585,3.43495,,1002.07,58.7442,16342.3,,0.555871,0.63366,0.842922,,-1.59961,9.69089,-0.790593,-0.119108,fluid
2306,19.8008,3.53155,,1001.91,56.0713,15044,,0.657959,0.634644,0.914157,,-1.7746,10.3597,-1.01628,0.549661,fluid
2307,19.7052,3.72379,,1001.62,28.0274,12780.1,,0.627213,0.546837,0.832122,,-1.70189,9.33311,-1.05437,-0.476893,fluid
2308,19.6491,3.96947,,1001.27,75.6451,10008,,0.538736,0.842635,1.00013,,-1.81789,9.10927,-1.3092,-0.700731,fluid
2309,18.4181,3.89476,,1001.22,74.4607,9646.76,,1.07479,0.658056,1.26024,,-1.34563,10.7994,-0.822502,0.989429,fluid
2310,17.0562,3.87788,,1001.29,106.681,10142.1,,1.24673,-0.0940149,1.25027,,0.497297,11.6676,1.09116,1.85764,fluid
2311,15.1451,4.75601,,1000.45,42.9809,3567.26,,0.93699,0.000867527,0.93699,,2.27104,10.3656,2.50647,0.555632,fluid
2312,14.899,4.10825,,1001.34,51.1872,10535,,1.04663,-0.0893479,1.05044,,-0.423186,13.8707,0.282964,4.06071,fluid
2313,6.06061,3.47684,,1004.64,19.8046,36891.8,,1.77503,-2.61301,3.15888,,-29.6093,-12.0449,-23.5503,-21.8549,fluid
2314,8.39214,2.15756,,1008.73,573.382,70304,,2.7804,-1.48411,3.1517,,-16.7586,15.1011,-8.45367,5.29106,fluid
2315,11.8372,4.7886,,1001.04,161.64,8222.06,,3.61804,0.569845,3.66264,,2.93429,11.1453,3.62816,1.33531,fluid
2316,10.4397,4.48009,,1003.54,276.068,28096.4,,2.40483,2.09145,3.18706,,9.9694,4.65648,12.6512,-5.15352,fluid
2317,14.7777,0.100641,,1006.72,8.45514,53813.5,,0.0732446,0.00100285,0.0732515,,-2.33528,9.80848,1.28195,-0.00151733,fluid
2318,17.6643,0.391291,,1005.68,12.0996,45315.1,,0.278686,0.0565991,0.284375,,-1.70444,9.46138,0.846428,-0.348621,fluid
2319,17.2489,0.184222,,1006.06,3.71725,48423.1,,0.100891,-0.00756284,0.101174,,-1.89478,9.20542,0.895622,-0.604579,fluid
2320,19.5024,0.576277,,1005.41,15.7756,43116.3,,0.146195,0.0816351,0.167444,,-3.33499,9.58931,-1.13606,-0.220686,fluid
2321,18.9177,0.459733,,1005.52,16.5983,44013.7,,0.168422,0.0281123,0.170752,,-2.9279,9.39744,-0.614079,-0.412559,fluid
2322,19.9532,0.54965,,1005.5,13.641,43857.3,,0.045293,0.0129176,0.0470991,,-3.51669,9.89997,-1.3307,0.0899655,fluid
2323,20.7945,0.894529,,1005.19,17.5567,41405,,0.0421368,0.10789,0.115826,,-3.27809,10.2922,-1.29723,0.482236,fluid
2324,21.6865,0.980712,,1005.2,4.75561,41447,,-0.0918089,0.150932,0.176662,,-2.74972,10.3995,-0.848411,0.589461,fluid
2325,21.1481,0.970637,,1005.16,14.6337,41097,,0.00300512,0.074084,0.0741449,,-2.92167,10.3081,-0.988338,0.498055,fluid
2326,21.5322,1.1193,,1005.03,10.2585,40038.2,,-0.0215923,0.195976,0.197162,,-2.73735,10.3352,-0.887186,0.525186,fluid
2327,21.4198,1.30965,,1004.79,14.7883,38153.2,,0.0285347,0.203018,0.205013,,-2.71613,10.5662,-0.94341,0.75615,fluid
2328,21.4336,1.99652,,1003.98,21.8565,31590.8,,0.224424,0.386043,0.446537,,-2.18159,10.7941,-0.713531,0.984084,fluid
2329,21.4344,1.7535,,1004.27,18.8107,33925.3,,0.198515,0.368204,0.418309,,-2.18603,10.7494,-0.61,0.939428,fluid
2330,21.366,2.28386,,1003.62,26.3742,28715.4,,0.19878,0.343184,0.396596,,-2.01635,10.7562,-0.677225,0.946212,fluid
2331,21.1832,2.22834,,1003.67,30.4777,29114.4,,0.249785,0.355185,0.434222,,-2.0881,10.6206,-0.718711,0.81063,fluid
2332,20.9722,2.52128,,1003.29,33.0066,26051.5,,0.37479,0.491049,0.617735,,-1.91296,10.5607,-0.674836,0.750679,fluid
2333,21.2222,3.0242,,1002.65,20.815,20952.3,,0.361869,0.502961,0.619612,,-1.18642,9.9734,-0.201753,0.163399,fluid
2334,20.8527,2.89155,,1002.81,34.0879,22217.1,,0.399426,0.515725,0.652314,,-1.68742,10.1523,-0.624976,0.342332,fluid
2335,20.593,3.1538,,1002.46,38.0396,19416.5,,0.43167,0.580509,0.723415,,-1.66543,10.3197,-0.724875,0.509677,fluid
2336,20.4427,3.2826,,1002.28,30.686,18034.4,,0.51618,0.571262,0.769923,,-1.52436,9.83583,-0.644174,0.0258319,fluid
2337,20.4168,3.49622,,1002.01,54.2406,15855.2,,0.499732,0.693415,0.854726,,-1.51569,9.45226,-0.740671,-0.357745,fluid
2338,20.0565,3.58162,,1001.86,64.0129,14651.9,,0.583369,0.687357,0.901543,,-1.9159,10.1332,-1.18672,0.323196,fluid
2339,19.9371,3.73214,,1001.63,18.631,12834.4,,0.607031,0.583019,0.841664,,-1.67338,9.59953,-1.03068,-0.210467,fluid
2340,19.8651,3.95208,,1001.33,33.5205,10468,,0.533044,0.642204,0.834603,,-1.51938,8.49781,-0.993123,-1.31219,fluid
2341,18.8499,3.92963,,1001.2,71.6851,9469,,0.878508,0.720196,1.13598,,-1.69064,10.5408,-1.1889,0.730783,fluid
2342,17.3649,3.84508,,1001.29,99.975,10182,,1.29017,0.0631377,1.29172,,-0.16824,11.4578,0.417361,1.64778,fluid
2343,16.1273,4.18677,,1001,49.6306,7885.57,,0.896459,-0.279316,0.938966,,0.860097,10.4244,1.34857,0.614395,fluid
2344,14.9232,4.62803,,1000.76,88.9487,5990.43,,1.05782,-0.00509524,1.05783,,-1.77193,9.77384,-1.37082,-0.0361572,fluid
2345,9.08023,5.06076,,1005.62,-201.102,44816.6,,2.5663,-1.83832,3.15679,,1.15146,-23.6225,6.05952,-33.4325,fluid
2346,10.5463,2.81364,,1003.34,255.336,26467.2,,2.79323,2.59965,3.81579,,3.47408,8.15429,5.97535,-1.65571,fluid
2347,5.24897,5.93579,,1014.16,1684.34,115945,,1.07981,-11.7856,11.835,,39.1744,-1.33153,60.9551,-11.1415,fluid
2348,10.7559,5.43203,,1000.52,46.6674,4070.73,,2.73592,0.46636,2.77538,,3.62488,18.0683,4.00315,8.25825,fluid
2349,15.2475,0.0924277,,1006.64,10.0612,53185.4,,0.0869579,-0.00286697,0.0870052,,-2.04587,9.61623,1.41926,-0.193766,fluid
2350,18.0987,0.347111,,1005.7,10.8515,45525.5,,0.159688,0.00468313,0.159756,,-2.1192,9.26568,0.38194,-0.544321,fluid
2351,17.6647,0.154483,,1006.04,5.80085,48237.8,,0.0824757,-0.0161416,0.0840405,,-2.042,9.22945,0.672368,-0.580546,fluid
2352,19.7586,0.608884,,1005.39,16.5789,43017.9,,0.107761,0.0747397,0.131143,,-3.50011,9.71615,-1.33461,-0.0938462,fluid
2353,19.0596,0.327528,,1005.71,14.5165,45559.5,,0.0917829,0.0562149,0.10763,,-3.12235,9.47448,-0.745551,-0.335521,fluid
2354,20.4222,0.629444,,1005.46,11.4446,43572.9,,-0.00849827,0.0609117,0.0615017,,-3.72821,9.95844,-1.6062,0.148445,fluid
2355,20.6223,0.635373,,1005.49,11.0198,43767.9,,-0.0429425,0.0193303,0.0470927,,-3.78338,9.81606,-1.67261,0.00606496,fluid
2356,21.908,0.953817,,1005.25,-0.174072,41823.7,,-0.12871,0.0581018,0.141216,,-2.43398,10.2782,-0.534883,0.468196,fluid
2357,21.3453,1.00145,,1005.14,11.4265,40991.7,,-0.0038192,0.10083,0.100902,,-2.75293,10.4303,-0.842352,0.620291,fluid
2358,21.9005,1.1314,,1005.04,5.94676,40169.2,,-0.0586053,0.151307,0.16226,,-2.48349,10.7698,-0.658526,0.959754,fluid
2359,21.7417,1.21302,,1004.94,9.84536,39320.3,,-0.0140702,0.169085,0.16967,,-2.32797,10.8545,-0.528339,1.04454,fluid
2360,21.5921,1.90526,,1004.11,20.6252,32638.8,,0.18916,0.277577,0.335902,,-2.03966,10.4295,-0.534235,0.619488,fluid
2361,21.6156,2.15326,,1003.81,19.8968,30249.1,,0.120977,0.411567,0.428979,,-1.76182,10.9636,-0.367726,1.15364,fluid
2362,21.5252,2.32006,,1003.59,19.7982,28489.5,,0.206445,0.421733,0.469551,,-1.71306,10.8841,-0.394253,1.07408,fluid
2363,21.3295,2.54254,,1003.29,26.3247,26064.6,,0.232474,0.415889,0.476453,,-1.68631,10.3155,-0.468317,0.505491,fluid
2364,21.1555,2.71665,,1003.05,35.1677,24161.5,,0.352731,0.532394,0.638641,,-1.75444,10.5944,-0.615822,0.784434,fluid
2365,21.4243,3.04409,,1002.63,18.4782,20825.9,,0.323256,0.563626,0.649745,,-1.12275,10.2039,-0.153231,0.393945,fluid
2366,21.0533,3.02166,,1002.65,27.2733,20937.9,,0.312542,0.498176,0.5881,,-1.47515,9.79548,-0.483257,-0.014521,fluid
2367,20.7314,3.03057,,1002.62,37.5725,20741.4,,0.40988,0.604415,0.730287,,-1.49257,10.2028,-0.494708,0.392823,fluid
2368,20.8039,3.26477,,1002.33,41.7251,18381.3,,0.410768,0.62976,0.751883,,-1.69365,10.1715,-0.812148,0.361463,fluid
2369,20.6529,3.4107,,1002.13,29.3029,16837.3,,0.50553,0.591651,0.77821,,-1.35948,9.70637,-0.54596,-0.103633,fluid
2370,20.2797,3.62422,,1001.82,67.5423,14363.1,,0.481057,0.723733,0.869026,,-1.64409,10.127,-0.937131,0.316992,fluid
2371,20.1444,3.84128,,1001.5,-22.7093,11859.7,,0.547247,0.494748,0.737737,,-1.31142,9.4237,-0.723571,-0.386295,fluid
2372,20.0576,4.06264,,1001.24,36.56,9770.99,,0.449284,0.769931,0.891432,,-1.36558,8.61811,-0.879032,-1.19189,fluid
2373,19.1144,3.71115,,1001.57,57.5225,12411,,0.854326,0.638864,1.06678,,-1.45312,10.1399,-0.80484,0.329896,fluid
2374,17.5129,4.02205,,1000.95,88.1785,7496.86,,1.27954,0.0370164,1.28008,,0.022264,10.8519,0.449934,1.04186,fluid
2375,16.2595,4.13,,1001.07,76.3823,8388.42,,0.963407,-0.398048,1.0424,,1.38256,10.5504,1.89792,0.740423,fluid
2376,14.6229,4.14278,,1001.47,69.9755,11594,,1.18089,-0.181417,1.19475,,0.423484,16.1524,1.21519,6.34243,fluid
2377,5.79376,3.97122,,1006.13,366.085,48975.4,,2.02922,-2.46401,3.19203,,-27.9429,6.38511,-19.5412,-3.42489,fluid
2378,4.02426,5.8671,,993.361,182.005,-51073.7,,3.09107,-3.68441,4.80932,,-5.75292,-8.15763,-18.5292,-17.9676,fluid
2379,12.8847,2.8956,,1003.34,161.7,26497.2,,1.75279,-0.538459,1.83364,,-3.00123,10.2573,-0.951593,0.4473,fluid
2380,10.1782,5.19844,,1001.88,-135.854,14874.5,,1.60315,1.50323,2.19768,,9.49325,26.6801,10.9519,16.8701,fluid
2381,15.643,0.102904,,1006.54,7.20805,52367.5,,0.127164,-0.00142374,0.127172,,-2.00581,9.52377,1.32009,-0.286226,fluid
2382,18.4513,0.371933,,1005.65,13.2745,45059.5,,0.160409,0.0492992,0.167813,,-2.48774,9.48986,-0.0593834,-0.320137,fluid
2383,17.8445,0.197443,,1005.95,5.54882,47512.1,,0.0894101,-0.00674811,0.0896644,,-2.03406,9.23204,0.612765,-0.577961,fluid
2384,19.6778,0.397035,,1005.66,13.0245,45218.4,,0.00440302,0.0503149,0.0505072,,-3.79966,9.6728,-1.51466,-0.137195,fluid
2385,19.2723,0.374887,,1005.65,13.3292,45131.1,,0.0818193,-0.00226912,0.0818508,,-3.52867,9.312,-1.20009,-0.498001,fluid
2386,21.0143,0.634176,,1005.55,9.04818,44250.4,,-0.0490452,0.0233364,0.0543141,,-3.63254,10.2844,-1.53843,0.474376,fluid
2387,20.8204,0.66202,,1005.48,10.4108,43749.1,,-0.00429342,0.0875641,0.0876693,,-3.47138,10.2203,-1.38157,0.410254,fluid
2388,22.1295,1.141,,1005.04,3.71081,40170.2,,-0.163732,0.0354542,0.167527,,-2.17214,10.4607,-0.366017,0.650738,fluid
2389,21.4948,0.882802,,1005.3,5.05785,42242.5,,-0.0487144,0.123793,0.133033,,-2.90971,10.5812,-0.954831,0.771181,fluid
2390,22.4495,1.42142,,1004.71,-3.06645,37506.7,,-0.109624,0.166432,0.199291,,-2.02929,10.7511,-0.366412,0.941093,fluid
2391,22.0354,1.30001,,1004.85,4.96334,38653.4,,-0.0761554,0.123261,0.144889,,-2.2797,11.0667,-0.534022,1.25674,fluid
2392,21.6249,1.34467,,1004.77,10.9483,38008,,0.0601656,0.19669,0.205686,,-2.30366,10.8836,-0.554405,1.07364,fluid
2393,21.6487,1.6778,,1004.39,16.7071,34876.4,,0.0802846,0.207186,0.222197,,-2.26413,10.9841,-0.660152,1.17409,fluid
2394,21.689,2.41763,,1003.49,18.1355,27654.2,,0.19,0.470783,0.507677,,-1.45188,10.5782,-0.18128,0.768225,fluid
2395,21.4939,2.58599,,1003.25,24.2523,25735.4,,0.250232,0.434378,0.501298,,-1.50204,10.2745,-0.308584,0.464492,fluid
2396,21.313,2.80801,,1002.94,32.9395,23281.6,,0.295392,0.556372,0.629926,,-1.77582,10.6455,-0.686659,0.835488,fluid
2397,21.6579,3.15351,,1002.51,15.9052,19816.5,,0.197893,0.456819,0.497841,,-1.10099,10.3735,-0.188303,0.563544,fluid
2398,21.3945,3.25507,,1002.36,21.1671,18651.6,,0.271295,0.608627,0.666354,,-1.12193,9.57663,-0.252185,-0.233367,fluid
2399,20.962,3.1895,,1002.43,42.6082,19204.5,,0.358051,0.692133,0.779262,,-1.43006,10.0572,-0.51613,0.247235,fluid
2400,21.1628,3.46807,,1002.09,32.3809,16468.5,,0.38913,0.687216,0.789739,,-1.51993,10.356,-0.743364,0.54603,fluid
2401,20.9963,3.42465,,1002.13,29.8743,16837.8,,0.393874,0.548592,0.675344,,-1.36965,10.4142,-0.569414,0.60418,fluid
2402,20.5757,3.61903,,1001.87,52.0526,14721.8,,0.422151,0.656651,0.780642,,-1.1964,9.57236,-0.482236,-0.237635,fluid
2403,20.3429,3.8355,,1001.55,-2.39262,12182.7,,0.479607,0.558365,0.736067,,-1.63398,10.089,-1.03603,0.279047,fluid
2404,20.14,4.22922,,1001.09,49.6766,8547.59,,0.150965,1.15355,1.16338,,-2.12511,10.6274,-1.70116,0.817369,fluid
2405,19.3175,3.91426,,1001.3,74.8814,10271.4,,0.681386,0.834663,1.07747,,-2.00589,9.75726,-1.47487,-0.0527405,fluid
2406,18.0775,3.82119,,1001.31,87.2873,10349.7,,1.23044,0.442221,1.30749,,-0.309227,11.7531,0.262542,1.94307,fluid
2407,16.4508,4.20245,,1000.9,123.604,7075.69,,1.12389,-0.320541,1.16871,,1.40389,10.4146,1.83362,0.604619,fluid
2408,15.4533,4.48162,,1000.72,102.096,5671.74,,0.966176,-0.439824,1.06158,,0.738015,10.262,1.10478,0.452022,fluid
2409,6.84371,3.56829,,1007.16,15.2288,57447.1,,3.05255,-3.59573,4.7167,,-12.661,-0.555842,-4.32661,-10.3658,fluid
2410,7.058,2.92119,,1007.47,500.087,59931.9,,1.85279,-3.14907,3.65369,,-9.28036,14.4737,-0.851966,4.66374,fluid
2411,7.65178,0.525138,,1006.9,482.002,55320.8,,4.20938,0.320959,4.2216,,-7.34316,10.2052,-0.162934,0.395232,fluid
2412,11.4239,3.62686,,1002.73,446.526,21592.6,,4.03076,1.97949,4.49059,,0.111917,7.38987,1.9969,-2.42013,fluid
2413,15.9874,0.103383,,1006.46,4.88932,51731.5,,0.108567,-0.00154536,0.108578,,-1.69671,9.41583,1.51826,-0.394169,fluid
2414,18.6203,0.211735,,1005.87,9.46751,46870.2,,0.0729244,-0.00575385,0.073151,,-2.7295,9.28553,-0.227021,-0.524474,fluid
2415,18.2487,0.183333,,1005.93,8.05695,47376.6,,0.10623,0.000211665,0.10623,,-2.33747,9.16339,0.243386,-0.646607,fluid
2416,20.0452,0.365236,,1005.75,15.7767,45943,,0.0588487,0.00653804,0.0592108,,-3.99314,9.67333,-1.71428,-0.136675,fluid
2417,20.1668,0.617836,,1005.44,13.5596,43381.1,,0.0380862,0.12929,0.134783,,-3.63758,9.61069,-1.4981,-0.199313,fluid
2418,21.2034,0.77733,,1005.39,8.81143,43025.2,,-0.0380074,0.0554025,0.0671863,,-3.26919,10.1715,-1.25091,0.361518,fluid
2419,21.7671,0.775248,,1005.45,0.0390376,43444.6,,-0.1123,0.119776,0.164188,,-2.68341,10.6167,-0.698339,0.806727,fluid
2420,22.4613,1.14011,,1005.05,-1.65002,40229.2,,-0.199902,0.0402656,0.203917,,-1.54692,10.7531,0.235127,0.943144,fluid
2421,22.1525,0.940292,,1005.27,-4.57828,42042.9,,-0.173019,0.018029,0.173955,,-2.32799,10.567,-0.440057,0.75699,fluid
2422,22.3047,1.1559,,1005.03,-0.557495,40065.4,,-0.15197,0.149866,0.213436,,-2.07996,10.7951,-0.292669,0.985116,fluid
2423,22.6206,2.16422,,1003.78,-2.26269,30043.1,,-0.0832773,0.284086,0.296041,,-1.41111,10.7937,-0.0879893,0.983702,fluid
2424,22.2923,1.39308,,1004.75,1.44525,37795.7,,-0.115539,0.0526751,0.12698,,-2.07598,10.687,-0.388528,0.877004,fluid
2425,22.6088,1.765,,1004.29,-1.72058,34074.4,,-0.114578,0.203778,0.233781,,-1.59473,10.8888,-0.0940289,1.07884,fluid
2426,21.9217,1.44904,,1004.68,5.40385,37209.9,,0.00178559,0.186379,0.186388,,-2.21231,10.5318,-0.522807,0.721795,fluid
2427,21.8447,2.84218,,1002.95,15.9358,23344.1,,0.168002,0.471647,0.500675,,-1.18379,10.1909,-0.118294,0.380943,fluid
2428,21.5019,2.83687,,1002.92,28.9353,23099,,0.215109,0.402623,0.456484,,-1.31311,10.7807,-0.241956,0.970745,fluid
2429,21.8395,3.23381,,1002.41,9.07674,19077.8,,0.177266,0.526032,0.555098,,-0.578527,10.1986,0.292911,0.388612,fluid
2430,21.748,3.42156,,1002.17,11.1169,17104.9,,0.184149,0.70172,0.72548,,-0.466553,9.57929,0.318249,-0.230714,fluid
2431,21.1972,3.25779,,1002.35,35.3375,18571.8,,0.211984,0.604828,0.640901,,-1.26705,10.1147,-0.392957,0.304713,fluid
2432,21.3853,3.49901,,1002.06,40.3931,16240.4,,0.174068,0.728268,0.748782,,-1.25598,10.4164,-0.498118,0.606383,fluid
2433,21.2567,3.66259,,1001.86,8.65681,14652.8,,0.300652,0.619506,0.688606,,-1.07634,9.79482,-0.388294,-0.0151756,fluid
2434,20.8558,3.54047,,1001.98,10.3157,15668.1,,0.416911,0.639527,0.76342,,-0.949938,9.76702,-0.200167,-0.0429818,fluid
2435,20.7657,3.72733,,1001.76,40.4677,13912.1,,0.368616,0.801818,0.882491,,-1.14825,9.36136,-0.479473,-0.448645,fluid
2436,20.5554,3.99714,,1001.4,-15.6217,11036.3,,0.402465,0.525193,0.661669,,-1.25309,9.82938,-0.716938,0.0193813,fluid
2437,19.4739,4.04571,,1001.13,53.9121,8896.23,,0.602782,0.925788,1.10473,,-2.3016,10.0265,-1.84529,0.216536,fluid
2438,18.5647,3.89588,,1001.24,78.1727,9731.3,,1.02883,0.708565,1.24922,,-1.23969,11.0899,-0.716154,1.27987,fluid
2439,17.092,4.07132,,1000.92,108.839,7276.85,,1.32369,-0.211399,1.34046,,0.536639,10.8506,0.961994,1.04064,fluid
2440,15.7166,4.26961,,1000.98,101.318,7719.17,,0.810689,-0.0401002,0.81168,,0.77766,11.0785,1.26833,1.26845,fluid
2441,5.71728,5.23067,,1001.59,984.116,12502.3,,3.79161,-4.59618,5.95829,,-9.12147,43.7201,-6.93818,33.9101,fluid
2442,9.5383,1.94775,,1005.05,286.213,40216.9,,3.12033,3.90568,4.99907,,-7.00508,13.7703,-2.80989,3.9603,fluid
2443,9.27265,3.38699,,1006.84,307.82,54807.1,,2.19352,1.28417,2.54178,,-9.98268,0.858947,-4.11223,-8.95105,fluid
2444,9.60486,2.9079,,1004.09,396.449,32520.4,,3.1143,3.55163,4.72366,,-4.38413,4.81742,-1.0121,-4.99258,fluid
2445,15.4662,0.241725,,1006.34,8.12349,50713.9,,0.112107,-0.0176733,0.113491,,-1.90241,9.59102,1.35595,-0.21898,fluid
2446,19.4322,0.125059,,1006.01,9.1394,48033,,0.0395185,-0.00253338,0.0395997,,-3.72963,9.41557,-1.27257,-0.394426,fluid
2447,18.7941,0.20431,,1005.87,7.96412,46926.7,,0.0595857,-0.000767869,0.0595907,,-2.93783,9.23079,-0.455538,-0.579209,fluid
2448,20.2507,0.418301,,1005.71,11.8737,45603.7,,-0.049668,0.0442467,0.0665183,,-3.83054,9.70443,-1.59137,-0.10557,fluid
2449,20.4508,0.415693,,1005.74,9.00156,45855.9,,-0.0594828,0.0173671,0.0619663,,-3.69199,9.89918,-1.46254,0.0891768,fluid
2450,21.5927,0.697738,,1005.53,1.46311,44094.5,,-0.0891527,0.0892635,0.126159,,-3.02102,10.0752,-0.990138,0.265246,fluid
2451,22.003,0.768664,,1005.47,-3.65505,43606.3,,-0.203532,-0.0248432,0.205042,,-2.55084,10.5636,-0.579782,0.753583,fluid
2452,22.5481,0.92671,,1005.3,-9.06853,42230.3,,-0.254378,0.0226405,0.255383,,-2.0292,10.5273,-0.166168,0.71728,fluid
2453,22.6743,1.1295,,1005.06,-10.0929,40349.7,,-0.270307,-0.0670108,0.278489,,-1.72701,10.3673,0.0435626,0.557332,fluid
2454,22.6291,1.31613,,1004.84,-5.52615,38545,,-0.177134,0.0633366,0.188117,,-1.75082,11.0382,-0.0556924,1.22821,fluid
2455,22.6752,2.38878,,1003.5,-9.71208,27722.1,,-0.0920418,0.278381,0.293202,,-1.09402,10.9848,0.124287,1.17479,fluid
2456,22.5946,1.53982,,1004.56,-5.14452,36318.8,,-0.0947302,0.0271205,0.098536,,-1.58312,10.6463,0.0169868,0.836319,fluid
2457,22.7534,1.94767,,1004.05,1.91409,32183.7,,-0.100036,0.253809,0.272812,,-1.571,11.271,-0.162245,1.46103,fluid
2458,22.4158,1.69117,,1004.39,1.70907,34874.3,,-0.0563195,0.150542,0.160732,,-1.57222,10.557,-0.0232199,0.747048,fluid
2459,21.7791,1.52063,,1004.58,10.5365,36465.9,,-0.013716,0.245588,0.245971,,-2.31621,10.5525,-0.649498,0.742522,fluid
2460,21.6663,2.95316,,1002.78,27.3833,21983.3,,0.208532,0.65115,0.683727,,-1.31277,10.5878,-0.300948,0.777849,fluid
2461,21.8967,3.01406,,1002.72,25.4248,21527.2,,0.123106,0.644779,0.656426,,-0.728262,10.8156,0.252196,1.00564,fluid
2462,21.9814,2.40718,,1003.53,21.5151,28019.3,,0.153337,0.381975,0.411603,,-1.49455,10.5033,-0.224356,0.693306,fluid
2463,21.5341,3.36517,,1002.23,21.7809,17605.2,,0.191886,0.664986,0.692118,,-0.594946,9.596,0.220788,-0.213996,fluid
2464,21.6077,3.57109,,1001.98,37.0516,15603.4,,0.147377,0.685794,0.701451,,-0.929836,10.2978,-0.209141,0.487785,fluid
2465,21.4886,3.75974,,1001.75,7.33497,13771.1,,0.268296,0.617367,0.673145,,-0.970594,9.56248,-0.330856,-0.247521,fluid
2466,21.0919,3.77077,,1001.74,4.79566,13761.6,,0.321719,0.692865,0.763914,,-0.865391,8.67879,-0.21407,-1.13121,fluid
2467,20.9261,3.8346,,1001.67,44.3019,13180.4,,0.272004,0.807469,0.852052,,-1.17229,9.40771,-0.54349,-0.402294,fluid
2468,20.5307,3.81239,,1001.61,36.4412,12718.2,,0.461572,0.724629,0.859149,,-1.68144,10.0722,-1.06297,0.262202,fluid
2469,19.7525,4.13514,,1001.07,37.396,8390.1,,0.321083,0.804076,0.865813,,-2.13899,10.6806,-1.71468,0.870554,fluid
2470,19.2172,4.12993,,1000.96,4.09282,7590.38,,0.698522,0.753123,1.02719,,-1.9119,10.5417,-1.5173,0.731666,fluid
2471,17.9971,4.04608,,1000.93,66.6067,7283.96,,1.32211,0.357476,1.36958,,-0.456274,11.3423,-0.0519183,1.53229,fluid
2472,16.353,4.44848,,1000.55,25.4219,4296.36,,1.1541,-0.468925,1.24573,,1.53493,10.5612,1.79751,0.751247,fluid
2473,6.29395,2.56665,,1006.42,204.011,51333.2,,1.27495,-1.43841,1.92211,,-4.22191,11.5121,3.88205,1.70208,fluid
2474,5.9953,5.11555,,1001.76,508.501,13918.2,,4.15612,-4.32418,5.99765,,31.685,38.3895,34.0024,28.5795,fluid
2475,5.59957,6.67928,,1002.52,914.626,19963.3,,1.54723,-11.9244,12.0244,,0.739298,16.8464,4.29547,7.03639,fluid
2476,8.75174,2.12176,,1006.45,204.548,51616.9,,4.02586,1.34986,4.24614,,-4.03753,17.2626,1.82257,7.45262,fluid
2477,16.2651,0.145539,,1006.33,8.12412,50627.4,,0.131669,-0.00800054,0.131912,,-1.70845,9.31999,1.3846,-0.490006,fluid
2478,19.6323,0.103958,,1006.06,11.7372,48409,,0.0116089,0.0216613,0.024576,,-3.62385,9.7312,-1.17292,-0.0787989,fluid
2479,19.4778,0.35307,,1005.7,12.6976,45522.8,,0.057434,0.00577888,0.057724,,-3.53806,9.20194,-1.21415,-0.608063,fluid
2480,20.6045,0.325778,,1005.88,7.43861,46965.3,,-0.084513,-0.000288269,0.0845135,,-3.86254,9.80563,-1.59649,-0.00437139,fluid
2481,20.7735,0.457881,,1005.73,6.11803,45774.7,,-0.112389,0.0710707,0.132975,,-3.61534,10.0202,-1.42439,0.210225,fluid
2482,21.8538,0.585901,,1005.68,-3.68204,45303.9,,-0.216002,0.000871413,0.216004,,-2.67936,10.421,-0.618006,0.610961,fluid
2483,22.3632,0.898584,,1005.33,-9.55037,42470.9,,-0.245757,0.054411,0.251708,,-2.04052,10.5653,-0.151437,0.75531,fluid
2484,22.6688,0.811305,,1005.43,-11.9568,43300.3,,-0.252671,-0.0117241,0.252943,,-1.6663,10.2176,0.233517,0.407632,fluid
2485,22.8171,0.991268,,1005.23,-14.4039,41666.5,,-0.2387,-0.0219252,0.239705,,-1.47778,10.7063,0.33884,0.896317,fluid
2486,22.8212,1.43469,,1004.7,-1.9793,37400.9,,-0.192549,0.0659597,0.203533,,-1.59464,10.8742,0.0365527,1.06421,fluid
2487,22.8548,2.41445,,1003.44,-13.8037,27280.3,,-0.147495,0.284372,0.320348,,-0.877801,11.0501,0.311742,1.2401,fluid
2488,22.7664,1.67738,,1004.39,-12.6915,34920.6,,-0.146628,0.128259,0.194808,,-1.04708,10.573,0.480079,0.763008,fluid
2489,22.8056,2.15921,,1003.78,-2.55733,29966.3,,-0.119363,0.284065,0.308124,,-1.02581,10.8523,0.283241,1.04228,fluid
2490,22.5282,1.94148,,1004.07,10.1932,32360.2,,0.0130206,0.123006,0.123694,,-1.61685,11.4492,-0.18625,1.63918,fluid
2491,22.1416,1.50382,,1004.62,1.36826,36736.1,,-0.0320776,0.163231,0.166353,,-1.93711,10.5598,-0.285583,0.749829,fluid
2492,21.6556,2.67747,,1003.15,22.2674,24921.7,,0.216526,0.529203,0.571786,,-0.946656,10.632,0.200559,0.821991,fluid
2493,22.3643,1.99308,,1004.02,6.13364,31962.4,,0.0500706,0.282141,0.28655,,-1.79528,11.319,-0.371838,1.50902,fluid
2494,21.8332,2.25162,,1003.71,15.2202,29478.2,,0.127054,0.342068,0.364901,,-1.59351,11.0979,-0.24835,1.28792,fluid
2495,22.0546,3.34066,,1002.28,6.23791,18039.8,,0.158928,0.53091,0.554187,,-0.379492,10.1037,0.436605,0.293679,fluid
2496,21.8951,3.68838,,1001.84,29.0401,14525.7,,0.139195,0.778276,0.790626,,-0.631679,9.79653,0.0305247,-0.0134681,fluid
2497,21.7198,3.72281,,1001.79,30.8416,14155.2,,0.0968372,0.706007,0.712617,,-0.829316,10.1771,-0.178765,0.367078,fluid
2498,21.4833,4.09579,,1001.42,6.98971,11226.3,,0.0422059,0.922185,0.923151,,-0.534679,9.06786,-0.0128651,-0.742143,fluid
2499,21.3519,3.92439,,1001.59,-4.32818,12499.3,,0.223548,0.717795,0.7518,,-0.696379,8.43319,-0.111909,-1.37681,fluid
2500,21.0058,4.02941,,1001.47,63.3415,11593.6,,0.0873743,0.819773,0.824416,,-1.83717,10.2371,-1.28606,0.427069,fluid
2501,19.7087,4.42222,,1000.71,-90.8969,5574.06,,0.349994,0.51269,0.620763,,-1.59993,8.56008,-1.3173,-1.24992,fluid
2502,19.2256,4.39831,,1000.68,72.2509,5324.9,,0.670107,0.904568,1.12574,,-2.22572,9.29085,-1.94894,-0.519148,fluid
2503,17.7818,4.01897,,1000.95,62.4158,7462.63,,1.39878,0.253896,1.42163,,-0.376944,11.3683,0.0423357,1.55834,fluid
2504,15.8702,4.66168,,1000.41,20.4659,3208.37,,0.720291,-0.345895,0.799038,,1.47472,10.8334,1.6768,1.02339,fluid
2505,7.20436,2.45533,,1006.36,55.3292,50906.7,,1.67398,-3.13429,3.55331,,-2.94174,4.5138,4.07968,-5.2962,fluid
2506,6.24562,4.50324,,1006.11,247.838,48862.9,,1.70632,-2.68673,3.18277,,22.6036,25.7521,30.3796,15.9421,fluid
2507,8.66484,4.70518,,1004.8,366.724,38226.8,,3.00808,-1.24439,3.25531,,-12.4016,29.3112,-8.01094,19.5012,fluid
2508,11.0072,4.22876,,1003.02,414.446,23898.5,,3.70078,2.53066,4.48331,,4.16126,5.91624,6.3259,-3.89376,fluid
2509,16.504,0.119063,,1006.32,6.40461,50541.1,,0.124857,0.000645543,0.124858,,-1.67812,9.32856,1.365,-0.481436,fluid
2510,20.1218,0.125538,,1006.08,6.51753,48593.9,,-0.0668075,-0.00680984,0.0671537,,-4.11919,9.58133,-1.71879,-0.228669,fluid
2511,19.8278,0.300003,,1005.81,11.9794,46424.6,,0.0612049,0.0973996,0.115034,,-3.52879,9.53603,-1.20094,-0.27397,fluid
2512,21.0118,0.392193,,1005.84,4.19334,46676.7,,-0.095286,0.016081,0.0966335,,-3.70277,10.2866,-1.49423,0.476635,fluid
2513,21.1851,0.524337,,1005.7,5.28176,45504.3,,-0.0788885,0.0773292,0.110468,,-3.42998,10.331,-1.29422,0.521014,fluid
2514,22.0679,0.54751,,1005.73,-5.15968,45709.9,,-0.180041,-0.0248259,0.181744,,-2.43319,10.4086,-0.373647,0.598616,fluid
2515,22.2135,0.726116,,1005.52,-8.11515,44053.4,,-0.226504,0.000976319,0.226506,,-2.16764,10.3565,-0.195342,0.54649,fluid
2516,22.8143,0.651076,,1005.6,-10.5017,44727.8,,-0.242761,-0.0109544,0.243008,,-1.6846,10.6583,0.264987,0.848295,fluid
2517,22.9361,0.857621,,1005.38,-10.7286,42901.8,,-0.228631,-0.040419,0.232177,,-1.36929,10.4874,0.491196,0.677439,fluid
2518,22.8605,1.22825,,1004.95,-11.5529,39446.2,,-0.242547,0.0690737,0.252191,,-1.45491,10.4643,0.262108,0.6543,fluid
2519,22.9139,2.59977,,1003.19,-4.13368,25302.6,,-0.164002,0.365099,0.400243,,-0.807719,11.0223,0.293012,1.2123,fluid
2520,22.9292,1.89932,,1004.11,-4.58172,32642.7,,-0.160946,0.184509,0.244841,,-1.35614,10.7635,0.0616718,0.953509,fluid
2521,23.0385,2.04457,,1003.92,-4.85281,31113,,-0.224792,0.138599,0.264085,,-1.11383,11.4554,0.231375,1.64541,fluid
2522,22.5044,2.43014,,1003.47,-5.57778,27527.1,,-0.154121,0.368644,0.399565,,-1.47347,11.3431,-0.254516,1.53314,fluid
2523,22.32,2.53627,,1003.37,4.64188,26682.1,,-0.0931874,0.477083,0.486099,,-1.08856,11.4976,0.102868,1.68756,fluid
2524,21.7662,2.00397,,1004.01,17.9073,31857.2,,0.0546041,0.318004,0.322658,,-1.77672,10.7931,-0.318955,0.983128,fluid
2525,22.4277,2.2144,,1003.75,1.07142,29731.6,,-0.0179987,0.312542,0.31306,,-1.4563,10.5737,-0.135584,0.763687,fluid
2526,22.138,2.53981,,1003.37,18.9891,26721.3,,-0.00461122,0.26033,0.260371,,-1.17726,11.5085,0.0257161,1.69851,fluid
2527,22.3507,3.54231,,1002.02,-3.57457,15957.4,,0.178415,0.539477,0.568214,,0.0458473,9.4332,0.758362,-0.376797,fluid
2528,21.9533,3.50142,,1002.07,7.54908,16353.2,,0.0942636,0.565347,0.573152,,-0.335904,9.56285,0.407465,-0.247146,fluid
2529,22.1332,3.80087,,1001.71,27.3488,13485,,0.118351,0.58633,0.598155,,-0.160839,10.025,0.447388,0.215016,fluid
2530,21.6385,4.00559,,1001.49,-17.2559,11730.3,,0.177355,0.652916,0.676576,,-0.32959,8.66181,0.211705,-1.14819,fluid
2531,21.5939,4.29692,,1001.24,50.2013,9778.1,,-0.205433,0.932549,0.954909,,-0.770554,8.9918,-0.318299,-0.818199,fluid
2532,20.3921,4.26098,,1001.12,57.893,8857.11,,-0.0300166,0.896843,0.897345,,-1.17067,9.52616,-0.736819,-0.283844,fluid
2533,19.9274,4.43581,,1000.75,-13.9031,5900.78,,0.252299,0.565955,0.619645,,-1.42943,9.19356,-1.13353,-0.616445,fluid
2534,19.4,4.5723,,1000.61,38.0557,4826.18,,0.32332,1.30462,1.34408,,-3.07479,11.4803,-2.82617,1.67028,fluid
2535,18.2958,4.00045,,1001.04,54.4333,8156.54,,1.12559,0.509354,1.23548,,-1.57379,11.0783,-1.12844,1.26826,fluid
2536,16.6694,4.35647,,1000.59,41.4259,4655.75,,0.96113,-0.440334,1.0572,,1.39832,11.4847,1.67746,1.67467,fluid
2537,13.7181,4.66082,,1000.85,49.3515,6725.05,,2.84111,0.197172,2.84794,,-1.93389,14.9925,-1.44408,5.18249,fluid
2538,6.64606,6.00123,,997.571,-1405.15,-18925.7,,1.13935,-7.71578,7.79945,,-36.6106,89.8897,-39.4652,80.0797,fluid
2539,4.51401,4.95302,,1006.82,810.134,54648.4,,1.3482,-3.89175,4.11866,,-48.6462,13.7209,-36.6219,3.91093,fluid
2540,11.3031,5.28388,,1000.68,171.814,5376.42,,3.80634,1.3714,4.04586,,2.18902,11.0767,2.66435,1.26668,fluid
2541,16.7396,0.146614,,1006.22,5.62096,49727.3,,0.138315,-0.00672615,0.138479,,-1.4285,9.2751,1.52377,-0.534905,fluid
2542,20.8623,0.249107,,1006.01,5.43726,48001.4,,-0.11504,0.0824262,0.141521,,-3.78078,10.0005,-1.49365,0.190525,fluid
2543,20.2902,0.182216,,1006.03,9.02419,48157.5,,-0.0643495,0.00230709,0.0643908,,-3.83607,9.70524,-1.47685,-0.104764,fluid
2544,21.3111,0.369654,,1005.9,2.70739,47133.3,,-0.136996,-0.00691008,0.13717,,-3.44048,10.0828,-1.24178,0.272765,fluid
2545,21.3728,0.682648,,1005.53,5.05468,44091.3,,-0.0582401,0.0555338,0.0804731,,-3.22287,10.2795,-1.17125,0.469494,fluid
2546,22.2661,0.482656,,1005.8,-3.54675,46310.3,,-0.192289,-0.00667376,0.192405,,-2.33917,10.3958,-0.271303,0.585805,fluid
2547,22.4065,0.662634,,1005.6,-8.43162,44655,,-0.215863,-0.0251871,0.217327,,-2.02292,10.6951,-0.0410548,0.885122,fluid
2548,23.0252,0.479773,,1005.77,-12.255,46109.4,,-0.205283,-0.034776,0.208208,,-1.47233,10.3499,0.518729,0.539933,fluid
2549,23.0677,1.002,,1005.22,-13.9911,41608.2,,-0.297527,0.00110362,0.297529,,-1.20221,10.4971,0.592164,0.687114,fluid
2550,23.048,1.21917,,1004.97,-13.8912,39576.6,,-0.266694,0.00666847,0.266778,,-1.27078,10.1188,0.437873,0.30884,fluid
2551,23.0506,2.75776,,1002.96,-0.126315,23460.6,,-0.135718,0.317856,0.345618,,-0.347613,10.7499,0.667163,0.939853,fluid
2552,22.9512,1.61525,,1004.47,-12.3073,35576.4,,-0.145255,0.0252664,0.147436,,-1.1195,10.3154,0.423682,0.505359,fluid
2553,22.9964,2.25686,,1003.64,-8.97654,28850.7,,-0.0982449,0.172405,0.198433,,-0.681845,10.7209,0.568182,0.910945,fluid
2554,22.6875,2.63811,,1003.18,3.72677,25203.5,,-0.153149,0.400881,0.429139,,-0.84802,11.1403,0.259352,1.33029,fluid
2555,22.5152,2.68661,,1003.15,11.6502,24944.3,,-0.0631819,0.363034,0.368491,,-1.24421,11.3756,-0.139798,1.56555,fluid
2556,21.8369,1.77415,,1004.29,15.3085,34107.3,,0.139269,0.232533,0.271049,,-2.07031,11.1113,-0.515078,1.30128,fluid
2557,22.1659,2.85583,,1002.95,11.8733,23389.6,,0.0490653,0.463595,0.466184,,-0.652869,10.6491,0.399229,0.839149,fluid
2558,22.0346,2.75337,,1003.09,7.86704,24441.1,,0.10198,0.497508,0.507852,,-0.97829,10.2012,0.127515,0.391154,fluid
2559,22.0919,2.18462,,1003.81,12.8835,30246.8,,0.00836821,0.219472,0.219632,,-1.56291,11.2216,-0.198965,1.41156,fluid
2560,22.5858,4.08154,,1001.34,28.149,10521.6,,0.090177,0.503351,0.511365,,0.26288,8.91479,0.728107,-0.895208,fluid
2561,22.5588,4.52858,,1000.88,-7.51585,6950.92,,-0.0182303,0.307372,0.307912,,0.698093,9.20277,1.00595,-0.607229,fluid
2562,21.978,3.92622,,1001.56,18.7444,12288.5,,0.12213,0.534199,0.547982,,-0.264482,9.98823,0.293779,0.178231,fluid
2563,21.8011,3.98747,,1001.49,-10.2518,11781.2,,0.10846,0.559802,0.570212,,0.00795896,9.24836,0.547547,-0.561636,fluid
2564,21.1748,3.99618,,1001.52,32.5189,12009.2,,0.0954526,0.961906,0.96663,,-1.11019,9.37597,-0.54391,-0.434034,fluid
2565,20.769,3.95214,,1001.51,39.3779,11879.5,,0.272365,0.919762,0.959241,,-1.52988,10.4558,-0.958754,0.645797,fluid
2566,19.1179,3.96892,,1001.19,65.0046,9340.34,,0.775076,0.861331,1.15872,,-1.79456,10.3929,-1.30657,0.582924,fluid
2567,18.4606,4.20803,,1000.73,68.4986,5715,,1.11277,0.636366,1.28188,,-1.41632,10.1158,-1.10697,0.305774,fluid
2568,17.3342,4.16851,,1000.74,73.3316,5808.62,,1.45068,0.0788881,1.45283,,0.0345599,11.5792,0.369408,1.76919,fluid
2569,7.16215,3.45526,,1006.28,369.926,50258.8,,3.53093,-3.98085,5.32115,,4.96805,-23.3925,11.9415,-33.2025,fluid
2570,6.17437,0.806522,,1008.68,615.867,69920.8,,3.27349,-0.507976,3.31267,,-13.058,13.9547,-1.83105,4.14469,fluid
2571,4.90385,11.7837,,1002.48,0,19590.8,,0.0552841,-9.67299,9.67314,,0,0,3.98511,-9.81,fluid
2572,11.004,3.68199,,1002.88,413.137,22769,,4.53175,2.22802,5.04983,,1.45452,6.88476,3.51774,-2.92524,fluid
2573,17.0116,0.0970095,,1006.24,5.06948,49921,,0.12388,0.00167258,0.123891,,-1.63243,9.28995,1.28389,-0.520051,fluid
2574,21.1662,0.207909,,1006.09,3.33778,48642.4,,-0.146143,0.015266,0.146938,,-3.58734,9.96032,-1.30312,0.150316,fluid
2575,20.7013,0.110734,,1006.16,7.13991,49280.9,,-0.0743232,-0.00289267,0.0743794,,-3.89606,9.76428,-1.53008,-0.0457219,fluid
2576,21.4828,0.477811,,1005.78,2.45922,46182.7,,-0.162353,0.0451141,0.168504,,-3.1729,10.0924,-1.03552,0.282446,fluid
2577,21.6814,0.458653,,1005.82,-0.3782,46472.1,,-0.203205,0.0373603,0.206611,,-2.96657,10.3957,-0.835552,0.585681,fluid
2578,22.5199,0.407289,,1005.88,-6.25437,46928.1,,-0.210762,-0.0145843,0.211266,,-2.01199,10.3193,0.0596908,0.509279,fluid
2579,22.5787,0.601174,,1005.66,-8.81026,45201.1,,-0.241211,-0.0067425,0.241305,,-1.84599,10.6488,0.144672,0.838804,fluid
2580,23.0292,0.6729,,1005.58,-11.2641,44505.7,,-0.251239,-0.00355479,0.251264,,-1.42114,10.5861,0.500714,0.776129,fluid
2581,23.2745,0.958709,,1005.27,-16.0005,41991.8,,-0.316667,0.0360121,0.318708,,-1.38464,10.5168,0.410109,0.706812,fluid
2582,23.055,1.42114,,1004.72,-4.82919,37602.3,,-0.298657,0.0484968,0.302569,,-1.19736,11.1839,0.425953,1.37394,fluid
2583,23.2768,2.20374,,1003.7,-8.03546,29341.1,,-0.233072,0.0963179,0.25219,,-1.04556,10.8019,0.210324,0.991909,fluid
2584,23.0689,1.75511,,1004.29,-16.1702,34142.6,,-0.209921,0.169338,0.269708,,-0.858753,10.6761,0.61495,0.866097,fluid
2585,23.0972,2.4295,,1003.4,-10.627,26946.6,,-0.202584,0.216319,0.296368,,-0.923995,10.6698,0.238714,0.859772,fluid
2586,22.9026,2.84427,,1002.87,1.10839,22725,,-0.0851378,0.256815,0.27056,,-0.919637,11.533,0.0697672,1.72296,fluid
2587,22.7187,2.85475,,1002.89,-1.8262,22877.9,,-0.0774173,0.29861,0.308482,,-1.16483,11.0848,-0.160722,1.27482,fluid
2588,22.3565,2.77904,,1003.05,8.58734,24141.1,,0.0215778,0.484536,0.485016,,-0.97144,10.7945,0.105103,0.984531,fluid
2589,22.4804,3.15544,,1002.53,11.5196,20007.9,,0.105287,0.636785,0.645431,,-0.529832,10.4913,0.357935,0.681258,fluid
2590,22.6237,3.48793,,1002.08,9.82587,16443.6,,0.137012,0.642546,0.656991,,-0.398861,10.2837,0.326458,0.473726,fluid
2591,22.3156,3.0202,,1002.73,11.0178,21580.8,,0.01024,0.51946,0.519561,,-0.790646,10.3861,0.173794,0.576135,fluid
2592,22.3931,3.75245,,1001.76,1.953,13900.9,,0.0400058,0.604667,0.605988,,0.183796,9.5409,0.803471,-0.269098,fluid
2593,22.4726,3.92043,,1001.55,18.2235,12228.4,,0.218921,0.542945,0.585419,,0.108636,9.74633,0.65194,-0.063668,fluid
2594,22.3318,4.15561,,1001.28,25.2151,10045.6,,0.100151,0.588391,0.596853,,0.0883943,8.47632,0.537656,-1.33368,fluid
2595,22.2166,3.97242,,1001.5,22.8728,11841.2,,0.124909,0.577922,0.591267,,-0.00540558,9.88828,0.526784,0.0782797,fluid
2596,21.7549,4.28527,,1001.23,19.0076,9726.94,,-0.00968869,0.851218,0.851273,,-0.237459,8.67032,0.209104,-1.13968,fluid
2597,20.9065,4.59351,,1000.94,-15.4096,7420.91,,-0.613076,1.19232,1.3407,,-2.04295,10.3983,-1.68833,0.588251,fluid
2598,19.49,4.19554,,1000.92,-26.733,7238.25,,0.587194,0.563046,0.813522,,-2.02047,11.0084,-1.64943,1.19836,fluid
2599,16.4362,4.56592,,1000.42,48.0262,3277.99,,1.08679,-0.585085,1.23428,,2.88673,12.2335,3.08609,2.42349,fluid
2600,18.7185,4.23942,,1000.71,36.6138,5545.77,,0.998795,0.601486,1.16592,,-1.8141,9.84192,-1.51804,0.0319235,fluid
2601,9.76609,4.44753,,1006.28,260.447,50216.3,,1.81049,0.152949,1.81694,,6.68215,-5.9622,11.792,-15.7722,fluid
2602,6.7853,4.76343,,1015.08,-806.372,123830,,2.46556,-5.01242,5.58599,,3.40312,94.4589,21.3818,84.6489,fluid
2603,8.86063,4.88745,,1002.7,-1156.07,21332.2,,1.15633,-1.46193,1.86396,,-34.726,7.90843,-32.3249,-1.90157,fluid
2604,10.6871,4.21306,,1003.56,496.192,28272.8,,3.84621,2.61108,4.64877,,1.03625,7.65618,3.67237,-2.15382,fluid
2605,17.4437,0.0994168,,1006.16,5.83766,49235.6,,0.116518,0.0136399,0.117314,,-1.75448,9.50113,1.05079,-0.308865,fluid
2606,21.4906,0.219964,,1006.09,0.344774,48690.9,,-0.164023,-0.00152231,0.16403,,-3.18237,10.054,-0.930417,0.244037,fluid
2607,21.3417,0.0779388,,1006.25,0.736083,50004.6,,-0.187275,-0.00506649,0.187344,,-3.47753,9.88807,-1.14904,0.0780719,fluid
2608,21.7365,0.277813,,1006.03,-0.23345,48212.6,,-0.199022,-0.00778519,0.199174,,-2.82418,10.1787,-0.61943,0.368664,fluid
2609,21.9438,0.368993,,1005.93,-2.64782,47377.2,,-0.225714,-0.00670284,0.225813,,-2.65131,10.2724,-0.50501,0.462397,fluid
2610,23.3472,0.374938,,1005.85,-15.133,46747.5,,-0.123966,-0.0188297,0.125387,,-1.28853,10.2524,0.702091,0.44244,fluid
2611,22.7617,0.465373,,1005.8,-10.8927,46340.9,,-0.202963,-0.0197179,0.203919,,-1.73607,10.3749,0.2881,0.564919,fluid
2612,23.4613,0.559539,,1005.67,-18.5061,45222.2,,-0.219958,-0.0297338,0.221958,,-1.14015,10.381,0.776514,0.571036,fluid
2613,23.2439,1.19088,,1005,-17.7939,39850.7,,-0.218161,-0.0258689,0.219689,,-1.11911,10.2836,0.58681,0.473641,fluid
2614,23.2358,1.45954,,1004.68,-8.88596,37231.1,,-0.274696,-0.0311214,0.276453,,-1.36235,10.8793,0.232507,1.06933,fluid
2615,23.1694,2.91957,,1002.73,-8.29787,21602.7,,-0.158248,0.258856,0.303395,,-0.906869,11.0752,0.0229728,1.26518,fluid
2616,23.2123,2.03695,,1003.93,-9.33291,31169.2,,-0.137979,0.045223,0.145201,,-0.849962,10.8125,0.487574,1.00249,fluid
2617,23.3435,1.85498,,1004.16,-15.2514,33083.5,,-0.259744,0.0421222,0.263138,,-1.1,10.5816,0.311379,0.771619,fluid
2618,23.1755,3.202,,1002.37,-4.71162,18712.5,,-0.00956604,0.266084,0.266256,,-0.400998,11.1183,0.404522,1.30834,fluid
2619,23.0128,3.09458,,1002.52,-11.6714,19935,,-0.0744032,0.401408,0.408245,,-0.617662,10.3117,0.246417,0.501688,fluid
2620,22.554,2.98219,,1002.75,-6.38683,21754.2,,-0.0866458,0.427936,0.43662,,-0.551221,10.1154,0.410672,0.305415,fluid
2621,22.7053,3.2528,,1002.37,8.44669,18753.3,,0.0342309,0.42888,0.430244,,-0.578941,11.0696,0.245049,1.25958,fluid
2622,22.9762,3.63493,,1001.85,12.3931,14602.9,,0.11771,0.385317,0.402896,,-0.162406,10.2784,0.471985,0.468392,fluid
2623,22.9647,3.85356,,1001.56,25.9851,12317.6,,0.259777,0.386772,0.465915,,0.073097,9.31677,0.608629,-0.493226,fluid
2624,22.4585,3.34902,,1002.27,17.8584,17966.5,,0.0927351,0.501206,0.509713,,-0.417762,11.1899,0.38041,1.3799,fluid
2625,23.0395,4.26625,,1001.11,-34.3274,8729.1,,0.210047,0.233883,0.314358,,1.50807,10.3675,1.88653,0.55749,fluid
2626,22.8266,4.43185,,1000.96,-11.9507,7562.29,,0.152389,0.380655,0.410025,,1.50849,9.28325,1.83947,-0.526753,fluid
2627,22.7214,4.61881,,1000.79,35.6845,6187.01,,-0.013544,0.247135,0.247506,,1.13312,8.78622,1.4052,-1.02378,fluid
2628,20.6154,4.27017,,1001.14,-3.437,8958.63,,0.0364964,0.705594,0.706537,,-1.33473,8.15262,-0.900663,-1.65738,fluid
2629,20.0824,4.63734,,1000.61,-28.257,4826.77,,-0.209571,0.732738,0.762119,,-1.35848,7.34988,-1.11827,-2.46012,fluid
2630,19.6752,4.61846,,1000.61,69.8248,4804.38,,0.175297,1.23773,1.25008,,-2.26204,9.50548,-2.01801,-0.304518,fluid
2631,14.043,4.6773,,1000.64,180.727,5035.06,,2.47386,0.69606,2.56992,,1.09717,9.69538,1.45549,-0.11462,fluid
2632,17.7828,4.30065,,1000.57,82.7045,4520.01,,1.40886,0.284836,1.43737,,-0.609766,12.8762,-0.355734,3.06615,fluid
2633,11.1617,4.77789,,1001.82,182.747,14357.4,,2.87148,1.888,3.43656,,3.64118,9.72286,4.92515,-0.0871439,fluid
2634,8.12556,4.30907,,1009.77,498.917,78975.9,,1.3244,-2.07156,2.45873,,0.130685,34.6309,9.75607,24.8209,fluid
2635,8.27143,5.4233,,998.361,-1931.99,-12797.7,,-6.71135,-2.14624,7.04618,,-21.2318,-35.0413,-22.7815,-44.8513,fluid
2636,12.447,5.4707,,1000.3,410.488,2327.91,,4.65722,-0.862452,4.7364,,5.10109,2.62147,5.28806,-7.18853,fluid
2637,18.0283,0.0906728,,1006.09,3.51747,48635.9,,0.0933997,0.00633971,0.0936146,,-2.27378,9.3285,0.407651,-0.4815,fluid
2638,22.4092,0.087226,,1006.22,-3.99399,49742.4,,-0.137487,-0.00830936,0.137738,,-2.3773,10.1357,-0.171294,0.325666,fluid
2639,21.9187,0.111145,,1006.22,-0.615694,49743.9,,-0.161419,-0.00349555,0.161457,,-2.8471,10.1101,-0.591663,0.300123,fluid
2640,22.1147,0.264504,,1006.05,-3.68749,48311.6,,-0.209695,-0.00292055,0.209715,,-2.63006,10.2583,-0.458602,0.448339,fluid
2641,22.3303,0.306937,,1005.99,-4.8621,47871.3,,-0.200904,-0.00997724,0.201152,,-2.13468,10.269,-0.0036663,0.459048,fluid
2642,23.2349,0.55506,,1005.69,-15.5971,45396.1,,-0.253044,-0.0350868,0.255465,,-0.963711,10.342,0.979035,0.531996,fluid
2643,23.5674,0.34341,,1005.86,-15.2731,46812.8,,-0.106562,-0.0136324,0.107431,,-1.07408,10.154,0.900681,0.344038,fluid
2644,23.4502,0.761607,,1005.47,-15.4461,43625.7,,-0.300831,-0.00710067,0.300915,,-1.14435,10.4409,0.705892,0.630878,fluid
2645,23.451,1.006,,1005.21,-14.5003,41507.7,,-0.247153,-0.0818401,0.260351,,-1.07949,10.4819,0.681323,0.671936,fluid
2646,23.6612,0.822238,,1005.39,-15.2743,42968.9,,-0.271644,-0.0602308,0.278241,,-0.863402,10.3495,0.942876,0.539512,fluid
2647,23.6178,1.43338,,1004.69,-17.6344,37289.5,,-0.247256,-0.194516,0.314598,,-1.088,10.7573,0.483508,0.947302,fluid
2648,23.246,1.70702,,1004.36,-15.4122,34661.1,,-0.206625,-0.0847482,0.22333,,-1.0302,10.122,0.454391,0.31201,fluid
2649,23.8529,1.02572,,1005.14,-15.985,40965.5,,-0.213266,-0.165488,0.269942,,-1.38041,10.4913,0.328237,0.681315,fluid
2650,23.2129,2.5549,,1003.22,-10.8447,25493,,-0.205847,0.225883,0.305607,,-0.861094,11.1442,0.23361,1.33425,fluid
2651,23.0713,3.41469,,1002.11,-1.69497,16703.7,,0.00822524,0.374667,0.374758,,-0.0586331,10.8411,0.663842,1.0311,fluid
2652,22.7934,3.08647,,1002.57,-11.0395,20316.9,,-0.0429992,0.373585,0.376052,,-0.545677,10.304,0.343388,0.494007,fluid
2653,22.9201,3.30356,,1002.27,0.201909,17974.5,,-0.0385291,0.399587,0.401441,,-0.447272,10.9873,0.335171,1.17733,fluid
2654,23.1622,3.78144,,1001.64,14.5449,12906.9,,0.20726,0.388155,0.440024,,0.0650381,9.64207,0.621365,-0.167931,fluid
2655,22.7522,3.80736,,1001.66,18.6917,13092.3,,0.18778,0.60217,0.630769,,0.272917,9.28793,0.847396,-0.522074,fluid
2656,22.5947,3.72425,,1001.78,1.93673,14083.5,,0.143714,0.474898,0.496167,,0.296536,9.56822,0.918734,-0.241777,fluid
2657,22.7999,4.02087,,1001.38,28.159,10836.8,,0.222021,0.380865,0.440853,,0.040326,9.26254,0.514975,-0.547464,fluid
2658,22.5646,4.29715,,1001.09,-1.64407,8618.58,,0.136808,0.458295,0.478279,,0.559043,8.72138,0.940577,-1.08862,fluid
2659,22.4057,4.36759,,1001.04,-15.1183,8212.36,,0.0350906,0.459924,0.461261,,0.170847,8.85737,0.536995,-0.952627,fluid
2660,22.2654,4.58709,,1000.88,3.56209,6908.49,,-0.24534,0.368138,0.442399,,0.796072,9.08497,1.10608,-0.72503,fluid
2661,19.9233,4.17577,,1001.07,63.397,8420.95,,0.280669,0.745207,0.796309,,-1.80246,10.8564,-1.38024,1.0464,fluid
2662,19.3171,4.55184,,1000.61,25.969,4781.95,,0.335721,1.28017,1.32346,,-3.31942,11.7398,-3.07202,1.92984,fluid
2663,14.8416,4.55002,,1000.96,98.66,7571.67,,1.0219,-0.224416,1.04626,,-2.84951,9.30613,-2.33984,-0.50387,fluid
2664,17.5491,4.25335,,1000.62,60.2649,4874.38,,1.39126,0.079313,1.39352,,-0.0495781,13.2155,0.228007,3.40548,fluid
2665,10.2057,3.45627,,1003.27,468.557,25908,,4.57615,3.63388,5.84348,,4.05928,0.276295,6.5896,-9.53371,fluid
2666,6.46877,5.92826,,999.029,-721.114,-7596.11,,-0.503882,-9.50174,9.51509,,-43.2785,87.2584,-44.4539,77.4484,fluid
2667,8.42051,5.12115,,996.304,-2455.76,-28683,,-1.15388,-5.27942,5.40405,,-28.4902,2.799,-31.9091,-7.011,fluid
2668,8.8989,5.64895,,1064.99,-2523.31,620944,,6.58566,-1.2826,6.70939,,45.771,267.634,111.291,257.824,fluid
2669,18.4565,0.084455,,1006.06,7.15826,48426.4,,0.0720493,0.00226201,0.0720848,,-2.70524,9.22103,-0.0972383,-0.588969,fluid
2670,23.0609,0.0888454,,1006.17,-5.42705,49301,,-0.124479,-0.00343393,0.124527,,-1.68444,10.0331,0.440323,0.223063,fluid
2671,22.1603,0.055327,,1006.27,-3.06948,50152.9,,-0.138208,-0.00105048,0.138212,,-2.49528,10.0984,-0.246199,0.28845,fluid
2672,22.567,0.172675,,1006.12,-5.79456,48927.5,,-0.148452,-0.00478083,0.148529,,-1.90689,10.2083,0.24802,0.398311,fluid
2673,22.9607,0.295558,,1005.97,-11.1473,47664.7,,-0.152991,-0.0164749,0.153876,,-1.6116,10.2135,0.452013,0.403495,fluid
2674,23.6645,0.623982,,1005.58,-18.3102,44554.8,,-0.218688,-0.0331902,0.221192,,-0.865851,10.292,1.00647,0.482016,fluid
2675,23.1765,0.279455,,1005.96,-12.3157,47645.4,,-0.110192,-0.011144,0.110754,,-1.18777,10.1569,0.855807,0.346915,fluid
2676,23.2204,0.768734,,1005.47,-13.5699,43656.2,,-0.235053,-0.0202912,0.235928,,-1.12907,10.4773,0.740775,0.667268,fluid
2677,23.6387,1.03357,,1005.16,-13.3471,41126.4,,-0.254295,-0.0543781,0.260044,,-0.941554,10.1641,0.789309,0.354074,fluid
2678,23.8984,0.659371,,1005.52,-17.5008,44006.3,,-0.239557,-0.105013,0.261563,,-1.18353,10.2662,0.647767,0.456186,fluid
2679,23.6226,1.23814,,1004.92,-15.1457,39200.1,,-0.143977,-0.171132,0.223642,,-0.973064,10.251,0.67824,0.440958,fluid
2680,23.4129,1.26533,,1004.91,-17.6876,39088.6,,-0.22836,0.00423731,0.228399,,-1.05664,10.2736,0.604742,0.463625,fluid
2681,23.4087,1.50623,,1004.61,-10.6004,36716.4,,-0.265194,-0.0652621,0.273106,,-0.936037,10.8294,0.625253,1.01941,fluid
2682,23.3576,2.92548,,1002.71,-11.6283,21423.3,,-0.119835,0.193873,0.227919,,-0.607895,10.8677,0.306814,1.0577,fluid
2683,23.3394,3.15878,,1002.42,0.457805,19101,,-0.0811059,0.181893,0.199156,,0.14646,11.2547,0.962887,1.44467,fluid
2684,22.7979,3.52555,,1002.02,13.3968,15929.3,,0.067106,0.398424,0.404036,,0.0828216,10.5916,0.780135,0.781596,fluid
2685,23.3473,2.35861,,1003.48,-10.0813,27583.7,,-0.281959,0.0780131,0.292553,,-1.15618,10.8546,0.0211778,1.04459,fluid
2686,23.0174,4.07914,,1001.28,-12.6403,10102.9,,0.163626,0.341772,0.378922,,0.87434,9.68814,1.3127,-0.121865,fluid
2687,23.6573,2.70835,,1002.97,-24.5159,23532.1,,-0.225893,-0.173281,0.2847,,-0.675126,10.8857,0.316635,1.07571,fluid
2688,23.5883,3.78326,,1001.71,17.0159,13450.2,,0.171677,0.0615574,0.18238,,1.56388,11.5598,2.13312,1.74976,fluid
2689,22.8888,4.65534,,1000.73,82.9557,5748.57,,0.107201,0.228447,0.252349,,1.80061,8.25605,2.05158,-1.55395,fluid
2690,22.7971,4.24753,,1001.12,-20.762,8850.02,,0.151128,0.371363,0.400937,,0.745627,9.30738,1.1334,-0.502616,fluid
2691,21.9067,4.84329,,1000.69,-8.56564,5388.35,,-0.446117,0.557283,0.713852,,0.0846031,7.26323,0.330402,-2.54677,fluid
2692,22.3897,4.96904,,1000.48,-13.469,3808.3,,-0.318523,0.330066,0.458694,,0.951214,7.10073,1.12122,-2.70927,fluid
2693,20.5365,5.05588,,1000.46,-63.3085,3623.39,,-1.04429,1.08744,1.50767,,-1.57846,7.0329,-1.40211,-2.7771,fluid
2694,18.8812,4.09487,,1000.94,11.6995,7377.14,,0.883912,0.559029,1.04586,,-1.48208,10.4585,-1.09173,0.648545,fluid
2695,13.2158,4.47754,,1001.4,498.207,11061.7,,3.28832,0.140712,3.29133,,-2.77554,15.9311,-1.93971,6.1211,fluid
2696,15.521,4.73457,,1000.41,37.9207,3225.25,,0.797697,-0.16759,0.815111,,1.14308,10.1491,1.35079,0.339113,fluid
2697,3.71504,5.43002,,1004.89,499.869,38911.3,,3.07936,-4.22463,5.22781,,30.7046,11.4339,41.1276,1.6239,fluid
2698,5.67489,1.41013,,1007.08,615.466,56755.4,,3.32929,-1.32252,3.58235,,-5.88253,16.0238,4.0483,6.21378,fluid
2699,6.77965,5.473,,1032.56,818.886,281925,,3.24677,-5.63137,6.50029,,81.6696,-120.101,121.942,-129.911,fluid
2700,12.3051,5.56509,,1000.16,381.802,1271.79,,5.03732,-1.88832,5.37963,,0.297848,6.23031,0.401186,-3.57969,fluid
2701,18.9485,0.089402,,1006.04,8.37003,48254.7,,0.0775584,0.00574681,0.077771,,-3.27169,9.37871,-0.740361,-0.431286,fluid
2702,23.6539,0.0277851,,1006.16,-10.6077,49231.7,,-0.0951069,0.00610974,0.095303,,-1.04825,10.2063,1.02035,0.396326,fluid
2703,23.295,0.0647214,,1006.17,-6.54291,49289.6,,-0.122932,-0.00503569,0.123035,,-1.2934,9.96555,0.809524,0.155549,fluid
2704,23.7757,0.208383,,1005.97,-14.3688,47672.1,,-0.0846777,-0.0098694,0.0852509,,-1.10124,9.94149,0.891943,0.13149,fluid
2705,22.7544,0.266546,,1006.01,-8.36617,48031.4,,-0.160959,-0.00794069,0.161155,,-1.73105,10.2476,0.367197,0.437575,fluid
2706,24.4562,0.750515,,1005.33,-16.3819,42495.9,,-0.0567333,-0.0813083,0.0991449,,-1.27072,9.98766,0.457695,0.177664,fluid
2707,23.7402,0.424872,,1005.76,-17.3355,46008.9,,-0.14065,-0.0164674,0.14161,,-0.82676,10.206,1.10016,0.395997,fluid
2708,24.2146,0.572216,,1005.54,-17.8282,44236.4,,-0.0440803,-0.015446,0.0467081,,-0.976395,10.1149,0.840382,0.304853,fluid
2709,24.0783,0.976774,,1005.16,-14.0277,41095.3,,-0.132547,-0.147862,0.198575,,-0.808252,10.1552,0.88973,0.345161,fluid
2710,24.1459,0.722985,,1005.41,-17.1933,43133.3,,-0.142436,-0.0631016,0.155788,,-1.01916,10.0678,0.75759,0.257807,fluid
2711,24.4564,1.17039,,1004.88,-12.905,38883,,-0.0268054,-0.0455984,0.0528937,,-1.25855,9.91453,0.323618,0.104531,fluid
2712,24.2739,0.896259,,1005.21,-16.3883,41504.5,,-0.0968577,-0.136948,0.167738,,-1.27031,9.68762,0.430682,-0.122383,fluid
2713,23.8732,1.21414,,1004.92,-15.7983,39154.2,,-0.107931,-0.197273,0.224868,,-0.996791,10.1243,0.635276,0.314341,fluid
2714,23.5136,2.39316,,1003.41,-10.3989,27062.4,,-0.200299,-0.105597,0.22643,,-0.631944,11.0289,0.515069,1.21887,fluid
2715,23.4046,3.37684,,1002.15,-15.3323,17004.6,,-0.0556499,0.15571,0.165356,,0.226471,11.1186,0.951458,1.30862,fluid
2716,23.4102,3.86927,,1001.56,-6.64074,12274.7,,0.34817,0.169319,0.387158,,1.62943,11.1809,2.15294,1.37094,fluid
2717,23.7437,1.62193,,1004.43,-14.7269,35227.4,,-0.309634,-0.144453,0.341672,,-1.03348,10.3784,0.443634,0.568392,fluid
2718,23.3817,3.6654,,1001.8,2.30829,14186,,0.117197,0.195965,0.228336,,0.70264,10.213,1.30827,0.403005,fluid
2719,23.5636,3.48141,,1002.06,-19.1739,16232.1,,0.0346897,0.0553949,0.0653604,,0.433538,11.0256,1.12099,1.21558,fluid
2720,23.8907,3.81698,,1001.68,40.3134,13258.6,,0.250387,-0.276452,0.372987,,-0.203852,11.58,0.350186,1.77001,fluid
2721,23.134,4.49727,,1000.88,70.0902,6947.06,,0.168769,0.173738,0.242215,,1.76327,9.70819,2.0633,-0.101815,fluid
2722,22.2552,3.27414,,1002.38,19.3004,18820.5,,0.123987,0.590504,0.603381,,-0.78417,10.9038,0.0594858,1.09384,fluid
2723,22.1562,4.48647,,1000.98,-23.1844,7719.43,,-0.194688,0.65632,0.684587,,0.00553131,8.7694,0.3536,-1.0406,fluid
2724,21.0612,4.71058,,1000.89,6.12059,6988.67,,-0.826591,1.13206,1.40172,,-1.7141,9.90952,-1.38256,0.0995201,fluid
2725,15.9927,4.68052,,1000.37,24.5895,2916.24,,0.73216,-0.478113,0.874443,,1.8009,11.4785,1.98318,1.66852,fluid
2726,13.4226,4.56503,,1001.43,370.019,11310.4,,3.1118,0.226667,3.12005,,-2.20641,21.7953,-1.36497,11.9853,fluid
2727,7.80292,2.96935,,1005.37,232.835,42832.4,,2.02922,-4.46483,4.90432,,1.15657,4.92015,6.61653,-4.88985,fluid
2728,15.0443,4.80452,,1000.46,14.5245,3600.41,,0.878029,0.0929831,0.882939,,0.110715,13.2009,0.349927,3.39093,fluid
2729,4.84094,5.63383,,1014.73,949.663,120822,,1.98478,-3.83715,4.32008,,-59.639,66.7005,-35.0428,56.8905,fluid
2730,7.40633,4.85636,,1013.98,1136.23,114452,,5.14734,-4.277,6.69237,,-136.72,41.1529,-121.48,31.3429,fluid
2731,5.22044,15.7309,,1016.76,0,138310,,-6.41455,-9.41149,11.3896,,0,0,26.0573,-9.81,fluid
2732,10.4533,5.42066,,1000.92,268.747,7221.11,,2.54517,0.443977,2.58361,,-2.39377,26.4852,-1.7036,16.6752,fluid
2733,19.2103,0.120738,,1006,9.71646,47969.6,,0.00204095,0.00898216,0.00921112,,-3.24884,9.40282,-0.766657,-0.407175,fluid
2734,23.9831,0.0470042,,1006.1,-13.9275,48737.1,,-0.0674937,-0.00424506,0.0676271,,-0.792598,9.83064,1.22723,0.0206431,fluid
2735,24.1777,0.145487,,1005.97,-17.1417,47733.8,,-0.045215,-0.00876568,0.0460568,,-0.822684,9.73478,1.13988,-0.0752174,fluid
2736,24.1608,0.358547,,1005.76,-17.8467,46013.7,,-0.0965083,-0.0149747,0.0976632,,-0.922642,9.86114,0.970926,0.0511365,fluid
2737,23.4678,0.175928,,1006.04,-11.143,48234.8,,-0.105652,-0.00753262,0.105921,,-1.11454,9.97507,0.928495,0.165071,fluid
2738,24.4261,0.970545,,1005.1,-19.8702,40680.4,,-0.0564366,-0.0732948,0.0925052,,-1.0694,9.90377,0.587587,0.0937736,fluid
2739,23.9579,0.492607,,1005.67,-18.0635,45222.3,,-0.0625525,-0.0337087,0.0710569,,-0.680174,10.1725,1.19676,0.362492,fluid
2740,24.6937,0.811318,,1005.25,-14.0018,41833.8,,-0.0182479,-0.00363483,0.0186064,,-1.06137,9.46702,0.623899,-0.342984,fluid
2741,24.5474,1.35325,,1004.67,-12.4063,37138,,-0.0723746,-0.184459,0.198149,,-1.10346,9.72557,0.402422,-0.0844251,fluid
2742,23.9174,0.841304,,1005.33,-17.0183,42503.9,,-0.199755,-0.136603,0.241997,,-1.32604,9.99657,0.441653,0.186573,fluid
2743,23.4808,1.97219,,1004,-14.7782,31748.2,,-0.210211,-0.115334,0.239772,,-0.742204,10.6517,0.604505,0.84165,fluid
2744,23.3191,2.70075,,1003.01,-17.8423,23805.4,,-0.169654,0.124368,0.210357,,-0.492366,11.1811,0.525429,1.37108,fluid
2745,23.5208,1.68793,,1004.37,-12.3138,34771.6,,-0.271233,-0.109577,0.292531,,-1.32919,10.7205,0.14271,0.910453,fluid
2746,23.5321,2.92983,,1002.7,-19.6502,21364,,-0.202598,0.102981,0.227268,,-0.554195,11.3213,0.351228,1.5113,fluid
2747,23.6938,1.8133,,1004.18,-9.0996,33254.1,,-0.201093,-0.231351,0.306532,,-1.28924,11.0076,0.108407,1.19764,fluid
2748,23.7064,2.2148,,1003.63,-16.2638,28820.6,,-0.225945,-0.281514,0.360973,,-1.22698,10.602,-0.0156449,0.792001,fluid
2749,23.9693,2.67909,,1002.98,-19.7372,23610.4,,-0.217083,-0.506465,0.551028,,-0.90619,11.428,0.0759071,1.61796,fluid
2750,23.7263,3.6225,,1001.93,11.4445,15243.7,,-0.00585628,-0.0118835,0.0132482,,1.16148,11.5599,1.80272,1.74991,fluid
2751,23.379,4.12204,,1001.28,-9.53642,10074.4,,0.328291,0.109492,0.346069,,2.09373,10.9629,2.52409,1.15292,fluid
2752,23.4903,4.23042,,1001.16,36.7395,9124.68,,0.381974,0.190625,0.426898,,1.66407,9.97487,2.05207,0.164868,fluid
2753,22.5881,4.8677,,1000.53,-20.2524,4193.5,,-0.233782,0.388285,0.453232,,1.14659,7.34605,1.33214,-2.46395,fluid
2754,23.6998,3.92214,,1001.54,-0.554945,12147.3,,0.305194,0.136889,0.334488,,1.11448,12.2883,1.62624,2.47834,fluid
2755,21.071,4.24324,,1001.22,19.52,9635.02,,0.142117,0.538942,0.557365,,-1.12715,9.03045,-0.670448,-0.779546,fluid
2756,20.6082,4.56453,,1000.93,51.5518,7327.37,,-0.416376,0.66987,0.78873,,-2.33788,11.6541,-1.98266,1.84408,fluid
2757,17.1701,4.3576,,1000.53,76.9928,4137.5,,1.46494,-0.298719,1.49509,,1.5288,14.7452,1.76965,4.93518,fluid
2758,13.9667,4.83673,,1000.53,122.137,4146.07,,2.40246,1.2124,2.69105,,0.212569,12.2765,0.509266,2.46654,fluid
2759,14.9554,4.76074,,1000.57,-0.511949,4452.37,,0.922457,0.167003,0.937453,,-2.3462,13.5038,-2.04865,3.69377,fluid
2760,15.725,4.68574,,1000.42,24.8832,3275.47,,0.718586,-0.2277,0.753799,,1.54438,10.4113,1.75259,0.601261,fluid
2761,7.46141,3.73041,,1006.82,210.088,54633.6,,1.87749,-4.54368,4.9163,,15.9081,-3.69637,23.1806,-13.5064,fluid
2762,5.11524,7.42564,,1007.61,-9.3873,61108.4,,0.565114,-11.283,11.2971,,-0.422848,0.674997,11.4333,-9.135,fluid
2763,9.68359,3.34286,,1004.49,394.045,35690.5,,4.30298,3.35797,5.45817,,0.944779,9.62824,4.61398,-0.181758,fluid
2764,14.0782,5.06686,,1000.46,99.9549,3652.73,,1.52365,1.68909,2.27476,,3.52738,14.1972,3.78672,4.38722,fluid
2765,19.8949,0.0917308,,1006.1,5.72006,48755,,-0.102768,0.00866905,0.103133,,-3.96098,9.60497,-1.52522,-0.205031,fluid
2766,24.4112,0.0276764,,1006.07,-17.0483,48506,,-0.0398147,0.00497909,0.0401248,,-1.04662,9.72405,0.928425,-0.085952,fluid
2767,24.5663,0.360859,,1005.71,-21.9714,45581.2,,-0.0321979,-0.0159794,0.035945,,-1.085,9.60644,0.759902,-0.20356,fluid
2768,24.3838,0.234439,,1005.86,-20.7711,46790,,-0.0585959,-0.00604336,0.0589067,,-0.9126,9.63241,0.995119,-0.177585,fluid
2769,23.9616,0.279165,,1005.87,-16.2871,46898.7,,-0.0906531,-0.0133484,0.0916306,,-1.01563,9.91156,0.930189,0.101563,fluid
2770,24.7278,1.32231,,1004.7,-16.4495,37409.6,,-0.0109988,-0.0369021,0.0385064,,-0.997121,10.1457,0.508658,0.335711,fluid
2771,24.3685,0.458547,,1005.63,-19.7195,44951.3,,-0.0804658,-0.0237801,0.0839061,,-0.952405,9.80168,0.881914,-0.00831563,fluid
2772,24.6162,1.01858,,1005.04,-17.9637,40123.1,,-0.0416314,-0.127972,0.134573,,-0.759714,9.62413,0.862064,-0.18587,fluid
2773,24.7483,1.86187,,1004.07,-10.0606,32361,,-0.0287259,-0.185596,0.187805,,-1.3059,10.0833,-0.00360152,0.273274,fluid
2774,24.1505,1.14273,,1004.96,-11.4634,39477.4,,-0.0901681,-0.235798,0.25245,,-0.905147,10.1165,0.721432,0.306542,fluid
2775,24.4108,1.50629,,1004.49,-18.0502,35697.6,,-0.11005,-0.179738,0.210753,,-2.0002,9.85722,-0.544368,0.0472205,fluid
2776,23.8465,1.41363,,1004.68,-21.9266,37216.2,,-0.207929,-0.172312,0.270048,,-1.24945,10.1741,0.303947,0.36405,fluid
2777,23.5533,2.12292,,1003.78,-14.2045,30030.6,,-0.286314,-0.059631,0.292458,,-1.3561,10.9525,-0.0859042,1.14248,fluid
2778,23.9525,1.6215,,1004.39,-13.2145,34941.8,,-0.169339,-0.297685,0.34248,,-1.10387,10.6072,0.348544,0.797214,fluid
2779,23.9119,3.20105,,1002.41,-15.667,19038.4,,-0.167522,-0.291672,0.336357,,-0.48009,12.3461,0.314185,2.53609,fluid
2780,23.1747,4.37086,,1001.02,8.11787,8042.27,,0.325267,0.204231,0.384069,,2.10164,9.9917,2.44831,0.181696,fluid
2781,23.7548,2.41027,,1003.36,-13.0217,26618.3,,-0.324952,-0.251675,0.411016,,-1.43326,11.1939,-0.316468,1.38386,fluid
2782,23.8118,3.05754,,1002.56,-2.36756,20254.4,,-0.224472,-0.302736,0.376878,,-0.601805,11.5203,0.246626,1.71029,fluid
2783,23.7355,3.31172,,1002.28,-15.3263,18014.5,,-0.0262783,-0.19959,0.201313,,-0.553885,12,0.203356,2.19005,fluid
2784,23.3242,4.78434,,1000.42,-73.1357,3332.58,,0.194494,-0.0731535,0.207797,,1.54848,6.99007,1.6913,-2.81993,fluid
2785,19.5186,4.63501,,1000.61,24.2591,4781.42,,0.140844,1.3875,1.39463,,-3.19104,12.1498,-2.94622,2.33981,fluid
2786,23.638,4.61427,,1000.55,-38.14,4285.36,,0.489173,-0.0100184,0.489275,,1.91556,8.76453,2.09675,-1.04547,fluid
2787,14.2113,4.76774,,1000.62,139.767,4894.44,,2.51162,1.16621,2.76916,,3.44057,12.2457,3.78477,2.43573,fluid
2788,21.7276,4.84343,,1000.69,-69.3741,5452.1,,-0.561628,0.650474,0.859385,,-0.394712,7.74459,-0.143957,-2.06541,fluid
2789,18.5712,4.42541,,1000.51,48.5417,3989.69,,0.903884,0.898249,1.27431,,-1.74851,12.5824,-1.53379,2.7724,fluid
2790,17.0544,4.41216,,1000.48,78.637,3770.18,,1.45297,-0.465325,1.52566,,1.86333,15.1241,2.08429,5.31406,fluid
2791,17.9351,4.40534,,1000.5,66.7418,3911.76,,1.3709,0.554664,1.47886,,-1.47365,14.1008,-1.25565,4.29079,fluid
2792,16.1673,4.65554,,1000.37,38.7132,2885.78,,0.891754,-0.612017,1.08157,,1.97797,11.3774,2.1564,1.56745,fluid
2793,6.67635,3.23055,,1006.3,477.319,50385.2,,1.98628,-3.91608,4.39101,,-1.8529,-29.9441,5.64668,-39.7541,fluid
2794,5.18168,6.47144,,996.467,-387.207,-27435.9,,1.387,-9.94425,10.0405,,-5.43622,42.4468,-10.7498,32.6368,fluid
2795,5.427,0.787658,,1007.58,581.407,60868.3,,2.82366,-0.923719,2.97091,,-10.2569,8.17624,0.874541,-1.63376,fluid
2796,7.68119,4.32249,,1011.3,1000.27,91763.7,,3.0987,-3.18969,4.44703,,3.24496,20.7834,15.058,10.9734,fluid
2797,20.4711,0.0860051,,1006.17,7.10258,49339,,-0.0874959,0.00258648,0.0875341,,-4.16548,9.82417,-1.77008,0.0141693,fluid
2798,24.6301,0.128827,,1005.95,-21.5756,47526.4,,-0.0220289,-0.000222218,0.02203,,-0.943412,9.43873,0.974787,-0.371274,fluid
2799,24.9063,1.83339,,1004.13,-7.31386,32827.9,,-0.000718411,-0.0631243,0.0631284,,-0.683399,10.0407,0.629233,0.230698,fluid
2800,24.889,0.960081,,1005.09,-8.80221,40536.5,,0.00984784,-0.0293162,0.030926,,-1.14884,9.83119,0.471611,0.0211941,fluid
2801,24.5258,0.602671,,1005.47,-17.3038,43631.3,,-0.00508537,-0.045836,0.0461173,,-0.674536,9.86118,1.09479,0.0511763,fluid
2802,24.8753,2.77052,,1002.94,-6.59501,23238.8,,0.00875093,-0.233053,0.233217,,-0.34996,10.3347,0.581516,0.524691,fluid
2803,24.7889,1.1133,,1004.93,-15.4425,39253.4,,0.00177529,-0.0283262,0.0283818,,-0.887536,9.62527,0.688205,-0.184728,fluid
2804,24.7717,1.59032,,1004.4,-14.7208,34969.4,,-0.0122086,-0.0634943,0.0646574,,-1.05129,10.255,0.354197,0.44496,fluid
2805,24.7724,2.81498,,1002.85,-7.87666,22577.8,,-0.0690393,-0.13761,0.153957,,-0.700247,10.951,0.20857,1.14098,fluid
2806,24.5909,1.59323,,1004.38,-16.5712,34842.1,,-0.0950005,-0.20896,0.229542,,-0.79152,10.2721,0.619167,0.462129,fluid
2807,24.6209,1.98863,,1003.89,-10.7458,30912.9,,-0.0484236,-0.114295,0.12413,,-1.17054,10.2699,0.0801471,0.459948,fluid
2808,24.0661,1.35209,,1004.72,-17.6558,37552.6,,-0.172244,-0.257137,0.309496,,-1.27938,9.95989,0.273686,0.149891,fluid
2809,24.5199,2.18327,,1003.62,-9.80383,28714.8,,-0.110665,-0.286349,0.30699,,-0.928553,9.98627,0.238306,0.176267,fluid
2810,23.517,2.60325,,1003.12,-21.24,24725.1,,-0.299253,-0.0911989,0.312841,,-0.841293,11.0843,0.206806,1.27426,fluid
2811,24.1616,1.51794,,1004.5,-15.3502,35764.3,,-0.139607,-0.245269,0.282218,,-0.688279,10.316,0.785311,0.506023,fluid
2812,24.0196,1.8077,,1004.13,-17.412,32852.4,,-0.244242,-0.368152,0.441803,,-1.45483,10.3835,-0.0927303,0.57349,fluid
2813,23.7966,1.95076,,1003.98,-18.2556,31597.2,,-0.21549,-0.311406,0.378695,,-1.16695,10.6649,0.155593,0.854944,fluid
2814,24.0829,1.96939,,1003.91,-18.6597,31008.6,,-0.0645147,-0.310855,0.317479,,-1.13122,10.3907,0.151347,0.580655,fluid
2815,23.9682,2.29178,,1003.48,-16.2817,27622.1,,-0.2686,-0.430549,0.507463,,-0.659357,11.2714,0.489092,1.4614,fluid
2816,23.8514,2.56075,,1003.14,-17.5182,24908.9,,-0.279907,-0.430048,0.513117,,-1.3012,11.2342,-0.260133,1.42421,fluid
2817,23.5511,3.18659,,1002.4,-7.47114,18942.8,,-0.129017,-0.0195274,0.130487,,0.228155,11.551,1.03056,1.74099,fluid
2818,23.6341,4.24347,,1001.1,51.0314,8664.76,,0.450499,-0.0239929,0.451137,,1.60907,9.19503,1.97529,-0.614974,fluid
2819,18.192,4.25959,,1000.65,103.986,5110.66,,1.21586,0.686745,1.3964,,-1.27894,10.7828,-0.998192,0.972847,fluid
2820,20.2835,4.14288,,1001.21,46.4832,9564.95,,0.269206,0.796931,0.841172,,-1.13915,8.41938,-0.668164,-1.39062,fluid
2821,17.4182,4.38484,,1000.51,56.3817,3972.41,,1.34959,-0.0249769,1.34982,,0.0703672,15.9329,0.298314,6.12286,fluid
2822,21.8723,5.3655,,1000.25,-40.5097,1941.18,,-0.829044,0.196594,0.852035,,0.258975,7.4764,0.347704,-2.3336,fluid
2823,18.2625,4.44569,,1000.48,42.411,3777.86,,1.18924,0.890812,1.48588,,-1.65692,13.8196,-1.45015,4.00964,fluid
2824,15.5884,4.80762,,1000.35,33.5128,2744.06,,0.769941,-0.208907,0.797779,,1.90401,11.3907,2.07998,1.5807,fluid
2825,7.54911,3.32105,,1006.13,660.183,48962.9,,3.30747,-4.40638,5.50959,,3.95098,-2.46819,10.3974,-12.2782,fluid
2826,6.91912,3.95944,,1009.28,1550.67,74910.5,,4.26515,-4.24934,6.02066,,-34.2281,33.6425,-23.5011,23.8325,fluid
2827,12.3198,4.50942,,1001.49,607.614,11745.6,,3.92731,-0.119797,3.92914,,1.78113,6.94066,2.73309,-2.86934,fluid
2828,9.71804,5.38389,,1002.19,19.2882,17322.2,,2.45172,0.55422,2.51358,,5.45279,57.078,7.23137,47.268,fluid
2829,21.0007,0.0631156,,1006.25,4.15384,49985.9,,-0.165659,0.00372835,0.165701,,-3.77934,10.0603,-1.41393,0.250287,fluid
2830,24.7371,0.336712,,1005.72,-21.5848,45699.8,,-0.0260194,-0.00995228,0.0278578,,-0.915216,9.49337,0.921693,-0.316634,fluid
2831,24.9268,1.55207,,1004.45,-10.9543,35403.8,,-0.0243667,-0.0538011,0.0590618,,-0.974894,9.76857,0.439123,-0.0414324,fluid
2832,24.8944,2.38076,,1003.46,-7.7308,27451,,-0.000201562,-0.0852799,0.0852802,,-0.40035,10.559,0.698544,0.749002,fluid
2833,24.922,0.760329,,1005.29,-12.3947,42165.7,,-0.0190856,-0.0147134,0.0240986,,-0.962751,9.5082,0.720257,-0.301795,fluid
2834,24.6099,2.83781,,1002.79,-12.3915,22089.9,,-0.0780156,-0.27335,0.284265,,-0.869389,10.9092,0.0257151,1.09921,fluid
2835,24.2866,1.29001,,1004.76,-14.0679,37914.4,,-0.101521,-0.202954,0.226929,,-0.574677,10.1972,0.979049,0.387152,fluid
2836,24.7573,2.18245,,1003.67,-13.716,29149.5,,-0.000982485,-0.164911,0.164914,,-0.588758,10.6047,0.584344,0.79466,fluid
2837,24.9048,4.00234,,1001.05,23.9073,8287.67,,0.0190958,-0.0951979,0.0970942,,-0.339266,10.5175,-0.00684165,0.707464,fluid
2838,24.8178,3.34897,,1002.07,-19.9083,16321.1,,0.023309,-0.16145,0.163124,,-0.817934,11.6611,-0.161654,1.8511,fluid
2839,24.4977,1.76306,,1004.17,-15.6189,33114.7,,0.02259,-0.153122,0.154779,,-0.702258,10.1725,0.643879,0.362472,fluid
2840,24.5973,3.08996,,1002.46,-5.22483,19455.3,,-0.0772704,-0.367876,0.375904,,0.0796708,11.7036,0.868679,1.89357,fluid
2841,24.6014,4.39649,,1000.64,6.18198,5035.37,,0.00652361,-0.30082,0.300891,,-0.207991,14.5104,-0.00344352,4.70042,fluid
2842,24.6316,2.36268,,1003.41,-20.3682,26997.6,,0.00579803,-0.252764,0.25283,,-0.533918,10.767,0.558418,0.956975,fluid
2843,24.2324,1.69764,,1004.26,-15.2242,33828.8,,-0.166755,-0.277504,0.323752,,-1.08052,10.0927,0.309582,0.282721,fluid
2844,24.6471,3.36107,,1002.08,-24.3544,16446.3,,-0.0626553,-0.582432,0.585792,,-0.832801,11.2629,-0.166917,1.45289,fluid
2845,24.4368,3.07586,,1002.49,-6.63931,19667.4,,-0.0706744,-0.734641,0.738032,,-0.875774,11.9298,-0.0729443,2.11977,fluid
2846,24.2266,2.57387,,1003.09,-16.3851,24451.7,,-0.186868,-0.532407,0.564248,,-1.23179,11.1894,-0.225606,1.37943,fluid
2847,24.6056,2.52572,,1003.19,-20.1685,25254.4,,0.0126794,-0.137693,0.138276,,-0.460982,11.766,0.562125,1.95596,fluid
2848,24.3252,2.04785,,1003.79,-11.5647,30046.1,,-0.03203,-0.359085,0.360511,,-0.594692,10.7838,0.635833,0.973824,fluid
2849,24.3583,2.33667,,1003.39,-15.3989,26912.1,,-0.0463196,-0.433443,0.435911,,-1.22283,10.4109,-0.121725,0.600919,fluid
2850,24.4158,2.5509,,1003.12,-19.2776,24716.9,,-0.0649972,-0.470131,0.474603,,-0.33532,11.3965,0.673864,1.58648,fluid
2851,20.395,4.42232,,1000.97,10.6912,7631.48,,-0.21233,0.998267,1.0206,,-1.79045,10.9775,-1.41662,1.16749,fluid
2852,24.2364,2.77651,,1002.84,-15.8066,22502.5,,-0.328366,-0.796295,0.861342,,-1.05328,12.0197,-0.127449,2.20972,fluid
2853,24.3064,3.2055,,1002.35,-11.3245,18602.4,,-0.128451,-0.683772,0.695733,,-0.899282,12.8074,-0.135748,2.9974,fluid
2854,23.9242,2.11656,,1003.73,-19.6647,29581.8,,-0.158714,-0.396005,0.426627,,-1.264,10.209,-0.0321151,0.399008,fluid
2855,18.4719,4.52722,,1000.44,32.0145,3432.74,,0.880831,0.929391,1.28048,,-1.74849,14.5273,-1.56273,4.71729,fluid
2856,18.0922,4.44076,,1000.48,48.2299,3767.92,,1.25684,0.752005,1.46464,,-1.69054,14.2054,-1.48237,4.39543,fluid
2857,7.39745,2.86861,,1005.94,335.673,47429.2,,1.66314,-4.90147,5.17595,,2.6882,-2.75701,9.06192,-12.567,fluid
2858,7.33758,4.18073,,1010.2,621.175,82544.7,,1.83505,-1.74581,2.53284,,-32.4349,30.7955,-21.2989,20.9855,fluid
2859,7.71601,4.89845,,1013.12,744.099,107089,,3.52039,-2.18168,4.1416,,81.4395,18.5755,95.1387,8.76546,fluid
2860,8.84723,22.5271,,1065.46,0,626381,,-10.9956,-10.2968,15.0641,,0,0,66.4498,-9.81,fluid
2861,21.6671,0.0643034,,1006.28,0.391443,50203.3,,-0.151173,-0.00194019,0.151186,,-3.22634,9.99552,-0.923772,0.185522,fluid
2862,24.9251,0.50939,,1005.54,-19.4031,44191,,-0.0155473,-0.0196899,0.0250881,,-0.829677,9.58498,0.933507,-0.225023,fluid
2863,24.8633,2.55042,,1003.23,2.89494,25622.6,,-0.0129258,-0.13232,0.132949,,-0.661304,10.9692,0.365917,1.15925,fluid
2864,24.9155,3.03366,,1002.55,-6.98956,20135.5,,0.00489767,-0.167827,0.167899,,-0.566471,11.7537,0.23963,1.94368,fluid
2865,24.838,3.17092,,1002.33,-5.62626,18438,,0.00816885,-0.206303,0.206464,,-0.685841,11.8086,0.0547604,1.99864,fluid
2866,24.8435,4.15843,,1000.83,-41.976,6543.6,,0.0174852,-0.153432,0.154425,,0.135745,10.2035,0.398919,0.393472,fluid
2867,24.8112,4.33534,,1000.66,-6.60914,5162.81,,0.0175129,-0.34409,0.344535,,0.0143331,12.379,0.222281,2.56897,fluid
2868,24.8803,3.70644,,1001.54,1.01918,12127.4,,0.0267385,-0.0313643,0.0412149,,-0.801435,13.2144,-0.314754,3.40439,fluid
2869,24.7641,4.38916,,1000.63,-11.3263,4915.55,,0.0141999,-0.323873,0.324184,,-0.0282861,13.8527,0.170085,4.04273,fluid
2870,24.5793,3.92602,,1001.25,-12.6429,9843.06,,0.0343744,-0.789302,0.79005,,-0.711519,12.1807,-0.311557,2.37073,fluid
2871,24.6149,3.57922,,1001.8,-7.92104,14170.3,,0.0176196,-0.578239,0.578508,,-1.02095,12.1112,-0.446307,2.30123,fluid
2872,22.222,5.3691,,1000.23,-23.7732,1772.86,,-0.509355,0.065713,0.513576,,1.47558,7.45393,1.55534,-2.35607,fluid
2873,22.4021,4.74683,,1000.7,9.9412,5526.75,,-0.200249,0.299656,0.360407,,0.79164,7.97616,1.03817,-1.83384,fluid
2874,21.0929,4.49618,,1000.98,-41.7964,7749.4,,-0.200558,0.820311,0.844472,,-0.588224,7.91009,-0.221192,-1.89991,fluid
2875,24.4582,2.80583,,1002.81,-24.987,22248.2,,-0.140834,-0.576356,0.593313,,-1.38602,10.9425,-0.478931,1.1325,fluid
2876,24.1408,3.36852,,1002.21,-6.99955,17426.2,,0.018197,-0.754932,0.755152,,-0.74099,12.4693,-0.0207209,2.65929,fluid
2877,22.141,4.25812,,1001.19,1.42613,9339.78,,0.101575,0.424884,0.436857,,0.237411,8.41709,0.658744,-1.39291,fluid
2878,24.5781,4.10402,,1000.95,-52.0213,7495.57,,0.0337529,-0.892632,0.89327,,-0.570301,11.4756,-0.265622,1.66557,fluid
2879,24.3162,3.58963,,1001.88,4.01528,14837.5,,0.0543376,-0.875031,0.876717,,-1.30836,11.6943,-0.699317,1.88429,fluid
2880,24.0847,3.13811,,1002.46,-15.558,19451,,-0.268016,-0.573404,0.632949,,-0.7908,11.7905,0.0148268,1.98047,fluid
2881,24.4818,3.74374,,1001.59,11.1698,12568.2,,0.0283413,-0.743817,0.744357,,-1.21511,12.1575,-0.702555,2.34745,fluid
2882,24.3422,4.11332,,1001.02,11.1329,8059.56,,0.0564757,-0.833719,0.83563,,0.867912,11.769,1.19867,1.95901,fluid
2883,24.1768,4.24116,,1000.9,42.9929,7103.56,,0.490461,-0.459764,0.672261,,0.955755,11.4766,1.24931,1.66656,fluid
2884,24.2016,2.18424,,1003.6,-12.7796,28575.5,,-0.17829,-0.395946,0.434235,,-1.36822,11.0105,-0.191723,1.20052,fluid
2885,24.1122,2.44222,,1003.26,-17.6751,25863.7,,-0.186124,-0.568357,0.598057,,-1.58953,10.434,-0.52038,0.623962,fluid
2886,23.7775,4.69014,,1000.45,10.6313,3519.31,,0.697646,-0.425491,0.817161,,4.33346,11.897,4.48141,2.08703,fluid
2887,23.8134,4.39944,,1000.79,32.1948,6251.03,,0.249448,-0.0639352,0.257511,,1.31219,9.45056,1.57448,-0.35944,fluid
2888,14.5489,4.48144,,1001.3,244.265,10248.2,,1.08608,0.230156,1.1102,,1.62965,12.7174,2.33314,2.90743,fluid
2889,6.70641,2.66218,,1009.14,535.665,73708,,1.61955,-2.57464,3.04166,,-7.61852,7.1763,3.27262,-2.6337,fluid
2890,7.9134,3.79956,,1005.65,160.431,45117.2,,1.63661,-3.152,3.55156,,-6.01077,-25.0798,-0.341437,-34.8898,fluid
2891,8.32555,4.67058,,1009.4,1164.2,75889,,1.89288,-2.63852,3.24727,,-34.6275,62.5551,-25.5972,52.7451,fluid
2892,12.4715,5.59986,,1000.19,396.026,1469.23,,5.09996,-2.00133,5.47859,,3.41226,5.47168,3.53005,-4.33832,fluid
2893,22.79,0.036073,,1006.25,-3.47391,49946.2,,-0.124979,0.000393402,0.12498,,-1.7281,10.096,0.449882,0.285994,fluid
2894,24.7337,0.586434,,1005.47,-17.5644,43640.5,,-0.0173056,-0.0122764,0.0212178,,-0.938121,9.75799,0.816692,-0.0520073,fluid
2895,24.7088,3.78798,,1001.46,23.1758,11472.8,,0.0346257,-0.33353,0.335323,,-0.6797,12.6604,-0.216056,2.85041,fluid
2896,20.4654,4.93922,,1000.55,7.51077,4332.39,,-0.928488,0.832406,1.24699,,-0.709884,6.09702,-0.498307,-3.71298,fluid
2897,24.5951,4.42579,,1000.62,-11.1287,4904.81,,0.00491325,-0.256839,0.256886,,-0.210388,15.5796,-0.0110903,5.76959,fluid
2898,21.5947,4.52579,,1001.01,42.4009,7956.92,,-0.156428,0.407691,0.436672,,-0.595331,8.69924,-0.227237,-1.11076,fluid
2899,20.2489,5.00808,,1000.48,-73.0178,3747.08,,-1.08919,1.21004,1.62804,,-2.24315,9.79541,-2.05819,-0.0145937,fluid
2900,23.7234,2.90054,,1002.74,-5.3699,21655.1,,-0.126402,-0.350471,0.372568,,-0.344075,11.3126,0.566251,1.5026,fluid
2901,21.9316,4.4496,,1001.06,12.6921,8317.27,,-0.145164,0.69348,0.708511,,-0.253722,9.16583,0.125114,-0.644172,fluid
2902,23.6728,4.78032,,1000.37,10.4789,2902.19,,0.509254,-0.46128,0.687109,,3.94076,10.9877,4.06331,1.17765,fluid
2903,18.7375,4.49315,,1000.49,51.0413,3835.12,,1.05645,1.01692,1.46636,,-2.61147,13.8488,-2.40689,4.03878,fluid
2904,20.2075,4.92799,,1000.5,-8.5764,3963.1,,-0.894077,1.18159,1.48173,,-1.98274,8.12775,-1.78672,-1.68225,fluid
2905,19.8948,4.80411,,1000.55,22.8659,4330.73,,-0.569242,1.42548,1.53494,,-3.24301,10.0216,-3.02545,0.211554,fluid
2906,20.7605,4.31022,,1001.11,-17.9833,8732.92,,0.194904,0.664308,0.69231,,-0.763842,7.59961,-0.343657,-2.21039,fluid
2907,18.9865,4.36467,,1000.64,82.5825,5060.67,,0.823199,0.893647,1.21502,,-1.73976,10.2493,-1.47339,0.439327,fluid
2908,23.4217,4.44549,,1000.88,95.1611,6953.82,,0.299717,0.0420068,0.302647,,1.02836,9.33771,1.325,-0.47229,fluid
2909,18.9142,4.50222,,1000.53,14.7389,4133.38,,0.630772,1.11922,1.28473,,-2.12059,13.6802,-1.90218,3.87017,fluid
2910,22.8342,4.93591,,1000.41,-80.5672,3258.67,,-0.0688064,0.19497,0.206755,,1.66133,7.92248,1.80398,-1.88752,fluid
2911,16.8551,4.42359,,1000.48,62.4823,3790.81,,1.20558,-0.561318,1.32985,,1.89652,13.9265,2.12131,4.1165,fluid
2912,21.3137,4.50742,,1000.99,-43.3664,7788.47,,-0.11423,0.491579,0.504676,,-0.0724196,7.83011,0.292641,-1.97989,fluid
2913,24.1864,4.01782,,1001.24,-41.9179,9767.24,,0.125067,-0.510398,0.525497,,-0.536436,10.911,-0.133104,1.10105,fluid
2914,22.1074,5.21914,,1000.31,-52.5371,2439.73,,-0.616418,0.256342,0.667594,,0.866014,7.02645,0.976338,-2.78355,fluid
2915,21.959,4.21145,,1001.26,-8.49978,9930.81,,0.0851948,0.547684,0.55427,,-0.152126,8.35132,0.299549,-1.45868,fluid
2916,22.3606,5.22215,,1000.29,-39.6139,2301.07,,-0.567388,0.106291,0.577258,,1.75419,7.57322,1.85707,-2.23678,fluid
2917,23.5899,4.81887,,1000.34,7.45949,2696.89,,0.318196,-0.434029,0.538172,,3.17783,10.1048,3.29212,0.294751,fluid
2918,23.1559,5.03004,,1000.29,-2.75069,2276.73,,-0.0338852,-0.27878,0.280832,,1.4224,8.78455,1.52069,-1.02545,fluid
2919,23.9631,4.58628,,1000.56,-15.1731,4363.04,,0.652983,-0.176394,0.676389,,4.50729,14.4806,4.68927,4.67056,fluid
2920,17.6881,4.45006,,1000.46,77.3373,3648.72,,1.49735,0.233313,1.51542,,-1.31709,15.6977,-1.1109,5.88767,fluid
2921,16.7158,4.56136,,1000.4,56.439,3162.09,,1.05534,-0.557132,1.19337,,2.57532,14.0516,2.76441,4.24159,fluid
2922,12.9152,4.69918,,1000.58,-149.234,4544.37,,3.69576,0.443667,3.7223,,0.00870005,10.9538,0.36036,1.14379,fluid
2923,6.90222,1.95763,,1006.72,410.498,53779.2,,2.02924,-2.77001,3.43377,,-2.86647,15.1355,4.87313,5.32546,fluid
2924,7.82597,5.38762,,1011.98,423.628,97493.8,,-2.03233,1.53422,2.54641,,-11.4958,108.792,0.81436,98.9822,fluid
2925,24.8686,0.0344227,,1006.04,-16.8912,48238.2,,-0.0147441,-0.000957407,0.0147751,,-0.778996,9.40348,1.14909,-0.406521,fluid
2926,24.929,1.27474,,1004.75,-9.40753,37837.8,,0.00546676,-0.0531638,0.0534441,,-1.11649,9.57249,0.39415,-0.237507,fluid
2927,24.8885,3.5371,,1001.78,-20.4129,14049.1,,0.0241547,-0.216012,0.217358,,-0.854112,12.3509,-0.290634,2.54086,fluid
2928,21.5529,5.44844,,1000.24,-38.7101,1901.85,,-0.940799,0.313145,0.991546,,0.0905483,7.40042,0.178768,-2.40958,fluid
2929,20.8648,5.22917,,1000.32,-137.473,2505.39,,-1.27036,0.851891,1.52955,,-0.914642,7.296,-0.794603,-2.514,fluid
2930,22.0866,3.10841,,1002.61,24.5086,20615.2,,0.122011,0.571112,0.583999,,-0.798702,10.5839,0.132254,0.77394,fluid
2931,21.8575,2.56942,,1003.31,17.7658,26254.1,,0.126178,0.373906,0.394622,,-1.14511,11.0165,0.0520701,1.20649,fluid
2932,23.9822,2.83612,,1002.8,-21.1683,22129.2,,-0.285793,-0.354374,0.455257,,-0.785491,12.2316,0.134673,2.42159,fluid
2933,20.2347,4.60991,,1000.69,-86.0096,5405.73,,0.0144263,0.556089,0.556276,,-0.958474,8.30881,-0.691506,-1.50119,fluid
2934,21.9594,2.02549,,1004,14.1269,31767.5,,0.032832,0.242549,0.244761,,-1.40216,10.5041,0.0387247,0.694059,fluid
2935,22.2421,1.70608,,1004.38,6.74417,34795.1,,-0.0337014,0.215227,0.217849,,-1.79504,10.9418,-0.237473,1.13178,fluid
2936,23.2358,4.01156,,1001.37,-16.5475,10764.6,,0.25416,0.19421,0.319867,,1.11941,10.6296,1.58205,0.819637,fluid
2937,22.0164,1.71218,,1004.37,14.8991,34763,,0.0453336,0.23654,0.240845,,-2.10667,11.2251,-0.534582,1.41506,fluid
2938,23.2206,3.5281,,1001.96,-3.29629,15471,,0.0376959,0.304004,0.306332,,0.258664,10.5604,0.923624,0.750388,fluid
2939,24.3576,1.86964,,1004.02,-12.9362,31967.9,,-0.115394,-0.381139,0.398225,,-1.18028,10.438,0.126898,0.628033,fluid
2940,23.0332,4.80241,,1000.51,-3.06002,4031.81,,-0.203694,0.308748,0.369887,,1.68026,7.44298,1.85521,-2.36702,fluid
2941,21.404,5.34133,,1000.3,-57.5837,2359.55,,-0.917369,0.421934,1.00975,,-0.345772,7.37908,-0.235566,-2.43092,fluid
2942,21.5089,4.95274,,1000.64,-8.35067,5033.01,,-0.911564,0.57205,1.07619,,-0.438027,7.7942,-0.20418,-2.0158,fluid
2943,24.2721,3.82184,,1001.54,-4.12294,12168,,0.0483229,-0.624274,0.626141,,-0.474029,11.4221,0.0265133,1.61214,fluid
2944,19.1304,4.64975,,1000.52,-7.68107,4117.82,,0.524862,1.31721,1.41793,,-4.25525,15.1591,-4.04011,5.34915,fluid
2945,22.0949,4.94291,,1000.57,20.0276,4494.13,,-0.397924,0.5924,0.71364,,0.968587,7.04293,1.17187,-2.76707,fluid
2946,20.5654,5.21595,,1000.31,-90.9641,2468.63,,-1.27412,0.974452,1.60404,,-2.18879,8.7161,-2.06879,-1.0939,fluid
2947,22.053,5.35548,,1000.24,-37.2251,1853.32,,-0.76067,0.15867,0.777043,,0.651568,7.41933,0.735587,-2.39067,fluid
2948,21.0479,5.11725,,1000.51,76.0516,4031.86,,-1.05604,0.564997,1.19768,,-0.403888,6.59666,-0.212431,-3.21334,fluid
2949,23.4197,4.93977,,1000.28,6.97758,2226.38,,0.216876,-0.457929,0.50669,,3.04088,8.90306,3.13592,-0.906941,fluid
2950,24.0134,4.43678,,1000.7,18.2002,5539.66,,0.591689,-0.178262,0.617959,,2.59769,13.0302,2.82822,3.22021,fluid
2951,24.1039,3.55789,,1001.99,-17.5369,15715.8,,-0.202889,-0.44782,0.491637,,-0.852888,12.15,-0.202182,2.33997,fluid
2952,24.5377,4.47179,,1000.61,-23.1796,4777.73,,-0.0377207,-0.185602,0.189396,,-0.417063,17.0284,-0.222471,7.21843,fluid
2953,21.2744,4.86513,,1000.77,23.5237,6076.26,,-0.860474,0.985977,1.30865,,-1.18796,8.75911,-0.902564,-1.05089,fluid
2954,16.3051,4.73702,,1000.31,63.9717,2453.43,,1.043,-0.659914,1.23424,,2.67521,11.9446,2.82563,2.13463,fluid
2955,15.3006,4.93181,,1000.31,51.6008,2438.5,,0.718118,-0.0508152,0.719913,,2.04685,11.6247,2.20618,1.8147,fluid
2956,12.9477,4.84875,,1000.78,870.759,6139.07,,6.8495,-2.32778,7.23423,,3.17065,22.6692,3.64442,12.8592,fluid
2957,24.9231,0.248635,,1005.81,-21.2345,46381.6,,-0.0138971,-0.00261229,0.0141405,,-0.755779,9.36544,1.09447,-0.444562,fluid
2958,24.9144,2.09722,,1003.82,-10.9527,30313,,-0.0264073,-0.115334,0.118318,,-0.756835,10.5301,0.455224,0.720115,fluid
2959,21.3236,4.70393,,1000.86,-76.6795,6743.22,,-0.451892,0.88521,0.993883,,-0.320178,8.26521,-0.00421598,-1.54479,fluid
2960,23.2147,5.07888,,1000.26,8.81244,2033.23,,0.192875,-0.354089,0.403212,,1.71315,8.95945,1.80071,-0.850545,fluid
2961,22.5797,5.19024,,1000.29,-19.619,2283.68,,-0.461796,-0.00537321,0.461827,,1.86129,8.09238,1.9624,-1.71762,fluid
2962,21.7048,4.67469,,1000.86,-19.0087,6761.96,,-0.267296,0.490576,0.558669,,-0.121165,7.7793,0.190109,-2.0307,fluid
2963,22.1852,1.9482,,1004.09,10.0373,32495.9,,0.0882326,0.215614,0.232968,,-2.07902,10.9327,-0.620227,1.12271,fluid
2964,20.7357,5.26192,,1000.26,-91.908,2078.4,,-1.26327,0.856384,1.52619,,-1.35219,7.83308,-1.25198,-1.97692,fluid
2965,24.2386,4.47306,,1000.65,-10.5942,5123.55,,0.431869,-0.026852,0.432703,,3.02234,16.5387,3.23358,6.72866,fluid
2966,21.0901,5.33111,,1000.27,-92.7988,2143.51,,-1.17688,0.621987,1.33113,,-0.676862,7.50911,-0.575254,-2.30089,fluid
2967,21.1897,5.33564,,1000.28,-82.1649,2237.67,,-1.02226,0.560264,1.16573,,-0.247696,7.3954,-0.142124,-2.4146,fluid
2968,21.5696,5.16003,,1000.43,-24.1412,3402.3,,-0.883937,0.397772,0.969312,,-0.25138,7.45345,-0.0937119,-2.35655,fluid
2969,23.8851,3.48497,,1002.11,-2.26417,16633.5,,-0.104603,-0.270012,0.289566,,0.224468,12.2962,0.919401,2.48621,fluid
2970,24.0538,3.83219,,1001.61,30.5093,12729.7,,0.125901,-0.637276,0.649594,,-0.455707,11.5747,0.0726567,1.76469,fluid
2971,22.2448,2.30301,,1003.66,10.78,29037.2,,0.0095879,0.260693,0.260869,,-1.51426,10.9893,-0.213668,1.1793,fluid
2972,23.8669,4.07242,,1001.27,-25.5696,10038.3,,0.323181,-0.172332,0.366258,,0.172189,10.8672,0.592248,1.0572,fluid
2973,22.048,4.80683,,1000.71,15.7658,5618.3,,-0.302863,0.33238,0.449669,,0.969038,6.95302,1.22368,-2.85698,fluid
2974,21.3439,4.18894,,1001.34,51.0604,10521.6,,-0.0300404,0.881267,0.881779,,-1.32207,10.0308,-0.829774,0.220848,fluid
2975,21.7645,5.24748,,1000.33,-50.0838,2571.5,,-0.752274,0.287629,0.805386,,0.0672302,7.201,0.185343,-2.609,fluid
2976,24.2173,2.97908,,1002.61,-29.6825,20677.8,,-0.241383,-0.702594,0.742902,,-1.30712,11.27,-0.455506,1.45997,fluid
2977,24.0701,4.35363,,1000.79,20.1626,6203.85,,0.564855,-0.229829,0.609822,,1.84967,11.8199,2.1072,2.0099,fluid
2978,22.6916,5.2409,,1000.26,-4.90636,2046.71,,-0.280757,-0.112104,0.302311,,2.23347,8.26867,2.32364,-1.54133,fluid
2979,22.7889,5.08582,,1000.31,-9.09086,2469.04,,-0.157465,-0.103217,0.188279,,2.09333,8.61763,2.20164,-1.19237,fluid
2980,24.4563,3.38938,,1002.09,-22.8035,16538.8,,-0.214404,-0.855124,0.881593,,-1.61599,11.7901,-0.941141,1.98009,fluid
2981,23.3134,4.9442,,1000.3,2.97115,2354.83,,0.00610273,-0.342624,0.342679,,2.21215,8.4267,2.31312,-1.3833,fluid
2982,20.7823,4.93058,,1000.66,42.5615,5228.01,,-0.496535,0.345355,0.604828,,-1.42586,6.44818,-1.17447,-3.36182,fluid
2983,22.1598,3.6127,,1001.93,7.74759,15272.3,,0.0929612,0.574904,0.582372,,-0.00518473,9.09956,0.682674,-0.710441,fluid
2984,20.0264,4.98361,,1000.49,-70.0753,3886.24,,-1.08975,1.29672,1.69382,,-4.1201,11.86,-3.92614,2.04999,fluid
2985,19.7148,4.80555,,1000.58,-28.8706,4528.84,,-0.370412,1.54386,1.58767,,-4.7242,13.2152,-4.49461,3.40525,fluid
2986,20.7975,4.46912,,1001,-37.3135,7882.89,,-0.0889824,1.11793,1.12146,,-2.06673,9.66695,-1.68808,-0.143045,fluid
2987,14.4428,4.7955,,1000.8,48.7419,6296.88,,1.18862,1.79641,2.15404,,6.24217,15.9964,6.67781,6.18644,fluid
2988,13.653,5.01395,,1001.05,386.515,8292.61,,4.0753,1.5562,4.36232,,-9.25529,18.9616,-8.64855,9.15158,fluid
