h/dp :,2
L2norm Pressure,KE,dr0,Nfluid
0,418.285,0.0141421,660

t,1.55013
ID,x,y,,rho,drhodt,pressure,,u,v,velocity,,dudt,dvdt,vorticity,type
0,0.05,0,,999.936,0,-124.78,,0,0,0,,0,0,0,boundary
1,0.0479746,0.0140866,,999.942,0,-113.236,,0,0,0,,0,0,0,boundary
2,0.0420627,0.027032,,999.954,0,-89.2605,,0,0,0,,0,0,0,boundary
3,0.032743,0.0377875,,999.965,0,-67.9029,,0,0,0,,0,0,0,boundary
4,0.0207708,0.0454816,,999.977,0,-44.8659,,0,0,0,,0,0,0,boundary
5,0.00711574,0.0494911,,999.994,0,-12.6753,,0,0,0,,0,0,0,boundary
6,-0.00711574,0.0494911,,1000.01,0,22.837,,0,0,0,,0,0,0,boundary
7,-0.0207708,0.0454816,,1000.03,0,50.5206,,0,0,0,,0,0,0,boundary
8,-0.032743,0.0377875,,1000.03,0,67.6467,,0,0,0,,0,0,0,boundary
9,-0.0420627,0.027032,,1000.04,0,78.6628,,0,0,0,,0,0,0,boundary
10,-0.0479746,0.0140866,,1000.04,0,86.1332,,0,0,0,,0,0,0,boundary
11,-0.05,6.12323e-18,,1000.05,0,89.3054,,0,0,0,,0,0,0,boundary
12,-0.0479746,-0.0140866,,1000.04,0,86.1332,,0,0,0,,0,0,0,boundary
13,-0.0420627,-0.027032,,1000.04,0,78.6628,,0,0,0,,0,0,0,boundary
14,-0.032743,-0.0377875,,1000.03,0,67.6467,,0,0,0,,0,0,0,boundary
15,-0.0207708,-0.0454816,,1000.03,0,50.5206,,0,0,0,,0,0,0,boundary
16,-0.00711574,-0.0494911,,1000.01,0,22.837,,0,0,0,,0,0,0,boundary
17,0.00711574,-0.0494911,,999.994,0,-12.6753,,0,0,0,,0,0,0,boundary
18,0.0207708,-0.0454816,,999.977,0,-44.8659,,0,0,0,,0,0,0,boundary
19,0.032743,-0.0377875,,999.965,0,-67.9029,,0,0,0,,0,0,0,boundary
20,0.0420627,-0.027032,,999.954,0,-89.2605,,0,0,0,,0,0,0,boundary
21,0.0479746,-0.0140866,,999.942,0,-113.236,,0,0,0,,0,0,0,boundary
22,0.0641421,0,,999.946,0.000385164,-105.549,,0.289321,1.16155e-13,0.289321,,-0.003861,-7.1156e-12,-2.34454e-12,fluid
23,0.0615439,0.0180709,,999.954,0.000315075,-91.2127,,0.327134,0.0597343,0.332543,,-0.00341657,0.000173323,-4.56013,fluid
24,0.0539598,0.0346779,,999.967,0.000439909,-64.1528,,0.40714,0.0864053,0.416208,,-0.00273844,0.00155152,-5.87039,fluid
25,0.0420042,0.0484754,,999.973,0.000494511,-52.2076,,0.474897,0.0956209,0.484428,,-0.00311459,0.0020234,-5.1597,fluid
26,0.0266456,0.0583457,,999.981,0.000184402,-37.7736,,0.524995,0.0912642,0.532869,,-0.00198604,-0.00117195,-4.0675,fluid
27,0.00912838,0.0634893,,999.997,-0.000145111,-5.58443,,0.550807,0.0888123,0.557921,,0.00112417,-0.00519612,-3.31489,fluid
28,-0.00912838,0.0634893,,1000.01,-0.000244078,22.9624,,0.56418,0.0909816,0.571469,,0.00337976,-0.0053606,-2.62019,fluid
29,-0.0266456,0.0583457,,1000.02,0.000994845,44.9508,,0.559646,0.0904083,0.566902,,0.000272835,-0.000482667,-1.92834,fluid
30,-0.0420042,0.0484754,,1000.02,0.000690739,48.2886,,0.542463,0.0708175,0.547066,,-0.00505189,0.00257502,-1.43935,fluid
31,-0.0539598,0.0346779,,1000.03,-0.000240198,51.0935,,0.534924,0.0475748,0.537035,,-0.00575855,0.0018107,-0.958287,fluid
32,-0.0615439,0.0180709,,1000.03,-0.000100327,56.1892,,0.528866,0.0260823,0.529509,,-0.00350779,6.87622e-05,-0.469793,fluid
33,-0.0641421,7.85515e-18,,1000.03,0.000217134,58.088,,0.525422,-1.13919e-13,0.525422,,-0.00201567,4.35205e-12,5.75686e-14,fluid
34,-0.0615439,-0.0180709,,1000.03,-0.000100327,56.1892,,0.528866,-0.0260823,0.529509,,-0.00350779,-6.87622e-05,0.469793,fluid
35,-0.0539598,-0.0346779,,1000.03,-0.000240198,51.0935,,0.534924,-0.0475748,0.537035,,-0.00575855,-0.0018107,0.958287,fluid
36,-0.0420042,-0.0484754,,1000.02,0.000690739,48.2886,,0.542463,-0.0708175,0.547066,,-0.00505189,-0.00257502,1.43935,fluid
37,-0.0266456,-0.0583457,,1000.02,0.000994845,44.9508,,0.559646,-0.0904083,0.566902,,0.000272835,0.000482667,1.92834,fluid
38,-0.00912838,-0.0634893,,1000.01,-0.000244078,22.9624,,0.56418,-0.0909816,0.571469,,0.00337976,0.0053606,2.62019,fluid
39,0.00912838,-0.0634893,,999.997,-0.000145111,-5.58443,,0.550807,-0.0888123,0.557921,,0.00112417,0.00519612,3.31489,fluid
40,0.0266456,-0.0583457,,999.981,0.000184401,-37.7736,,0.524995,-0.0912642,0.532869,,-0.00198604,0.00117195,4.0675,fluid
41,0.0420042,-0.0484754,,999.973,0.000494511,-52.2076,,0.474897,-0.0956209,0.484428,,-0.00311459,-0.0020234,5.1597,fluid
42,0.0539598,-0.0346779,,999.967,0.000439909,-64.1528,,0.40714,-0.0864053,0.416208,,-0.00273844,-0.00155152,5.87039,fluid
43,0.0615439,-0.0180709,,999.954,0.000315075,-91.2127,,0.327134,-0.0597343,0.332543,,-0.00341657,-0.000173323,4.56013,fluid
44,0.0790004,0,,999.952,-0.00157751,-94.2207,,0.147662,1.10964e-14,0.147662,,-0.00413302,-5.58806e-12,-1.48592e-12,fluid
45,0.0758004,0.022257,,999.968,-5.45437e-05,-62.256,,0.247332,-0.0233696,0.248434,,-0.00438462,0.0019435,-4.61523,fluid
46,0.0664594,0.0427109,,999.98,0.00108904,-39.9124,,0.398876,0.00710054,0.398939,,-0.00400329,0.00355722,-5.69779,fluid
47,0.0517343,0.0597046,,999.987,0.00167495,-25.5086,,0.49213,0.0345017,0.493338,,-0.00375584,0.00498388,-4.45426,fluid
48,0.032818,0.0718613,,999.991,0.00118233,-18.1694,,0.534299,0.0531295,0.536934,,-0.00309796,0.00387825,-2.99943,fluid
49,0.0112429,0.0781963,,999.999,4.12432e-05,-2.53048,,0.550189,0.0665705,0.554202,,-0.00154875,-0.000927042,-1.93555,fluid
50,-0.0112429,0.0781963,,1000.01,-0.000540798,11.5136,,0.5461,0.0847657,0.55264,,0.00399839,-0.00520306,-1.21894,fluid
51,-0.032818,0.0718613,,1000.02,-0.00136591,38.0811,,0.512221,0.089884,0.520047,,0.00389244,-0.00133077,-0.823473,fluid
52,-0.0517343,0.0597046,,1000.04,-0.000400841,69.1962,,0.482316,0.0802966,0.488954,,-0.0035669,0.00232214,-0.554327,fluid
53,-0.0664594,0.0427109,,1000.05,0.000105729,99.2338,,0.457762,0.0621324,0.46196,,-0.00428013,0.00247942,-0.355165,fluid
54,-0.0758004,0.022257,,1000.06,-0.000560314,116.993,,0.436746,0.034519,0.438108,,-0.00143092,0.000874601,-0.177932,fluid
55,-0.0790004,9.67476e-18,,1000.06,-8.49525e-05,120.066,,0.429706,-5.03544e-14,0.429706,,-0.000212718,1.8519e-12,1.2021e-13,fluid
56,-0.0758004,-0.022257,,1000.06,-0.000560313,116.993,,0.436746,-0.034519,0.438108,,-0.00143092,-0.000874601,0.177932,fluid
57,-0.0664594,-0.0427109,,1000.05,0.000105729,99.2338,,0.457762,-0.0621324,0.46196,,-0.00428013,-0.00247942,0.355165,fluid
58,-0.0517343,-0.0597046,,1000.04,-0.000400841,69.1962,,0.482316,-0.0802966,0.488954,,-0.0035669,-0.00232214,0.554327,fluid
59,-0.032818,-0.0718613,,1000.02,-0.00136591,38.0811,,0.512221,-0.089884,0.520047,,0.00389244,0.00133077,0.823473,fluid
60,-0.0112429,-0.0781963,,1000.01,-0.000540798,11.5136,,0.5461,-0.0847657,0.55264,,0.00399839,0.00520306,1.21894,fluid
61,0.0112429,-0.0781963,,999.999,4.12432e-05,-2.53048,,0.550189,-0.0665705,0.554202,,-0.00154875,0.000927042,1.93555,fluid
62,0.032818,-0.0718613,,999.991,0.00118233,-18.1694,,0.534299,-0.0531295,0.536934,,-0.00309796,-0.00387825,2.99943,fluid
63,0.0517343,-0.0597046,,999.987,0.00167495,-25.5086,,0.49213,-0.0345017,0.493338,,-0.00375584,-0.00498388,4.45426,fluid
64,0.0664594,-0.0427109,,999.98,0.00108904,-39.9124,,0.398876,-0.00710054,0.398939,,-0.00400329,-0.00355722,5.69779,fluid
65,0.0758004,-0.022257,,999.968,-5.45437e-05,-62.256,,0.247332,0.0233696,0.248434,,-0.00438462,-0.0019435,4.61523,fluid
66,0.0946112,0,,1000.02,0.00119458,40.9416,,0.125591,7.01322e-15,0.125591,,-0.00483885,-4.75183e-12,-1.36931e-12,fluid
67,0.0907788,0.0266551,,1000.01,0.000361336,22.2673,,0.257996,-0.0405356,0.261161,,-0.00570544,0.00154874,-4.37319,fluid
68,0.079592,0.0511507,,1000,-0.00140543,3.92813,,0.435404,-0.0131676,0.435604,,-0.00578033,0.00331292,-4.92992,fluid
69,0.0619572,0.0715024,,1000.01,-0.000774722,10.2419,,0.522275,0.0172193,0.522559,,-0.00541874,0.00585291,-3.32114,fluid
70,0.0393029,0.0860614,,1000.02,0.00195551,32.4444,,0.547145,0.0448828,0.548982,,-0.00504644,0.00842346,-1.75459,fluid
71,0.0134646,0.0936482,,1000.01,0.000345301,20.8156,,0.539737,0.0566598,0.542703,,-0.001758,0.00463448,-0.772764,fluid
72,-0.0134646,0.0936482,,1000,0.000207619,0.526649,,0.513249,0.0635259,0.517166,,0.00269697,-0.00259622,-0.282602,fluid
73,-0.0393029,0.0860614,,999.993,-6.83219e-05,-13.2529,,0.48892,0.0584817,0.492405,,0.00616795,-0.00295022,-0.09688,fluid
74,-0.0619572,0.0715024,,999.992,-0.000906206,-16.3495,,0.464857,0.0521431,0.467772,,-0.000782264,0.00146214,-0.0639565,fluid
75,-0.079592,0.0511507,,999.987,0.000822009,-25.5519,,0.444654,0.0365742,0.446156,,-0.00378722,0.00287233,-0.0699465,fluid
76,-0.0907788,0.0266551,,999.986,0.000205881,-28.3155,,0.430077,0.0208711,0.430583,,-0.000234552,0.00142332,-0.0333651,fluid
77,-0.0946112,1.15865e-17,,999.982,0.000222168,-34.8999,,0.428864,-2.36483e-14,0.428864,,0.0005338,9.66957e-13,-7.18971e-14,fluid
78,-0.0907788,-0.0266551,,999.986,0.000205881,-28.3155,,0.430077,-0.0208711,0.430583,,-0.000234552,-0.00142332,0.0333651,fluid
79,-0.079592,-0.0511507,,999.987,0.000822009,-25.5519,,0.444654,-0.0365742,0.446156,,-0.00378722,-0.00287233,0.0699465,fluid
80,-0.0619572,-0.0715024,,999.992,-0.000906206,-16.3495,,0.464857,-0.0521431,0.467772,,-0.000782264,-0.00146214,0.0639565,fluid
81,-0.0393029,-0.0860614,,999.993,-6.83219e-05,-13.2529,,0.48892,-0.0584817,0.492405,,0.00616795,0.00295022,0.09688,fluid
82,-0.0134646,-0.0936482,,1000,0.000207619,0.526649,,0.513249,-0.0635259,0.517166,,0.00269697,0.00259622,0.282602,fluid
83,0.0134646,-0.0936482,,1000.01,0.000345301,20.8156,,0.539737,-0.0566598,0.542703,,-0.001758,-0.00463448,0.772764,fluid
84,0.0393029,-0.0860614,,1000.02,0.00195551,32.4444,,0.547145,-0.0448828,0.548982,,-0.00504644,-0.00842346,1.75459,fluid
85,0.0619572,-0.0715024,,1000.01,-0.000774722,10.2419,,0.522275,-0.0172193,0.522559,,-0.00541874,-0.00585291,3.32114,fluid
86,0.079592,-0.0511507,,1000,-0.00140543,3.92813,,0.435404,0.0131676,0.435604,,-0.00578033,-0.00331292,4.92992,fluid
87,0.0907788,-0.0266551,,1000.01,0.000361336,22.2673,,0.257996,0.0405356,0.261161,,-0.00570544,-0.00154874,4.37319,fluid
88,0.111013,0,,999.987,0.00136559,-24.7863,,0.20137,1.32558e-14,0.20137,,-0.00479107,-3.46031e-12,-1.17582e-12,fluid
89,0.106516,0.0312758,,999.975,-0.000859506,-48.5674,,0.323894,-0.00747264,0.32398,,-0.00710052,0.000484775,-3.98026,fluid
90,0.0933897,0.0600179,,999.982,-4.61889e-05,-35.8398,,0.476983,0.0119493,0.477132,,-0.00608115,0.00252938,-4.06771,fluid
91,0.0726977,0.0838977,,999.994,-0.000360753,-12.3425,,0.542199,0.0330971,0.543208,,-0.00665467,0.00397558,-2.30411,fluid
92,0.0461163,0.100981,,999.996,-0.00177976,-8.48531,,0.552415,0.046573,0.554375,,-0.00859541,0.00732445,-0.86844,fluid
93,0.0157987,0.109883,,1000,0.00143751,1.25086,,0.526003,0.0496963,0.528346,,-0.0083697,0.00948535,-0.197062,fluid
94,-0.0157987,0.109883,,1000.01,-0.000134986,19.0735,,0.504512,0.0475866,0.506752,,0.00219702,0.00166932,0.0398678,fluid
95,-0.0461163,0.100981,,1000.02,0.000143452,35.7754,,0.490661,0.0365029,0.492017,,0.00514337,-0.00401479,0.0733301,fluid
96,-0.0726977,0.0838977,,1000.02,0.00112929,45.0835,,0.479456,0.0308236,0.480446,,0.000958582,0.00138787,0.0224041,fluid
97,-0.0933897,0.0600179,,1000.03,-0.000894878,51.9747,,0.473777,0.0212715,0.474254,,-0.0036921,0.0026474,-0.0210476,fluid
98,-0.106516,0.0312758,,1000.03,0.000363506,56.4119,,0.465631,0.0119401,0.465784,,-0.000714334,0.000456183,-0.009499,fluid
99,-0.111013,1.35951e-17,,1000.03,-0.00067849,60.5058,,0.468133,-2.04158e-14,0.468133,,0.000640731,5.43517e-13,-1.00393e-13,fluid
100,-0.106516,-0.0312758,,1000.03,0.000363506,56.4119,,0.465631,-0.0119401,0.465784,,-0.000714334,-0.000456183,0.009499,fluid
101,-0.0933897,-0.0600179,,1000.03,-0.000894878,51.9747,,0.473777,-0.0212715,0.474254,,-0.0036921,-0.0026474,0.0210476,fluid
102,-0.0726977,-0.0838977,,1000.02,0.00112929,45.0835,,0.479456,-0.0308236,0.480446,,0.000958582,-0.00138787,-0.0224041,fluid
103,-0.0461163,-0.100981,,1000.02,0.000143452,35.7754,,0.490661,-0.0365029,0.492017,,0.00514337,0.00401479,-0.0733301,fluid
104,-0.0157987,-0.109883,,1000.01,-0.000134986,19.0735,,0.504512,-0.0475866,0.506752,,0.00219702,-0.00166932,-0.0398678,fluid
105,0.0157987,-0.109883,,1000,0.00143751,1.25086,,0.526003,-0.0496963,0.528346,,-0.0083697,-0.00948535,0.197062,fluid
106,0.0461163,-0.100981,,999.996,-0.00177976,-8.48531,,0.552415,-0.046573,0.554375,,-0.00859541,-0.00732445,0.86844,fluid
107,0.0726977,-0.0838977,,999.994,-0.000360753,-12.3425,,0.542199,-0.0330971,0.543208,,-0.00665467,-0.00397558,2.30411,fluid
108,0.0933897,-0.0600179,,999.982,-4.61887e-05,-35.8398,,0.476983,-0.0119493,0.477132,,-0.00608115,-0.00252938,4.06771,fluid
109,0.106516,-0.0312758,,999.975,-0.000859506,-48.5674,,0.323894,0.00747264,0.32398,,-0.00710052,-0.000484775,3.98026,fluid
110,0.128244,0,,999.99,-0.00198423,-20.0103,,0.208374,8.74685e-15,0.208374,,-0.00685763,-2.28928e-12,-9.91345e-13,fluid
111,0.12305,0.0361306,,999.983,-0.000697082,-34.129,,0.338297,-0.0165518,0.338701,,-0.00627733,0.000111826,-3.55349,fluid
112,0.107886,0.0693342,,999.992,0.00046304,-16.0271,,0.493155,7.18601e-05,0.493155,,-0.00458895,1.8559e-05,-3.2761,fluid
113,0.0839822,0.0969206,,1000,0.000659074,0.959459,,0.547916,0.0263824,0.548551,,-0.00398382,0.00187244,-1.52781,fluid
114,0.0532746,0.116655,,999.998,-0.00180623,-4.29214,,0.5476,0.0384509,0.548949,,-0.00457269,0.00243974,-0.348897,fluid
115,0.0182511,0.126939,,1000,0.000754781,6.98472,,0.524821,0.0376214,0.526168,,-0.00997072,0.0104504,0.0129195,fluid
116,-0.0182511,0.126939,,1000.01,0.000187747,17.7456,,0.508131,0.041425,0.509816,,-0.00169525,0.00565047,0.0644507,fluid
117,-0.0532746,0.116655,,1000.01,-0.000777681,28.1793,,0.498618,0.0362475,0.499934,,0.00563095,-0.00356228,0.0554615,fluid
118,-0.0839822,0.0969206,,1000.02,0.000820809,34.6513,,0.487237,0.0339638,0.488419,,0.00214815,0.00126941,0.0121149,fluid
119,-0.107886,0.0693342,,1000.02,-0.000951274,44.244,,0.479483,0.0249871,0.480133,,-0.00282111,0.00210464,-0.0202735,fluid
120,-0.12305,0.0361306,,1000.02,0.000477034,46.3255,,0.469383,0.014365,0.469603,,-0.000765003,0.000490953,-0.00708279,fluid
121,-0.128244,1.57054e-17,,1000.03,-0.000733517,51.0437,,0.47038,-1.63497e-14,0.47038,,0.000885962,3.08444e-14,-5.33015e-14,fluid
122,-0.12305,-0.0361306,,1000.02,0.000477034,46.3255,,0.469383,-0.014365,0.469603,,-0.000765003,-0.000490953,0.00708279,fluid
123,-0.107886,-0.0693342,,1000.02,-0.000951274,44.244,,0.479483,-0.0249871,0.480133,,-0.00282111,-0.00210464,0.0202735,fluid
124,-0.0839822,-0.0969206,,1000.02,0.000820809,34.6513,,0.487237,-0.0339638,0.488419,,0.00214815,-0.00126941,-0.0121149,fluid
125,-0.0532746,-0.116655,,1000.01,-0.000777681,28.1793,,0.498618,-0.0362475,0.499934,,0.00563095,0.00356228,-0.0554615,fluid
126,-0.0182511,-0.126939,,1000.01,0.000187747,17.7456,,0.508131,-0.041425,0.509816,,-0.00169525,-0.00565047,-0.0644507,fluid
127,0.0182511,-0.126939,,1000,0.000754781,6.98472,,0.524821,-0.0376214,0.526168,,-0.00997072,-0.0104504,-0.0129195,fluid
128,0.0532746,-0.116655,,999.998,-0.00180623,-4.29214,,0.5476,-0.0384509,0.548949,,-0.00457269,-0.00243974,0.348897,fluid
129,0.0839822,-0.0969206,,1000,0.000659074,0.959459,,0.547916,-0.0263824,0.548551,,-0.00398382,-0.00187244,1.52781,fluid
130,0.107886,-0.0693342,,999.992,0.000463041,-16.0271,,0.493155,-7.18601e-05,0.493155,,-0.00458895,-1.8559e-05,3.2761,fluid
131,0.12305,-0.0361306,,999.983,-0.000697082,-34.129,,0.338297,0.0165518,0.338701,,-0.00627733,-0.000111826,3.55349,fluid
132,0.146349,0,,999.998,-0.000789819,-2.98797,,0.223281,4.17114e-15,0.223281,,-0.00651174,-1.52327e-12,-8.1775e-13,fluid
133,0.140421,0.0412313,,999.991,0.00136718,-16.9491,,0.358431,-0.0204755,0.359015,,-0.00499978,0.000439021,-3.1385,fluid
134,0.123117,0.0791222,,999.997,-0.00110933,-5.93376,,0.509664,-0.000448534,0.509664,,-0.00582136,-0.00166705,-2.60191,fluid
135,0.0958382,0.110603,,1000,0.000997386,5.70327,,0.549679,0.0214642,0.550097,,-0.00297459,0.00283541,-0.978588,fluid
136,0.0607955,0.133124,,1000,-0.000483805,3.24226,,0.539564,0.0333567,0.540595,,0.00100052,-0.00234927,-0.0898536,fluid
137,0.0208276,0.144859,,1000.01,-0.000615003,12.5234,,0.522336,0.0292019,0.523152,,-0.00906462,0.00811891,0.0594549,fluid
138,-0.0208276,0.144859,,1000.01,0.000465803,14.8214,,0.508094,0.0363475,0.509392,,-0.00393752,0.00943215,0.02067,fluid
139,-0.0607955,0.133124,,1000.01,-0.000657652,20.3129,,0.500135,0.0337246,0.501271,,0.00406648,-0.00323676,0.0256671,fluid
140,-0.0958382,0.110603,,1000.01,0.000347801,21.6633,,0.488991,0.0307528,0.489957,,0.00212562,0.000270893,0.0112674,fluid
141,-0.123117,0.0791222,,1000.01,-0.000542633,27.8139,,0.481651,0.0223143,0.482167,,-0.00234535,0.00109056,-0.0108534,fluid
142,-0.140421,0.0412313,,1000.01,0.00045132,27.6566,,0.472579,0.0124995,0.472745,,-0.000820036,8.86403e-05,-0.00153132,fluid
143,-0.146349,1.79226e-17,,1000.02,-0.000380743,30.7708,,0.473261,-1.69211e-14,0.473261,,0.000877628,-8.06399e-13,-1.23057e-14,fluid
144,-0.140421,-0.0412313,,1000.01,0.00045132,27.6566,,0.472579,-0.0124995,0.472745,,-0.000820036,-8.86403e-05,0.00153132,fluid
145,-0.123117,-0.0791222,,1000.01,-0.000542633,27.8139,,0.481651,-0.0223143,0.482167,,-0.00234535,-0.00109056,0.0108534,fluid
146,-0.0958382,-0.110603,,1000.01,0.000347801,21.6633,,0.488991,-0.0307528,0.489957,,0.00212562,-0.000270893,-0.0112674,fluid
147,-0.0607955,-0.133124,,1000.01,-0.000657652,20.3129,,0.500135,-0.0337246,0.501271,,0.00406648,0.00323676,-0.0256671,fluid
148,-0.0208276,-0.144859,,1000.01,0.000465803,14.8214,,0.508094,-0.0363475,0.509392,,-0.00393752,-0.00943215,-0.02067,fluid
149,0.0208276,-0.144859,,1000.01,-0.000615003,12.5234,,0.522336,-0.0292019,0.523152,,-0.00906462,-0.00811891,-0.0594549,fluid
150,0.0607955,-0.133124,,1000,-0.000483805,3.24226,,0.539564,-0.0333567,0.540595,,0.00100052,0.00234927,0.0898536,fluid
151,0.0958382,-0.110603,,1000,0.000997386,5.70327,,0.549679,-0.0214642,0.550097,,-0.00297459,-0.00283541,0.978588,fluid
152,0.123117,-0.0791222,,999.997,-0.00110933,-5.93376,,0.509664,0.000448534,0.509664,,-0.00582136,0.00166705,2.60191,fluid
153,0.140421,-0.0412313,,999.991,0.00136718,-16.9491,,0.358431,0.0204755,0.359015,,-0.00499978,-0.000439021,3.1385,fluid
154,0.16537,0,,999.996,0.000952174,-7.39282,,0.243574,1.7658e-15,0.243574,,-0.00663029,-7.5947e-13,-6.3739e-13,fluid
155,0.158672,0.0465902,,999.991,0.00054071,-17.9858,,0.379181,-0.0206769,0.379744,,-0.00525374,0.00165959,-2.75215,fluid
156,0.139118,0.0894059,,999.998,-0.00147057,-4.18322,,0.522102,0.00198801,0.522106,,-0.0063959,-0.000344142,-2.04864,fluid
157,0.108295,0.124979,,1000,0.000689906,2.20754,,0.547556,0.0176444,0.54784,,-0.0024716,0.00491921,-0.602141,fluid
158,0.0686973,0.150426,,1000,0.000414885,3.41366,,0.532674,0.0292145,0.533475,,0.00251575,-0.00326199,0.0160721,fluid
159,0.0235346,0.163687,,1000.01,-0.00059783,12.5226,,0.521481,0.0239836,0.522032,,-0.00447618,0.00400908,0.0538367,fluid
160,-0.0235346,0.163687,,1000.01,0.000442287,14.865,,0.507549,0.0312864,0.508513,,-0.00759493,0.0112952,-0.0154071,fluid
161,-0.0686973,0.150426,,1000.01,-0.000296663,22.2127,,0.500765,0.0297896,0.501651,,0.00337956,-0.00211053,0.0107464,fluid
162,-0.108295,0.124979,,1000.01,4.6382e-05,24.3395,,0.490336,0.025165,0.490982,,0.00142537,-0.0015099,0.015129,fluid
163,-0.139118,0.0894059,,1000.02,-0.000168471,30.305,,0.484416,0.0181206,0.484755,,-0.0019203,0.00108105,-0.00360196,fluid
164,-0.158672,0.0465902,,1000.02,0.000123789,30.9403,,0.477272,0.00968365,0.47737,,-0.000859438,-0.000399028,0.000646836,fluid
165,-0.16537,2.0252e-17,,1000.02,-3.86619e-05,33.907,,0.477652,-1.77775e-14,0.477652,,0.000505531,-1.70424e-12,3.37826e-17,fluid
166,-0.158672,-0.0465902,,1000.02,0.000123789,30.9403,,0.477272,-0.00968365,0.47737,,-0.000859438,0.000399028,-0.000646836,fluid
167,-0.139118,-0.0894059,,1000.02,-0.000168471,30.305,,0.484416,-0.0181206,0.484755,,-0.0019203,-0.00108105,0.00360196,fluid
168,-0.108295,-0.124979,,1000.01,4.63819e-05,24.3395,,0.490336,-0.025165,0.490982,,0.00142537,0.0015099,-0.015129,fluid
169,-0.0686973,-0.150426,,1000.01,-0.000296663,22.2127,,0.500765,-0.0297896,0.501651,,0.00337956,0.00211053,-0.0107464,fluid
170,-0.0235346,-0.163687,,1000.01,0.000442287,14.865,,0.507549,-0.0312864,0.508513,,-0.00759493,-0.0112952,0.0154071,fluid
171,0.0235346,-0.163687,,1000.01,-0.00059783,12.5226,,0.521481,-0.0239836,0.522032,,-0.00447618,-0.00400908,-0.0538367,fluid
172,0.0686973,-0.150426,,1000,0.000414885,3.41366,,0.532674,-0.0292145,0.533475,,0.00251575,0.00326199,-0.0160721,fluid
173,0.108295,-0.124979,,1000,0.000689905,2.20754,,0.547556,-0.0176444,0.54784,,-0.0024716,-0.00491921,0.602141,fluid
174,0.139118,-0.0894059,,999.998,-0.00147057,-4.18322,,0.522102,-0.00198801,0.522106,,-0.0063959,0.000344142,2.04864,fluid
175,0.158672,-0.0465902,,999.991,0.00054071,-17.9858,,0.379181,0.0206769,0.379744,,-0.00525374,-0.00165959,2.75215,fluid
176,0.185355,0,,999.996,6.50077e-05,-7.62104,,0.261613,-1.24433e-15,0.261613,,-0.00902551,-1.33741e-14,-4.50511e-13,fluid
177,0.177847,0.0522205,,999.993,-0.00230358,-14.7024,,0.395795,-0.021986,0.396405,,-0.00603182,0.00332989,-2.40098,fluid
178,0.15593,0.10021,,999.999,0.000518838,-2.04828,,0.529693,0.00269942,0.5297,,-0.00615293,-0.000296342,-1.60473,fluid
179,0.121382,0.140082,,1000,1.41504e-05,2.67446,,0.544119,0.0130191,0.544275,,-0.00151595,0.00605051,-0.347697,fluid
180,0.0769992,0.168605,,1000,-0.000164104,4.40955,,0.527963,0.0250603,0.528557,,0.0024068,-0.00210955,0.0457991,fluid
181,0.0263788,0.183468,,1000.01,-0.000296083,12.6315,,0.521326,0.0205532,0.521731,,-0.000164327,-0.000472013,0.0430768,fluid
182,-0.0263788,0.183468,,1000.01,-6.0873e-06,15.1404,,0.508654,0.0269034,0.509365,,-0.00807001,0.0116985,-0.027564,fluid
183,-0.0769992,0.168605,,1000.01,-0.000235867,21.8467,,0.501498,0.0265308,0.502199,,0.00210551,-0.000774056,0.00721478,fluid
184,-0.121382,0.140082,,1000.01,0.000161907,24.8004,,0.49238,0.0214007,0.492845,,0.00183323,-0.00183587,0.0183361,fluid
185,-0.15593,0.10021,,1000.02,3.09614e-06,29.9919,,0.487113,0.0158135,0.48737,,-0.00159369,0.00113552,0.000378013,fluid
186,-0.177847,0.0522205,,1000.02,-0.000127397,30.6545,,0.48118,0.00820772,0.48125,,-0.000709785,-0.000587627,0.000886692,fluid
187,-0.185355,2.26994e-17,,1000.02,0.000142423,33.1673,,0.481079,-1.61485e-14,0.481079,,2.88776e-05,-2.11827e-12,-4.61002e-15,fluid
188,-0.177847,-0.0522205,,1000.02,-0.000127397,30.6545,,0.48118,-0.00820772,0.48125,,-0.000709785,0.000587627,-0.000886692,fluid
189,-0.15593,-0.10021,,1000.02,3.09612e-06,29.9919,,0.487113,-0.0158135,0.48737,,-0.00159369,-0.00113552,-0.000378013,fluid
190,-0.121382,-0.140082,,1000.01,0.000161907,24.8004,,0.49238,-0.0214007,0.492845,,0.00183323,0.00183587,-0.0183361,fluid
191,-0.0769992,-0.168605,,1000.01,-0.000235867,21.8467,,0.501498,-0.0265308,0.502199,,0.00210551,0.000774056,-0.00721478,fluid
192,-0.0263788,-0.183468,,1000.01,-6.08729e-06,15.1404,,0.508654,-0.0269034,0.509365,,-0.00807001,-0.0116985,0.027564,fluid
193,0.0263788,-0.183468,,1000.01,-0.000296083,12.6315,,0.521326,-0.0205532,0.521731,,-0.000164327,0.000472013,-0.0430768,fluid
194,0.0769992,-0.168605,,1000,-0.000164104,4.40955,,0.527963,-0.0250603,0.528557,,0.0024068,0.00210955,-0.0457991,fluid
195,0.121382,-0.140082,,1000,1.41506e-05,2.67446,,0.544119,-0.0130191,0.544275,,-0.00151595,-0.00605051,0.347697,fluid
196,0.15593,-0.10021,,999.999,0.000518838,-2.04828,,0.529693,-0.00269942,0.5297,,-0.00615293,0.000296342,1.60473,fluid
197,0.177847,-0.0522205,,999.993,-0.00230358,-14.7024,,0.395795,0.021986,0.396405,,-0.00603182,-0.00332989,2.40098,fluid
198,0.206352,0,,999.998,7.56966e-05,-4.41361,,0.2803,-4.6544e-15,0.2803,,-0.0114681,4.34091e-13,-2.72759e-13,fluid
199,0.197993,0.058136,,999.996,-0.00137995,-8.28566,,0.410762,-0.0226535,0.411386,,-0.00514799,0.00566545,-2.08491,fluid
200,0.173594,0.111562,,1000,0.000491896,-0.0234079,,0.535189,0.00418125,0.535205,,-0.00573682,-0.00149501,-1.25432,fluid
201,0.135132,0.15595,,1000,0.000155046,4.9834,,0.540465,0.00868775,0.540535,,-0.000127606,0.00542703,-0.178171,fluid
202,0.0857216,0.187704,,1000,-0.000763072,6.52285,,0.524665,0.0214512,0.525103,,0.00120203,0.000740345,0.0417054,fluid
203,0.0293669,0.204251,,1000.01,-0.000171975,13.1585,,0.520405,0.0185916,0.520737,,0.00228364,-0.00358411,0.036784,fluid
204,-0.0293669,0.204251,,1000.01,-0.000225978,15.7426,,0.509019,0.0229359,0.509536,,-0.00730692,0.0110956,-0.0243806,fluid
205,-0.0857216,0.187704,,1000.01,-0.000261573,20.5598,,0.501514,0.0234993,0.502064,,0.000794333,0.000478177,0.00675646,fluid
206,-0.135132,0.15595,,1000.01,0.000141483,23.5967,,0.493947,0.018335,0.494288,,0.00187413,-0.00262453,0.0192225,fluid
207,-0.173594,0.111562,,1000.01,5.64654e-06,27.7102,,0.489093,0.0139416,0.489291,,-0.00168556,0.000875526,0.00240072,fluid
208,-0.197993,0.058136,,1000.01,-0.000136189,28.3206,,0.484363,0.00735054,0.484419,,-0.000543142,-0.000630688,0.00132474,fluid
209,-0.206352,2.52708e-17,,1000.02,0.000129725,29.9754,,0.483765,-1.30504e-14,0.483765,,-0.000432682,-1.9365e-12,-1.04482e-14,fluid
210,-0.197993,-0.058136,,1000.01,-0.000136189,28.3206,,0.484363,-0.00735054,0.484419,,-0.000543142,0.000630688,-0.00132474,fluid
211,-0.173594,-0.111562,,1000.01,5.64635e-06,27.7102,,0.489093,-0.0139416,0.489291,,-0.00168556,-0.000875526,-0.00240072,fluid
212,-0.135132,-0.15595,,1000.01,0.000141483,23.5967,,0.493947,-0.018335,0.494288,,0.00187413,0.00262453,-0.0192225,fluid
213,-0.0857216,-0.187704,,1000.01,-0.000261573,20.5598,,0.501514,-0.0234993,0.502064,,0.000794333,-0.000478177,-0.00675646,fluid
214,-0.0293669,-0.204251,,1000.01,-0.000225978,15.7426,,0.509019,-0.0229359,0.509536,,-0.00730692,-0.0110956,0.0243806,fluid
215,0.0293669,-0.204251,,1000.01,-0.000171975,13.1585,,0.520405,-0.0185916,0.520737,,0.00228364,0.00358411,-0.036784,fluid
216,0.0857216,-0.187704,,1000,-0.000763072,6.52285,,0.524665,-0.0214512,0.525103,,0.00120203,-0.000740345,-0.0417054,fluid
217,0.135132,-0.15595,,1000,0.000155046,4.9834,,0.540465,-0.00868775,0.540535,,-0.000127606,-0.00542703,0.178171,fluid
218,0.173594,-0.111562,,1000,0.000491896,-0.0234079,,0.535189,-0.00418125,0.535205,,-0.00573682,0.00149501,1.25432,fluid
219,0.197993,-0.058136,,999.996,-0.00137995,-8.28566,,0.410762,0.0226535,0.411386,,-0.00514799,-0.00566545,2.08491,fluid
220,0.228412,0,,999.998,0.00102702,-3.26573,,0.298273,-2.95129e-15,0.298273,,-0.013967,5.09869e-13,-1.22232e-13,fluid
221,0.219159,0.064351,,999.998,0.00117693,-4.12718,,0.423343,-0.0232089,0.423979,,-0.00370524,0.00736547,-1.80305,fluid
222,0.192152,0.123489,,1000,-0.00110637,2.7232,,0.538617,0.00553345,0.538646,,-0.00355921,-0.00255382,-0.98224,fluid
223,0.149578,0.172622,,1000,0.000781523,6.25766,,0.535701,0.0060657,0.535735,,-0.00172821,0.00558981,-0.0699467,fluid
224,0.0948856,0.20777,,1000,-0.000219704,8.6069,,0.522388,0.0183412,0.52271,,0.000119709,0.00420237,0.025321,fluid
225,0.0325064,0.226087,,1000.01,2.91124e-05,13.2214,,0.519159,0.0172638,0.519446,,0.00357681,-0.00531313,0.0333296,fluid
226,-0.0325064,0.226087,,1000.01,-0.000114046,16.3991,,0.509202,0.0194547,0.509574,,-0.0057518,0.00969283,-0.016535,fluid
227,-0.0948856,0.20777,,1000.01,-0.000288082,20.3781,,0.501743,0.0210128,0.502183,,-0.000572617,0.00131785,0.00547323,fluid
228,-0.149578,0.172622,,1000.01,4.31518e-06,23.3145,,0.495509,0.0161071,0.49577,,0.00181025,-0.00312264,0.0183766,fluid
229,-0.192152,0.123489,,1000.01,-6.81455e-05,26.6833,,0.490735,0.0123982,0.490892,,-0.00186166,0.000552944,0.00315952,fluid
230,-0.219159,0.064351,,1000.01,-1.25092e-05,27.8238,,0.486923,0.0065205,0.486966,,-0.000428358,-0.000588128,0.00189085,fluid
231,-0.228412,2.79724e-17,,1000.01,4.77386e-05,28.8945,,0.48604,-1.00652e-14,0.48604,,-0.000802408,-1.46696e-12,-1.21215e-14,fluid
232,-0.219159,-0.064351,,1000.01,-1.25092e-05,27.8238,,0.486923,-0.0065205,0.486966,,-0.000428358,0.000588128,-0.00189085,fluid
233,-0.192152,-0.123489,,1000.01,-6.81455e-05,26.6833,,0.490735,-0.0123982,0.490892,,-0.00186166,-0.000552944,-0.00315952,fluid
234,-0.149578,-0.172622,,1000.01,4.31517e-06,23.3145,,0.495509,-0.0161071,0.49577,,0.00181025,0.00312264,-0.0183766,fluid
235,-0.0948856,-0.20777,,1000.01,-0.000288082,20.3781,,0.501743,-0.0210128,0.502183,,-0.000572617,-0.00131785,-0.00547323,fluid
236,-0.0325064,-0.226087,,1000.01,-0.000114046,16.3991,,0.509202,-0.0194547,0.509574,,-0.0057518,-0.00969283,0.016535,fluid
237,0.0325064,-0.226087,,1000.01,2.91123e-05,13.2214,,0.519159,-0.0172638,0.519446,,0.00357681,0.00531313,-0.0333296,fluid
238,0.0948856,-0.20777,,1000,-0.000219704,8.6069,,0.522388,-0.0183412,0.52271,,0.000119709,-0.00420237,-0.025321,fluid
239,0.149578,-0.172622,,1000,0.000781523,6.25766,,0.535701,-0.0060657,0.535735,,-0.00172821,-0.00558981,0.0699467,fluid
240,0.192152,-0.123489,,1000,-0.00110637,2.7232,,0.538617,-0.00553345,0.538646,,-0.00355921,0.00255382,0.98224,fluid
241,0.219159,-0.064351,,999.998,0.00117693,-4.12718,,0.423343,0.0232089,0.423979,,-0.00370524,-0.00736547,1.80305,fluid
242,0.251589,0,,999.998,-8.13013e-05,-4.73387,,0.31483,1.42722e-15,0.31483,,-0.0175694,4.31801e-13,-1.0855e-14,fluid
243,0.241398,0.0708807,,999.998,-0.000483946,-3.62029,,0.433247,-0.0239139,0.433907,,-0.0035501,0.00770407,-1.55475,fluid
244,0.21165,0.136019,,1000,-0.00207047,3.85662,,0.539638,0.00608441,0.539672,,-0.00153581,-0.00271245,-0.77426,fluid
245,0.164756,0.190138,,1000,0.000455815,6.36353,,0.53156,0.00386052,0.531574,,-0.00291141,0.00380475,-0.00403308,fluid
246,0.104514,0.228853,,1000.01,0.00021818,9.83268,,0.520948,0.01536,0.521174,,-0.000672184,0.00743354,0.0081871,fluid
247,0.0358048,0.249028,,1000.01,6.60834e-05,12.6641,,0.517863,0.0160416,0.518111,,0.00419069,-0.00587456,0.0309391,fluid
248,-0.0358048,0.249028,,1000.01,-6.11087e-05,16.3881,,0.509155,0.0163955,0.509419,,-0.00424326,0.00781256,-0.00894255,fluid
249,-0.104514,0.228853,,1000.01,-0.00030168,20.1535,,0.501983,0.0189024,0.502339,,-0.00174027,0.00188284,0.00360544,fluid
250,-0.164756,0.190138,,1000.01,7.77263e-05,22.9759,,0.496808,0.0143572,0.497015,,0.00187058,-0.00319968,0.0171497,fluid
251,-0.21165,0.136019,,1000.01,-8.99321e-05,25.519,,0.492064,0.010999,0.492187,,-0.00193027,0.00049256,0.0032689,fluid
252,-0.241398,0.0708807,,1000.01,9.40722e-05,27.0808,,0.488918,0.00571203,0.488952,,-0.000340298,-0.00038766,0.00211445,fluid
253,-0.251589,3.08107e-17,,1000.01,-3.33997e-05,27.81,,0.487916,-8.44525e-15,0.487916,,-0.00102552,-1.08508e-12,-1.26722e-14,fluid
254,-0.241398,-0.0708807,,1000.01,9.40722e-05,27.0808,,0.488918,-0.00571203,0.488952,,-0.000340298,0.00038766,-0.00211445,fluid
255,-0.21165,-0.136019,,1000.01,-8.99321e-05,25.519,,0.492064,-0.010999,0.492187,,-0.00193027,-0.00049256,-0.0032689,fluid
256,-0.164756,-0.190138,,1000.01,7.77263e-05,22.9759,,0.496808,-0.0143572,0.497015,,0.00187058,0.00319968,-0.0171497,fluid
257,-0.104514,-0.228853,,1000.01,-0.00030168,20.1535,,0.501983,-0.0189024,0.502339,,-0.00174027,-0.00188284,-0.00360544,fluid
258,-0.0358048,-0.249028,,1000.01,-6.11087e-05,16.3881,,0.509155,-0.0163955,0.509419,,-0.00424326,-0.00781256,0.00894255,fluid
259,0.0358048,-0.249028,,1000.01,6.60834e-05,12.6641,,0.517863,-0.0160416,0.518111,,0.00419069,0.00587456,-0.0309391,fluid
260,0.104514,-0.228853,,1000.01,0.00021818,9.83268,,0.520948,-0.01536,0.521174,,-0.000672184,-0.00743354,-0.0081871,fluid
261,0.164756,-0.190138,,1000,0.000455815,6.36353,,0.53156,-0.00386052,0.531574,,-0.00291141,-0.00380475,0.00403308,fluid
262,0.21165,-0.136019,,1000,-0.00207047,3.85662,,0.539638,-0.00608441,0.539672,,-0.00153581,0.00271245,0.77426,fluid
263,0.241398,-0.0708807,,999.998,-0.000483946,-3.62029,,0.433247,0.0239139,0.433907,,-0.0035501,-0.00770407,1.55475,fluid
264,0.27594,0,,999.998,-0.000468383,-3.48639,,0.331146,6.54473e-15,0.331146,,-0.0209,4.02167e-13,5.86568e-14,fluid
265,0.264762,0.0777412,,999.999,-0.00270563,-1.33103,,0.442092,-0.0241071,0.442749,,-0.00351197,0.0100186,-1.33882,fluid
266,0.232135,0.149184,,1000,-0.0019358,4.59421,,0.539536,0.00639199,0.539573,,-0.000769257,-0.00145806,-0.617364,fluid
267,0.180702,0.208541,,1000,-0.000338832,6.41153,,0.528359,0.00206595,0.528363,,-0.0037472,0.00125859,0.0346812,fluid
268,0.114629,0.251003,,1000.01,-0.00024153,9.92151,,0.519957,0.0124927,0.520107,,-0.00123485,0.0098503,-0.00460837,fluid
269,0.0392703,0.273131,,1000.01,6.29978e-05,12.0788,,0.516483,0.0148277,0.516695,,0.00397152,-0.00532942,0.0283721,fluid
270,-0.0392703,0.273131,,1000.01,-5.50066e-05,16.1417,,0.509047,0.0138415,0.509235,,-0.00277494,0.00582535,-0.0028955,fluid
271,-0.114629,0.251003,,1000.01,-0.000354552,19.2286,,0.502066,0.0169102,0.502351,,-0.00255974,0.00226498,0.00185834,fluid
272,-0.180702,0.208541,,1000.01,0.000244878,22.3205,,0.497695,0.0127216,0.497858,,0.00194146,-0.00294673,0.0156293,fluid
273,-0.232135,0.149184,,1000.01,-9.49396e-05,24.3103,,0.493162,0.00969824,0.493257,,-0.00175099,0.000710041,0.00279524,fluid
274,-0.264762,0.0777412,,1000.01,0.000106824,25.8963,,0.490524,0.00498822,0.490549,,-0.000234516,-8.34085e-05,0.0018364,fluid
275,-0.27594,3.37929e-17,,1000.01,-0.000105894,26.3931,,0.489493,-1.06634e-14,0.489493,,-0.00108927,-8.60331e-13,-1.55671e-14,fluid
276,-0.264762,-0.0777412,,1000.01,0.000106824,25.8963,,0.490524,-0.00498822,0.490549,,-0.000234516,8.34085e-05,-0.0018364,fluid
277,-0.232135,-0.149184,,1000.01,-9.49396e-05,24.3103,,0.493162,-0.00969824,0.493257,,-0.00175099,-0.000710041,-0.00279524,fluid
278,-0.180702,-0.208541,,1000.01,0.000244878,22.3205,,0.497695,-0.0127216,0.497858,,0.00194146,0.00294673,-0.0156293,fluid
279,-0.114629,-0.251003,,1000.01,-0.000354552,19.2286,,0.502066,-0.0169102,0.502351,,-0.00255974,-0.00226498,-0.00185834,fluid
280,-0.0392703,-0.273131,,1000.01,-5.50067e-05,16.1417,,0.509047,-0.0138415,0.509235,,-0.00277494,-0.00582535,0.0028955,fluid
281,0.0392703,-0.273131,,1000.01,6.29978e-05,12.0788,,0.516483,-0.0148277,0.516695,,0.00397152,0.00532942,-0.0283721,fluid
282,0.114629,-0.251003,,1000.01,-0.00024153,9.92151,,0.519957,-0.0124927,0.520107,,-0.00123485,-0.0098503,0.00460837,fluid
283,0.180702,-0.208541,,1000,-0.000338832,6.41153,,0.528359,-0.00206595,0.528363,,-0.0037472,-0.00125859,-0.0346812,fluid
284,0.232135,-0.149184,,1000,-0.0019358,4.59421,,0.539536,-0.00639199,0.539573,,-0.000769257,0.00145806,0.617364,fluid
285,0.264762,-0.0777412,,999.999,-0.00270563,-1.33103,,0.442092,0.0241071,0.442749,,-0.00351197,-0.0100186,1.33882,fluid
286,0.301524,0,,1000,0.00140641,-0.266543,,0.347054,1.18459e-14,0.347054,,-0.0242691,4.33216e-13,8.76496e-14,fluid
287,0.28931,0.084949,,1000,-0.00081284,3.9694,,0.450347,-0.0240825,0.45099,,-0.00291289,0.0144737,-1.15195,fluid
288,0.253658,0.163016,,1000,-0.000217079,6.57385,,0.538955,0.00648651,0.538994,,0.000222302,0.00186129,-0.499715,fluid
289,0.197456,0.227876,,1000,-6.67947e-05,7.66248,,0.525962,0.000774736,0.525962,,-0.00349968,-0.00156973,0.0560928,fluid
290,0.125257,0.274275,,1000.01,-0.000610953,10.5684,,0.519098,0.00999455,0.519194,,-0.0014281,0.0112325,-0.0121135,fluid
291,0.0429113,0.298454,,1000.01,-7.79574e-06,12.5238,,0.515007,0.0137383,0.515191,,0.00326101,-0.00419021,0.0250084,fluid
292,-0.0429113,0.298454,,1000.01,9.07775e-05,16.5845,,0.509035,0.0118775,0.509173,,-0.00129366,0.00403479,0.0017683,fluid
293,-0.125257,0.274275,,1000.01,-0.000528014,18.4117,,0.502179,0.0150819,0.502405,,-0.00294136,0.00241788,0.000741748,fluid
294,-0.197456,0.227876,,1000.01,0.000297142,21.6247,,0.498327,0.0111932,0.498453,,0.00196513,-0.00248131,0.0136952,fluid
295,-0.253658,0.163016,,1000.01,-0.000124439,23.5046,,0.494139,0.00855338,0.494213,,-0.0014705,0.00102503,0.00186653,fluid
296,-0.28931,0.084949,,1000.01,8.21611e-05,24.9665,,0.491882,0.0044169,0.491902,,-0.000119621,0.000228452,0.00127518,fluid
297,-0.301524,3.6926e-17,,1000.01,-0.000167772,25.2763,,0.490869,-1.09807e-14,0.490869,,-0.00101151,-7.05489e-13,-1.77555e-14,fluid
298,-0.28931,-0.084949,,1000.01,8.21612e-05,24.9665,,0.491882,-0.0044169,0.491902,,-0.000119621,-0.000228452,-0.00127518,fluid
299,-0.253658,-0.163016,,1000.01,-0.000124439,23.5046,,0.494139,-0.00855338,0.494213,,-0.0014705,-0.00102503,-0.00186653,fluid
300,-0.197456,-0.227876,,1000.01,0.000297141,21.6247,,0.498327,-0.0111932,0.498453,,0.00196513,0.00248131,-0.0136952,fluid
301,-0.125257,-0.274275,,1000.01,-0.000528014,18.4117,,0.502179,-0.0150819,0.502405,,-0.00294136,-0.00241788,-0.000741748,fluid
302,-0.0429113,-0.298454,,1000.01,9.07774e-05,16.5845,,0.509035,-0.0118775,0.509173,,-0.00129366,-0.00403479,-0.0017683,fluid
303,0.0429113,-0.298454,,1000.01,-7.79576e-06,12.5238,,0.515007,-0.0137383,0.515191,,0.00326101,0.00419021,-0.0250084,fluid
304,0.125257,-0.274275,,1000.01,-0.000610953,10.5684,,0.519098,-0.00999455,0.519194,,-0.0014281,-0.0112325,0.0121135,fluid
305,0.197456,-0.227876,,1000,-6.67947e-05,7.66248,,0.525962,-0.000774736,0.525962,,-0.00349968,0.00156973,-0.0560928,fluid
306,0.253658,-0.163016,,1000,-0.000217079,6.57385,,0.538955,-0.00648651,0.538994,,0.000222302,-0.00186129,0.499715,fluid
307,0.28931,-0.084949,,1000,-0.00081284,3.9694,,0.450347,0.0240825,0.45099,,-0.00291289,-0.0144737,1.15195,fluid
308,0.328403,0,,999.999,0.00137034,-1.08621,,0.361476,1.70508e-14,0.361476,,-0.0295553,4.40511e-13,8.20423e-14,fluid
309,0.315101,0.0925219,,1000,0.00127718,6.12837,,0.457044,-0.0245095,0.4577,,-0.00344594,0.0189115,-0.988956,fluid
310,0.27627,0.177548,,1000,0.000620433,7.47106,,0.53777,0.00608978,0.537805,,0.00145483,0.00652291,-0.410807,fluid
311,0.215058,0.248191,,1000,0.000806281,9.03145,,0.523823,8.27057e-05,0.523823,,-0.00289924,-0.00377731,0.0659488,fluid
312,0.136424,0.298726,,1000.01,-0.000137728,12.0646,,0.518223,0.00789765,0.518283,,-0.0011573,0.0116186,-0.0151387,fluid
313,0.0467366,0.325061,,1000.01,-4.31936e-05,13.3853,,0.513622,0.0126998,0.513779,,0.00235703,-0.00262617,0.0209965,fluid
314,-0.0467366,0.325061,,1000.01,0.000333877,17.2308,,0.508984,0.0103647,0.509089,,-2.00912e-05,0.00257535,0.00515046,fluid
315,-0.136424,0.298726,,1000.01,-0.000551126,18.3565,,0.5024,0.0134715,0.50258,,-0.00287128,0.00257245,0.000282887,fluid
316,-0.215058,0.248191,,1000.01,0.000252544,21.1694,,0.498889,0.00990016,0.498987,,0.00197309,-0.00187738,0.0115807,fluid
317,-0.27627,0.177548,,1000.01,-0.000168523,22.9735,,0.495039,0.00759919,0.495097,,-0.0011908,0.00125498,0.000852556,fluid
318,-0.315101,0.0925219,,1000.01,7.40894e-05,24.3929,,0.493052,0.00398822,0.493068,,-7.42292e-06,0.000449139,0.000754248,fluid
319,-0.328403,4.02178e-17,,1000.01,-0.000208038,24.5554,,0.492097,-7.98782e-15,0.492097,,-0.00083547,-5.3895e-13,-1.59509e-14,fluid
320,-0.315101,-0.0925219,,1000.01,7.40895e-05,24.3929,,0.493052,-0.00398822,0.493068,,-7.42292e-06,-0.000449139,-0.000754248,fluid
321,-0.27627,-0.177548,,1000.01,-0.000168523,22.9735,,0.495039,-0.00759919,0.495097,,-0.0011908,-0.00125498,-0.000852556,fluid
322,-0.215058,-0.248191,,1000.01,0.000252544,21.1694,,0.498889,-0.00990016,0.498987,,0.00197309,0.00187738,-0.0115807,fluid
323,-0.136424,-0.298726,,1000.01,-0.000551126,18.3565,,0.5024,-0.0134715,0.50258,,-0.00287128,-0.00257245,-0.000282887,fluid
324,-0.0467366,-0.325061,,1000.01,0.000333877,17.2308,,0.508984,-0.0103647,0.509089,,-2.00912e-05,-0.00257535,-0.00515046,fluid
325,0.0467366,-0.325061,,1000.01,-4.31937e-05,13.3853,,0.513622,-0.0126998,0.513779,,0.00235703,0.00262617,-0.0209965,fluid
326,0.136424,-0.298726,,1000.01,-0.000137728,12.0646,,0.518223,-0.00789765,0.518283,,-0.0011573,-0.0116186,0.0151387,fluid
327,0.215058,-0.248191,,1000,0.000806281,9.03145,,0.523823,-8.27057e-05,0.523823,,-0.00289924,0.00377731,-0.0659488,fluid
328,0.27627,-0.177548,,1000,0.000620433,7.47106,,0.53777,-0.00608978,0.537805,,0.00145483,-0.00652291,0.410807,fluid
329,0.315101,-0.0925219,,1000,0.00127718,6.12837,,0.457044,0.0245095,0.4577,,-0.00344594,-0.0189115,0.988956,fluid
330,0.356644,0,,999.998,-0.00120807,-3.63262,,0.375025,2.031e-14,0.375025,,-0.0360245,3.81925e-13,5.43241e-14,fluid
331,0.342197,0.100478,,1000,-0.000656479,4.25885,,0.46243,-0.0255357,0.463134,,-0.00566342,0.0212606,-0.844554,fluid
332,0.300028,0.192816,,1000,-0.00113174,6.46807,,0.536012,0.00501699,0.536035,,0.00282324,0.0113256,-0.341881,fluid
333,0.233552,0.269534,,1000,0.000492873,8.92042,,0.521731,-0.000238382,0.521731,,-0.00270183,-0.00495275,0.0680142,fluid
334,0.148155,0.324415,,1000.01,0.000355254,12.7075,,0.517377,0.00598977,0.517411,,-0.000594235,0.011079,-0.0147681,fluid
335,0.0507557,0.353014,,1000.01,-0.000145699,13.1386,,0.512502,0.0114958,0.512631,,0.00158461,-0.00105673,0.0169171,fluid
336,-0.0507557,0.353014,,1000.01,0.000433251,16.8773,,0.50868,0.00904747,0.508761,,0.000837679,0.00143228,0.00715793,fluid
337,-0.148155,0.324415,,1000.01,-0.000395688,18.4992,,0.502544,0.0119871,0.502687,,-0.00258296,0.00264565,7.91588e-05,fluid
338,-0.233552,0.269534,,1000.01,0.000236351,20.876,,0.499421,0.00887504,0.4995,,0.00195017,-0.00123483,0.00959596,fluid
339,-0.300028,0.192816,,1000.01,-0.000183653,22.3574,,0.495855,0.00681026,0.495902,,-0.000957999,0.00132775,0.000137272,fluid
340,-0.342197,0.100478,,1000.01,6.34009e-05,23.7614,,0.494056,0.00363345,0.494069,,8.92025e-05,0.00052213,0.000469827,fluid
341,-0.356644,4.36763e-17,,1000.01,-0.000210731,23.8503,,0.493184,-6.19313e-15,0.493184,,-0.000621377,-3.61515e-13,-1.18861e-14,fluid
342,-0.342197,-0.100478,,1000.01,6.34009e-05,23.7614,,0.494056,-0.00363345,0.494069,,8.92025e-05,-0.00052213,-0.000469827,fluid
343,-0.300028,-0.192816,,1000.01,-0.000183653,22.3574,,0.495855,-0.00681026,0.495902,,-0.000957999,-0.00132775,-0.000137272,fluid
344,-0.233552,-0.269534,,1000.01,0.000236351,20.876,,0.499421,-0.00887504,0.4995,,0.00195017,0.00123483,-0.00959596,fluid
345,-0.148155,-0.324415,,1000.01,-0.000395688,18.4992,,0.502544,-0.0119871,0.502687,,-0.00258296,-0.00264565,-7.91588e-05,fluid
346,-0.0507557,-0.353014,,1000.01,0.000433251,16.8773,,0.50868,-0.00904747,0.508761,,0.000837679,-0.00143228,-0.00715793,fluid
347,0.0507557,-0.353014,,1000.01,-0.000145699,13.1386,,0.512502,-0.0114958,0.512631,,0.00158461,0.00105673,-0.0169171,fluid
348,0.148155,-0.324415,,1000.01,0.000355254,12.7075,,0.517377,-0.00598977,0.517411,,-0.000594235,-0.011079,0.0147681,fluid
349,0.233552,-0.269534,,1000,0.000492874,8.92042,,0.521731,0.000238382,0.521731,,-0.00270183,0.00495275,-0.0680142,fluid
350,0.300028,-0.192816,,1000,-0.00113174,6.46807,,0.536012,-0.00501699,0.536035,,0.00282324,-0.0113256,0.341881,fluid
351,0.342197,-0.100478,,1000,-0.000656479,4.25885,,0.46243,0.0255357,0.463134,,-0.00566342,-0.0212606,0.844554,fluid
352,0.386315,0,,999.999,-0.00135023,-1.05183,,0.389024,2.11948e-14,0.389024,,-0.040924,2.83322e-13,1.75511e-14,fluid
353,0.370667,0.108838,,1000,-0.00272181,5.02985,,0.468,-0.0266443,0.468757,,-0.00726794,0.0215592,-0.714966,fluid
354,0.324989,0.208858,,1000,-0.00282577,6.53916,,0.534023,0.00344077,0.534035,,0.00476902,0.0152028,-0.286467,fluid
355,0.252983,0.291957,,1000,-0.000640253,8.17181,,0.519955,-0.000475008,0.519955,,-0.00249556,-0.00532436,0.0652147,fluid
356,0.160481,0.351404,,1000.01,3.48897e-05,11.9874,,0.516596,0.00420697,0.516613,,5.42215e-05,0.00978541,-0.0121328,fluid
357,0.0549784,0.382383,,1000.01,-0.000286376,12.2087,,0.511606,0.0101802,0.511707,,0.000941792,0.000351781,0.0132105,fluid
358,-0.0549784,0.382383,,1000.01,0.000286907,15.8823,,0.508191,0.0078706,0.508252,,0.0012968,0.00053897,0.00802826,fluid
359,-0.160481,0.351404,,1000.01,-0.000263564,18.1,,0.502531,0.0105419,0.502641,,-0.00237209,0.0025805,-0.000119228,fluid
360,-0.252983,0.291957,,1000.01,0.000258132,20.5299,,0.499856,0.00801454,0.49992,,0.00183259,-0.000681616,0.00789478,fluid
361,-0.324989,0.208858,,1000.01,-0.000188219,21.6842,,0.496594,0.00615811,0.496633,,-0.000746568,0.00125101,-8.73095e-05,fluid
362,-0.370667,0.108838,,1000.01,5.16547e-05,22.9912,,0.494924,0.00330694,0.494935,,0.000139478,0.000463811,0.000453847,fluid
363,-0.386315,4.73099e-17,,1000.01,-0.000179349,23.0908,,0.494145,-6.539e-15,0.494145,,-0.000420404,-2.10114e-13,-8.2439e-15,fluid
364,-0.370667,-0.108838,,1000.01,5.16547e-05,22.9912,,0.494924,-0.00330694,0.494935,,0.000139478,-0.000463811,-0.000453847,fluid
365,-0.324989,-0.208858,,1000.01,-0.000188219,21.6842,,0.496594,-0.00615811,0.496633,,-0.000746568,-0.00125101,8.73095e-05,fluid
366,-0.252983,-0.291957,,1000.01,0.000258132,20.5299,,0.499856,-0.00801454,0.49992,,0.00183259,0.000681616,-0.00789478,fluid
367,-0.160481,-0.351404,,1000.01,-0.000263564,18.1,,0.502531,-0.0105419,0.502641,,-0.00237209,-0.0025805,0.000119228,fluid
368,-0.0549784,-0.382383,,1000.01,0.000286907,15.8823,,0.508191,-0.0078706,0.508252,,0.0012968,-0.00053897,-0.00802826,fluid
369,0.0549784,-0.382383,,1000.01,-0.000286376,12.2087,,0.511606,-0.0101802,0.511707,,0.000941792,-0.000351781,-0.0132105,fluid
370,0.160481,-0.351404,,1000.01,3.48898e-05,11.9874,,0.516596,-0.00420697,0.516613,,5.42215e-05,-0.00978541,0.0121328,fluid
371,0.252983,-0.291957,,1000,-0.000640253,8.17181,,0.519955,0.000475008,0.519955,,-0.00249556,0.00532436,-0.0652147,fluid
372,0.324989,-0.208858,,1000,-0.00282577,6.53916,,0.534023,-0.00344077,0.534035,,0.00476902,-0.0152028,0.286467,fluid
373,0.370667,-0.108838,,1000,-0.00272181,5.02985,,0.468,0.0266443,0.468757,,-0.00726794,-0.0215592,0.714966,fluid
374,0.417489,0,,1000,0.00090835,3.65992,,0.402719,1.98793e-14,0.402719,,-0.0442223,1.85279e-13,-1.88853e-14,fluid
375,0.400577,0.11762,,1000,-0.000384478,9.53946,,0.473614,-0.0273895,0.474406,,-0.00676943,0.0195477,-0.598236,fluid
376,0.351214,0.225711,,1000,-0.0016045,9.15475,,0.532016,0.00163498,0.532018,,0.00718562,0.0184866,-0.240298,fluid
377,0.273397,0.315517,,1000,-0.000505747,8.87295,,0.518616,-0.00064062,0.518616,,-0.00164056,-0.0050501,0.0596028,fluid
378,0.173431,0.379761,,1000.01,-0.000458634,11.7626,,0.515788,0.0027816,0.515795,,0.000802113,0.00809354,-0.0084801,fluid
379,0.0594148,0.413239,,1000.01,-0.000313947,12.5077,,0.510757,0.00901524,0.510837,,0.000418451,0.00151059,0.00998992,fluid
380,-0.0594148,0.413239,,1000.01,0.000190363,15.8241,,0.507791,0.00697728,0.507839,,0.00168048,-9.00662e-06,0.00833533,fluid
381,-0.173431,0.379761,,1000.01,-0.000315846,17.4425,,0.502556,0.00924021,0.502641,,-0.00211899,0.00239379,-0.000128183,fluid
382,-0.273397,0.315517,,1000.01,0.000232248,20.0836,,0.500155,0.00722387,0.500207,,0.00160733,-0.00030467,0.00652938,fluid
383,-0.351214,0.225711,,1000.01,-0.000186136,21.1855,,0.497234,0.00558962,0.497266,,-0.000582881,0.00106849,0.000123175,fluid
384,-0.400577,0.11762,,1000.01,4.37714e-05,22.3293,,0.495673,0.00299744,0.495682,,0.000158047,0.000338665,0.000630117,fluid
385,-0.417489,5.11276e-17,,1000.01,-0.000137577,22.4679,,0.494985,-7.6158e-15,0.494985,,-0.000261363,-6.79076e-14,-5.5793e-15,fluid
386,-0.400577,-0.11762,,1000.01,4.37714e-05,22.3293,,0.495673,-0.00299744,0.495682,,0.000158047,-0.000338665,-0.000630117,fluid
387,-0.351214,-0.225711,,1000.01,-0.000186136,21.1855,,0.497234,-0.00558962,0.497266,,-0.000582881,-0.00106849,-0.000123175,fluid
388,-0.273397,-0.315517,,1000.01,0.000232248,20.0836,,0.500155,-0.00722387,0.500207,,0.00160733,0.00030467,-0.00652938,fluid
389,-0.173431,-0.379761,,1000.01,-0.000315846,17.4425,,0.502556,-0.00924021,0.502641,,-0.00211899,-0.00239379,0.000128183,fluid
390,-0.0594148,-0.413239,,1000.01,0.000190363,15.8241,,0.507791,-0.00697728,0.507839,,0.00168048,9.00662e-06,-0.00833533,fluid
391,0.0594148,-0.413239,,1000.01,-0.000313947,12.5077,,0.510757,-0.00901524,0.510837,,0.000418451,-0.00151059,-0.00998992,fluid
392,0.173431,-0.379761,,1000.01,-0.000458634,11.7626,,0.515788,-0.0027816,0.515795,,0.000802113,-0.00809354,0.0084801,fluid
393,0.273397,-0.315517,,1000,-0.000505747,8.87295,,0.518616,0.00064062,0.518616,,-0.00164056,0.0050501,-0.0596028,fluid
394,0.351214,-0.225711,,1000,-0.0016045,9.15475,,0.532016,-0.00163498,0.532018,,0.00718562,-0.0184866,0.240298,fluid
395,0.400577,-0.11762,,1000,-0.000384478,9.53946,,0.473614,0.0273895,0.474406,,-0.00676943,-0.0195477,0.598236,fluid
396,0.450241,0,,1000,-0.000479818,2.33935,,0.414649,1.69888e-14,0.414649,,-0.0479937,1.15393e-13,-5.01752e-14,fluid
397,0.432003,0.126847,,1000.01,0.00255997,10.8541,,0.477882,-0.0277428,0.478687,,-0.00649671,0.0159631,-0.493546,fluid
398,0.378767,0.243419,,1000.01,0.000521727,11.3102,,0.529722,-0.000163384,0.529722,,0.00972928,0.0204886,-0.200685,fluid
399,0.294845,0.340269,,1000.01,0.000942342,10.6587,,0.517412,-0.000666275,0.517412,,-0.000382702,-0.00419575,0.05242,fluid
400,0.187037,0.409553,,1000.01,-0.00014075,13.0735,,0.514843,0.00183325,0.514846,,0.00164079,0.00640376,-0.00482385,fluid
401,0.0640759,0.445658,,1000.01,-0.000219056,14.0536,,0.509903,0.00805688,0.509967,,1.45459e-05,0.00240447,0.00730073,fluid
402,-0.0640759,0.445658,,1000.01,0.000331922,16.8303,,0.507572,0.00636439,0.507612,,0.00208388,-0.000229747,0.00845747,fluid
403,-0.187037,0.409553,,1000.01,-0.000410162,17.2935,,0.502748,0.00819245,0.502815,,-0.00168197,0.00220283,0.000258755,fluid
404,-0.294845,0.340269,,1000.01,0.000155692,19.6779,,0.50037,0.00650077,0.500413,,0.001324,-9.18506e-05,0.00554363,fluid
405,-0.378767,0.243419,,1000.01,-0.000170496,20.8842,,0.497761,0.00505469,0.497787,,-0.000463946,0.000833336,0.000579319,fluid
406,-0.432003,0.126847,,1000.01,4.05055e-05,21.8967,,0.496317,0.00270419,0.496324,,0.000156194,0.000209346,0.000885759,fluid
407,-0.450241,5.51386e-17,,1000.01,-0.000104844,22.0433,,0.495712,-6.94062e-15,0.495712,,-0.000152309,7.75026e-14,-3.05128e-15,fluid
408,-0.432003,-0.126847,,1000.01,4.05055e-05,21.8967,,0.496317,-0.00270419,0.496324,,0.000156194,-0.000209346,-0.000885759,fluid
409,-0.378767,-0.243419,,1000.01,-0.000170496,20.8842,,0.497761,-0.00505469,0.497787,,-0.000463946,-0.000833336,-0.000579319,fluid
410,-0.294845,-0.340269,,1000.01,0.000155692,19.6779,,0.50037,-0.00650077,0.500413,,0.001324,9.18506e-05,-0.00554363,fluid
411,-0.187037,-0.409553,,1000.01,-0.000410162,17.2935,,0.502748,-0.00819245,0.502815,,-0.00168197,-0.00220283,-0.000258755,fluid
412,-0.0640759,-0.445658,,1000.01,0.000331922,16.8303,,0.507572,-0.00636439,0.507612,,0.00208388,0.000229747,-0.00845747,fluid
413,0.0640759,-0.445658,,1000.01,-0.000219056,14.0536,,0.509903,-0.00805688,0.509967,,1.45459e-05,-0.00240447,-0.00730073,fluid
414,0.187037,-0.409553,,1000.01,-0.00014075,13.0735,,0.514843,-0.00183325,0.514846,,0.00164079,-0.00640376,0.00482385,fluid
415,0.294845,-0.340269,,1000.01,0.000942342,10.6587,,0.517412,0.000666275,0.517412,,-0.000382702,0.00419575,-0.05242,fluid
416,0.378767,-0.243419,,1000.01,0.000521727,11.3102,,0.529722,0.000163384,0.529722,,0.00972928,-0.0204886,0.200685,fluid
417,0.432003,-0.126847,,1000.01,0.00255997,10.8541,,0.477882,0.0277428,0.478687,,-0.00649671,-0.0159631,0.493546,fluid
418,0.484652,0,,999.999,-0.00519453,-2.6007,,0.425431,1.42619e-14,0.425431,,-0.0507794,4.2613e-14,-7.49232e-14,fluid
419,0.46502,0.136542,,1000,0.000885074,7.02911,,0.480914,-0.0277293,0.481713,,-0.00748192,0.0106208,-0.400549,fluid
420,0.407715,0.262022,,1000.01,-0.000277148,10.4407,,0.527028,-0.00199516,0.527032,,0.0115696,0.0205968,-0.165903,fluid
421,0.317379,0.366275,,1000.01,0.00150231,10.9914,,0.516047,-0.000702522,0.516047,,0.000413446,-0.00277109,0.0445827,fluid
422,0.201332,0.440855,,1000.01,0.000612765,14.1957,,0.513827,0.00110984,0.513828,,0.00239872,0.00485108,-0.00159625,fluid
423,0.0689731,0.479719,,1000.01,-0.000260653,14.5231,,0.509175,0.00704774,0.509224,,-0.00018838,0.00294544,0.00529548,fluid
424,-0.0689731,0.479719,,1000.01,0.000518633,17.1127,,0.507276,0.005773,0.507309,,0.00228417,-0.000259707,0.0083204,fluid
425,-0.201332,0.440855,,1000.01,-0.000348872,17.5911,,0.502944,0.00731073,0.502997,,-0.00119075,0.00202373,0.00087884,fluid
426,-0.317379,0.366275,,1000.01,9.00972e-05,19.3505,,0.500576,0.00587275,0.50061,,0.0010604,2.27825e-05,0.00493423,fluid
427,-0.407715,0.262022,,1000.01,-0.000140277,20.5349,,0.498203,0.00453148,0.498224,,-0.000377089,0.000594797,0.00110397,fluid
428,-0.46502,0.136542,,1000.01,3.84219e-05,21.4971,,0.49688,0.00242507,0.496886,,0.000142821,0.000110698,0.00112606,fluid
429,-0.484652,5.93527e-17,,1000.01,-8.8974e-05,21.624,,0.496351,-5.56191e-15,0.496351,,-8.20702e-05,1.91738e-13,-1.15779e-15,fluid
430,-0.46502,-0.136542,,1000.01,3.84219e-05,21.4971,,0.49688,-0.00242507,0.496886,,0.000142821,-0.000110698,-0.00112606,fluid
431,-0.407715,-0.262022,,1000.01,-0.000140277,20.5349,,0.498203,-0.00453148,0.498224,,-0.000377089,-0.000594797,-0.00110397,fluid
432,-0.317379,-0.366275,,1000.01,9.00972e-05,19.3505,,0.500576,-0.00587275,0.50061,,0.0010604,-2.27825e-05,-0.00493423,fluid
433,-0.201332,-0.440855,,1000.01,-0.000348872,17.5911,,0.502944,-0.00731073,0.502997,,-0.00119075,-0.00202373,-0.00087884,fluid
434,-0.0689731,-0.479719,,1000.01,0.000518633,17.1127,,0.507276,-0.005773,0.507309,,0.00228417,0.000259707,-0.0083204,fluid
435,0.0689731,-0.479719,,1000.01,-0.000260653,14.5231,,0.509175,-0.00704774,0.509224,,-0.00018838,-0.00294544,-0.00529548,fluid
436,0.201332,-0.440855,,1000.01,0.000612765,14.1957,,0.513827,-0.00110984,0.513828,,0.00239872,-0.00485108,0.00159625,fluid
437,0.317379,-0.366275,,1000.01,0.00150231,10.9914,,0.516047,0.000702522,0.516047,,0.000413446,0.00277109,-0.0445827,fluid
438,0.407715,-0.262022,,1000.01,-0.000277148,10.4407,,0.527028,0.00199516,0.527032,,0.0115696,-0.0205968,0.165903,fluid
439,0.46502,-0.136542,,1000,0.000885074,7.02911,,0.480914,0.0277293,0.481713,,-0.00748192,-0.0106208,0.400549,fluid
440,0.520805,0,,1000,-0.005247,-0.206594,,0.43675,1.16864e-14,0.43675,,-0.0497951,1.62414e-14,-9.2251e-14,fluid
441,0.499709,0.146728,,1000,-0.00213842,5.64772,,0.484262,-0.0272335,0.485027,,-0.00765223,0.00466067,-0.319183,fluid
442,0.438129,0.281568,,1000,-0.00321861,8.63104,,0.524327,-0.00392897,0.524342,,0.0128618,0.0187243,-0.135036,fluid
443,0.341055,0.393598,,1000,-7.61756e-05,9.2988,,0.514646,-0.000955695,0.514647,,0.000711691,-0.00147253,0.0369227,fluid
444,0.21635,0.473741,,1000.01,0.000685438,13.4282,,0.512894,0.000357427,0.512894,,0.00293496,0.00339425,0.00113986,fluid
445,0.0741183,0.515504,,1000.01,-0.000540796,12.9301,,0.508665,0.00587217,0.508698,,-0.000183324,0.0031106,0.00405563,fluid
446,-0.0741183,0.515504,,1000.01,0.000458027,15.753,,0.506703,0.00504483,0.506728,,0.00208187,-0.000274154,0.00779431,fluid
447,-0.21635,0.473741,,1000.01,-0.000183363,17.5635,,0.502924,0.0064297,0.502966,,-0.000905979,0.00177876,0.00141098,fluid
448,-0.341055,0.393598,,1000.01,6.29503e-05,18.9914,,0.500768,0.00531583,0.500796,,0.000858754,0.000100687,0.00460128,fluid
449,-0.438129,0.281568,,1000.01,-0.000113165,19.9995,,0.498596,0.0040288,0.498612,,-0.000296148,0.000392819,0.00159238,fluid
450,-0.499709,0.146728,,1000.01,3.53148e-05,20.9473,,0.497384,0.00215668,0.497389,,0.000123303,4.79076e-05,0.00129799,fluid
451,-0.520805,6.37802e-17,,1000.01,-7.95609e-05,21.0624,,0.496924,-5.66975e-15,0.496924,,-4.04079e-05,2.46205e-13,-1.23483e-15,fluid
452,-0.499709,-0.146728,,1000.01,3.53149e-05,20.9473,,0.497384,-0.00215668,0.497389,,0.000123303,-4.79076e-05,-0.00129799,fluid
453,-0.438129,-0.281568,,1000.01,-0.000113165,19.9995,,0.498596,-0.0040288,0.498612,,-0.000296148,-0.000392819,-0.00159238,fluid
454,-0.341055,-0.393598,,1000.01,6.29503e-05,18.9914,,0.500768,-0.00531583,0.500796,,0.000858754,-0.000100687,-0.00460128,fluid
455,-0.21635,-0.473741,,1000.01,-0.000183363,17.5635,,0.502924,-0.0064297,0.502966,,-0.000905979,-0.00177876,-0.00141098,fluid
456,-0.0741183,-0.515504,,1000.01,0.000458027,15.753,,0.506703,-0.00504483,0.506728,,0.00208187,0.000274154,-0.00779431,fluid
457,0.0741183,-0.515504,,1000.01,-0.000540796,12.9301,,0.508665,-0.00587217,0.508698,,-0.000183324,-0.0031106,-0.00405563,fluid
458,0.21635,-0.473741,,1000.01,0.000685438,13.4282,,0.512894,-0.000357427,0.512894,,0.00293496,-0.00339425,-0.00113986,fluid
459,0.341055,-0.393598,,1000,-7.61756e-05,9.2988,,0.514646,0.000955695,0.514647,,0.000711691,0.00147253,-0.0369227,fluid
460,0.438129,-0.281568,,1000,-0.00321861,8.63104,,0.524327,0.00392897,0.524342,,0.0128618,-0.0187243,0.135036,fluid
461,0.499709,-0.146728,,1000,-0.00213842,5.64772,,0.484262,0.0272335,0.485027,,-0.00765223,-0.00466067,0.319183,fluid
462,0.558789,0,,1000,0.000644528,8.88924,,0.447991,8.99892e-15,0.447991,,-0.0455748,7.17856e-14,-1.01488e-13,fluid
463,0.536154,0.157429,,1000.01,-0.000883207,10.5659,,0.488163,-0.0261538,0.488863,,-0.00584798,-0.00117994,-0.249553,fluid
464,0.470084,0.302104,,1000,-0.00346749,9.68317,,0.521962,-0.00564189,0.521993,,0.0142104,0.0158045,-0.107958,fluid
465,0.365929,0.422305,,1000,-0.00180176,8.41552,,0.513505,-0.00131041,0.513507,,0.00115978,-0.000545905,0.0299697,fluid
466,0.232129,0.508293,,1000.01,5.10449e-05,12.0555,,0.512047,-0.000284369,0.512047,,0.00323359,0.00212947,0.00326633,fluid
467,0.079524,0.553102,,1000.01,-0.00068112,11.7292,,0.508248,0.00482092,0.508271,,-2.46794e-05,0.00304703,0.0034056,fluid
468,-0.079524,0.553102,,1000.01,0.000168782,14.4824,,0.506055,0.00436965,0.506074,,0.00171847,-0.000300938,0.00708628,fluid
469,-0.232129,0.508293,,1000.01,-9.68041e-05,16.9911,,0.502753,0.00555847,0.502784,,-0.000820846,0.00146031,0.00180578,fluid
470,-0.365929,0.422305,,1000.01,5.1185e-05,18.6272,,0.500889,0.0047794,0.500911,,0.000679982,0.000132716,0.00441311,fluid
471,-0.470084,0.302104,,1000.01,-9.51647e-05,19.4882,,0.49894,0.00357249,0.498952,,-0.000216031,0.000247225,0.00200169,fluid
472,-0.536154,0.157429,,1000.01,3.10704e-05,20.392,,0.497824,0.00190572,0.497828,,0.000102165,1.31849e-05,0.00139288,fluid
473,-0.558789,6.8432e-17,,1000.01,-6.58893e-05,20.521,,0.497422,-6.34119e-15,0.497422,,-1.7415e-05,2.38033e-13,-3.14735e-15,fluid
474,-0.536154,-0.157429,,1000.01,3.10704e-05,20.392,,0.497824,-0.00190572,0.497828,,0.000102165,-1.31849e-05,-0.00139288,fluid
475,-0.470084,-0.302104,,1000.01,-9.51647e-05,19.4882,,0.49894,-0.00357249,0.498952,,-0.000216031,-0.000247225,-0.00200169,fluid
476,-0.365929,-0.422305,,1000.01,5.1185e-05,18.6272,,0.500889,-0.0047794,0.500911,,0.000679982,-0.000132716,-0.00441311,fluid
477,-0.232129,-0.508293,,1000.01,-9.6804e-05,16.9911,,0.502753,-0.00555847,0.502784,,-0.000820846,-0.00146031,-0.00180578,fluid
478,-0.079524,-0.553102,,1000.01,0.000168782,14.4824,,0.506055,-0.00436965,0.506074,,0.00171847,0.000300938,-0.00708628,fluid
479,0.079524,-0.553102,,1000.01,-0.00068112,11.7292,,0.508248,-0.00482092,0.508271,,-2.46794e-05,-0.00304703,-0.0034056,fluid
480,0.232129,-0.508293,,1000.01,5.10449e-05,12.0555,,0.512047,0.000284369,0.512047,,0.00323359,-0.00212947,-0.00326633,fluid
481,0.365929,-0.422305,,1000,-0.00180176,8.41552,,0.513505,0.00131041,0.513507,,0.00115978,0.000545905,-0.0299697,fluid
482,0.470084,-0.302104,,1000,-0.00346749,9.68317,,0.521962,0.00564189,0.521993,,0.0142104,-0.0158045,0.107958,fluid
483,0.536154,-0.157429,,1000.01,-0.000883207,10.5659,,0.488163,0.0261538,0.488863,,-0.00584798,0.00117994,0.249553,fluid
484,0.598697,0,,1000,0.00107251,9.23458,,0.456652,5.94787e-15,0.456652,,-0.042438,1.89788e-13,-1.02198e-13,fluid
485,0.574446,0.168673,,1000.01,0.00213588,13.2408,,0.49092,-0.02457,0.491535,,-0.00405478,-0.00573771,-0.191501,fluid
486,0.503656,0.32368,,1000.01,0.000557566,13.231,,0.519728,-0.0066916,0.519771,,0.0153963,0.0130956,-0.084867,fluid
487,0.392063,0.452465,,1000.01,-0.000965921,10.5405,,0.512619,-0.00151985,0.512622,,0.00211539,0.000344213,0.0238699,fluid
488,0.248708,0.544594,,1000.01,-0.000122805,12.6225,,0.511156,-0.000545663,0.511156,,0.00342088,0.00124393,0.00459619,fluid
489,0.0852035,0.592603,,1000.01,-0.000342111,13.4808,,0.507718,0.0041815,0.507735,,0.000135375,0.00292509,0.00304612,fluid
490,-0.0852035,0.592603,,1000.01,3.39137e-06,15.375,,0.505686,0.0039898,0.505702,,0.00160167,-0.000231644,0.00660907,fluid
491,-0.248708,0.544594,,1000.01,-0.000131426,16.5434,,0.502696,0.0048552,0.502719,,-0.000678172,0.00117719,0.00230064,fluid
492,-0.392063,0.452465,,1000.01,3.47718e-05,18.4205,,0.500918,0.00425067,0.500936,,0.000507635,0.000113542,0.00430525,fluid
493,-0.503656,0.32368,,1000.01,-8.20079e-05,19.2764,,0.499211,0.00317236,0.499221,,-0.000143677,0.000150833,0.002328,fluid
494,-0.574446,0.168673,,1000.01,2.34776e-05,20.0917,,0.498183,0.0016805,0.498186,,8.31301e-05,-4.49329e-06,0.00143536,fluid
495,-0.598697,7.33193e-17,,1000.01,-5.10418e-05,20.2452,,0.497828,-6.2479e-15,0.497828,,-5.60111e-06,1.8941e-13,-5.52123e-15,fluid
496,-0.574446,-0.168673,,1000.01,2.34777e-05,20.0917,,0.498183,-0.0016805,0.498186,,8.31301e-05,4.49329e-06,-0.00143536,fluid
497,-0.503656,-0.32368,,1000.01,-8.20079e-05,19.2764,,0.499211,-0.00317236,0.499221,,-0.000143677,-0.000150833,-0.002328,fluid
498,-0.392063,-0.452465,,1000.01,3.47719e-05,18.4205,,0.500918,-0.00425067,0.500936,,0.000507635,-0.000113542,-0.00430525,fluid
499,-0.248708,-0.544594,,1000.01,-0.000131426,16.5434,,0.502696,-0.0048552,0.502719,,-0.000678172,-0.00117719,-0.00230064,fluid
500,-0.0852035,-0.592603,,1000.01,3.39136e-06,15.375,,0.505686,-0.0039898,0.505702,,0.00160167,0.000231644,-0.00660907,fluid
501,0.0852035,-0.592603,,1000.01,-0.000342111,13.4808,,0.507718,-0.0041815,0.507735,,0.000135375,-0.00292509,-0.00304612,fluid
502,0.248708,-0.544594,,1000.01,-0.000122805,12.6225,,0.511156,0.000545663,0.511156,,0.00342088,-0.00124393,-0.00459619,fluid
503,0.392063,-0.452465,,1000.01,-0.000965921,10.5405,,0.512619,0.00151985,0.512622,,0.00211539,-0.000344213,-0.0238699,fluid
504,0.503656,-0.32368,,1000.01,0.000557567,13.231,,0.519728,0.0066916,0.519771,,0.0153963,-0.0130956,0.084867,fluid
505,0.574446,-0.168673,,1000.01,0.00213588,13.2408,,0.49092,0.02457,0.491535,,-0.00405478,0.00573771,0.191501,fluid
506,0.640626,0,,999.999,-0.00712926,-1.25803,,0.463031,2.26535e-15,0.463031,,-0.0407526,3.14773e-13,-9.52411e-14,fluid
507,0.614676,0.180485,,1000,0.00113112,8.16094,,0.492127,-0.0225534,0.492644,,-0.00398882,-0.00879087,-0.144162,fluid
508,0.538929,0.346349,,1000.01,0.00346868,14.5329,,0.517239,-0.00715366,0.517289,,0.0154229,0.0106699,-0.0655963,fluid
509,0.419521,0.484153,,1000.01,0.00123449,13.2093,,0.511671,-0.00165407,0.511674,,0.00308452,0.0010065,0.0186659,fluid
510,0.266126,0.582734,,1000.01,0.000591937,14.6703,,0.51015,-0.000547295,0.510151,,0.00355978,0.000699423,0.00519351,fluid
511,0.0911706,0.634105,,1000.01,0.000105547,16.1708,,0.507065,0.00372656,0.507079,,0.000227888,0.00273086,0.0028689,fluid
512,-0.0911706,0.634105,,1000.01,0.000167338,17.2457,,0.505587,0.00376123,0.505601,,0.00172521,-5.98422e-05,0.00653536,fluid
513,-0.266126,0.582734,,1000.01,-0.000197946,16.6741,,0.502815,0.00434832,0.502833,,-0.000372452,0.000978052,0.00303739,fluid
514,-0.419521,0.484153,,1000.01,3.12557e-05,18.2914,,0.500913,0.00374718,0.500927,,0.000353726,7.25762e-05,0.0042882,fluid
515,-0.538929,0.346349,,1000.01,-6.59245e-05,19.2312,,0.499415,0.00280406,0.499423,,-9.29139e-05,8.18306e-05,0.00258666,fluid
516,-0.614676,0.180485,,1000.01,1.31851e-05,19.9497,,0.49848,0.00147829,0.498482,,6.52836e-05,-1.46496e-05,0.00146129,fluid
517,-0.640626,7.84541e-17,,1000.01,-4.56742e-05,20.1134,,0.498163,-4.37576e-15,0.498163,,1.33843e-06,1.29449e-13,-6.85316e-15,fluid
518,-0.614676,-0.180485,,1000.01,1.31851e-05,19.9497,,0.49848,-0.00147829,0.498482,,6.52836e-05,1.46496e-05,-0.00146129,fluid
519,-0.538929,-0.346349,,1000.01,-6.59245e-05,19.2312,,0.499415,-0.00280406,0.499423,,-9.29139e-05,-8.18306e-05,-0.00258666,fluid
520,-0.419521,-0.484153,,1000.01,3.12557e-05,18.2914,,0.500913,-0.00374718,0.500927,,0.000353726,-7.25762e-05,-0.0042882,fluid
521,-0.266126,-0.582734,,1000.01,-0.000197946,16.6741,,0.502815,-0.00434832,0.502833,,-0.000372452,-0.000978052,-0.00303739,fluid
522,-0.0911706,-0.634105,,1000.01,0.000167338,17.2457,,0.505587,-0.00376123,0.505601,,0.00172521,5.98422e-05,-0.00653536,fluid
523,0.0911706,-0.634105,,1000.01,0.000105547,16.1708,,0.507065,-0.00372656,0.507079,,0.000227888,-0.00273086,-0.0028689,fluid
524,0.266126,-0.582734,,1000.01,0.000591937,14.6703,,0.51015,0.000547295,0.510151,,0.00355978,-0.000699423,-0.00519351,fluid
525,0.419521,-0.484153,,1000.01,0.00123449,13.2093,,0.511671,0.00165407,0.511674,,0.00308452,-0.0010065,-0.0186659,fluid
526,0.538929,-0.346349,,1000.01,0.00346868,14.5329,,0.517239,0.00715366,0.517289,,0.0154229,-0.0106699,0.0655963,fluid
527,0.614676,-0.180485,,1000,0.00113112,8.16094,,0.492127,0.0225534,0.492644,,-0.00398882,0.00879087,0.144162,fluid
528,0.684678,0,,999.998,-0.00992499,-3.32305,,0.46997,-1.20837e-15,0.46997,,-0.0362597,3.8488e-13,-8.27827e-14,fluid
529,0.656944,0.192896,,1000,-0.00170975,4.42655,,0.493612,-0.0204019,0.494034,,-0.00386379,-0.0113358,-0.105984,fluid
530,0.575988,0.370165,,1000.01,0.000435726,11.5084,,0.514738,-0.00765955,0.514795,,0.0142782,0.00748245,-0.0493867,fluid
531,0.448369,0.517445,,1000.01,0.00115318,12.3069,,0.510512,-0.00199817,0.510516,,0.00332519,0.00128292,0.0145439,fluid
532,0.284426,0.622805,,1000.01,0.00106704,14.898,,0.509192,-0.000715058,0.509192,,0.00357347,0.000250056,0.00549022,fluid
533,0.0974399,0.677709,,1000.01,-7.60907e-05,15.3923,,0.506494,0.00303073,0.506503,,0.000299904,0.00235545,0.00303337,fluid
534,-0.0974399,0.677709,,1000.01,0.000419116,16.832,,0.505324,0.0033276,0.505335,,0.00163276,7.40394e-05,0.00661947,fluid
535,-0.284426,0.622805,,1000.01,-0.000194744,16.8765,,0.502823,0.0038399,0.502838,,-0.000139797,0.000791391,0.00381113,fluid
536,-0.448369,0.517445,,1000.01,3.16717e-05,17.9571,,0.500938,0.00328056,0.500949,,0.000246064,3.59108e-05,0.00435918,fluid
537,-0.575988,0.370165,,1000.01,-4.84124e-05,18.9409,,0.499591,0.00244144,0.499597,,-6.31654e-05,2.69292e-05,0.00278301,fluid
538,-0.656944,0.192896,,1000.01,2.70544e-06,19.5998,,0.498757,0.00129269,0.498758,,5.14393e-05,-1.77785e-05,0.00148651,fluid
539,-0.684678,8.38489e-17,,1000.01,-4.76823e-05,19.756,,0.498475,-2.39441e-15,0.498475,,6.65646e-06,7.82289e-14,-7.01326e-15,fluid
540,-0.656944,-0.192896,,1000.01,2.70543e-06,19.5998,,0.498757,-0.00129269,0.498758,,5.14393e-05,1.77785e-05,-0.00148651,fluid
541,-0.575988,-0.370165,,1000.01,-4.84124e-05,18.9409,,0.499591,-0.00244144,0.499597,,-6.31654e-05,-2.69292e-05,-0.00278301,fluid
542,-0.448369,-0.517445,,1000.01,3.16717e-05,17.9571,,0.500938,-0.00328056,0.500949,,0.000246064,-3.59108e-05,-0.00435918,fluid
543,-0.284426,-0.622805,,1000.01,-0.000194744,16.8765,,0.502823,-0.0038399,0.502838,,-0.000139797,-0.000791391,-0.00381113,fluid
544,-0.0974399,-0.677709,,1000.01,0.000419116,16.832,,0.505324,-0.0033276,0.505335,,0.00163276,-7.40394e-05,-0.00661947,fluid
545,0.0974399,-0.677709,,1000.01,-7.60907e-05,15.3923,,0.506494,-0.00303073,0.506503,,0.000299904,-0.00235545,-0.00303337,fluid
546,0.284426,-0.622805,,1000.01,0.00106704,14.898,,0.509192,0.000715058,0.509192,,0.00357347,-0.000250056,-0.00549022,fluid
547,0.448369,-0.517445,,1000.01,0.00115318,12.3069,,0.510512,0.00199817,0.510516,,0.00332519,-0.00128292,-0.0145439,fluid
548,0.575988,-0.370165,,1000.01,0.000435726,11.5084,,0.514738,0.00765955,0.514795,,0.0142782,-0.00748245,0.0493867,fluid
549,0.656944,-0.192896,,1000,-0.00170975,4.42655,,0.493612,0.0204019,0.494034,,-0.00386379,0.0113358,0.105984,fluid
550,0.730961,0,,1000,-0.00314743,8.15977,,0.477243,-4.15706e-15,0.477243,,-0.0295333,3.79105e-13,-6.77232e-14,fluid
551,0.701352,0.205936,,1000,-0.00198956,8.28268,,0.495904,-0.0187419,0.496258,,-0.00237635,-0.0145985,-0.0753601,fluid
552,0.614924,0.395188,,1000,-0.00429408,8.58482,,0.512871,-0.00848956,0.512941,,0.0133378,0.00335614,-0.0354726,fluid
553,0.478678,0.552424,,1000,-0.00153089,8.87153,,0.509439,-0.00252529,0.509445,,0.00301416,0.00119102,0.0116718,fluid
554,0.303652,0.664906,,1000.01,0.000486851,12.5711,,0.508498,-0.00111849,0.508499,,0.00345691,-0.000195749,0.00590876,fluid
555,0.104027,0.723521,,1000.01,-0.000706193,11.6721,,0.506163,0.00220411,0.506168,,0.000432852,0.00187577,0.0036686,fluid
556,-0.104027,0.723521,,1000.01,0.000367466,14.0907,,0.504631,0.00270658,0.504639,,0.0011002,5.6458e-05,0.00665418,fluid
557,-0.303652,0.664906,,1000.01,-0.000108957,16.5637,,0.502544,0.00322429,0.502555,,-0.000154245,0.000562062,0.00438149,fluid
558,-0.478678,0.552424,,1000.01,1.15508e-05,17.4725,,0.500975,0.00285856,0.500983,,0.000179829,1.14989e-05,0.00447777,fluid
559,-0.614924,0.395188,,1000.01,-3.3656e-05,18.3819,,0.499753,0.0020937,0.499757,,-4.40357e-05,-1.07668e-05,0.00291641,fluid
560,-0.701352,0.205936,,1000.01,-6.56463e-07,19.0324,,0.499014,0.00112081,0.499015,,4.0015e-05,-1.43838e-05,0.00150306,fluid
561,-0.730961,8.95169e-17,,1000.01,-4.29086e-05,19.1772,,0.498766,-2.13141e-15,0.498766,,9.99369e-06,4.27825e-14,-6.79047e-15,fluid
562,-0.701352,-0.205936,,1000.01,-6.56477e-07,19.0324,,0.499014,-0.00112081,0.499015,,4.0015e-05,1.43838e-05,-0.00150306,fluid
563,-0.614924,-0.395188,,1000.01,-3.3656e-05,18.3819,,0.499753,-0.0020937,0.499757,,-4.40357e-05,1.07668e-05,-0.00291641,fluid
564,-0.478678,-0.552424,,1000.01,1.15508e-05,17.4725,,0.500975,-0.00285856,0.500983,,0.000179829,-1.14989e-05,-0.00447777,fluid
565,-0.303652,-0.664906,,1000.01,-0.000108957,16.5637,,0.502544,-0.00322429,0.502555,,-0.000154245,-0.000562062,-0.00438149,fluid
566,-0.104027,-0.723521,,1000.01,0.000367466,14.0907,,0.504631,-0.00270658,0.504639,,0.0011002,-5.6458e-05,-0.00665418,fluid
567,0.104027,-0.723521,,1000.01,-0.000706193,11.6721,,0.506163,-0.00220411,0.506168,,0.000432852,-0.00187577,-0.0036686,fluid
568,0.303652,-0.664906,,1000.01,0.000486851,12.5711,,0.508498,0.00111849,0.508499,,0.00345691,0.000195749,-0.00590876,fluid
569,0.478678,-0.552424,,1000,-0.00153089,8.87153,,0.509439,0.00252529,0.509445,,0.00301416,-0.00119102,-0.0116718,fluid
570,0.614924,-0.395188,,1000,-0.00429408,8.58482,,0.512871,0.00848956,0.512941,,0.0133378,-0.00335614,0.0354726,fluid
571,0.701352,-0.205936,,1000,-0.00198956,8.28268,,0.495904,0.0187419,0.496258,,-0.00237635,0.0145985,0.0753601,fluid
572,0.779588,0,,1000.01,0.00530085,18.7879,,0.483707,-5.8056e-15,0.483707,,-0.0219006,3.15325e-13,-5.27316e-14,fluid
573,0.748009,0.219635,,1000.01,0.000905589,14.6146,,0.498229,-0.0168731,0.498515,,3.98106e-05,-0.0164103,-0.0514178,fluid
574,0.655831,0.421477,,1000.01,-0.00406293,9.81069,,0.511372,-0.00885048,0.511448,,0.0125741,9.25039e-06,-0.0238797,fluid
575,0.510522,0.589173,,1000,-0.00311806,7.994,,0.508572,-0.00289474,0.50858,,0.00290877,0.000849413,0.00977477,fluid
576,0.323853,0.709138,,1000.01,-0.000245796,11.0572,,0.507865,-0.00136866,0.507867,,0.00330559,-0.00050958,0.00634643,fluid
577,0.110947,0.771653,,1000.01,-0.000847114,10.326,,0.505838,0.00159254,0.505841,,0.000616809,0.00143069,0.00451427,fluid
578,-0.110947,0.771653,,1000.01,4.45664e-05,12.6889,,0.504027,0.00219748,0.504032,,0.00068039,-9.59433e-06,0.00703109,fluid
579,-0.323853,0.709138,,1000.01,-1.24153e-05,15.9542,,0.502207,0.00266538,0.502214,,-0.000238187,0.000358799,0.00494506,fluid
580,-0.510522,0.589173,,1000.01,-1.56591e-05,17.1044,,0.500939,0.00245571,0.500946,,0.000122226,-1.23805e-05,0.00467332,fluid
581,-0.655831,0.421477,,1000.01,-2.55688e-05,17.8944,,0.499866,0.00177194,0.499869,,-3.00526e-05,-3.28024e-05,0.00303988,fluid
582,-0.748009,0.219635,,1000.01,-7.2432e-07,18.5479,,0.499216,0.000952882,0.499217,,2.80367e-05,-1.34854e-05,0.00152182,fluid
583,-0.779588,9.5472e-17,,1000.01,-3.22657e-05,18.6871,,0.499003,-2.38549e-15,0.499003,,9.47623e-06,1.9208e-14,-6.52126e-15,fluid
584,-0.748009,-0.219635,,1000.01,-7.24326e-07,18.5479,,0.499216,-0.000952882,0.499217,,2.80367e-05,1.34854e-05,-0.00152182,fluid
585,-0.655831,-0.421477,,1000.01,-2.55688e-05,17.8944,,0.499866,-0.00177194,0.499869,,-3.00526e-05,3.28024e-05,-0.00303988,fluid
586,-0.510522,-0.589173,,1000.01,-1.5659e-05,17.1044,,0.500939,-0.00245571,0.500946,,0.000122226,1.23805e-05,-0.00467332,fluid
587,-0.323853,-0.709138,,1000.01,-1.24153e-05,15.9542,,0.502207,-0.00266538,0.502214,,-0.000238187,-0.000358799,-0.00494506,fluid
588,-0.110947,-0.771653,,1000.01,4.45664e-05,12.6889,,0.504027,-0.00219748,0.504032,,0.00068039,9.59433e-06,-0.00703109,fluid
589,0.110947,-0.771653,,1000.01,-0.000847114,10.326,,0.505838,-0.00159254,0.505841,,0.000616809,-0.00143069,-0.00451427,fluid
590,0.323853,-0.709138,,1000.01,-0.000245796,11.0572,,0.507865,0.00136866,0.507867,,0.00330559,0.00050958,-0.00634643,fluid
591,0.510522,-0.589173,,1000,-0.00311806,7.994,,0.508572,0.00289474,0.50858,,0.00290877,-0.000849413,-0.00977477,fluid
592,0.655831,-0.421477,,1000.01,-0.00406293,9.81069,,0.511372,0.00885048,0.511448,,0.0125741,-9.25039e-06,0.0238797,fluid
593,0.748009,-0.219635,,1000.01,0.000905589,14.6146,,0.498229,0.0168731,0.498515,,3.98106e-05,0.0164103,0.0514178,fluid
594,0.830678,0,,1000.01,0.00160342,10.526,,0.487412,-6.15334e-15,0.487412,,-0.0173747,2.27991e-13,-3.95705e-14,fluid
595,0.797029,0.234029,,1000.01,0.0022642,12.8341,,0.499225,-0.0147078,0.499442,,0.00137694,-0.0161488,-0.0337859,fluid
596,0.69881,0.449098,,1000.01,0.00278237,14.7298,,0.509964,-0.00840298,0.510033,,0.0118487,-0.00162302,-0.0151601,fluid
597,0.543978,0.627784,,1000.01,-0.000779723,12.2752,,0.507881,-0.00289985,0.507889,,0.00325223,0.000554245,0.00820375,fluid
598,0.345076,0.755611,,1000.01,7.6871e-05,13.1566,,0.507118,-0.0012557,0.50712,,0.00309522,-0.000574629,0.00631228,fluid
599,0.118218,0.822223,,1000.01,4.08876e-05,14.2733,,0.505294,0.00143728,0.505296,,0.000670574,0.00117845,0.00511003,fluid
600,-0.118218,0.822223,,1000.01,-0.000214481,14.9629,,0.503675,0.00199621,0.503679,,0.000597983,-4.05408e-05,0.0080029,fluid
601,-0.345076,0.755611,,1000.01,4.23303e-05,15.8334,,0.501998,0.00225127,0.502003,,-0.000227846,0.000233033,0.00579776,fluid
602,-0.543978,0.627784,,1000.01,-3.02042e-05,17.1841,,0.500797,0.00205736,0.500801,,5.29366e-05,-4.62939e-05,0.00496293,fluid
603,-0.69881,0.449098,,1000.01,-2.62242e-05,17.8715,,0.499903,0.00147633,0.499905,,-2.46169e-05,-4.8529e-05,0.00318926,fluid
604,-0.797029,0.234029,,1000.01,-2.62224e-06,18.5019,,0.499338,0.000785858,0.499339,,1.38915e-05,-2.19505e-05,0.00155206,fluid
605,-0.830678,1.01729e-16,,1000.01,-2.40167e-05,18.6393,,0.499163,-2.28341e-15,0.499163,,6.90295e-06,-1.68281e-14,-6.0779e-15,fluid
606,-0.797029,-0.234029,,1000.01,-2.62224e-06,18.5019,,0.499338,-0.000785858,0.499339,,1.38915e-05,2.19505e-05,-0.00155206,fluid
607,-0.69881,-0.449098,,1000.01,-2.62242e-05,17.8715,,0.499903,-0.00147633,0.499905,,-2.46169e-05,4.8529e-05,-0.00318926,fluid
608,-0.543978,-0.627784,,1000.01,-3.02042e-05,17.1841,,0.500797,-0.00205736,0.500801,,5.29366e-05,4.62939e-05,-0.00496293,fluid
609,-0.345076,-0.755611,,1000.01,4.23303e-05,15.8334,,0.501998,-0.00225127,0.502003,,-0.000227846,-0.000233033,-0.00579776,fluid
610,-0.118218,-0.822223,,1000.01,-0.000214481,14.9629,,0.503675,-0.00199621,0.503679,,0.000597983,4.05408e-05,-0.0080029,fluid
611,0.118218,-0.822223,,1000.01,4.08876e-05,14.2733,,0.505294,-0.00143728,0.505296,,0.000670574,-0.00117845,-0.00511003,fluid
612,0.345076,-0.755611,,1000.01,7.6871e-05,13.1566,,0.507118,0.0012557,0.50712,,0.00309522,0.000574629,-0.00631228,fluid
613,0.543978,-0.627784,,1000.01,-0.000779723,12.2752,,0.507881,0.00289985,0.507889,,0.00325223,-0.000554245,-0.00820375,fluid
614,0.69881,-0.449098,,1000.01,0.00278237,14.7298,,0.509964,0.00840298,0.510033,,0.0118487,0.00162302,0.0151601,fluid
615,0.797029,-0.234029,,1000.01,0.0022642,12.8341,,0.499225,0.0147078,0.499442,,0.00137694,0.0161488,0.0337859,fluid
616,0.884354,0,,999.993,-0.0165564,-13.5098,,0.488399,-5.93357e-15,0.488399,,-0.017404,1.46385e-13,-2.89782e-14,fluid
617,0.848532,0.249151,,1000,-0.00242733,1.08643,,0.498653,-0.0127015,0.498815,,0.000361916,-0.015065,-0.0219051,fluid
618,0.743966,0.478118,,1000.01,0.00970086,18.2516,,0.508505,-0.00756964,0.508561,,0.0108,-0.00225508,-0.00960248,fluid
619,0.579129,0.66835,,1000.01,0.00335008,17.6225,,0.507167,-0.00270219,0.507174,,0.00360338,0.000410479,0.00637481,fluid
620,0.367374,0.804437,,1000.01,0.00121085,16.8607,,0.506259,-0.000965637,0.50626,,0.00276394,-0.000446571,0.00543759,fluid
621,0.125857,0.875353,,1000.01,0.00108029,19.8786,,0.504565,0.00158294,0.504567,,0.000546941,0.000970472,0.00505512,fluid
622,-0.125857,0.875353,,1000.01,-0.000154642,18.7389,,0.503418,0.002011,0.503422,,0.000628816,-2.51035e-05,0.00925422,fluid
623,-0.367374,0.804437,,1000.01,3.25255e-05,16.2296,,0.501877,0.00191809,0.501881,,-0.000146325,0.000156687,0.00683969,fluid
624,-0.579129,0.66835,,1000.01,-1.87103e-05,17.4938,,0.500612,0.00167436,0.500614,,-1.97597e-05,-7.90162e-05,0.00523192,fluid
625,-0.743966,0.478118,,1000.01,-2.94563e-05,18.157,,0.499889,0.00120965,0.49989,,-2.72805e-05,-6.03646e-05,0.00331182,fluid
626,-0.848532,0.249151,,1000.01,-7.31777e-06,18.7388,,0.49941,0.000629633,0.49941,,6.62327e-07,-3.50127e-05,0.0015725,fluid
627,-0.884354,1.08302e-16,,1000.01,-2.20928e-05,18.8815,,0.499269,-1.75057e-15,0.499269,,3.68633e-06,-8.41474e-14,-5.3284e-15,fluid
628,-0.848532,-0.249151,,1000.01,-7.31776e-06,18.7388,,0.49941,-0.000629633,0.49941,,6.62326e-07,3.50127e-05,-0.0015725,fluid
629,-0.743966,-0.478118,,1000.01,-2.94563e-05,18.157,,0.499889,-0.00120965,0.49989,,-2.72805e-05,6.03646e-05,-0.00331182,fluid
630,-0.579129,-0.66835,,1000.01,-1.87103e-05,17.4938,,0.500612,-0.00167436,0.500614,,-1.97597e-05,7.90162e-05,-0.00523192,fluid
631,-0.367374,-0.804437,,1000.01,3.25256e-05,16.2296,,0.501877,-0.00191809,0.501881,,-0.000146325,-0.000156687,-0.00683969,fluid
632,-0.125857,-0.875353,,1000.01,-0.000154642,18.7389,,0.503418,-0.002011,0.503422,,0.000628816,2.51035e-05,-0.00925422,fluid
633,0.125857,-0.875353,,1000.01,0.00108029,19.8786,,0.504565,-0.00158294,0.504567,,0.000546941,-0.000970472,-0.00505512,fluid
634,0.367374,-0.804437,,1000.01,0.00121085,16.8607,,0.506259,0.000965637,0.50626,,0.00276394,0.000446571,-0.00543759,fluid
635,0.579129,-0.66835,,1000.01,0.00335008,17.6225,,0.507167,0.00270219,0.507174,,0.00360338,-0.000410479,-0.00637481,fluid
636,0.743966,-0.478118,,1000.01,0.00970086,18.2516,,0.508505,0.00756964,0.508561,,0.0108,0.00225508,0.00960248,fluid
637,0.848532,-0.249151,,1000,-0.00242733,1.08643,,0.498653,0.0127015,0.498815,,0.000361916,0.015065,0.0219051,fluid
638,0.940749,0,,999.993,-0.0205092,-14.2896,,0.491014,-5.84669e-15,0.491014,,-0.0147333,8.49308e-14,-2.08567e-14,fluid
639,0.902642,0.26504,,999.999,-0.00629191,-2.12462,,0.498865,-0.0107181,0.49898,,-0.000342947,-0.0137953,-0.0146995,fluid
640,0.791409,0.508607,,1000.01,0.00490043,13.7445,,0.506881,-0.0069655,0.506929,,0.00862807,-0.00333182,-0.00681988,fluid
641,0.61606,0.710971,,1000.01,0.00273501,15.2824,,0.506139,-0.00273892,0.506146,,0.00312525,7.42485e-05,0.00410194,fluid
642,0.390801,0.855736,,1000.01,0.00131281,16.0287,,0.505329,-0.000944675,0.50533,,0.00229265,-0.000397747,0.00378159,fluid
643,0.133883,0.931174,,1000.01,0.000671801,17.8531,,0.503779,0.00129845,0.50378,,0.000299824,0.000724596,0.0042422,fluid
644,-0.133883,0.931174,,1000.01,0.000219377,17.7387,,0.50311,0.00174169,0.503113,,0.000545192,1.2904e-05,0.0100862,fluid
645,-0.390801,0.855736,,1000.01,-6.35206e-05,16.1412,,0.501749,0.00155668,0.501752,,-9.65375e-05,7.16062e-05,0.00759524,fluid
646,-0.61606,0.710971,,1000.01,1.8636e-05,17.1433,,0.500512,0.00132398,0.500514,,-5.74683e-05,-8.10714e-05,0.005287,fluid
647,-0.791409,0.508607,,1000.01,-2.38469e-05,17.9373,,0.499913,0.000982698,0.499914,,-2.43062e-05,-5.03103e-05,0.00330434,fluid
648,-0.902642,0.26504,,1000.01,-1.25017e-05,18.4626,,0.499512,0.000514726,0.499513,,-3.19796e-06,-2.56165e-05,0.00154725,fluid
649,-0.940749,1.15209e-16,,1000.01,-2.66143e-05,18.6214,,0.499392,-1.51154e-15,0.499392,,1.54735e-06,-1.8045e-13,-4.43378e-15,fluid
650,-0.902642,-0.26504,,1000.01,-1.25017e-05,18.4626,,0.499512,-0.000514726,0.499513,,-3.19796e-06,2.56165e-05,-0.00154725,fluid
651,-0.791409,-0.508607,,1000.01,-2.38469e-05,17.9373,,0.499913,-0.000982698,0.499914,,-2.43062e-05,5.03103e-05,-0.00330434,fluid
652,-0.61606,-0.710971,,1000.01,1.8636e-05,17.1433,,0.500512,-0.00132398,0.500514,,-5.74683e-05,8.10714e-05,-0.005287,fluid
653,-0.390801,-0.855736,,1000.01,-6.35206e-05,16.1412,,0.501749,-0.00155668,0.501752,,-9.65375e-05,-7.16062e-05,-0.00759524,fluid
654,-0.133883,-0.931174,,1000.01,0.000219377,17.7387,,0.50311,-0.00174169,0.503113,,0.000545192,-1.2904e-05,-0.0100862,fluid
655,0.133883,-0.931174,,1000.01,0.000671801,17.8531,,0.503779,-0.00129845,0.50378,,0.000299824,-0.000724596,-0.0042422,fluid
656,0.390801,-0.855736,,1000.01,0.00131281,16.0287,,0.505329,0.000944675,0.50533,,0.00229265,0.000397747,-0.00378159,fluid
657,0.61606,-0.710971,,1000.01,0.00273501,15.2824,,0.506139,0.00273892,0.506146,,0.00312525,-7.42485e-05,-0.00410194,fluid
658,0.791409,-0.508607,,1000.01,0.00490043,13.7445,,0.506881,0.0069655,0.506929,,0.00862807,0.00333182,0.00681988,fluid
659,0.902642,-0.26504,,999.999,-0.00629191,-2.12462,,0.498865,0.0107181,0.49898,,-0.000342947,0.0137953,0.0146995,fluid
660,1,0,,1000.03,0.0278454,50.5933,,0.4987,-6.29714e-15,0.4987,,-0.00207955,4.52117e-14,-1.4764e-14,fluid
661,0.959493,0.281733,,1000.01,0.00572088,27.1972,,0.50208,-0.00854207,0.502153,,0.00311248,-0.0122028,-0.0107302,fluid
662,0.841254,0.540641,,999.999,-0.018904,-1.29543,,0.50528,-0.00687937,0.505327,,0.0052222,-0.00562405,-0.00589994,fluid
663,0.654861,0.75575,,1000,-0.00775105,-0.54308,,0.504742,-0.00319522,0.504752,,0.00152598,-0.000668606,0.00162133,fluid
664,0.415415,0.909632,,1000,-0.0014195,5.86083,,0.504367,-0.00140979,0.504369,,0.00155911,-0.000580536,0.00176004,fluid
665,0.142315,0.989821,,1000,-0.0025897,1.19914,,0.503009,0.000268633,0.503009,,-6.65918e-05,0.000183399,0.00289091,fluid
666,-0.142315,0.989821,,1000,0.00064293,6.95276,,0.502725,0.000944382,0.502726,,0.000290764,3.92927e-06,0.00983718,fluid
667,-0.415415,0.909632,,1000.01,-0.000232559,14.6978,,0.50164,0.00114971,0.501641,,-6.19286e-05,-1.01785e-05,0.00756191,fluid
668,-0.654861,0.75575,,1000.01,5.89043e-05,15.433,,0.500625,0.00105547,0.500627,,-1.31424e-05,-2.10326e-05,0.00496107,fluid
669,-0.841254,0.540641,,1000.01,-7.91525e-06,16.497,,0.500071,0.000835296,0.500072,,8.24697e-06,9.95494e-06,0.00307547,fluid
670,-0.959493,0.281733,,1000.01,-1.67165e-05,16.9595,,0.499716,0.000461311,0.499716,,6.65673e-06,1.94232e-05,0.00143804,fluid
671,-1,1.22465e-16,,1000.01,-3.30852e-05,17.139,,0.499595,-1.76672e-15,0.499595,,6.32346e-07,-2.86298e-13,-3.50823e-15,fluid
672,-0.959493,-0.281733,,1000.01,-1.67165e-05,16.9595,,0.499716,-0.000461311,0.499716,,6.65673e-06,-1.94232e-05,-0.00143804,fluid
673,-0.841254,-0.540641,,1000.01,-7.91523e-06,16.497,,0.500071,-0.000835296,0.500072,,8.24696e-06,-9.95494e-06,-0.00307547,fluid
674,-0.654861,-0.75575,,1000.01,5.89043e-05,15.433,,0.500625,-0.00105547,0.500627,,-1.31424e-05,2.10326e-05,-0.00496107,fluid
675,-0.415415,-0.909632,,1000.01,-0.000232559,14.6978,,0.50164,-0.00114971,0.501641,,-6.19286e-05,1.01785e-05,-0.00756191,fluid
676,-0.142315,-0.989821,,1000,0.00064293,6.95276,,0.502725,-0.000944382,0.502726,,0.000290764,-3.92927e-06,-0.00983718,fluid
677,0.142315,-0.989821,,1000,-0.0025897,1.19914,,0.503009,-0.000268633,0.503009,,-6.65918e-05,-0.000183399,-0.00289091,fluid
678,0.415415,-0.909632,,1000,-0.0014195,5.86083,,0.504367,0.00140979,0.504369,,0.00155911,0.000580536,-0.00176004,fluid
679,0.654861,-0.75575,,1000,-0.00775105,-0.54308,,0.504742,0.00319522,0.504752,,0.00152598,0.000668606,-0.00162133,fluid
680,0.841254,-0.540641,,999.999,-0.018904,-1.29543,,0.50528,0.00687937,0.505327,,0.0052222,0.00562405,0.00589994,fluid
681,0.959493,-0.281733,,1000.01,0.00572088,27.1972,,0.50208,0.00854207,0.502153,,0.00311248,0.0122028,0.0107302,fluid
682,1.06225,0,,999.998,0,-3.50196,,0.499921,-6.29714e-15,0.499921,,0,0,0,buffer
683,1.01922,0.299271,,1000,0,4.50034,,0.502572,-0.00839772,0.502642,,0,0,0,buffer
684,0.893623,0.574296,,1000.01,0,15.3556,,0.504964,-0.0070826,0.505013,,0,0,0,buffer
685,0.695627,0.802796,,1000.01,0,15.022,,0.504512,-0.00346079,0.504524,,0,0,0,buffer
686,0.441275,0.966258,,1000.01,0,14.7043,,0.504284,-0.0015914,0.504286,,0,0,0,buffer
687,0.151174,1.05144,,1000.01,0,15.9717,,0.502961,-6.14748e-05,0.502961,,0,0,0,buffer
688,-0.151174,1.05144,,1000.01,0,15.5899,,0.49995,0.000348373,0.49995,,0,0,0,buffer
689,-0.441275,0.966258,,1000.01,0,15.4228,,0.499855,0.000316717,0.499855,,0,0,0,buffer
690,-0.695627,0.802796,,1000.01,0,16.3119,,0.499759,0.000278307,0.499759,,0,0,0,buffer
691,-0.893623,0.574296,,1000.01,0,16.92,,0.499679,0.000206516,0.499679,,0,0,0,buffer
692,-1.01922,0.299271,,1000.01,0,17.4026,,0.499623,0.000110686,0.499623,,0,0,0,buffer
693,-1.06225,1.30088e-16,,1000.01,0,17.5418,,0.499604,4.84986e-20,0.499604,,0,0,0,buffer
694,-1.01922,-0.299271,,1000.01,0,17.4026,,0.499623,-0.000110686,0.499623,,0,0,0,buffer
695,-0.893623,-0.574296,,1000.01,0,16.92,,0.499679,-0.000206516,0.499679,,0,0,0,buffer
696,-0.695627,-0.802796,,1000.01,0,16.3119,,0.499759,-0.000278307,0.499759,,0,0,0,buffer
697,-0.441275,-0.966258,,1000.01,0,15.4228,,0.499855,-0.000316717,0.499855,,0,0,0,buffer
698,-0.151174,-1.05144,,1000.01,0,15.5899,,0.49995,-0.000348373,0.49995,,0,0,0,buffer
699,0.151174,-1.05144,,1000.01,0,15.9717,,0.502961,6.14748e-05,0.502961,,0,0,0,buffer
700,0.441275,-0.966258,,1000.01,0,14.7043,,0.504284,0.0015914,0.504286,,0,0,0,buffer
701,0.695627,-0.802796,,1000.01,0,15.022,,0.504512,0.00346079,0.504524,,0,0,0,buffer
702,0.893623,-0.574296,,1000.01,0,15.3556,,0.504964,0.0070826,0.505013,,0,0,0,buffer
703,1.01922,-0.299271,,1000,0,4.50034,,0.502572,0.00839772,0.502642,,0,0,0,buffer
704,1.12766,0,,999.998,0,-3.50196,,0.499921,-6.29714e-15,0.499921,,0,0,0,buffer
705,1.08198,0.317697,,1000,0,4.50034,,0.502572,-0.00839772,0.502642,,0,0,0,buffer
706,0.948644,0.609656,,1000.01,0,15.3556,,0.504964,-0.0070826,0.505013,,0,0,0,buffer
707,0.738457,0.852225,,1000.01,0,15.022,,0.504512,-0.00346079,0.504524,,0,0,0,buffer
708,0.468445,1.02575,,1000.01,0,14.7043,,0.504284,-0.0015914,0.504286,,0,0,0,buffer
709,0.160482,1.11618,,1000.01,0,15.9717,,0.502961,-6.14748e-05,0.502961,,0,0,0,buffer
710,-0.160482,1.11618,,1000.01,0,15.5899,,0.49995,0.000348373,0.49995,,0,0,0,buffer
711,-0.468445,1.02575,,1000.01,0,15.4228,,0.499855,0.000316717,0.499855,,0,0,0,buffer
712,-0.738457,0.852225,,1000.01,0,16.3119,,0.499759,0.000278307,0.499759,,0,0,0,buffer
713,-0.948644,0.609656,,1000.01,0,16.92,,0.499679,0.000206516,0.499679,,0,0,0,buffer
714,-1.08198,0.317697,,1000.01,0,17.4026,,0.499623,0.000110686,0.499623,,0,0,0,buffer
715,-1.12766,1.38098e-16,,1000.01,0,17.5418,,0.499604,4.84986e-20,0.499604,,0,0,0,buffer
716,-1.08198,-0.317697,,1000.01,0,17.4026,,0.499623,-0.000110686,0.499623,,0,0,0,buffer
717,-0.948644,-0.609656,,1000.01,0,16.92,,0.499679,-0.000206516,0.499679,,0,0,0,buffer
718,-0.738457,-0.852225,,1000.01,0,16.3119,,0.499759,-0.000278307,0.499759,,0,0,0,buffer
719,-0.468445,-1.02575,,1000.01,0,15.4228,,0.499855,-0.000316717,0.499855,,0,0,0,buffer
720,-0.160482,-1.11618,,1000.01,0,15.5899,,0.49995,-0.000348373,0.49995,,0,0,0,buffer
721,0.160482,-1.11618,,1000.01,0,15.9717,,0.502961,6.14748e-05,0.502961,,0,0,0,buffer
722,0.468445,-1.02575,,1000.01,0,14.7043,,0.504284,0.0015914,0.504286,,0,0,0,buffer
723,0.738457,-0.852225,,1000.01,0,15.022,,0.504512,0.00346079,0.504524,,0,0,0,buffer
724,0.948644,-0.609656,,1000.01,0,15.3556,,0.504964,0.0070826,0.505013,,0,0,0,buffer
725,1.08198,-0.317697,,1000,0,4.50034,,0.502572,0.00839772,0.502642,,0,0,0,buffer
726,1.19637,0,,999.998,0,-3.50196,,0.499921,-6.29714e-15,0.499921,,0,0,0,buffer
727,1.14791,0.337057,,1000,0,4.50034,,0.502572,-0.00839772,0.502642,,0,0,0,buffer
728,1.00645,0.646807,,1000.01,0,15.3556,,0.504964,-0.0070826,0.505013,,0,0,0,buffer
729,0.783456,0.904157,,1000.01,0,15.022,,0.504512,-0.00346079,0.504524,,0,0,0,buffer
730,0.496991,1.08826,,1000.01,0,14.7043,,0.504284,-0.0015914,0.504286,,0,0,0,buffer
731,0.170261,1.18419,,1000.01,0,15.9717,,0.502961,-6.14748e-05,0.502961,,0,0,0,buffer
732,-0.170261,1.18419,,1000.01,0,15.5899,,0.49995,0.000348373,0.49995,,0,0,0,buffer
733,-0.496991,1.08826,,1000.01,0,15.4228,,0.499855,0.000316717,0.499855,,0,0,0,buffer
734,-0.783456,0.904157,,1000.01,0,16.3119,,0.499759,0.000278307,0.499759,,0,0,0,buffer
735,-1.00645,0.646807,,1000.01,0,16.92,,0.499679,0.000206516,0.499679,,0,0,0,buffer
736,-1.14791,0.337057,,1000.01,0,17.4026,,0.499623,0.000110686,0.499623,,0,0,0,buffer
737,-1.19637,1.46513e-16,,1000.01,0,17.5418,,0.499604,4.84986e-20,0.499604,,0,0,0,buffer
738,-1.14791,-0.337057,,1000.01,0,17.4026,,0.499623,-0.000110686,0.499623,,0,0,0,buffer
739,-1.00645,-0.646807,,1000.01,0,16.92,,0.499679,-0.000206516,0.499679,,0,0,0,buffer
740,-0.783456,-0.904157,,1000.01,0,16.3119,,0.499759,-0.000278307,0.499759,,0,0,0,buffer
741,-0.496991,-1.08826,,1000.01,0,15.4228,,0.499855,-0.000316717,0.499855,,0,0,0,buffer
742,-0.170261,-1.18419,,1000.01,0,15.5899,,0.49995,-0.000348373,0.49995,,0,0,0,buffer
743,0.170261,-1.18419,,1000.01,0,15.9717,,0.502961,6.14748e-05,0.502961,,0,0,0,buffer
744,0.496991,-1.08826,,1000.01,0,14.7043,,0.504284,0.0015914,0.504286,,0,0,0,buffer
745,0.783456,-0.904157,,1000.01,0,15.022,,0.504512,0.00346079,0.504524,,0,0,0,buffer
746,1.00645,-0.646807,,1000.01,0,15.3556,,0.504964,0.0070826,0.505013,,0,0,0,buffer
747,1.14791,-0.337057,,1000,0,4.50034,,0.502572,0.00839772,0.502642,,0,0,0,buffer
748,1.26857,0,,999.998,0,-3.50196,,0.499921,-6.29714e-15,0.499921,,0,0,0,buffer
749,1.21718,0.357397,,1000,0,4.50034,,0.502572,-0.00839772,0.502642,,0,0,0,buffer
750,1.06719,0.685839,,1000.01,0,15.3556,,0.504964,-0.0070826,0.505013,,0,0,0,buffer
751,0.830735,0.958719,,1000.01,0,15.022,,0.504512,-0.00346079,0.504524,,0,0,0,buffer
752,0.526982,1.15393,,1000.01,0,14.7043,,0.504284,-0.0015914,0.504286,,0,0,0,buffer
753,0.180536,1.25565,,1000.01,0,15.9717,,0.502961,-6.14748e-05,0.502961,,0,0,0,buffer
754,-0.180536,1.25565,,1000.01,0,15.5899,,0.49995,0.000348373,0.49995,,0,0,0,buffer
755,-0.526982,1.15393,,1000.01,0,15.4228,,0.499855,0.000316717,0.499855,,0,0,0,buffer
756,-0.830735,0.958719,,1000.01,0,16.3119,,0.499759,0.000278307,0.499759,,0,0,0,buffer
757,-1.06719,0.685839,,1000.01,0,16.92,,0.499679,0.000206516,0.499679,,0,0,0,buffer
758,-1.21718,0.357397,,1000.01,0,17.4026,,0.499623,0.000110686,0.499623,,0,0,0,buffer
759,-1.26857,1.55355e-16,,1000.01,0,17.5418,,0.499604,4.84986e-20,0.499604,,0,0,0,buffer
760,-1.21718,-0.357397,,1000.01,0,17.4026,,0.499623,-0.000110686,0.499623,,0,0,0,buffer
761,-1.06719,-0.685839,,1000.01,0,16.92,,0.499679,-0.000206516,0.499679,,0,0,0,buffer
762,-0.830735,-0.958719,,1000.01,0,16.3119,,0.499759,-0.000278307,0.499759,,0,0,0,buffer
763,-0.526982,-1.15393,,1000.01,0,15.4228,,0.499855,-0.000316717,0.499855,,0,0,0,buffer
764,-0.180536,-1.25565,,1000.01,0,15.5899,,0.49995,-0.000348373,0.49995,,0,0,0,buffer
765,0.180536,-1.25565,,1000.01,0,15.9717,,0.502961,6.14748e-05,0.502961,,0,0,0,buffer
766,0.526982,-1.15393,,1000.01,0,14.7043,,0.504284,0.0015914,0.504286,,0,0,0,buffer
767,0.830735,-0.958719,,1000.01,0,15.022,,0.504512,0.00346079,0.504524,,0,0,0,buffer
768,1.06719,-0.685839,,1000.01,0,15.3556,,0.504964,0.0070826,0.505013,,0,0,0,buffer
769,1.21718,-0.357397,,1000,0,4.50034,,0.502572,0.00839772,0.502642,,0,0,0,buffer
770,1.34442,0,,999.998,0,-3.50196,,0.499921,-6.29714e-15,0.499921,,0,0,0,buffer
771,1.28996,0.378767,,1000,0,4.50034,,0.502572,-0.00839772,0.502642,,0,0,0,buffer
772,1.131,0.726848,,1000.01,0,15.3556,,0.504964,-0.0070826,0.505013,,0,0,0,buffer
773,0.880407,1.01604,,1000.01,0,15.022,,0.504512,-0.00346079,0.504524,,0,0,0,buffer
774,0.558492,1.22293,,1000.01,0,14.7043,,0.504284,-0.0015914,0.504286,,0,0,0,buffer
775,0.191331,1.33073,,1000.01,0,15.9717,,0.502961,-6.14748e-05,0.502961,,0,0,0,buffer
776,-0.191331,1.33073,,1000.01,0,15.5899,,0.49995,0.000348373,0.49995,,0,0,0,buffer
777,-0.558492,1.22293,,1000.01,0,15.4228,,0.499855,0.000316717,0.499855,,0,0,0,buffer
778,-0.880407,1.01604,,1000.01,0,16.3119,,0.499759,0.000278307,0.499759,,0,0,0,buffer
779,-1.131,0.726848,,1000.01,0,16.92,,0.499679,0.000206516,0.499679,,0,0,0,buffer
780,-1.28996,0.378767,,1000.01,0,17.4026,,0.499623,0.000110686,0.499623,,0,0,0,buffer
781,-1.34442,1.64644e-16,,1000.01,0,17.5418,,0.499604,4.84986e-20,0.499604,,0,0,0,buffer
782,-1.28996,-0.378767,,1000.01,0,17.4026,,0.499623,-0.000110686,0.499623,,0,0,0,buffer
783,-1.131,-0.726848,,1000.01,0,16.92,,0.499679,-0.000206516,0.499679,,0,0,0,buffer
784,-0.880407,-1.01604,,1000.01,0,16.3119,,0.499759,-0.000278307,0.499759,,0,0,0,buffer
785,-0.558492,-1.22293,,1000.01,0,15.4228,,0.499855,-0.000316717,0.499855,,0,0,0,buffer
786,-0.191331,-1.33073,,1000.01,0,15.5899,,0.49995,-0.000348373,0.49995,,0,0,0,buffer
787,0.191331,-1.33073,,1000.01,0,15.9717,,0.502961,6.14748e-05,0.502961,,0,0,0,buffer
788,0.558492,-1.22293,,1000.01,0,14.7043,,0.504284,0.0015914,0.504286,,0,0,0,buffer
789,0.880407,-1.01604,,1000.01,0,15.022,,0.504512,0.00346079,0.504524,,0,0,0,buffer
790,1.131,-0.726848,,1000.01,0,15.3556,,0.504964,0.0070826,0.505013,,0,0,0,buffer
791,1.28996,-0.378767,,1000,0,4.50034,,0.502572,0.00839772,0.502642,,0,0,0,buffer
792,1.42411,0,,999.998,0,-3.50196,,0.499921,-6.29714e-15,0.499921,,0,0,0,buffer
793,1.36643,0.401219,,1000,0,4.50034,,0.502572,-0.00839772,0.502642,,0,0,0,buffer
794,1.19804,0.769933,,1000.01,0,15.3556,,0.504964,-0.0070826,0.505013,,0,0,0,buffer
795,0.932595,1.07627,,1000.01,0,15.022,,0.504512,-0.00346079,0.504524,,0,0,0,buffer
796,0.591598,1.29542,,1000.01,0,14.7043,,0.504284,-0.0015914,0.504286,,0,0,0,buffer
797,0.202672,1.40962,,1000.01,0,15.9717,,0.502961,-6.14748e-05,0.502961,,0,0,0,buffer
798,-0.202672,1.40962,,1000.01,0,15.5899,,0.49995,0.000348373,0.49995,,0,0,0,buffer
799,-0.591598,1.29542,,1000.01,0,15.4228,,0.499855,0.000316717,0.499855,,0,0,0,buffer
800,-0.932595,1.07627,,1000.01,0,16.3119,,0.499759,0.000278307,0.499759,,0,0,0,buffer
801,-1.19804,0.769933,,1000.01,0,16.92,,0.499679,0.000206516,0.499679,,0,0,0,buffer
802,-1.36643,0.401219,,1000.01,0,17.4026,,0.499623,0.000110686,0.499623,,0,0,0,buffer
803,-1.42411,1.74403e-16,,1000.01,0,17.5418,,0.499604,4.84986e-20,0.499604,,0,0,0,buffer
804,-1.36643,-0.401219,,1000.01,0,17.4026,,0.499623,-0.000110686,0.499623,,0,0,0,buffer
805,-1.19804,-0.769933,,1000.01,0,16.92,,0.499679,-0.000206516,0.499679,,0,0,0,buffer
806,-0.932595,-1.07627,,1000.01,0,16.3119,,0.499759,-0.000278307,0.499759,,0,0,0,buffer
807,-0.591598,-1.29542,,1000.01,0,15.4228,,0.499855,-0.000316717,0.499855,,0,0,0,buffer
808,-0.202672,-1.40962,,1000.01,0,15.5899,,0.49995,-0.000348373,0.49995,,0,0,0,buffer
809,0.202672,-1.40962,,1000.01,0,15.9717,,0.502961,6.14748e-05,0.502961,,0,0,0,buffer
810,0.591598,-1.29542,,1000.01,0,14.7043,,0.504284,0.0015914,0.504286,,0,0,0,buffer
811,0.932595,-1.07627,,1000.01,0,15.022,,0.504512,0.00346079,0.504524,,0,0,0,buffer
812,1.19804,-0.769933,,1000.01,0,15.3556,,0.504964,0.0070826,0.505013,,0,0,0,buffer
813,1.36643,-0.401219,,1000,0,4.50034,,0.502572,0.00839772,0.502642,,0,0,0,buffer
814,1.50784,0,,999.998,0,-3.50196,,0.499921,-6.29714e-15,0.499921,,0,0,0,buffer
815,1.44676,0.424808,,1000,0,4.50034,,0.502572,-0.00839772,0.502642,,0,0,0,buffer
816,1.26848,0.8152,,1000.01,0,15.3556,,0.504964,-0.0070826,0.505013,,0,0,0,buffer
817,0.987426,1.13955,,1000.01,0,15.022,,0.504512,-0.00346079,0.504524,,0,0,0,buffer
818,0.62638,1.37158,,1000.01,0,14.7043,,0.504284,-0.0015914,0.504286,,0,0,0,buffer
819,0.214588,1.49249,,1000.01,0,15.9717,,0.502961,-6.14748e-05,0.502961,,0,0,0,buffer
820,-0.214588,1.49249,,1000.01,0,15.5899,,0.49995,0.000348373,0.49995,,0,0,0,buffer
821,-0.62638,1.37158,,1000.01,0,15.4228,,0.499855,0.000316717,0.499855,,0,0,0,buffer
822,-0.987426,1.13955,,1000.01,0,16.3119,,0.499759,0.000278307,0.499759,,0,0,0,buffer
823,-1.26848,0.8152,,1000.01,0,16.92,,0.499679,0.000206516,0.499679,,0,0,0,buffer
824,-1.44676,0.424808,,1000.01,0,17.4026,,0.499623,0.000110686,0.499623,,0,0,0,buffer
825,-1.50784,1.84657e-16,,1000.01,0,17.5418,,0.499604,4.84986e-20,0.499604,,0,0,0,buffer
826,-1.44676,-0.424808,,1000.01,0,17.4026,,0.499623,-0.000110686,0.499623,,0,0,0,buffer
827,-1.26848,-0.8152,,1000.01,0,16.92,,0.499679,-0.000206516,0.499679,,0,0,0,buffer
828,-0.987426,-1.13955,,1000.01,0,16.3119,,0.499759,-0.000278307,0.499759,,0,0,0,buffer
829,-0.62638,-1.37158,,1000.01,0,15.4228,,0.499855,-0.000316717,0.499855,,0,0,0,buffer
830,-0.214588,-1.49249,,1000.01,0,15.5899,,0.49995,-0.000348373,0.49995,,0,0,0,buffer
831,0.214588,-1.49249,,1000.01,0,15.9717,,0.502961,6.14748e-05,0.502961,,0,0,0,buffer
832,0.62638,-1.37158,,1000.01,0,14.7043,,0.504284,0.0015914,0.504286,,0,0,0,buffer
833,0.987426,-1.13955,,1000.01,0,15.022,,0.504512,0.00346079,0.504524,,0,0,0,buffer
834,1.26848,-0.8152,,1000.01,0,15.3556,,0.504964,0.0070826,0.505013,,0,0,0,buffer
835,1.44676,-0.424808,,1000,0,4.50034,,0.502572,0.00839772,0.502642,,0,0,0,buffer
836,1.59581,0,,999.998,0,-3.50196,,0.499921,-6.29714e-15,0.499921,,0,0,0,buffer
837,1.53117,0.449592,,1000,0,4.50034,,0.502572,-0.00839772,0.502642,,0,0,0,buffer
838,1.34248,0.86276,,1000.01,0,15.3556,,0.504964,-0.0070826,0.505013,,0,0,0,buffer
839,1.04503,1.20603,,1000.01,0,15.022,,0.504512,-0.00346079,0.504524,,0,0,0,buffer
840,0.662923,1.4516,,1000.01,0,14.7043,,0.504284,-0.0015914,0.504286,,0,0,0,buffer
841,0.227107,1.57957,,1000.01,0,15.9717,,0.502961,-6.14748e-05,0.502961,,0,0,0,buffer
842,-0.227107,1.57957,,1000.01,0,15.5899,,0.49995,0.000348373,0.49995,,0,0,0,buffer
843,-0.662923,1.4516,,1000.01,0,15.4228,,0.499855,0.000316717,0.499855,,0,0,0,buffer
844,-1.04503,1.20603,,1000.01,0,16.3119,,0.499759,0.000278307,0.499759,,0,0,0,buffer
845,-1.34248,0.86276,,1000.01,0,16.92,,0.499679,0.000206516,0.499679,,0,0,0,buffer
846,-1.53117,0.449592,,1000.01,0,17.4026,,0.499623,0.000110686,0.499623,,0,0,0,buffer
847,-1.59581,1.9543e-16,,1000.01,0,17.5418,,0.499604,4.84986e-20,0.499604,,0,0,0,buffer
848,-1.53117,-0.449592,,1000.01,0,17.4026,,0.499623,-0.000110686,0.499623,,0,0,0,buffer
849,-1.34248,-0.86276,,1000.01,0,16.92,,0.499679,-0.000206516,0.499679,,0,0,0,buffer
850,-1.04503,-1.20603,,1000.01,0,16.3119,,0.499759,-0.000278307,0.499759,,0,0,0,buffer
851,-0.662923,-1.4516,,1000.01,0,15.4228,,0.499855,-0.000316717,0.499855,,0,0,0,buffer
852,-0.227107,-1.57957,,1000.01,0,15.5899,,0.49995,-0.000348373,0.49995,,0,0,0,buffer
853,0.227107,-1.57957,,1000.01,0,15.9717,,0.502961,6.14748e-05,0.502961,,0,0,0,buffer
854,0.662923,-1.4516,,1000.01,0,14.7043,,0.504284,0.0015914,0.504286,,0,0,0,buffer
855,1.04503,-1.20603,,1000.01,0,15.022,,0.504512,0.00346079,0.504524,,0,0,0,buffer
856,1.34248,-0.86276,,1000.01,0,15.3556,,0.504964,0.0070826,0.505013,,0,0,0,buffer
857,1.53117,-0.449592,,1000,0,4.50034,,0.502572,0.00839772,0.502642,,0,0,0,buffer
