h/dp :,2
L2norm Pressure,L2norm ux,L2norm vy,L2norm rho,KE,dr0,Nfluid
3.16591,0.085513,inf,1.47064e-06,16.7396,0.0141421,660

t,7.90002
ID,x,y,,rho,drhodt,pressure,,u,v,velocity,,dudt,dvdt,vorticity,type
0,0.05,0,,999.999,0,-2.78399,,-0,1.41876e-13,1.41876e-13,,0,0,0,boundary
1,0.0479746,0.0140866,,999.999,0,-2.3417,,0.00645244,-0.021975,0.0229027,,0,0,0,boundary
2,0.0420627,0.027032,,999.999,0,-1.43185,,0.0256953,-0.0399827,0.0475275,,0,0,0,boundary
3,0.032743,0.0377875,,1000,0,-0.515154,,0.0542969,-0.0470486,0.0718451,,0,0,0,boundary
4,0.0207708,0.0454816,,1000,0,0.268589,,0.0839999,-0.0383615,0.092345,,0,0,0,boundary
5,0.00711574,0.0494911,,1000,0,1.01,,0.104837,-0.0150733,0.105915,,0,0,0,boundary
6,-0.00711574,0.0494911,,1000,0,1.87446,,0.109636,0.0157633,0.110763,,0,0,0,boundary
7,-0.0207708,0.0454816,,1000,0,2.75056,,0.0963019,0.0439796,0.105869,,0,0,0,boundary
8,-0.032743,0.0377875,,1000,0,3.41569,,0.0675763,0.0585552,0.0894162,,0,0,0,boundary
9,-0.0420627,0.027032,,1000,0,3.86537,,0.0349311,0.0543539,0.0646106,,0,0,0,boundary
10,-0.0479746,0.0140866,,1000,0,4.18241,,0.00948229,0.0322937,0.033657,,0,0,0,boundary
11,-0.05,6.12323e-18,,1000,0,4.29769,,-3.28759e-29,-2.68452e-13,2.68452e-13,,0,0,0,boundary
12,-0.0479746,-0.0140866,,1000,0,4.18241,,0.00948229,-0.0322937,0.033657,,0,0,0,boundary
13,-0.0420627,-0.027032,,1000,0,3.86537,,0.0349311,-0.0543539,0.0646106,,0,0,0,boundary
14,-0.032743,-0.0377875,,1000,0,3.41569,,0.0675763,-0.0585552,0.0894162,,0,0,0,boundary
15,-0.0207708,-0.0454816,,1000,0,2.75056,,0.0963019,-0.0439796,0.105869,,0,0,0,boundary
16,-0.00711574,-0.0494911,,1000,0,1.87446,,0.109636,-0.0157633,0.110763,,0,0,0,boundary
17,0.00711574,-0.0494911,,1000,0,1.01,,0.104837,0.0150733,0.105915,,0,0,0,boundary
18,0.0207708,-0.0454816,,1000,0,0.268589,,0.0839999,0.0383615,0.092345,,0,0,0,boundary
19,0.032743,-0.0377875,,1000,0,-0.515154,,0.0542969,0.0470486,0.0718451,,0,0,0,boundary
20,0.0420627,-0.027032,,999.999,0,-1.43185,,0.0256953,0.0399827,0.0475275,,0,0,0,boundary
21,0.0479746,-0.0140866,,999.999,0,-2.3417,,0.00645244,0.021975,0.0229027,,0,0,0,boundary
22,0.0641421,0,,999.999,1.07688e-06,-1.61509,,0.0531456,1.41876e-13,0.0531456,,1.44438e-05,3.19438e-12,-3.22331e-12,fluid
23,0.0615439,0.0180709,,999.999,4.9201e-06,-1.44901,,0.0594864,-0.00640282,0.05983,,8.57942e-06,6.33863e-06,-0.440549,fluid
24,0.0539598,0.0346779,,1000,6.11533e-06,-0.869229,,0.0748024,-0.0084235,0.0752752,,-1.18463e-06,7.60693e-06,-0.67953,fluid
25,0.0420042,0.0484754,,1000,3.3644e-06,-0.0120843,,0.0909226,-0.00478025,0.0910482,,-1.22621e-05,8.89416e-06,-0.697536,fluid
26,0.0266456,0.0583457,,1000,1.23462e-06,0.655637,,0.102195,0.00148011,0.102206,,-1.96515e-05,2.07788e-06,-0.598621,fluid
27,0.00912838,0.0634893,,1000,3.52668e-07,1.40117,,0.108119,0.0077499,0.108396,,-1.69619e-05,-3.81753e-06,-0.492556,fluid
28,-0.00912838,0.0634893,,1000,1.77784e-06,1.46545,,0.109793,0.0146691,0.110769,,-1.34503e-05,-5.62097e-06,-0.405466,fluid
29,-0.0266456,0.0583457,,1000,-1.47317e-07,2.46158,,0.10641,0.0218465,0.108629,,-1.27385e-05,-5.08628e-06,-0.305807,fluid
30,-0.0420042,0.0484754,,1000,1.82098e-06,2.71337,,0.0974385,0.0240923,0.100373,,-1.25562e-05,-5.12382e-06,-0.213899,fluid
31,-0.0539598,0.0346779,,1000,5.88585e-08,3.04446,,0.0882878,0.0200637,0.0905388,,-7.50926e-06,-8.56037e-07,-0.127329,fluid
32,-0.0615439,0.0180709,,1000,-7.59329e-07,3.31422,,0.0818033,0.0110583,0.0825474,,-8.76199e-06,-5.57504e-06,-0.0599117,fluid
33,-0.0641421,7.85515e-18,,1000,2.82517e-06,3.47616,,0.0796498,-2.68462e-13,0.0796498,,-4.85183e-06,-2.53298e-12,7.30455e-13,fluid
34,-0.0615439,-0.0180709,,1000,-7.59555e-07,3.31422,,0.0818033,-0.0110583,0.0825474,,-8.76199e-06,5.57503e-06,0.0599117,fluid
35,-0.0539598,-0.0346779,,1000,5.86563e-08,3.04446,,0.0882878,-0.0200637,0.0905388,,-7.50926e-06,8.56033e-07,0.127329,fluid
36,-0.0420042,-0.0484754,,1000,1.8207e-06,2.71337,,0.0974385,-0.0240923,0.100373,,-1.25562e-05,5.12382e-06,0.213899,fluid
37,-0.0266456,-0.0583457,,1000,-1.47497e-07,2.46158,,0.10641,-0.0218465,0.108629,,-1.27385e-05,5.08628e-06,0.305807,fluid
38,-0.00912838,-0.0634893,,1000,1.77767e-06,1.46545,,0.109793,-0.0146691,0.110769,,-1.34503e-05,5.62097e-06,0.405466,fluid
39,0.00912838,-0.0634893,,1000,3.51983e-07,1.40117,,0.108119,-0.0077499,0.108396,,-1.69619e-05,3.81755e-06,0.492556,fluid
40,0.0266456,-0.0583457,,1000,1.2347e-06,0.655637,,0.102195,-0.00148011,0.102206,,-1.96515e-05,-2.07789e-06,0.598621,fluid
41,0.0420042,-0.0484754,,1000,3.36411e-06,-0.0120843,,0.0909226,0.00478025,0.0910482,,-1.22621e-05,-8.89416e-06,0.697536,fluid
42,0.0539598,-0.0346779,,1000,6.11533e-06,-0.869229,,0.0748024,0.0084235,0.0752752,,-1.18463e-06,-7.60693e-06,0.67953,fluid
43,0.0615439,-0.0180709,,999.999,4.92016e-06,-1.44901,,0.0594864,0.00640282,0.05983,,8.57942e-06,-6.33862e-06,0.440549,fluid
44,0.0790004,0,,999.999,-4.88957e-06,-2.91634,,0.0530017,9.23538e-14,0.0530017,,5.1712e-06,6.84882e-13,-3.1334e-12,fluid
45,0.0758004,0.022257,,999.999,-3.1465e-06,-2.01619,,0.0612447,-0.00802273,0.0617679,,-7.25633e-07,1.01554e-05,-0.441535,fluid
46,0.0664594,0.0427109,,999.999,5.56332e-07,-1.00108,,0.0791908,-0.00952917,0.079762,,-9.97154e-06,8.06239e-06,-0.652912,fluid
47,0.0517343,0.0597046,,1000,1.37745e-06,0.119495,,0.0957184,-0.00455846,0.0958269,,-1.45238e-05,6.71198e-06,-0.623044,fluid
48,0.032818,0.0718613,,1000,-5.52366e-07,0.667796,,0.105484,0.00232235,0.10551,,-1.59913e-05,-8.09644e-08,-0.479458,fluid
49,0.0112429,0.0781963,,1000,-3.3295e-06,0.8868,,0.109158,0.00820039,0.109466,,-1.81716e-05,-4.51495e-07,-0.342097,fluid
50,-0.0112429,0.0781963,,1000,2.73543e-06,1.83737,,0.109292,0.0140072,0.110186,,-1.86788e-05,-1.99522e-06,-0.239015,fluid
51,-0.032818,0.0718613,,1000,8.96605e-08,2.91935,,0.104288,0.0187285,0.105957,,-8.91005e-06,-2.45019e-06,-0.15713,fluid
52,-0.0517343,0.0597046,,1000,1.40966e-06,3.95278,,0.0967663,0.0189783,0.0986098,,-1.71273e-05,-3.40864e-06,-0.0867413,fluid
53,-0.0664594,0.0427109,,1000,1.26364e-06,5.48089,,0.0903827,0.0155927,0.0917179,,-4.77343e-06,5.09455e-06,-0.0308695,fluid
54,-0.0758004,0.022257,,1000,2.03651e-07,6.45686,,0.085563,0.00864214,0.0859984,,-8.95568e-06,-4.62914e-06,-0.00639687,fluid
55,-0.0790004,9.67476e-18,,1000,4.16094e-07,6.99824,,0.0839034,-1.56526e-13,0.0839034,,-8.98483e-06,-2.87908e-13,9.01634e-13,fluid
56,-0.0758004,-0.022257,,1000,2.03538e-07,6.45686,,0.085563,-0.00864214,0.0859984,,-8.95567e-06,4.62914e-06,0.00639687,fluid
57,-0.0664594,-0.0427109,,1000,1.26339e-06,5.48089,,0.0903827,-0.0155927,0.0917179,,-4.77343e-06,-5.09456e-06,0.0308695,fluid
58,-0.0517343,-0.0597046,,1000,1.40945e-06,3.95278,,0.0967663,-0.0189783,0.0986098,,-1.71273e-05,3.40864e-06,0.0867413,fluid
59,-0.032818,-0.0718613,,1000,8.94769e-08,2.91935,,0.104288,-0.0187285,0.105957,,-8.91006e-06,2.4502e-06,0.15713,fluid
60,-0.0112429,-0.0781963,,1000,2.73544e-06,1.83737,,0.109292,-0.0140072,0.110186,,-1.86788e-05,1.99522e-06,0.239015,fluid
61,0.0112429,-0.0781963,,1000,-3.32976e-06,0.8868,,0.109158,-0.00820039,0.109466,,-1.81716e-05,4.51495e-07,0.342097,fluid
62,0.032818,-0.0718613,,1000,-5.52456e-07,0.667796,,0.105484,-0.00232235,0.10551,,-1.59913e-05,8.09626e-08,0.479458,fluid
63,0.0517343,-0.0597046,,1000,1.37738e-06,0.119495,,0.0957184,0.00455846,0.0958269,,-1.45238e-05,-6.71199e-06,0.623044,fluid
64,0.0664594,-0.0427109,,999.999,5.56032e-07,-1.00108,,0.0791908,0.00952917,0.079762,,-9.97154e-06,-8.06239e-06,0.652912,fluid
65,0.0758004,-0.022257,,999.999,-3.14662e-06,-2.01619,,0.0612447,0.00802273,0.0617679,,-7.25628e-07,-1.01554e-05,0.441535,fluid
66,0.0946112,0,,1000,9.02211e-06,3.6466,,0.0569091,6.78792e-14,0.0569091,,-5.36274e-06,-3.10697e-13,-2.69514e-12,fluid
67,0.0907788,0.0266551,,1000,-6.93977e-06,2.08655,,0.065722,-0.00838631,0.0662549,,-9.26106e-06,4.34615e-06,-0.397528,fluid
68,0.079592,0.0511507,,1000,-1.66656e-05,0.865573,,0.0836181,-0.00953289,0.0841598,,-2.12843e-05,1.86727e-06,-0.565192,fluid
69,0.0619572,0.0715024,,1000,-5.34786e-06,0.904794,,0.0988295,-0.00488686,0.0989503,,-1.93829e-05,1.01915e-05,-0.504926,fluid
70,0.0393029,0.0860614,,1000,5.42885e-07,1.07976,,0.106972,0.00158718,0.106984,,-1.83907e-05,1.39958e-06,-0.352417,fluid
71,0.0134646,0.0936482,,1000,4.24611e-06,2.15571,,0.109331,0.00736973,0.109579,,-1.83523e-05,-1.22063e-07,-0.215796,fluid
72,-0.0134646,0.0936482,,1000,-3.06211e-06,1.08617,,0.107467,0.0122481,0.108162,,-2.06211e-05,2.84388e-06,-0.123309,fluid
73,-0.0393029,0.0860614,,1000,2.84759e-06,0.449129,,0.102493,0.0149388,0.103576,,-7.97009e-06,-1.49336e-06,-0.0585728,fluid
74,-0.0619572,0.0715024,,1000,-2.4712e-06,0.673562,,0.0966264,0.0144904,0.0977068,,-1.36188e-05,2.58065e-06,-0.0125784,fluid
75,-0.079592,0.0511507,,1000,-2.64317e-06,1.22621,,0.0912217,0.0110608,0.0918899,,-1.10772e-05,-4.84659e-06,0.0107119,fluid
76,-0.0907788,0.0266551,,1000,8.05944e-06,1.48867,,0.0877441,0.0058668,0.08794,,-7.03827e-06,4.38984e-06,0.0115547,fluid
77,-0.0946112,1.15865e-17,,1000,-9.96364e-06,1.60349,,0.0865944,-1.23185e-13,0.0865944,,-8.85387e-06,1.41863e-12,5.13836e-13,fluid
78,-0.0907788,-0.0266551,,1000,8.05939e-06,1.48867,,0.0877441,-0.0058668,0.08794,,-7.03827e-06,-4.38984e-06,-0.0115547,fluid
79,-0.079592,-0.0511507,,1000,-2.64331e-06,1.22621,,0.0912217,-0.0110608,0.0918899,,-1.10772e-05,4.84659e-06,-0.0107119,fluid
80,-0.0619572,-0.0715024,,1000,-2.4712e-06,0.673562,,0.0966264,-0.0144904,0.0977068,,-1.36188e-05,-2.58065e-06,0.0125784,fluid
81,-0.0393029,-0.0860614,,1000,2.84747e-06,0.449129,,0.102493,-0.0149388,0.103576,,-7.97009e-06,1.49336e-06,0.0585728,fluid
82,-0.0134646,-0.0936482,,1000,-3.06219e-06,1.08617,,0.107467,-0.0122481,0.108162,,-2.06211e-05,-2.84388e-06,0.123309,fluid
83,0.0134646,-0.0936482,,1000,4.24609e-06,2.15571,,0.109331,-0.00736973,0.109579,,-1.83523e-05,1.2206e-07,0.215796,fluid
84,0.0393029,-0.0860614,,1000,5.42901e-07,1.07976,,0.106972,-0.00158718,0.106984,,-1.83907e-05,-1.39959e-06,0.352417,fluid
85,0.0619572,-0.0715024,,1000,-5.34809e-06,0.904794,,0.0988295,0.00488686,0.0989503,,-1.93829e-05,-1.01915e-05,0.504926,fluid
86,0.079592,-0.0511507,,1000,-1.6666e-05,0.865573,,0.0836181,0.00953289,0.0841598,,-2.12843e-05,-1.86727e-06,0.565192,fluid
87,0.0907788,-0.0266551,,1000,-6.93975e-06,2.08655,,0.065722,0.00838631,0.0662549,,-9.26106e-06,-4.34615e-06,0.397528,fluid
88,0.111013,0,,1000,6.8142e-06,0.353546,,0.0645589,5.40628e-14,0.0645589,,-7.0026e-06,-6.72006e-13,-2.15331e-12,fluid
89,0.106516,0.0312758,,1000,1.63403e-05,-0.209628,,0.0725929,-0.00667865,0.0728994,,-1.88953e-06,1.28018e-05,-0.340902,fluid
90,0.0933897,0.0600179,,1000,2.21089e-05,0.708364,,0.0885551,-0.00715834,0.088844,,-1.8348e-05,9.56263e-06,-0.465118,fluid
91,0.0726977,0.0838977,,1000,5.95164e-06,1.34057,,0.101369,-0.00324462,0.101421,,-2.03019e-05,1.61929e-05,-0.387301,fluid
92,0.0461163,0.100981,,1000,2.75239e-07,2.32881,,0.107544,0.00243356,0.107572,,-2.19353e-05,7.9724e-06,-0.244188,fluid
93,0.0157987,0.109883,,1000,7.81329e-06,2.08427,,0.108638,0.00690409,0.108857,,-1.85017e-05,1.64778e-06,-0.126817,fluid
94,-0.0157987,0.109883,,1000,-1.50899e-06,1.96803,,0.10617,0.0102175,0.106661,,-1.35265e-05,4.39623e-06,-0.054567,fluid
95,-0.0461163,0.100981,,1000,1.30827e-07,2.72082,,0.102171,0.0116021,0.102828,,-1.938e-05,-5.04891e-06,-0.0110384,fluid
96,-0.0726977,0.0838977,,1000,5.17199e-06,3.17416,,0.0975447,0.0108285,0.0981439,,-7.28545e-06,9.90565e-06,0.0128914,fluid
97,-0.0933897,0.0600179,,1000,-3.39877e-06,3.22854,,0.0935299,0.00811567,0.0938813,,-9.62999e-06,-6.33071e-06,0.019183,fluid
98,-0.106516,0.0312758,,1000,-1.11864e-07,3.54279,,0.0909879,0.0042746,0.0910882,,-9.40579e-06,2.97344e-06,0.0124129,fluid
99,-0.111013,1.35951e-17,,1000,3.42515e-06,3.64591,,0.0901034,-1.05787e-13,0.0901034,,-6.61235e-06,2.24327e-12,2.64092e-13,fluid
100,-0.106516,-0.0312758,,1000,-1.12076e-07,3.54279,,0.0909879,-0.0042746,0.0910882,,-9.40578e-06,-2.97344e-06,-0.0124129,fluid
101,-0.0933897,-0.0600179,,1000,-3.39888e-06,3.22854,,0.0935299,-0.00811567,0.0938813,,-9.62999e-06,6.33071e-06,-0.019183,fluid
102,-0.0726977,-0.0838977,,1000,5.17205e-06,3.17416,,0.0975447,-0.0108285,0.0981439,,-7.28545e-06,-9.90565e-06,-0.0128914,fluid
103,-0.0461163,-0.100981,,1000,1.30842e-07,2.72082,,0.102171,-0.0116021,0.102828,,-1.938e-05,5.04891e-06,0.0110384,fluid
104,-0.0157987,-0.109883,,1000,-1.50895e-06,1.96803,,0.10617,-0.0102175,0.106661,,-1.35265e-05,-4.39622e-06,0.054567,fluid
105,0.0157987,-0.109883,,1000,7.81339e-06,2.08427,,0.108638,-0.00690409,0.108857,,-1.85017e-05,-1.64779e-06,0.126817,fluid
106,0.0461163,-0.100981,,1000,2.75251e-07,2.32881,,0.107544,-0.00243356,0.107572,,-2.19353e-05,-7.97241e-06,0.244188,fluid
107,0.0726977,-0.0838977,,1000,5.9515e-06,1.34057,,0.101369,0.00324462,0.101421,,-2.03019e-05,-1.61929e-05,0.387301,fluid
108,0.0933897,-0.0600179,,1000,2.21089e-05,0.708364,,0.0885551,0.00715834,0.088844,,-1.8348e-05,-9.56263e-06,0.465118,fluid
109,0.106516,-0.0312758,,1000,1.63403e-05,-0.209628,,0.0725929,0.00667865,0.0728994,,-1.88952e-06,-1.28018e-05,0.340902,fluid
110,0.128244,0,,1000,-1.87818e-05,-0.091207,,0.0678369,4.24454e-14,0.0678369,,-2.93293e-05,-1.39379e-12,-1.65444e-12,fluid
111,0.12305,0.0361306,,1000,-1.05891e-05,0.175865,,0.0757438,-0.00639405,0.0760132,,-1.01929e-05,1.21885e-05,-0.287171,fluid
112,0.107886,0.0693342,,1000,1.65967e-06,0.676761,,0.0911599,-0.00668927,0.091405,,-1.86494e-05,8.75735e-06,-0.375451,fluid
113,0.0839822,0.0969206,,1000,-1.79906e-06,1.37009,,0.102856,-0.00244656,0.102885,,-2.13157e-05,1.34768e-05,-0.28972,fluid
114,0.0532746,0.116655,,1000,-3.98339e-06,1.88312,,0.107602,0.00254388,0.107633,,-1.95955e-05,7.04447e-06,-0.163854,fluid
115,0.0182511,0.126939,,1000,-9.55917e-06,1.63023,,0.107556,0.00633422,0.107742,,-1.86597e-05,2.55653e-08,-0.0715867,fluid
116,-0.0182511,0.126939,,1000,4.98386e-06,2.26776,,0.105286,0.00865816,0.105641,,-7.57609e-06,7.37682e-06,-0.019837,fluid
117,-0.0532746,0.116655,,1000,-2.34128e-06,2.64008,,0.101769,0.00944187,0.102206,,-1.1555e-05,-2.16715e-06,0.00565235,fluid
118,-0.0839822,0.0969206,,1000,1.01621e-06,3.17875,,0.0980435,0.0086326,0.0984228,,-1.5529e-05,4.22894e-06,0.015158,fluid
119,-0.107886,0.0693342,,1000,5.3736e-06,3.52476,,0.0949418,0.00652542,0.0951658,,-3.63731e-06,4.80831e-06,0.0141797,fluid
120,-0.12305,0.0361306,,1000,-6.75551e-06,3.76161,,0.0929306,0.00355998,0.0929987,,-9.5606e-06,-3.77147e-06,0.00775411,fluid
121,-0.128244,1.57054e-17,,1000,7.90943e-06,3.79906,,0.0921667,-1.2569e-13,0.0921667,,-8.31096e-06,2.44575e-12,2.71861e-14,fluid
122,-0.12305,-0.0361306,,1000,-6.75559e-06,3.76161,,0.0929306,-0.00355998,0.0929987,,-9.5606e-06,3.77147e-06,-0.00775411,fluid
123,-0.107886,-0.0693342,,1000,5.37338e-06,3.52476,,0.0949418,-0.00652542,0.0951658,,-3.6373e-06,-4.80831e-06,-0.0141797,fluid
124,-0.0839822,-0.0969206,,1000,1.01621e-06,3.17875,,0.0980435,-0.0086326,0.0984228,,-1.5529e-05,-4.22894e-06,-0.015158,fluid
125,-0.0532746,-0.116655,,1000,-2.34123e-06,2.64008,,0.101769,-0.00944187,0.102206,,-1.1555e-05,2.16715e-06,-0.00565235,fluid
126,-0.0182511,-0.126939,,1000,4.98381e-06,2.26776,,0.105286,-0.00865816,0.105641,,-7.57609e-06,-7.37682e-06,0.019837,fluid
127,0.0182511,-0.126939,,1000,-9.55887e-06,1.63023,,0.107556,-0.00633422,0.107742,,-1.86597e-05,-2.55652e-08,0.0715867,fluid
128,0.0532746,-0.116655,,1000,-3.98343e-06,1.88312,,0.107602,-0.00254388,0.107633,,-1.95955e-05,-7.04447e-06,0.163854,fluid
129,0.0839822,-0.0969206,,1000,-1.79914e-06,1.37009,,0.102856,0.00244656,0.102885,,-2.13157e-05,-1.34768e-05,0.28972,fluid
130,0.107886,-0.0693342,,1000,1.65959e-06,0.676761,,0.0911599,0.00668927,0.091405,,-1.86494e-05,-8.75735e-06,0.375451,fluid
131,0.12305,-0.0361306,,1000,-1.05891e-05,0.175865,,0.0757438,0.00639405,0.0760132,,-1.01929e-05,-1.21885e-05,0.287171,fluid
132,0.146349,0,,1000,1.60055e-05,1.72353,,0.0715064,3.6113e-14,0.0715064,,-1.56046e-05,-1.84128e-12,-1.23752e-12,fluid
133,0.140421,0.0412313,,1000,-8.69502e-06,1.35561,,0.0789133,-0.00600361,0.0791414,,-1.61456e-05,6.87968e-06,-0.241428,fluid
134,0.123117,0.0791222,,1000,-1.94525e-05,1.07172,,0.09347,-0.00592939,0.0936579,,-3.57579e-05,-8.95059e-06,-0.302315,fluid
135,0.0958382,0.110603,,1000,-8.6839e-06,1.69389,,0.103709,-0.00181303,0.103725,,-2.46408e-05,1.15838e-05,-0.215493,fluid
136,0.0607955,0.133124,,1000,6.90131e-06,2.17374,,0.107262,0.00250733,0.107291,,-1.72044e-05,1.20606e-05,-0.108646,fluid
137,0.0208276,0.144859,,1000,-3.4103e-06,2.13967,,0.10666,0.0056728,0.106811,,-2.11038e-05,1.74413e-06,-0.039405,fluid
138,-0.0208276,0.144859,,1000,1.1483e-06,2.37122,,0.10455,0.00736879,0.104809,,-2.36854e-05,8.18008e-06,-0.0038407,fluid
139,-0.0607955,0.133124,,1000,2.87588e-06,2.30732,,0.101484,0.00775242,0.10178,,-6.4147e-08,3.48407e-06,0.00928163,fluid
140,-0.0958382,0.110603,,1000,-6.69103e-06,2.56793,,0.0984201,0.00700963,0.0986694,,-2.01259e-05,-2.14357e-06,0.010987,fluid
141,-0.123117,0.0791222,,1000,5.88155e-06,2.89826,,0.0959247,0.00534925,0.0960737,,-4.6794e-06,6.86672e-06,0.00795512,fluid
142,-0.140421,0.0412313,,1000,-1.0086e-06,3.06802,,0.0942377,0.00283838,0.0942805,,-7.79656e-06,-2.50484e-06,0.00366221,fluid
143,-0.146349,1.79226e-17,,1000,2.65086e-08,3.01799,,0.0936292,-7.11991e-14,0.0936292,,-9.05253e-06,2.06105e-12,-8.09712e-14,fluid
144,-0.140421,-0.0412313,,1000,-1.0088e-06,3.06802,,0.0942377,-0.00283838,0.0942805,,-7.79657e-06,2.50484e-06,-0.00366221,fluid
145,-0.123117,-0.0791222,,1000,5.8814e-06,2.89826,,0.0959247,-0.00534925,0.0960737,,-4.6794e-06,-6.86672e-06,-0.00795512,fluid
146,-0.0958382,-0.110603,,1000,-6.69107e-06,2.56793,,0.0984201,-0.00700963,0.0986694,,-2.01259e-05,2.14358e-06,-0.010987,fluid
147,-0.0607955,-0.133124,,1000,2.87605e-06,2.30732,,0.101484,-0.00775242,0.10178,,-6.41449e-08,-3.48407e-06,-0.00928163,fluid
148,-0.0208276,-0.144859,,1000,1.1484e-06,2.37122,,0.10455,-0.00736879,0.104809,,-2.36854e-05,-8.18008e-06,0.0038407,fluid
149,0.0208276,-0.144859,,1000,-3.41013e-06,2.13967,,0.10666,-0.0056728,0.106811,,-2.11038e-05,-1.74413e-06,0.039405,fluid
150,0.0607955,-0.133124,,1000,6.90137e-06,2.17374,,0.107262,-0.00250733,0.107291,,-1.72044e-05,-1.20606e-05,0.108646,fluid
151,0.0958382,-0.110603,,1000,-8.68386e-06,1.69389,,0.103709,0.00181303,0.103725,,-2.46408e-05,-1.15838e-05,0.215493,fluid
152,0.123117,-0.0791222,,1000,-1.94525e-05,1.07172,,0.09347,0.00592939,0.0936579,,-3.57579e-05,8.95059e-06,0.302315,fluid
153,0.140421,-0.0412313,,1000,-8.69507e-06,1.35561,,0.0789133,0.00600361,0.0791414,,-1.61456e-05,-6.87968e-06,0.241428,fluid
154,0.16537,0,,1000,1.97041e-05,1.61852,,0.0745953,3.4095e-14,0.0745953,,-2.3621e-05,-1.7644e-12,-9.03268e-13,fluid
155,0.158672,0.0465902,,1000,1.11288e-05,1.47154,,0.08186,-0.00539487,0.0820375,,-4.41243e-06,2.47835e-05,-0.20361,fluid
156,0.139118,0.0894059,,1000,1.72214e-05,1.64847,,0.0954739,-0.00499863,0.0956046,,-1.55138e-05,1.87178e-05,-0.244304,fluid
157,0.108295,0.124979,,1000,1.11439e-05,2.15163,,0.104223,-0.00117038,0.104229,,-2.35634e-05,2.00058e-05,-0.160859,fluid
158,0.0686973,0.150426,,1000,5.15996e-06,2.21674,,0.106764,0.00241748,0.106791,,-2.21594e-05,1.82564e-05,-0.0715986,fluid
159,0.0235346,0.163687,,1000,1.36929e-05,2.3377,,0.106106,0.00494291,0.106221,,-1.54029e-05,5.2948e-06,-0.0203524,fluid
160,-0.0235346,0.163687,,1000,-4.94968e-06,2.36381,,0.103978,0.00623166,0.104165,,-1.99296e-05,9.28286e-06,0.00304528,fluid
161,-0.0686973,0.150426,,1000,5.41771e-06,2.65336,,0.101424,0.00647952,0.101631,,-5.05835e-06,3.25396e-06,0.00873449,fluid
162,-0.108295,0.124979,,1000,-1.91975e-06,2.86447,,0.0988547,0.0058792,0.0990294,,-1.23557e-05,3.41759e-06,0.00713388,fluid
163,-0.139118,0.0894059,,1000,-1.25162e-06,3.04638,,0.0967471,0.00450934,0.0968521,,-9.77296e-06,-6.62312e-07,0.00413461,fluid
164,-0.158672,0.0465902,,1000,3.39703e-06,3.28777,,0.0953239,0.00245848,0.0953556,,-5.79073e-06,3.0379e-06,0.00148989,fluid
165,-0.16537,2.0252e-17,,1000,-2.2383e-06,3.29762,,0.0947811,-6.9102e-14,0.0947811,,-9.02192e-06,1.25179e-12,-1.02877e-13,fluid
166,-0.158672,-0.0465902,,1000,3.39695e-06,3.28777,,0.0953239,-0.00245848,0.0953556,,-5.79073e-06,-3.0379e-06,-0.00148989,fluid
167,-0.139118,-0.0894059,,1000,-1.25161e-06,3.04638,,0.0967471,-0.00450934,0.0968521,,-9.77296e-06,6.62313e-07,-0.00413461,fluid
168,-0.108295,-0.124979,,1000,-1.91975e-06,2.86447,,0.0988547,-0.0058792,0.0990294,,-1.23557e-05,-3.41759e-06,-0.00713388,fluid
169,-0.0686973,-0.150426,,1000,5.41775e-06,2.65336,,0.101424,-0.00647952,0.101631,,-5.05835e-06,-3.25396e-06,-0.00873449,fluid
170,-0.0235346,-0.163687,,1000,-4.9496e-06,2.36381,,0.103978,-0.00623166,0.104165,,-1.99296e-05,-9.28286e-06,-0.00304528,fluid
171,0.0235346,-0.163687,,1000,1.36929e-05,2.3377,,0.106106,-0.00494291,0.106221,,-1.54029e-05,-5.2948e-06,0.0203524,fluid
172,0.0686973,-0.150426,,1000,5.16009e-06,2.21674,,0.106764,-0.00241748,0.106791,,-2.21594e-05,-1.82564e-05,0.0715986,fluid
173,0.108295,-0.124979,,1000,1.11439e-05,2.15163,,0.104223,0.00117038,0.104229,,-2.35634e-05,-2.00058e-05,0.160859,fluid
174,0.139118,-0.0894059,,1000,1.72215e-05,1.64847,,0.0954739,0.00499863,0.0956046,,-1.55138e-05,-1.87178e-05,0.244304,fluid
175,0.158672,-0.0465902,,1000,1.11288e-05,1.47154,,0.08186,0.00539487,0.0820375,,-4.41243e-06,-2.47835e-05,0.20361,fluid
176,0.185355,0,,1000,-2.75886e-05,0.66343,,0.0769157,3.2255e-14,0.0769157,,-5.85622e-05,-1.37178e-12,-6.38747e-13,fluid
177,0.177847,0.0522205,,1000,-4.28553e-06,1.02262,,0.0839608,-0.00514594,0.0841184,,-1.99197e-05,2.03771e-05,-0.172286,fluid
178,0.15593,0.10021,,1000,1.44162e-05,1.54819,,0.0967796,-0.00461485,0.0968896,,-1.72682e-05,1.16347e-05,-0.198237,fluid
179,0.121382,0.140082,,1000,-5.87172e-06,2.03796,,0.104407,-0.00102621,0.104412,,-2.81772e-05,-8.10339e-07,-0.120749,fluid
180,0.0769992,0.168605,,1000,-1.14324e-05,2.02223,,0.106298,0.00220766,0.106321,,-2.70255e-05,1.91133e-05,-0.0468483,fluid
181,0.0263788,0.183468,,1000,2.99176e-06,2.06134,,0.105564,0.00422937,0.105649,,-1.11139e-05,5.29084e-06,-0.00890319,fluid
182,-0.0263788,0.183468,,1000,-2.61258e-06,2.23727,,0.103437,0.00525099,0.10357,,-9.93018e-06,1.10652e-05,0.0055433,fluid
183,-0.0769992,0.168605,,1000,8.40315e-07,2.67366,,0.101298,0.00545982,0.101445,,-1.45808e-05,-2.88946e-07,0.0072612,fluid
184,-0.121382,0.140082,,1000,6.04546e-06,2.95192,,0.099185,0.00501546,0.0993117,,-6.27316e-06,9.90151e-06,0.00482157,fluid
185,-0.15593,0.10021,,1000,-2.45985e-06,3.04003,,0.0973604,0.00385529,0.0974367,,-9.53666e-06,-1.13708e-06,0.00252518,fluid
186,-0.177847,0.0522205,,1000,3.76696e-07,3.17101,,0.0961547,0.0021073,0.0961778,,-5.45389e-06,6.7783e-07,0.000775247,fluid
187,-0.185355,2.26994e-17,,1000,1.98735e-06,3.27885,,0.0956662,-5.63619e-14,0.0956662,,-9.76255e-06,4.83197e-13,-1.00955e-13,fluid
188,-0.177847,-0.0522205,,1000,3.76489e-07,3.17101,,0.0961547,-0.0021073,0.0961778,,-5.4539e-06,-6.7783e-07,-0.000775247,fluid
189,-0.15593,-0.10021,,1000,-2.45985e-06,3.04003,,0.0973604,-0.00385529,0.0974367,,-9.53667e-06,1.13709e-06,-0.00252518,fluid
190,-0.121382,-0.140082,,1000,6.04546e-06,2.95192,,0.099185,-0.00501546,0.0993117,,-6.27315e-06,-9.90151e-06,-0.00482157,fluid
191,-0.0769992,-0.168605,,1000,8.40362e-07,2.67366,,0.101298,-0.00545982,0.101445,,-1.45808e-05,2.88945e-07,-0.0072612,fluid
192,-0.0263788,-0.183468,,1000,-2.61253e-06,2.23727,,0.103437,-0.00525099,0.10357,,-9.93018e-06,-1.10652e-05,-0.0055433,fluid
193,0.0263788,-0.183468,,1000,2.99187e-06,2.06134,,0.105564,-0.00422937,0.105649,,-1.11139e-05,-5.29084e-06,0.00890319,fluid
194,0.0769992,-0.168605,,1000,-1.14324e-05,2.02223,,0.106298,-0.00220766,0.106321,,-2.70255e-05,-1.91133e-05,0.0468483,fluid
195,0.121382,-0.140082,,1000,-5.87183e-06,2.03796,,0.104407,0.00102621,0.104412,,-2.81772e-05,8.1034e-07,0.120749,fluid
196,0.15593,-0.10021,,1000,1.44162e-05,1.54819,,0.0967796,0.00461485,0.0968896,,-1.72682e-05,-1.16347e-05,0.198237,fluid
197,0.177847,-0.0522205,,1000,-4.28553e-06,1.02262,,0.0839608,0.00514594,0.0841184,,-1.99197e-05,-2.03771e-05,0.172286,fluid
198,0.206352,0,,1000,8.77747e-07,1.63209,,0.0794897,2.95598e-14,0.0794897,,-4.67702e-05,-9.92292e-13,-4.32603e-13,fluid
199,0.197993,0.058136,,1000,-1.56699e-05,1.40545,,0.0860644,-0.00482816,0.0861998,,-2.54348e-05,1.67957e-05,-0.146189,fluid
200,0.173594,0.111562,,1000,-2.56469e-05,1.33581,,0.0978316,-0.00421667,0.0979224,,-3.5349e-05,1.99567e-06,-0.161501,fluid
201,0.135132,0.15595,,1000,-6.01574e-06,2.11984,,0.104526,-0.000751797,0.104529,,-2.73235e-05,1.1709e-05,-0.0911429,fluid
202,0.0857216,0.187704,,1000,-5.15203e-06,2.09777,,0.105846,0.00202371,0.105866,,-2.19504e-05,1.94096e-05,-0.0304763,fluid
203,0.0293669,0.204251,,1000,-1.14049e-05,2.18868,,0.104958,0.00367321,0.105022,,-2.32114e-05,6.58538e-06,-0.00235215,fluid
204,-0.0293669,0.204251,,1000,5.21355e-06,2.44522,,0.103039,0.00449163,0.103137,,-1.32134e-05,1.33108e-05,0.00605401,fluid
205,-0.0857216,0.187704,,1000,-3.84633e-06,2.55762,,0.101218,0.00466901,0.101325,,-9.56636e-06,1.24262e-06,0.0059133,fluid
206,-0.135132,0.15595,,1000,1.51898e-06,2.78176,,0.0993802,0.00426784,0.0994718,,-1.14719e-05,5.25645e-06,0.00344968,fluid
207,-0.173594,0.111562,,1000,2.60681e-06,2.99332,,0.0978497,0.00335529,0.0979072,,-3.49075e-06,9.66615e-06,0.00198411,fluid
208,-0.197993,0.058136,,1000,-2.48129e-06,2.99818,,0.0968062,0.00176471,0.0968223,,-4.86534e-06,-3.39665e-06,0.000636677,fluid
209,-0.206352,2.52708e-17,,1000,3.285e-06,3.10253,,0.0963751,-5.30056e-14,0.0963751,,-1.05956e-05,7.49781e-14,-9.98294e-14,fluid
210,-0.197993,-0.058136,,1000,-2.48132e-06,2.99818,,0.0968062,-0.00176471,0.0968223,,-4.86534e-06,3.39665e-06,-0.000636677,fluid
211,-0.173594,-0.111562,,1000,2.60679e-06,2.99332,,0.0978497,-0.00335529,0.0979072,,-3.49075e-06,-9.66615e-06,-0.00198411,fluid
212,-0.135132,-0.15595,,1000,1.51896e-06,2.78176,,0.0993802,-0.00426784,0.0994718,,-1.14719e-05,-5.25645e-06,-0.00344968,fluid
213,-0.0857216,-0.187704,,1000,-3.84629e-06,2.55762,,0.101218,-0.00466901,0.101325,,-9.56635e-06,-1.24262e-06,-0.0059133,fluid
214,-0.0293669,-0.204251,,1000,5.21358e-06,2.44522,,0.103039,-0.00449163,0.103137,,-1.32134e-05,-1.33108e-05,-0.00605401,fluid
215,0.0293669,-0.204251,,1000,-1.14049e-05,2.18868,,0.104958,-0.00367321,0.105022,,-2.32114e-05,-6.58538e-06,0.00235215,fluid
216,0.0857216,-0.187704,,1000,-5.15206e-06,2.09777,,0.105846,-0.00202371,0.105866,,-2.19504e-05,-1.94096e-05,0.0304763,fluid
217,0.135132,-0.15595,,1000,-6.01584e-06,2.11984,,0.104526,0.000751797,0.104529,,-2.73235e-05,-1.1709e-05,0.0911429,fluid
218,0.173594,-0.111562,,1000,-2.56469e-05,1.33581,,0.0978316,0.00421667,0.0979224,,-3.5349e-05,-1.99567e-06,0.161501,fluid
219,0.197993,-0.058136,,1000,-1.56701e-05,1.40545,,0.0860644,0.00482816,0.0861998,,-2.54348e-05,-1.67957e-05,0.146189,fluid
220,0.228412,0,,1000,4.69337e-05,2.49298,,0.081725,2.86725e-14,0.081725,,-3.22915e-05,-8.85794e-13,-2.78768e-13,fluid
221,0.219159,0.064351,,1000,1.14277e-05,2.21026,,0.0879943,-0.00442766,0.0881057,,-1.40988e-05,3.34353e-05,-0.124301,fluid
222,0.192152,0.123489,,1000,-7.23892e-06,1.96796,,0.098819,-0.00366628,0.098887,,-2.88837e-05,2.37515e-05,-0.132094,fluid
223,0.149578,0.172622,,1000,1.69372e-05,2.51589,,0.104483,-0.000583721,0.104485,,-3.04789e-05,1.96234e-05,-0.0691961,fluid
224,0.0948856,0.20777,,1000,1.52548e-05,2.44024,,0.105382,0.00188328,0.105399,,-9.03233e-06,2.03945e-05,-0.0198111,fluid
225,0.0325064,0.226087,,1000,-1.81714e-07,2.65864,,0.104389,0.00324832,0.104439,,-2.05623e-05,8.25028e-06,0.00110455,fluid
226,-0.0325064,0.226087,,1000,4.97968e-06,2.69784,,0.102783,0.0038966,0.102857,,-2.10462e-05,1.4804e-05,0.00577957,fluid
227,-0.0948856,0.20777,,1000,4.20828e-08,2.67708,,0.101207,0.00406464,0.101289,,8.40283e-07,6.23052e-06,0.00493388,fluid
228,-0.149578,0.172622,,1000,-4.789e-06,2.74224,,0.0995077,0.00362395,0.0995736,,-1.88064e-05,-3.19109e-06,0.00256952,fluid
229,-0.192152,0.123489,,1000,4.15666e-06,3.00328,,0.0981982,0.00287114,0.0982401,,-5.90133e-06,8.83757e-06,0.00172081,fluid
230,-0.219159,0.064351,,1000,-7.17593e-07,3.05065,,0.0973482,0.00152463,0.0973602,,-2.44859e-06,-1.0914e-06,0.000643087,fluid
231,-0.228412,2.79724e-17,,1000,3.79029e-07,3.05999,,0.0969629,-4.68466e-14,0.0969629,,-1.08856e-05,1.73359e-13,-9.68178e-14,fluid
232,-0.219159,-0.064351,,1000,-7.17682e-07,3.05065,,0.0973482,-0.00152463,0.0973602,,-2.44859e-06,1.0914e-06,-0.000643087,fluid
233,-0.192152,-0.123489,,1000,4.15665e-06,3.00328,,0.0981982,-0.00287114,0.0982401,,-5.90133e-06,-8.83757e-06,-0.00172081,fluid
234,-0.149578,-0.172622,,1000,-4.78894e-06,2.74224,,0.0995077,-0.00362395,0.0995736,,-1.88064e-05,3.19109e-06,-0.00256952,fluid
235,-0.0948856,-0.20777,,1000,4.21229e-08,2.67708,,0.101207,-0.00406464,0.101289,,8.40285e-07,-6.23052e-06,-0.00493388,fluid
236,-0.0325064,-0.226087,,1000,4.97969e-06,2.69784,,0.102783,-0.0038966,0.102857,,-2.10462e-05,-1.4804e-05,-0.00577957,fluid
237,0.0325064,-0.226087,,1000,-1.81687e-07,2.65864,,0.104389,-0.00324832,0.104439,,-2.05623e-05,-8.25028e-06,-0.00110455,fluid
238,0.0948856,-0.20777,,1000,1.52547e-05,2.44024,,0.105382,-0.00188328,0.105399,,-9.03233e-06,-2.03945e-05,0.0198111,fluid
239,0.149578,-0.172622,,1000,1.69372e-05,2.51589,,0.104483,0.000583721,0.104485,,-3.04789e-05,-1.96234e-05,0.0691961,fluid
240,0.192152,-0.123489,,1000,-7.23892e-06,1.96796,,0.098819,0.00366628,0.098887,,-2.88837e-05,-2.37515e-05,0.132094,fluid
241,0.219159,-0.064351,,1000,1.14278e-05,2.21026,,0.0879943,0.00442766,0.0881057,,-1.40988e-05,-3.34353e-05,0.124301,fluid
242,0.251589,0,,1000,-1.90137e-05,1.18131,,0.0832557,2.90116e-14,0.0832557,,-8.46639e-05,-9.98848e-13,-1.69705e-13,fluid
243,0.241398,0.0708807,,1000,7.23856e-06,1.59559,,0.0893053,-0.0042205,0.0894049,,-2.62999e-05,4.26531e-05,-0.105642,fluid
244,0.21165,0.136019,,1000,2.84844e-05,2.26022,,0.0995201,-0.00327392,0.0995739,,-1.28305e-05,4.33988e-05,-0.1083,fluid
245,0.164756,0.190138,,1000,-5.20453e-07,2.36032,,0.104363,-0.000528413,0.104365,,-2.91238e-05,1.07919e-05,-0.052762,fluid
246,0.104514,0.228853,,1000,6.33223e-06,2.40944,,0.104912,0.00170034,0.104926,,-1.97689e-05,2.61251e-05,-0.0127922,fluid
247,0.0358048,0.249028,,1000,1.23004e-05,2.56984,,0.10399,0.00281679,0.104028,,-6.30452e-06,9.26559e-06,0.00284132,fluid
248,-0.0358048,0.249028,,1000,-3.57419e-06,2.49042,,0.102554,0.00335413,0.102609,,-2.01147e-05,1.46369e-05,0.0050966,fluid
249,-0.104514,0.228853,,1000,6.10921e-06,2.7657,,0.101152,0.0035452,0.101214,,2.77309e-06,9.40991e-06,0.00407883,fluid
250,-0.164756,0.190138,,1000,-1.60864e-06,2.81049,,0.0997137,0.00318204,0.0997644,,-1.05178e-05,1.87837e-06,0.00208221,fluid
251,-0.21165,0.136019,,1000,4.15828e-07,2.90224,,0.0984999,0.00247351,0.0985309,,-9.12412e-06,5.23758e-06,0.00152466,fluid
252,-0.241398,0.0708807,,1000,1.68697e-06,3.04214,,0.0977956,0.00134021,0.0978048,,-3.8262e-07,2.05842e-06,0.000653872,fluid
253,-0.251589,3.08107e-17,,1000,-8.2478e-07,3.01826,,0.0974426,-4.50291e-14,0.0974426,,-1.07049e-05,6.03671e-13,-8.69038e-14,fluid
254,-0.241398,-0.0708807,,1000,1.68695e-06,3.04214,,0.0977956,-0.00134021,0.0978048,,-3.82618e-07,-2.05842e-06,-0.000653872,fluid
255,-0.21165,-0.136019,,1000,4.15784e-07,2.90224,,0.0984999,-0.00247351,0.0985309,,-9.12412e-06,-5.23758e-06,-0.00152466,fluid
256,-0.164756,-0.190138,,1000,-1.60865e-06,2.81049,,0.0997137,-0.00318204,0.0997644,,-1.05178e-05,-1.87837e-06,-0.00208221,fluid
257,-0.104514,-0.228853,,1000,6.10926e-06,2.7657,,0.101152,-0.0035452,0.101214,,2.7731e-06,-9.40991e-06,-0.00407883,fluid
258,-0.0358048,-0.249028,,1000,-3.57411e-06,2.49042,,0.102554,-0.00335413,0.102609,,-2.01147e-05,-1.46369e-05,-0.0050966,fluid
259,0.0358048,-0.249028,,1000,1.23005e-05,2.56984,,0.10399,-0.00281679,0.104028,,-6.30452e-06,-9.26559e-06,-0.00284132,fluid
260,0.104514,-0.228853,,1000,6.3323e-06,2.40944,,0.104912,-0.00170034,0.104926,,-1.97689e-05,-2.61251e-05,0.0127922,fluid
261,0.164756,-0.190138,,1000,-5.20543e-07,2.36032,,0.104363,0.000528413,0.104365,,-2.91238e-05,-1.07919e-05,0.052762,fluid
262,0.21165,-0.136019,,1000,2.84844e-05,2.26022,,0.0995201,0.00327392,0.0995739,,-1.28305e-05,-4.33988e-05,0.1083,fluid
263,0.241398,-0.0708807,,1000,7.23853e-06,1.59559,,0.0893053,0.0042205,0.0894049,,-2.62999e-05,-4.26531e-05,0.105642,fluid
264,0.27594,0,,1000,-4.32126e-05,0.881137,,0.0848667,3.05296e-14,0.0848667,,-0.000102701,-1.05616e-12,-9.7502e-14,fluid
265,0.264762,0.0777412,,1000,-2.72229e-05,1.11977,,0.09051,-0.0040803,0.090602,,-5.13365e-05,3.47975e-05,-0.0896512,fluid
266,0.232135,0.149184,,1000,2.30936e-06,1.78838,,0.0999245,-0.00313874,0.0999738,,-2.06183e-05,2.97342e-05,-0.0890067,fluid
267,0.180702,0.208541,,1000,-2.60694e-05,2.0429,,0.104218,-0.000501554,0.104219,,-2.73312e-05,5.23501e-07,-0.0404232,fluid
268,0.114629,0.251003,,1000,-1.80128e-05,2.06827,,0.10453,0.00145672,0.10454,,-4.89974e-05,3.57491e-05,-0.00800812,fluid
269,0.0392703,0.273131,,1000,2.19493e-06,2.07559,,0.103671,0.0023895,0.103699,,-7.15318e-06,1.13803e-05,0.00364314,fluid
270,-0.0392703,0.273131,,1000,-7.02064e-06,2.21472,,0.102282,0.00286385,0.102322,,-1.68099e-05,1.44354e-05,0.00422301,fluid
271,-0.114629,0.251003,,1000,3.31169e-06,2.60845,,0.101022,0.0030655,0.101068,,-2.86323e-06,9.11531e-06,0.00322427,fluid
272,-0.180702,0.208541,,1000,4.40402e-06,2.80841,,0.0998904,0.0028249,0.0999304,,-2.09366e-06,8.89177e-06,0.00182494,fluid
273,-0.232135,0.149184,,1000,-1.72738e-06,2.79118,,0.098767,0.00215684,0.0987906,,-8.5722e-06,5.87555e-06,0.00138471,fluid
274,-0.264762,0.0777412,,1000,1.20177e-06,2.92279,,0.0981548,0.001154,0.0981615,,2.74934e-07,7.3138e-07,0.000616119,fluid
275,-0.27594,3.37929e-17,,1000,5.32992e-07,2.93994,,0.0978392,-3.63662e-14,0.0978392,,-1.04119e-05,1.02503e-12,-6.91918e-14,fluid
276,-0.264762,-0.0777412,,1000,1.2018e-06,2.92279,,0.0981548,-0.001154,0.0981615,,2.74935e-07,-7.31377e-07,-0.000616119,fluid
277,-0.232135,-0.149184,,1000,-1.72738e-06,2.79118,,0.098767,-0.00215684,0.0987906,,-8.5722e-06,-5.87555e-06,-0.00138471,fluid
278,-0.180702,-0.208541,,1000,4.40402e-06,2.80841,,0.0998904,-0.0028249,0.0999304,,-2.09366e-06,-8.89177e-06,-0.00182494,fluid
279,-0.114629,-0.251003,,1000,3.31174e-06,2.60845,,0.101022,-0.0030655,0.101068,,-2.86323e-06,-9.11531e-06,-0.00322427,fluid
280,-0.0392703,-0.273131,,1000,-7.02064e-06,2.21472,,0.102282,-0.00286385,0.102322,,-1.68099e-05,-1.44354e-05,-0.00422301,fluid
281,0.0392703,-0.273131,,1000,2.19495e-06,2.07559,,0.103671,-0.0023895,0.103699,,-7.15318e-06,-1.13803e-05,-0.00364314,fluid
282,0.114629,-0.251003,,1000,-1.80129e-05,2.06827,,0.10453,-0.00145672,0.10454,,-4.89974e-05,-3.57491e-05,0.00800812,fluid
283,0.180702,-0.208541,,1000,-2.60694e-05,2.0429,,0.104218,0.000501554,0.104219,,-2.73312e-05,-5.23501e-07,0.0404232,fluid
284,0.232135,-0.149184,,1000,2.30941e-06,1.78838,,0.0999245,0.00313874,0.0999738,,-2.06183e-05,-2.97342e-05,0.0890067,fluid
285,0.264762,-0.0777412,,1000,-2.72229e-05,1.11977,,0.09051,0.0040803,0.090602,,-5.13365e-05,-3.47975e-05,0.0896512,fluid
286,0.301524,0,,1000,4.53875e-05,2.79089,,0.0868574,3.13453e-14,0.0868574,,-6.82437e-05,-8.11405e-13,-5.37708e-14,fluid
287,0.28931,0.084949,,1000,6.1511e-06,2.30859,,0.0919919,-0.00378307,0.0920696,,-3.13903e-05,4.33289e-05,-0.0761042,fluid
288,0.253658,0.163016,,1000,-3.70761e-05,1.80249,,0.100327,-0.0029055,0.100369,,-3.19456e-05,2.38875e-05,-0.0735848,fluid
289,0.197456,0.227876,,1000,1.87245e-06,2.34417,,0.104046,-0.000410576,0.104046,,-2.91986e-05,7.86801e-06,-0.031294,fluid
290,0.125257,0.274275,,1000,-1.08205e-05,2.19452,,0.104261,0.00124237,0.104268,,-3.84851e-05,3.28544e-05,-0.00476045,fluid
291,0.0429113,0.298454,,1000,-8.3934e-06,2.18511,,0.103303,0.00208038,0.103324,,-2.3869e-05,1.61363e-05,0.00382315,fluid
292,-0.0429113,0.298454,,1000,2.80338e-06,2.49012,,0.102073,0.0025016,0.102104,,-2.04978e-05,1.57892e-05,0.00348928,fluid
293,-0.125257,0.274275,,1000,-3.08863e-06,2.49638,,0.100892,0.00265283,0.100927,,-1.73431e-05,3.48397e-06,0.00258591,fluid
294,-0.197456,0.227876,,1000,2.59992e-06,2.73249,,0.0999463,0.00244835,0.0999763,,-4.17911e-06,6.64613e-06,0.00161216,fluid
295,-0.253658,0.163016,,1000,3.14088e-07,2.80756,,0.0989928,0.00190701,0.0990112,,-5.85951e-06,1.00973e-05,0.00127283,fluid
296,-0.28931,0.084949,,1000,-5.14833e-07,2.86652,,0.0984461,0.000993137,0.0984511,,1.16978e-06,-7.46088e-07,0.000553465,fluid
297,-0.301524,3.6926e-17,,1000,1.30169e-06,2.90191,,0.0981647,-3.05858e-14,0.0981647,,-1.0176e-05,1.11449e-12,-5.73747e-14,fluid
298,-0.28931,-0.084949,,1000,-5.14844e-07,2.86652,,0.0984461,-0.000993137,0.0984511,,1.16978e-06,7.46089e-07,-0.000553465,fluid
299,-0.253658,-0.163016,,1000,3.14159e-07,2.80756,,0.0989928,-0.00190701,0.0990112,,-5.85951e-06,-1.00973e-05,-0.00127283,fluid
300,-0.197456,-0.227876,,1000,2.6e-06,2.73249,,0.0999463,-0.00244835,0.0999763,,-4.17911e-06,-6.64613e-06,-0.00161216,fluid
301,-0.125257,-0.274275,,1000,-3.08858e-06,2.49638,,0.100892,-0.00265283,0.100927,,-1.73431e-05,-3.48397e-06,-0.00258591,fluid
302,-0.0429113,-0.298454,,1000,2.80338e-06,2.49012,,0.102073,-0.0025016,0.102104,,-2.04978e-05,-1.57892e-05,-0.00348928,fluid
303,0.0429113,-0.298454,,1000,-8.3933e-06,2.18511,,0.103303,-0.00208038,0.103324,,-2.3869e-05,-1.61363e-05,-0.00382315,fluid
304,0.125257,-0.274275,,1000,-1.08205e-05,2.19452,,0.104261,-0.00124237,0.104268,,-3.84851e-05,-3.28544e-05,0.00476045,fluid
305,0.197456,-0.227876,,1000,1.87235e-06,2.34417,,0.104046,0.000410576,0.104046,,-2.91986e-05,-7.86801e-06,0.031294,fluid
306,0.253658,-0.163016,,1000,-3.70761e-05,1.80249,,0.100327,0.0029055,0.100369,,-3.19456e-05,-2.38875e-05,0.0735848,fluid
307,0.28931,-0.084949,,1000,6.15115e-06,2.30859,,0.0919919,0.00378307,0.0920696,,-3.13903e-05,-4.33289e-05,0.0761042,fluid
308,0.328403,0,,1000,5.26983e-05,2.81096,,0.0882422,3.23414e-14,0.0882422,,-8.12055e-05,-3.71076e-13,-3.06065e-14,fluid
309,0.315101,0.0925219,,1000,2.2279e-05,2.64003,,0.093056,-0.00351331,0.0931223,,-3.44453e-05,5.30478e-05,-0.0646584,fluid
310,0.27627,0.177548,,1000,-5.99908e-07,2.45611,,0.100721,-0.00249397,0.100751,,-1.95559e-05,7.2133e-05,-0.0612869,fluid
311,0.215058,0.248191,,1000,3.74428e-05,2.7201,,0.103838,-0.000300241,0.103838,,-4.0379e-05,3.13263e-05,-0.0245388,fluid
312,0.136424,0.298726,,1000,1.88122e-05,2.6869,,0.103968,0.00110394,0.103974,,-8.04979e-06,2.72276e-05,-0.00269943,fluid
313,0.0467366,0.325061,,1000,8.77449e-07,2.77434,,0.10294,0.00187048,0.102957,,-1.93838e-05,1.89959e-05,0.00360919,fluid
314,-0.0467366,0.325061,,1000,1.05902e-05,2.88949,,0.102019,0.00224282,0.102044,,-1.22914e-05,1.95646e-05,0.00305612,fluid
315,-0.136424,0.298726,,1000,-2.50904e-06,2.62372,,0.100983,0.00239958,0.101012,,2.14665e-06,1.26143e-05,0.00234684,fluid
316,-0.215058,0.248191,,1000,-2.27057e-06,2.70525,,0.099984,0.00211672,0.100006,,-9.0307e-06,3.79143e-07,0.00143641,fluid
317,-0.27627,0.177548,,1000,2.41426e-06,2.86088,,0.0991613,0.00167158,0.0991754,,-5.86716e-06,1.09684e-05,0.00113806,fluid
318,-0.315101,0.0925219,,1000,-5.037e-07,2.89921,,0.0986919,0.000884215,0.0986959,,2.4663e-06,-5.82294e-07,0.000511346,fluid
319,-0.328403,4.02178e-17,,1000,5.00252e-07,2.8966,,0.0984401,-3.33722e-14,0.0984401,,-9.59931e-06,8.93043e-13,-5.83561e-14,fluid
320,-0.315101,-0.0925219,,1000,-5.03697e-07,2.89921,,0.0986919,-0.000884215,0.0986959,,2.4663e-06,5.82295e-07,-0.000511346,fluid
321,-0.27627,-0.177548,,1000,2.41423e-06,2.86088,,0.0991613,-0.00167158,0.0991754,,-5.86716e-06,-1.09684e-05,-0.00113806,fluid
322,-0.215058,-0.248191,,1000,-2.2705e-06,2.70525,,0.099984,-0.00211672,0.100006,,-9.0307e-06,-3.79144e-07,-0.00143641,fluid
323,-0.136424,-0.298726,,1000,-2.50901e-06,2.62372,,0.100983,-0.00239958,0.101012,,2.14665e-06,-1.26143e-05,-0.00234684,fluid
324,-0.0467366,-0.325061,,1000,1.05902e-05,2.88949,,0.102019,-0.00224282,0.102044,,-1.22914e-05,-1.95646e-05,-0.00305612,fluid
325,0.0467366,-0.325061,,1000,8.77474e-07,2.77434,,0.10294,-0.00187048,0.102957,,-1.93838e-05,-1.89959e-05,-0.00360919,fluid
326,0.136424,-0.298726,,1000,1.88122e-05,2.6869,,0.103968,-0.00110394,0.103974,,-8.04979e-06,-2.72276e-05,0.00269943,fluid
327,0.215058,-0.248191,,1000,3.74427e-05,2.7201,,0.103838,0.000300241,0.103838,,-4.0379e-05,-3.13263e-05,0.0245388,fluid
328,0.27627,-0.177548,,1000,-5.99906e-07,2.45611,,0.100721,0.00249397,0.100751,,-1.95559e-05,-7.2133e-05,0.0612869,fluid
329,0.315101,-0.0925219,,1000,2.22791e-05,2.64003,,0.093056,0.00351331,0.0931223,,-3.44453e-05,-5.30478e-05,0.0646584,fluid
330,0.356644,0,,1000,-5.11504e-05,0.613109,,0.0889884,3.23112e-14,0.0889884,,-0.000152376,-1.90178e-14,-2.26275e-14,fluid
331,0.342197,0.100478,,1000,-1.51633e-05,1.27141,,0.0935732,-0.00339406,0.0936347,,-7.10003e-05,6.51332e-05,-0.0548698,fluid
332,0.300028,0.192816,,1000,3.17567e-05,2.49847,,0.100899,-0.00229595,0.100925,,-1.97916e-05,9.86596e-05,-0.0511792,fluid
333,0.233552,0.269534,,1000,6.98709e-06,2.33943,,0.103651,-0.000324326,0.103652,,-4.70825e-05,3.70893e-05,-0.0193005,fluid
334,0.148155,0.324415,,1000,1.87615e-05,2.63385,,0.103572,0.000969024,0.103577,,-1.28139e-05,3.37189e-05,-0.00142644,fluid
335,0.0507557,0.353014,,1000,9.93087e-06,2.73043,,0.102695,0.00162627,0.102708,,6.09714e-07,1.98141e-05,0.00327216,fluid
336,-0.0507557,0.353014,,1000,1.99527e-06,2.64221,,0.101943,0.001966,0.101962,,-4.62335e-06,2.0472e-05,0.00271011,fluid
337,-0.148155,0.324415,,1000,3.87649e-06,2.71292,,0.100994,0.00214087,0.101016,,9.38766e-06,1.7482e-05,0.00220543,fluid
338,-0.233552,0.269534,,1000,-1.63253e-06,2.70697,,0.100082,0.00188186,0.1001,,-4.45374e-06,1.87166e-06,0.00133968,fluid
339,-0.300028,0.192816,,1000,1.44815e-06,2.78552,,0.0993042,0.00144908,0.0993147,,-8.05468e-06,7.85636e-06,0.000975189,fluid
340,-0.342197,0.100478,,1000,1.05405e-06,2.87146,,0.0989064,0.000801151,0.0989097,,3.81177e-06,2.07257e-06,0.000489291,fluid
341,-0.356644,4.36763e-17,,1000,-4.09587e-07,2.83152,,0.0986852,-3.33522e-14,0.0986852,,-8.60158e-06,5.48677e-13,-5.94193e-14,fluid
342,-0.342197,-0.100478,,1000,1.05406e-06,2.87146,,0.0989064,-0.000801151,0.0989097,,3.81177e-06,-2.07257e-06,-0.000489291,fluid
343,-0.300028,-0.192816,,1000,1.44817e-06,2.78552,,0.0993042,-0.00144908,0.0993147,,-8.05468e-06,-7.85636e-06,-0.000975189,fluid
344,-0.233552,-0.269534,,1000,-1.63254e-06,2.70697,,0.100082,-0.00188186,0.1001,,-4.45374e-06,-1.87166e-06,-0.00133968,fluid
345,-0.148155,-0.324415,,1000,3.8765e-06,2.71292,,0.100994,-0.00214087,0.101016,,9.38766e-06,-1.7482e-05,-0.00220543,fluid
346,-0.0507557,-0.353014,,1000,1.99527e-06,2.64221,,0.101943,-0.001966,0.101962,,-4.62335e-06,-2.0472e-05,-0.00271011,fluid
347,0.0507557,-0.353014,,1000,9.93085e-06,2.73043,,0.102695,-0.00162627,0.102708,,6.09715e-07,-1.98141e-05,-0.00327216,fluid
348,0.148155,-0.324415,,1000,1.87614e-05,2.63385,,0.103572,-0.000969024,0.103577,,-1.28139e-05,-3.37189e-05,0.00142644,fluid
349,0.233552,-0.269534,,1000,6.98709e-06,2.33943,,0.103651,0.000324326,0.103652,,-4.70825e-05,-3.70893e-05,0.0193005,fluid
350,0.300028,-0.192816,,1000,3.17567e-05,2.49847,,0.100899,0.00229595,0.100925,,-1.97917e-05,-9.86596e-05,0.0511792,fluid
351,0.342197,-0.100478,,1000,-1.51633e-05,1.27141,,0.0935732,0.00339406,0.0936347,,-7.10003e-05,-6.51332e-05,0.0548698,fluid
352,0.386315,0,,1000,-6.09767e-05,0.884266,,0.0902775,3.15336e-14,0.0902775,,-0.000164356,8.92759e-14,-2.77716e-14,fluid
353,0.370667,0.108838,,1000,-3.06524e-05,1.1436,,0.0943944,-0.00327264,0.0944511,,-8.6225e-05,6.07601e-05,-0.0464683,fluid
354,0.324989,0.208858,,1000,-4.35092e-06,1.94261,,0.101002,-0.00236445,0.10103,,-3.39653e-05,7.18876e-05,-0.0427026,fluid
355,0.252983,0.291957,,1000,-4.55597e-05,1.7988,,0.103529,-0.000458843,0.10353,,-4.53687e-05,2.5234e-05,-0.0150677,fluid
356,0.160481,0.351404,,1000,-1.42354e-05,2.02536,,0.103241,0.000763064,0.103243,,-5.66361e-05,5.13903e-05,-0.000511861,fluid
357,0.0549784,0.382383,,1000,1.04077e-06,2.04154,,0.102549,0.00133265,0.102558,,-7.24335e-06,2.40217e-05,0.00296621,fluid
358,-0.0549784,0.382383,,1000,-1.04298e-05,2.07713,,0.101679,0.00165017,0.101692,,-1.77378e-05,1.64977e-05,0.00224164,fluid
359,-0.160481,0.351404,,1000,5.13458e-06,2.54776,,0.100866,0.00184334,0.100882,,2.77938e-06,1.67459e-05,0.00188999,fluid
360,-0.252983,0.291957,,1000,2.11835e-06,2.65891,,0.100177,0.00169004,0.100191,,3.32098e-06,7.23944e-06,0.0012763,fluid
361,-0.324989,0.208858,,1000,-9.5736e-07,2.63594,,0.0994426,0.0012617,0.0994506,,-8.82027e-06,5.21778e-06,0.000828804,fluid
362,-0.370667,0.108838,,1000,1.78841e-06,2.75119,,0.0990857,0.000699163,0.0990881,,3.80441e-06,2.1134e-06,0.00045394,fluid
363,-0.386315,4.73099e-17,,1000,-5.07805e-07,2.72318,,0.0989008,-2.74487e-14,0.0989008,,-7.44214e-06,2.57146e-13,-5.11938e-14,fluid
364,-0.370667,-0.108838,,1000,1.78853e-06,2.75119,,0.0990857,-0.000699163,0.0990881,,3.80441e-06,-2.1134e-06,-0.00045394,fluid
365,-0.324989,-0.208858,,1000,-9.57333e-07,2.63594,,0.0994426,-0.0012617,0.0994506,,-8.82027e-06,-5.21778e-06,-0.000828804,fluid
366,-0.252983,-0.291957,,1000,2.11839e-06,2.65891,,0.100177,-0.00169004,0.100191,,3.32098e-06,-7.23944e-06,-0.0012763,fluid
367,-0.160481,-0.351404,,1000,5.13452e-06,2.54776,,0.100866,-0.00184334,0.100882,,2.77938e-06,-1.67459e-05,-0.00188999,fluid
368,-0.0549784,-0.382383,,1000,-1.04298e-05,2.07713,,0.101679,-0.00165017,0.101692,,-1.77378e-05,-1.64977e-05,-0.00224164,fluid
369,0.0549784,-0.382383,,1000,1.04082e-06,2.04154,,0.102549,-0.00133265,0.102558,,-7.24334e-06,-2.40217e-05,-0.00296621,fluid
370,0.160481,-0.351404,,1000,-1.42354e-05,2.02536,,0.103241,-0.000763064,0.103243,,-5.66361e-05,-5.13903e-05,0.000511861,fluid
371,0.252983,-0.291957,,1000,-4.55598e-05,1.7988,,0.103529,0.000458843,0.10353,,-4.53687e-05,-2.5234e-05,0.0150677,fluid
372,0.324989,-0.208858,,1000,-4.35091e-06,1.94261,,0.101002,0.00236445,0.10103,,-3.39653e-05,-7.18876e-05,0.0427026,fluid
373,0.370667,-0.108838,,1000,-3.06524e-05,1.1436,,0.0943944,0.00327264,0.0944511,,-8.6225e-05,-6.07601e-05,0.0464683,fluid
374,0.417489,0,,1000,7.6182e-05,3.61827,,0.0920135,2.97341e-14,0.0920135,,-0.000102598,-1.25258e-14,-4.32703e-14,fluid
375,0.400577,0.11762,,1000,2.29626e-05,2.94227,,0.0956,-0.00303761,0.0956483,,-5.89898e-05,6.91699e-05,-0.0393488,fluid
376,0.351214,0.225711,,1000,-4.169e-05,2.00815,,0.101244,-0.00230234,0.10127,,-3.50519e-05,6.46624e-05,-0.0357579,fluid
377,0.273397,0.315517,,1000,-2.09005e-05,2.16727,,0.103398,-0.000479885,0.103399,,-3.63961e-05,2.41885e-05,-0.0117842,fluid
378,0.173431,0.379761,,1000,-2.39575e-05,1.9473,,0.103094,0.000557706,0.103096,,-6.07954e-05,5.44973e-05,0.000242464,fluid
379,0.0594148,0.413239,,1000,-6.19963e-06,1.93977,,0.10237,0.00112382,0.102376,,-1.79843e-05,3.0043e-05,0.00266822,fluid
380,-0.0594148,0.413239,,1000,-5.27785e-06,2.19063,,0.101486,0.00142987,0.101496,,-1.83769e-05,1.6525e-05,0.00182752,fluid
381,-0.173431,0.379761,,1000,-3.75805e-07,2.40625,,0.100657,0.00155209,0.100669,,-2.03066e-05,7.67629e-06,0.00151467,fluid
382,-0.273397,0.315517,,1000,2.33218e-06,2.61412,,0.100191,0.0014825,0.100202,,4.67248e-06,7.87935e-06,0.00119137,fluid
383,-0.351214,0.225711,,1000,-1.66027e-06,2.61467,,0.0995628,0.00111823,0.0995691,,-8.0213e-06,4.18259e-06,0.000735799,fluid
384,-0.400577,0.11762,,1000,9.70203e-07,2.69276,,0.0992289,0.000600773,0.0992307,,3.11439e-06,3.40936e-07,0.000407334,fluid
385,-0.417489,5.11276e-17,,1000,-1.11634e-07,2.70192,,0.0990758,-1.76506e-14,0.0990758,,-6.40691e-06,8.51806e-14,-3.91262e-14,fluid
386,-0.400577,-0.11762,,1000,9.70258e-07,2.69276,,0.0992289,-0.000600773,0.0992307,,3.11439e-06,-3.40936e-07,-0.000407334,fluid
387,-0.351214,-0.225711,,1000,-1.66028e-06,2.61467,,0.0995628,-0.00111823,0.0995691,,-8.0213e-06,-4.18259e-06,-0.000735799,fluid
388,-0.273397,-0.315517,,1000,2.33216e-06,2.61412,,0.100191,-0.0014825,0.100202,,4.67248e-06,-7.87936e-06,-0.00119137,fluid
389,-0.173431,-0.379761,,1000,-3.75888e-07,2.40625,,0.100657,-0.00155209,0.100669,,-2.03066e-05,-7.67629e-06,-0.00151467,fluid
390,-0.0594148,-0.413239,,1000,-5.27789e-06,2.19063,,0.101486,-0.00142987,0.101496,,-1.83769e-05,-1.6525e-05,-0.00182752,fluid
391,0.0594148,-0.413239,,1000,-6.19953e-06,1.93977,,0.10237,-0.00112382,0.102376,,-1.79843e-05,-3.0043e-05,-0.00266822,fluid
392,0.173431,-0.379761,,1000,-2.39575e-05,1.9473,,0.103094,-0.000557706,0.103096,,-6.07954e-05,-5.44973e-05,-0.000242464,fluid
393,0.273397,-0.315517,,1000,-2.09005e-05,2.16727,,0.103398,0.000479885,0.103399,,-3.63961e-05,-2.41885e-05,0.0117842,fluid
394,0.351214,-0.225711,,1000,-4.169e-05,2.00815,,0.101244,0.00230234,0.10127,,-3.50519e-05,-6.46624e-05,0.0357579,fluid
395,0.400577,-0.11762,,1000,2.29626e-05,2.94227,,0.0956,0.00303761,0.0956483,,-5.89898e-05,-6.91699e-05,0.0393488,fluid
396,0.450241,0,,1000,9.46262e-05,3.46803,,0.0928726,2.99234e-14,0.0928726,,-0.000130435,-1.7115e-13,-6.50278e-14,fluid
397,0.432003,0.126847,,1000,4.09928e-05,3.22684,,0.0962341,-0.00284704,0.0962762,,-7.03777e-05,8.11099e-05,-0.0333139,fluid
398,0.378767,0.243419,,1000,4.50058e-06,2.6314,,0.101423,-0.00202204,0.101443,,-1.90501e-05,0.000123264,-0.0301539,fluid
399,0.294845,0.340269,,1000,5.16431e-05,2.98852,,0.103157,-0.000323193,0.103157,,-3.2291e-05,4.97444e-05,-0.00940201,fluid
400,0.187037,0.409553,,1000,1.18093e-05,2.67732,,0.102977,0.000451881,0.102978,,-7.21017e-06,3.93169e-05,0.00077748,fluid
401,0.0640759,0.445658,,1000,4.74281e-06,2.72581,,0.10211,0.0010385,0.102116,,-1.17327e-05,3.48224e-05,0.00233161,fluid
402,-0.0640759,0.445658,,1000,1.11607e-05,2.89539,,0.101464,0.00132609,0.101473,,-3.78659e-07,2.16786e-05,0.00167552,fluid
403,-0.187037,0.409553,,1000,-3.44881e-06,2.5447,,0.100734,0.00143032,0.100744,,-8.31013e-06,1.25455e-05,0.00139521,fluid
404,-0.294845,0.340269,,1000,2.98572e-07,2.65406,,0.100181,0.00129286,0.100189,,2.25667e-06,4.85021e-06,0.00111218,fluid
405,-0.378767,0.243419,,1000,7.44612e-08,2.73268,,0.0996584,0.00100837,0.0996635,,-5.5337e-06,6.25017e-06,0.000691209,fluid
406,-0.432003,0.126847,,1000,3.50745e-07,2.75384,,0.0993484,0.000535159,0.0993498,,3.01387e-06,3.68176e-07,0.000381065,fluid
407,-0.450241,5.51386e-17,,1000,3.46433e-08,2.77278,,0.0992155,-1.73076e-14,0.0992155,,-5.32809e-06,-2.41379e-14,-3.37882e-14,fluid
408,-0.432003,-0.126847,,1000,3.50778e-07,2.75384,,0.0993484,-0.000535159,0.0993498,,3.01387e-06,-3.68175e-07,-0.000381065,fluid
409,-0.378767,-0.243419,,1000,7.45243e-08,2.73268,,0.0996584,-0.00100837,0.0996635,,-5.5337e-06,-6.25017e-06,-0.000691209,fluid
410,-0.294845,-0.340269,,1000,2.98591e-07,2.65406,,0.100181,-0.00129286,0.100189,,2.25667e-06,-4.85021e-06,-0.00111218,fluid
411,-0.187037,-0.409553,,1000,-3.44886e-06,2.5447,,0.100734,-0.00143032,0.100744,,-8.31013e-06,-1.25455e-05,-0.00139521,fluid
412,-0.0640759,-0.445658,,1000,1.11606e-05,2.89539,,0.101464,-0.00132609,0.101473,,-3.78658e-07,-2.16786e-05,-0.00167552,fluid
413,0.0640759,-0.445658,,1000,4.74284e-06,2.72581,,0.10211,-0.0010385,0.102116,,-1.17327e-05,-3.48224e-05,-0.00233161,fluid
414,0.187037,-0.409553,,1000,1.18094e-05,2.67732,,0.102977,-0.000451881,0.102978,,-7.21017e-06,-3.93169e-05,-0.00077748,fluid
415,0.294845,-0.340269,,1000,5.16431e-05,2.98852,,0.103157,0.000323193,0.103157,,-3.2291e-05,-4.97444e-05,0.00940201,fluid
416,0.378767,-0.243419,,1000,4.50056e-06,2.6314,,0.101423,0.00202204,0.101443,,-1.90501e-05,-0.000123264,0.0301539,fluid
417,0.432003,-0.126847,,1000,4.09929e-05,3.22684,,0.0962341,0.00284704,0.0962762,,-7.03777e-05,-8.11099e-05,0.0333139,fluid
418,0.484652,0,,1000,-8.64918e-05,-0.0594047,,0.0929538,2.85558e-14,0.0929538,,-0.000244647,-2.64872e-13,-8.65934e-14,fluid
419,0.46502,0.136542,,1000,-3.49901e-05,0.938906,,0.096214,-0.00279149,0.0962544,,-0.000127081,9.21609e-05,-0.0280261,fluid
420,0.407715,0.262022,,1000,3.50598e-05,2.49775,,0.101329,-0.00183966,0.101346,,-3.53643e-05,0.000161209,-0.0253676,fluid
421,0.317379,0.366275,,1000,5.08443e-05,2.84395,,0.102927,-0.000294271,0.102927,,-2.44089e-05,6.25845e-05,-0.0074989,fluid
422,0.201332,0.440855,,1000,3.51381e-05,3.01784,,0.102695,0.000395627,0.102696,,2.63228e-05,3.17824e-05,0.00104489,fluid
423,0.0689731,0.479719,,1000,1.34649e-05,3.09172,,0.101879,0.000934712,0.101883,,8.24274e-06,3.48001e-05,0.00201098,fluid
424,-0.0689731,0.479719,,1000,1.36735e-05,3.0225,,0.101528,0.00121341,0.101536,,1.56831e-05,2.46419e-05,0.00167783,fluid
425,-0.201332,0.440855,,1000,-7.64906e-08,2.70069,,0.100843,0.00132839,0.100852,,9.14268e-06,1.91503e-05,0.00144553,fluid
426,-0.317379,0.366275,,1000,5.42064e-08,2.67118,,0.100211,0.00114555,0.100217,,1.80064e-06,2.96597e-06,0.00106484,fluid
427,-0.407715,0.262022,,1000,1.50395e-06,2.7547,,0.0997366,0.000896098,0.0997406,,-4.72952e-06,6.20916e-06,0.00065638,fluid
428,-0.46502,0.136542,,1000,7.69839e-07,2.76806,,0.0994608,0.000489276,0.099462,,3.32391e-06,1.90032e-06,0.000380585,fluid
429,-0.484652,5.93527e-17,,1000,2.1896e-08,2.76634,,0.0993435,-1.76281e-14,0.0993435,,-4.23942e-06,-9.04939e-14,-3.15074e-14,fluid
430,-0.46502,-0.136542,,1000,7.6984e-07,2.76806,,0.0994608,-0.000489276,0.099462,,3.32391e-06,-1.90032e-06,-0.000380585,fluid
431,-0.407715,-0.262022,,1000,1.50396e-06,2.7547,,0.0997366,-0.000896098,0.0997406,,-4.72952e-06,-6.20916e-06,-0.00065638,fluid
432,-0.317379,-0.366275,,1000,5.42168e-08,2.67118,,0.100211,-0.00114555,0.100217,,1.80064e-06,-2.96597e-06,-0.00106484,fluid
433,-0.201332,-0.440855,,1000,-7.65041e-08,2.70069,,0.100843,-0.00132839,0.100852,,9.14268e-06,-1.91503e-05,-0.00144553,fluid
434,-0.0689731,-0.479719,,1000,1.36734e-05,3.0225,,0.101528,-0.00121341,0.101536,,1.56831e-05,-2.46419e-05,-0.00167783,fluid
435,0.0689731,-0.479719,,1000,1.34649e-05,3.09172,,0.101879,-0.000934712,0.101883,,8.24274e-06,-3.48001e-05,-0.00201098,fluid
436,0.201332,-0.440855,,1000,3.51382e-05,3.01784,,0.102695,-0.000395627,0.102696,,2.63228e-05,-3.17824e-05,-0.00104489,fluid
437,0.317379,-0.366275,,1000,5.08443e-05,2.84395,,0.102927,0.000294271,0.102927,,-2.44089e-05,-6.25845e-05,0.0074989,fluid
438,0.407715,-0.262022,,1000,3.50598e-05,2.49775,,0.101329,0.00183966,0.101346,,-3.53643e-05,-0.000161209,0.0253676,fluid
439,0.46502,-0.136542,,1000,-3.49901e-05,0.938906,,0.096214,0.00279149,0.0962544,,-0.000127081,-9.21609e-05,0.0280261,fluid
440,0.520805,0,,1000,-0.000145717,-0.382484,,0.0939065,2.30606e-14,0.0939065,,-0.000259913,-2.60414e-13,-1.03566e-13,fluid
441,0.499709,0.146728,,1000,-9.03509e-05,0.324318,,0.0967496,-0.00272388,0.096788,,-0.000156795,6.00306e-05,-0.0232857,fluid
442,0.438129,0.281568,,1000,1.7208e-06,2.00077,,0.101352,-0.00194445,0.101371,,-2.76682e-05,0.000130257,-0.0209979,fluid
443,0.341055,0.393598,,1000,-3.27469e-05,1.71016,,0.102789,-0.000507218,0.10279,,-6.76003e-06,4.12166e-05,-0.00571203,fluid
444,0.21635,0.473741,,1000,3.3206e-06,2.22832,,0.10234,0.000263644,0.102341,,-4.44147e-06,4.18121e-05,0.00117144,fluid
445,0.0741183,0.515504,,1000,-1.80745e-06,2.23781,,0.10178,0.000712587,0.101783,,1.25651e-05,3.27368e-05,0.00178496,fluid
446,-0.0741183,0.515504,,1000,-4.74889e-06,2.17581,,0.101364,0.00098593,0.101369,,8.04212e-06,1.90642e-05,0.0015495,fluid
447,-0.21635,0.473741,,1000,2.42071e-06,2.51573,,0.100795,0.00114578,0.100802,,1.11943e-05,1.94203e-05,0.00137708,fluid
448,-0.341055,0.393598,,1000,7.55586e-07,2.53113,,0.100249,0.00100979,0.100254,,2.41798e-06,2.21759e-06,0.00102065,fluid
449,-0.438129,0.281568,,1000,4.72597e-07,2.56815,,0.0998083,0.000771005,0.0998113,,-5.23888e-06,4.1076e-06,0.00061048,fluid
450,-0.499709,0.146728,,1000,1.03488e-06,2.62158,,0.0995673,0.000433527,0.0995683,,3.03555e-06,2.02881e-06,0.000380578,fluid
451,-0.520805,6.37802e-17,,1000,-1.14099e-07,2.60712,,0.0994697,-1.43284e-14,0.0994697,,-3.19837e-06,-1.32436e-13,-2.45805e-14,fluid
452,-0.499709,-0.146728,,1000,1.03485e-06,2.62158,,0.0995673,-0.000433527,0.0995683,,3.03555e-06,-2.02881e-06,-0.000380578,fluid
453,-0.438129,-0.281568,,1000,4.7259e-07,2.56815,,0.0998083,-0.000771005,0.0998113,,-5.23888e-06,-4.1076e-06,-0.00061048,fluid
454,-0.341055,-0.393598,,1000,7.55589e-07,2.53113,,0.100249,-0.00100979,0.100254,,2.41798e-06,-2.21759e-06,-0.00102065,fluid
455,-0.21635,-0.473741,,1000,2.42065e-06,2.51573,,0.100795,-0.00114578,0.100802,,1.11943e-05,-1.94203e-05,-0.00137708,fluid
456,-0.0741183,-0.515504,,1000,-4.74895e-06,2.17581,,0.101364,-0.00098593,0.101369,,8.04212e-06,-1.90642e-05,-0.0015495,fluid
457,0.0741183,-0.515504,,1000,-1.80741e-06,2.23781,,0.10178,-0.000712587,0.101783,,1.25651e-05,-3.27368e-05,-0.00178496,fluid
458,0.21635,-0.473741,,1000,3.32062e-06,2.22832,,0.10234,-0.000263644,0.102341,,-4.44147e-06,-4.18121e-05,-0.00117144,fluid
459,0.341055,-0.393598,,1000,-3.27469e-05,1.71016,,0.102789,0.000507218,0.10279,,-6.76003e-06,-4.12166e-05,0.00571203,fluid
460,0.438129,-0.281568,,1000,1.72077e-06,2.00077,,0.101352,0.00194445,0.101371,,-2.76682e-05,-0.000130257,0.0209979,fluid
461,0.499709,-0.146728,,1000,-9.03508e-05,0.324318,,0.0967496,0.00272388,0.096788,,-0.000156795,-6.00306e-05,0.0232857,fluid
462,0.558789,0,,1000,0.000154053,4.8229,,0.0959104,1.6504e-14,0.0959104,,-0.000105912,-1.9615e-13,-1.16309e-13,fluid
463,0.536154,0.157429,,1000,8.81878e-05,3.7662,,0.0981266,-0.00250677,0.0981587,,-4.78177e-05,5.72471e-05,-0.0191755,fluid
464,0.470084,0.302104,,1000,-6.46757e-05,2.12048,,0.101581,-0.00214692,0.101604,,-1.25507e-05,6.0334e-05,-0.0171643,fluid
465,0.365929,0.422305,,1000,-7.22749e-05,1.31532,,0.102708,-0.000706022,0.10271,,1.11672e-05,2.0192e-05,-0.00415419,fluid
466,0.232129,0.508293,,1000,-3.67091e-05,1.45389,,0.102178,6.37886e-05,0.102178,,-3.55867e-05,4.69103e-05,0.00131713,fluid
467,0.079524,0.553102,,1000,-1.7523e-05,1.42218,,0.101754,0.000496376,0.101755,,9.39679e-06,3.26341e-05,0.00164147,fluid
468,-0.079524,0.553102,,1000,-1.791e-05,1.59627,,0.101072,0.000766854,0.101075,,-1.38401e-05,1.11648e-05,0.00124866,fluid
469,-0.232129,0.508293,,1000,4.67248e-07,2.23263,,0.100552,0.000901416,0.100556,,-1.60192e-05,7.40079e-06,0.00111868,fluid
470,-0.365929,0.422305,,1000,2.36617e-07,2.39307,,0.100275,0.000897911,0.100279,,4.82184e-06,3.78899e-06,0.000973646,fluid
471,-0.470084,0.302104,,1000,-1.02807e-06,2.40915,,0.0998627,0.000650683,0.0998648,,-7.02551e-06,-4.34699e-07,0.000568348,fluid
472,-0.536154,0.157429,,1000,6.19908e-07,2.48813,,0.0996516,0.00036854,0.0996523,,2.10491e-06,5.86868e-07,0.000366763,fluid
473,-0.558789,6.8432e-17,,1000,-2.96445e-07,2.48313,,0.0995753,-8.81177e-15,0.0995753,,-2.35823e-06,-1.97279e-13,-1.4559e-14,fluid
474,-0.536154,-0.157429,,1000,6.19863e-07,2.48813,,0.0996516,-0.00036854,0.0996523,,2.10491e-06,-5.86868e-07,-0.000366763,fluid
475,-0.470084,-0.302104,,1000,-1.028e-06,2.40915,,0.0998627,-0.000650683,0.0998648,,-7.02551e-06,4.34699e-07,-0.000568348,fluid
476,-0.365929,-0.422305,,1000,2.36615e-07,2.39307,,0.100275,-0.000897911,0.100279,,4.82184e-06,-3.78899e-06,-0.000973646,fluid
477,-0.232129,-0.508293,,1000,4.67203e-07,2.23263,,0.100552,-0.000901416,0.100556,,-1.60192e-05,-7.40079e-06,-0.00111868,fluid
478,-0.079524,-0.553102,,1000,-1.79101e-05,1.59627,,0.101072,-0.000766854,0.101075,,-1.38401e-05,-1.11648e-05,-0.00124866,fluid
479,0.079524,-0.553102,,1000,-1.7523e-05,1.42218,,0.101754,-0.000496376,0.101755,,9.39679e-06,-3.26341e-05,-0.00164147,fluid
480,0.232129,-0.508293,,1000,-3.67091e-05,1.45389,,0.102178,-6.37886e-05,0.102178,,-3.55867e-05,-4.69103e-05,-0.00131713,fluid
481,0.365929,-0.422305,,1000,-7.22749e-05,1.31532,,0.102708,0.000706022,0.10271,,1.11672e-05,-2.0192e-05,0.00415419,fluid
482,0.470084,-0.302104,,1000,-6.46757e-05,2.12048,,0.101581,0.00214692,0.101604,,-1.25507e-05,-6.0334e-05,0.0171643,fluid
483,0.536154,-0.157429,,1000,8.81879e-05,3.7662,,0.0981266,0.00250677,0.0981587,,-4.78177e-05,-5.72471e-05,0.0191755,fluid
484,0.598697,0,,1000,0.000131874,5.05727,,0.0962551,1.1525e-14,0.0962551,,-0.000201035,-1.23051e-13,-1.25918e-13,fluid
485,0.574446,0.168673,,1000,6.27813e-05,4.21165,,0.0983687,-0.00250083,0.0984004,,-0.00010953,7.04239e-06,-0.0158131,fluid
486,0.503656,0.32368,,1000,1.24494e-05,2.64244,,0.101681,-0.00207502,0.101702,,4.85788e-05,7.65801e-05,-0.0141746,fluid
487,0.392063,0.452465,,1000,9.57765e-06,2.59962,,0.102549,-0.000605443,0.102551,,3.15997e-05,2.88636e-05,-0.00311428,fluid
488,0.248708,0.544594,,1000,-1.63145e-05,2.12867,,0.102113,-4.57824e-06,0.102113,,-8.59689e-06,3.52391e-05,0.00146953,fluid
489,0.0852035,0.592603,,1000,1.08761e-08,2.16674,,0.101587,0.000458467,0.101588,,4.1857e-06,3.75006e-05,0.00148796,fluid
490,-0.0852035,0.592603,,1000,-3.72859e-06,2.36668,,0.100927,0.00070537,0.100929,,-9.74128e-06,1.11023e-05,0.00100395,fluid
491,-0.248708,0.544594,,1000,-1.03364e-07,2.37842,,0.100436,0.000777287,0.100439,,-2.19844e-05,5.04966e-06,0.000909378,fluid
492,-0.392063,0.452465,,1000,1.3342e-07,2.51991,,0.100229,0.000778637,0.100232,,3.02702e-06,2.59531e-06,0.000935774,fluid
493,-0.503656,0.32368,,1000,-5.19341e-07,2.52952,,0.0999046,0.000581882,0.0999062,,-6.27789e-06,-1.1355e-06,0.000563953,fluid
494,-0.574446,0.168673,,1000,6.55875e-07,2.58011,,0.0997051,0.00031789,0.0997056,,1.17912e-06,-2.2694e-07,0.000352079,fluid
495,-0.598697,7.33193e-17,,1000,2.71552e-08,2.5867,,0.0996435,-4.81052e-15,0.0996435,,-1.80283e-06,-3.0519e-13,-9.23545e-15,fluid
496,-0.574446,-0.168673,,1000,6.55868e-07,2.58011,,0.0997051,-0.00031789,0.0997056,,1.17912e-06,2.2694e-07,-0.000352079,fluid
497,-0.503656,-0.32368,,1000,-5.19322e-07,2.52952,,0.0999046,-0.000581882,0.0999062,,-6.27789e-06,1.1355e-06,-0.000563953,fluid
498,-0.392063,-0.452465,,1000,1.33418e-07,2.51991,,0.100229,-0.000778637,0.100232,,3.02701e-06,-2.59531e-06,-0.000935774,fluid
499,-0.248708,-0.544594,,1000,-1.03393e-07,2.37842,,0.100436,-0.000777287,0.100439,,-2.19844e-05,-5.04966e-06,-0.000909378,fluid
500,-0.0852035,-0.592603,,1000,-3.7286e-06,2.36668,,0.100927,-0.00070537,0.100929,,-9.74128e-06,-1.11023e-05,-0.00100395,fluid
501,0.0852035,-0.592603,,1000,1.08704e-08,2.16674,,0.101587,-0.000458467,0.101588,,4.1857e-06,-3.75006e-05,-0.00148796,fluid
502,0.248708,-0.544594,,1000,-1.63145e-05,2.12867,,0.102113,4.57824e-06,0.102113,,-8.59689e-06,-3.52391e-05,-0.00146953,fluid
503,0.392063,-0.452465,,1000,9.57759e-06,2.59962,,0.102549,0.000605443,0.102551,,3.15997e-05,-2.88636e-05,0.00311428,fluid
504,0.503656,-0.32368,,1000,1.24494e-05,2.64244,,0.101681,0.00207502,0.101702,,4.85788e-05,-7.65801e-05,0.0141746,fluid
505,0.574446,-0.168673,,1000,6.27813e-05,4.21165,,0.0983687,0.00250083,0.0984004,,-0.00010953,-7.04239e-06,0.0158131,fluid
506,0.640626,0,,1000,-0.000109657,-0.681405,,0.09598,9.46608e-15,0.09598,,-0.000246192,-7.10655e-14,-1.31453e-13,fluid
507,0.614676,0.180485,,1000,-5.92708e-05,0.621346,,0.098121,-0.0022498,0.0981468,,-0.000127908,3.80623e-05,-0.0131042,fluid
508,0.538929,0.346349,,1000,6.85651e-05,2.53056,,0.101404,-0.00165056,0.101418,,2.88926e-05,0.000119601,-0.0119298,fluid
509,0.419521,0.484153,,1000,9.44942e-05,3.7294,,0.102266,-0.000379752,0.102266,,6.26249e-05,3.79354e-05,-0.00251964,fluid
510,0.266126,0.582734,,1000,3.72239e-05,3.37489,,0.102018,1.64455e-05,0.102018,,6.22885e-05,8.96499e-06,0.00157164,fluid
511,0.0911706,0.634105,,1000,2.97333e-05,3.48118,,0.101357,0.000499469,0.101358,,1.03752e-05,4.12854e-05,0.00132541,fluid
512,-0.0911706,0.634105,,1000,1.97055e-05,3.42063,,0.101062,0.000737436,0.101065,,2.44261e-05,1.88324e-05,0.000998102,fluid
513,-0.266126,0.582734,,1000,1.82683e-06,2.75235,,0.10062,0.000804954,0.100623,,7.41033e-07,1.3492e-05,0.000942433,fluid
514,-0.419521,0.484153,,1000,1.68224e-06,2.72655,,0.100231,0.000711237,0.100234,,6.79211e-06,5.95097e-06,0.000941298,fluid
515,-0.538929,0.346349,,1000,9.4667e-07,2.73404,,0.0999472,0.000548618,0.0999487,,-2.81379e-06,2.47769e-06,0.00060363,fluid
516,-0.614676,0.180485,,1000,1.23977e-06,2.73225,,0.0997486,0.000279911,0.099749,,6.39437e-07,-3.00442e-08,0.000350664,fluid
517,-0.640626,7.84541e-17,,1000,5.59473e-07,2.74383,,0.0996947,-1.0272e-14,0.0996947,,-1.3721e-06,-4.43383e-13,-1.35792e-14,fluid
518,-0.614676,-0.180485,,1000,1.23969e-06,2.73225,,0.0997486,-0.000279911,0.099749,,6.39436e-07,3.00437e-08,-0.000350664,fluid
519,-0.538929,-0.346349,,1000,9.46689e-07,2.73404,,0.0999472,-0.000548618,0.0999487,,-2.81379e-06,-2.47769e-06,-0.00060363,fluid
520,-0.419521,-0.484153,,1000,1.68224e-06,2.72655,,0.100231,-0.000711237,0.100234,,6.79211e-06,-5.95097e-06,-0.000941298,fluid
521,-0.266126,-0.582734,,1000,1.82681e-06,2.75235,,0.10062,-0.000804954,0.100623,,7.41033e-07,-1.3492e-05,-0.000942433,fluid
522,-0.0911706,-0.634105,,1000,1.97055e-05,3.42063,,0.101062,-0.000737436,0.101065,,2.44261e-05,-1.88324e-05,-0.000998102,fluid
523,0.0911706,-0.634105,,1000,2.97333e-05,3.48118,,0.101357,-0.000499469,0.101358,,1.03752e-05,-4.12854e-05,-0.00132541,fluid
524,0.266126,-0.582734,,1000,3.72239e-05,3.37489,,0.102018,-1.64455e-05,0.102018,,6.22885e-05,-8.96499e-06,-0.00157164,fluid
525,0.419521,-0.484153,,1000,9.44942e-05,3.7294,,0.102266,0.000379752,0.102266,,6.26249e-05,-3.79354e-05,0.00251964,fluid
526,0.538929,-0.346349,,1000,6.85651e-05,2.53056,,0.101404,0.00165056,0.101418,,2.88927e-05,-0.000119601,0.0119298,fluid
527,0.614676,-0.180485,,1000,-5.92708e-05,0.621346,,0.098121,0.0022498,0.0981468,,-0.000127908,-3.80623e-05,0.0131042,fluid
528,0.684678,0,,999.999,-0.000244673,-2.67426,,0.0963271,5.42131e-15,0.0963271,,-0.000318314,-5.96815e-14,-1.29583e-13,fluid
529,0.656944,0.192896,,999.999,-0.000124523,-1.05594,,0.0981801,-0.00205749,0.0982016,,-0.000162763,9.54242e-06,-0.0106487,fluid
530,0.575988,0.370165,,1000,3.54193e-06,1.97627,,0.101197,-0.00143358,0.101207,,1.64702e-05,0.000110359,-0.00980116,fluid
531,0.448369,0.517445,,1000,4.10689e-05,2.66361,,0.101929,-0.000375494,0.101929,,2.96466e-05,6.78089e-05,-0.00194297,fluid
532,0.284426,0.622805,,1000,3.54454e-05,3.04008,,0.101727,-1.94079e-05,0.101727,,8.35642e-05,-3.69473e-06,0.00161409,fluid
533,0.0974399,0.677709,,1000,1.42262e-05,3.10235,,0.101171,0.00039451,0.101171,,1.89303e-05,3.17907e-05,0.00122491,fluid
534,-0.0974399,0.677709,,1000,1.46063e-05,2.9578,,0.101162,0.000642709,0.101164,,3.92839e-05,1.8729e-05,0.00108707,fluid
535,-0.284426,0.622805,,1000,-1.54564e-09,2.6323,,0.100725,0.000746713,0.100728,,1.09991e-05,1.45357e-05,0.00105566,fluid
536,-0.448369,0.517445,,1000,2.13964e-06,2.57178,,0.100233,0.000603734,0.100235,,3.3276e-06,2.71415e-06,0.000949245,fluid
537,-0.575988,0.370165,,1000,6.0187e-07,2.62048,,0.09999,0.000482487,0.0999912,,-1.45685e-06,2.82912e-06,0.000643565,fluid
538,-0.656944,0.192896,,1000,1.10915e-06,2.61073,,0.0998133,0.00025242,0.0998136,,7.13971e-07,1.32503e-06,0.000361834,fluid
539,-0.684678,8.38489e-17,,1000,3.37441e-07,2.62646,,0.0997619,-1.3412e-14,0.0997619,,-9.54151e-07,-5.77896e-13,-2.10324e-14,fluid
540,-0.656944,-0.192896,,1000,1.10916e-06,2.61073,,0.0998133,-0.00025242,0.0998136,,7.1397e-07,-1.32503e-06,-0.000361834,fluid
541,-0.575988,-0.370165,,1000,6.01921e-07,2.62048,,0.09999,-0.000482487,0.0999912,,-1.45685e-06,-2.82912e-06,-0.000643565,fluid
542,-0.448369,-0.517445,,1000,2.13964e-06,2.57178,,0.100233,-0.000603734,0.100235,,3.3276e-06,-2.71415e-06,-0.000949245,fluid
543,-0.284426,-0.622805,,1000,-1.56608e-09,2.6323,,0.100725,-0.000746713,0.100728,,1.09991e-05,-1.45357e-05,-0.00105566,fluid
544,-0.0974399,-0.677709,,1000,1.46063e-05,2.9578,,0.101162,-0.000642709,0.101164,,3.92839e-05,-1.8729e-05,-0.00108707,fluid
545,0.0974399,-0.677709,,1000,1.42262e-05,3.10235,,0.101171,-0.00039451,0.101171,,1.89303e-05,-3.17907e-05,-0.00122491,fluid
546,0.284426,-0.622805,,1000,3.54453e-05,3.04008,,0.101727,1.94079e-05,0.101727,,8.35642e-05,3.69473e-06,-0.00161409,fluid
547,0.448369,-0.517445,,1000,4.10689e-05,2.66361,,0.101929,0.000375494,0.101929,,2.96466e-05,-6.78089e-05,0.00194297,fluid
548,0.575988,-0.370165,,1000,3.54188e-06,1.97627,,0.101197,0.00143358,0.101207,,1.64702e-05,-0.000110359,0.00980116,fluid
549,0.656944,-0.192896,,999.999,-0.000124523,-1.05594,,0.0981801,0.00205749,0.0982016,,-0.000162763,-9.54242e-06,0.0106487,fluid
550,0.730961,0,,1000,7.97099e-05,4.03439,,0.0983204,-4.64394e-15,0.0983204,,-0.000130597,-7.39925e-14,-1.18166e-13,fluid
551,0.701352,0.205936,,1000,3.7154e-05,3.24747,,0.0995492,-0.00205423,0.0995704,,-5.14718e-05,-7.09296e-05,-0.00814182,fluid
552,0.614924,0.395188,,1000,-6.28349e-05,2.00326,,0.101493,-0.00197745,0.101512,,8.1945e-05,-2.79728e-05,-0.00728223,fluid
553,0.478678,0.552424,,1000,-6.85454e-05,0.908633,,0.101947,-0.000795807,0.10195,,4.90548e-05,2.45669e-05,-0.00104786,fluid
554,0.303652,0.664906,,1000,-2.11053e-05,1.48971,,0.101513,-0.000198197,0.101513,,3.92557e-05,3.69701e-06,0.00165874,fluid
555,0.104027,0.723521,,1000,-2.94373e-05,1.43537,,0.101203,0.000161416,0.101203,,1.84102e-05,1.94869e-05,0.00123186,fluid
556,-0.104027,0.723521,,1000,-1.19781e-05,1.54939,,0.100854,0.000415079,0.100855,,5.70099e-06,7.94909e-06,0.00101015,fluid
557,-0.303652,0.664906,,1000,-4.95772e-06,2.11116,,0.100529,0.000530937,0.100531,,-3.35709e-06,4.65394e-06,0.00100711,fluid
558,-0.478678,0.552424,,1000,-2.053e-07,2.20177,,0.100236,0.000489212,0.100237,,-2.55637e-06,-2.46578e-06,0.000925736,fluid
559,-0.614924,0.395188,,1000,-8.71071e-07,2.2977,,0.10001,0.000366393,0.100011,,-3.19818e-06,-1.00002e-06,0.000640057,fluid
560,-0.701352,0.205936,,1000,1.39078e-07,2.33316,,0.0998776,0.000207811,0.0998778,,1.01649e-07,-1.10614e-08,0.000363632,fluid
561,-0.730961,8.95169e-17,,1000,-2.69769e-07,2.35034,,0.099835,-9.03603e-15,0.099835,,-6.34415e-07,-6.56135e-13,-2.28992e-14,fluid
562,-0.701352,-0.205936,,1000,1.39087e-07,2.33316,,0.0998776,-0.000207811,0.0998778,,1.01649e-07,1.10609e-08,-0.000363632,fluid
563,-0.614924,-0.395188,,1000,-8.71065e-07,2.2977,,0.10001,-0.000366393,0.100011,,-3.19818e-06,1.00002e-06,-0.000640057,fluid
564,-0.478678,-0.552424,,1000,-2.05297e-07,2.20177,,0.100236,-0.000489212,0.100237,,-2.55637e-06,2.46578e-06,-0.000925736,fluid
565,-0.303652,-0.664906,,1000,-4.95774e-06,2.11116,,0.100529,-0.000530937,0.100531,,-3.35709e-06,-4.65394e-06,-0.00100711,fluid
566,-0.104027,-0.723521,,1000,-1.1978e-05,1.54939,,0.100854,-0.000415079,0.100855,,5.70099e-06,-7.94909e-06,-0.00101015,fluid
567,0.104027,-0.723521,,1000,-2.94373e-05,1.43537,,0.101203,-0.000161416,0.101203,,1.84102e-05,-1.94869e-05,-0.00123186,fluid
568,0.303652,-0.664906,,1000,-2.11053e-05,1.48971,,0.101513,0.000198197,0.101513,,3.92557e-05,-3.69701e-06,-0.00165874,fluid
569,0.478678,-0.552424,,1000,-6.85454e-05,0.908633,,0.101947,0.000795807,0.10195,,4.90548e-05,-2.45669e-05,0.00104786,fluid
570,0.614924,-0.395188,,1000,-6.28349e-05,2.00326,,0.101493,0.00197745,0.101512,,8.1945e-05,2.79728e-05,0.00728223,fluid
571,0.701352,-0.205936,,1000,3.7154e-05,3.24747,,0.0995492,0.00205423,0.0995704,,-5.14718e-05,7.09296e-05,0.00814182,fluid
572,0.779588,0,,1000,0.000288947,8.29946,,0.0989916,-1.26611e-14,0.0989916,,-9.86357e-05,-7.87803e-14,-9.86968e-14,fluid
573,0.748009,0.219635,,1000,0.000148083,6.14342,,0.100054,-0.00220074,0.100078,,2.04915e-06,-0.000162281,-0.00570206,fluid
574,0.655831,0.421477,,1000,-5.74309e-05,2.3298,,0.101737,-0.00233278,0.101763,,0.000147668,-0.000146234,-0.00467841,fluid
575,0.510522,0.589173,,1000,-0.000104589,0.644544,,0.101914,-0.00104899,0.10192,,6.80834e-05,-1.9546e-05,-0.000116418,fluid
576,0.323853,0.709138,,1000,-5.37034e-05,0.826355,,0.101356,-0.000339807,0.101357,,1.15675e-05,3.5999e-06,0.00161046,fluid
577,0.110947,0.771653,,1000,-4.57175e-05,0.670446,,0.101189,-2.95742e-05,0.101189,,1.92903e-05,9.32677e-06,0.00121055,fluid
578,-0.110947,0.771653,,1000,-2.41092e-05,0.993427,,0.10065,0.00023442,0.10065,,-1.44516e-05,-6.73739e-08,0.000886695,fluid
579,-0.323853,0.709138,,1000,-5.40831e-06,1.9155,,0.100301,0.000353978,0.100302,,-1.75998e-05,-2.8969e-06,0.000854422,fluid
580,-0.510522,0.589173,,1000,-1.7461e-06,2.10768,,0.100216,0.000403566,0.100216,,-1.39136e-06,-1.16892e-06,0.00089975,fluid
581,-0.655831,0.421477,,1000,-1.05561e-06,2.18953,,0.100019,0.00028505,0.10002,,-3.91331e-06,-2.53347e-06,0.000616451,fluid
582,-0.748009,0.219635,,1000,-4.58046e-07,2.2503,,0.099913,0.000164625,0.0999131,,-4.25901e-07,-1.16975e-06,0.000350577,fluid
583,-0.779588,9.5472e-17,,1000,-3.20507e-07,2.26035,,0.0998818,-5.06727e-15,0.0998818,,-5.41628e-07,-6.50879e-13,-1.94506e-14,fluid
584,-0.748009,-0.219635,,1000,-4.58031e-07,2.2503,,0.099913,-0.000164624,0.0999131,,-4.25902e-07,1.16975e-06,-0.000350577,fluid
585,-0.655831,-0.421477,,1000,-1.05561e-06,2.18953,,0.100019,-0.00028505,0.10002,,-3.91331e-06,2.53347e-06,-0.000616451,fluid
586,-0.510522,-0.589173,,1000,-1.7461e-06,2.10768,,0.100216,-0.000403566,0.100216,,-1.39136e-06,1.16892e-06,-0.00089975,fluid
587,-0.323853,-0.709138,,1000,-5.40833e-06,1.9155,,0.100301,-0.000353978,0.100302,,-1.75998e-05,2.8969e-06,-0.000854422,fluid
588,-0.110947,-0.771653,,1000,-2.41092e-05,0.993427,,0.10065,-0.00023442,0.10065,,-1.44516e-05,6.73744e-08,-0.000886695,fluid
589,0.110947,-0.771653,,1000,-4.57175e-05,0.670446,,0.101189,2.95742e-05,0.101189,,1.92903e-05,-9.32676e-06,-0.00121055,fluid
590,0.323853,-0.709138,,1000,-5.37034e-05,0.826355,,0.101356,0.000339807,0.101357,,1.15675e-05,-3.5999e-06,-0.00161046,fluid
591,0.510522,-0.589173,,1000,-0.000104589,0.644544,,0.101914,0.00104899,0.10192,,6.80834e-05,1.9546e-05,0.000116418,fluid
592,0.655831,-0.421477,,1000,-5.7431e-05,2.3298,,0.101737,0.00233278,0.101763,,0.000147668,0.000146234,0.00467841,fluid
593,0.748009,-0.219635,,1000,0.000148083,6.14342,,0.100054,0.00220074,0.100078,,2.04915e-06,0.000162281,0.00570206,fluid
594,0.830678,0,,1000,5.09073e-05,2.97198,,0.0987685,-1.41348e-14,0.0987685,,-0.000126191,-5.84441e-14,-7.62112e-14,fluid
595,0.797029,0.234029,,1000,2.99336e-05,2.84913,,0.0998586,-0.00199224,0.0998785,,-5.2813e-06,-0.000174459,-0.003758,fluid
596,0.69881,0.449098,,1000,4.04533e-05,2.51614,,0.101505,-0.00196317,0.101524,,0.000151685,-0.00013296,-0.00275545,fluid
597,0.543978,0.627784,,1000,5.66376e-06,2.77842,,0.101656,-0.000779134,0.101659,,8.24129e-05,-2.19447e-05,0.000332589,fluid
598,0.345076,0.755611,,1000,-1.79149e-06,2.36481,,0.101218,-0.000225588,0.101218,,2.71415e-05,3.55538e-06,0.0013245,fluid
599,0.118218,0.822223,,1000,7.7356e-06,2.3456,,0.100962,9.41867e-05,0.100963,,1.28341e-05,1.71219e-05,0.00099026,fluid
600,-0.118218,0.822223,,1000,-2.23878e-06,2.42143,,0.100599,0.000299182,0.100599,,-4.02786e-06,2.48374e-06,0.000931449,fluid
601,-0.345076,0.755611,,1000,3.677e-06,2.44199,,0.100312,0.000367386,0.100312,,-1.20664e-05,1.27354e-06,0.000859299,fluid
602,-0.543978,0.627784,,1000,4.2298e-07,2.49603,,0.100173,0.000366186,0.100174,,1.10739e-06,2.22944e-06,0.000918238,fluid
603,-0.69881,0.449098,,1000,1.15287e-06,2.47376,,0.100015,0.000258769,0.100016,,-1.98166e-06,5.29476e-07,0.000614866,fluid
604,-0.797029,0.234029,,1000,3.77863e-07,2.50754,,0.0999106,0.000130766,0.0999106,,-5.7672e-07,-3.08217e-07,0.000331687,fluid
605,-0.830678,1.01729e-16,,1000,7.14134e-07,2.49989,,0.0998894,-3.80311e-15,0.0998894,,-7.16577e-07,-6.11593e-13,-1.50595e-14,fluid
606,-0.797029,-0.234029,,1000,3.77888e-07,2.50754,,0.0999106,-0.000130766,0.0999106,,-5.7672e-07,3.08216e-07,-0.000331687,fluid
607,-0.69881,-0.449098,,1000,1.15287e-06,2.47376,,0.100015,-0.000258769,0.100016,,-1.98166e-06,-5.29476e-07,-0.000614866,fluid
608,-0.543978,-0.627784,,1000,4.2297e-07,2.49603,,0.100173,-0.000366186,0.100174,,1.10739e-06,-2.22944e-06,-0.000918238,fluid
609,-0.345076,-0.755611,,1000,3.67702e-06,2.44199,,0.100312,-0.000367386,0.100312,,-1.20664e-05,-1.27354e-06,-0.000859299,fluid
610,-0.118218,-0.822223,,1000,-2.23876e-06,2.42143,,0.100599,-0.000299182,0.100599,,-4.02786e-06,-2.48374e-06,-0.000931449,fluid
611,0.118218,-0.822223,,1000,7.73561e-06,2.3456,,0.100962,-9.41867e-05,0.100963,,1.28341e-05,-1.71219e-05,-0.00099026,fluid
612,0.345076,-0.755611,,1000,-1.7915e-06,2.36481,,0.101218,0.000225588,0.101218,,2.71415e-05,-3.55537e-06,-0.0013245,fluid
613,0.543978,-0.627784,,1000,5.66377e-06,2.77842,,0.101656,0.000779134,0.101659,,8.24129e-05,2.19447e-05,-0.000332589,fluid
614,0.69881,-0.449098,,1000,4.04533e-05,2.51614,,0.101505,0.00196317,0.101524,,0.000151685,0.00013296,0.00275545,fluid
615,0.797029,-0.234029,,1000,2.99336e-05,2.84913,,0.0998586,0.00199224,0.0998785,,-5.2813e-06,0.000174459,0.003758,fluid
616,0.884354,0,,999.996,-0.000454141,-7.44824,,0.0980399,-1.3001e-14,0.0980399,,-0.000198022,-1.92686e-14,-5.47267e-14,fluid
617,0.848532,0.249151,,999.998,-0.000221603,-3.77844,,0.0992685,-0.00160756,0.0992815,,-5.53654e-05,-0.000125638,-0.00253193,fluid
618,0.743966,0.478118,,1000,0.000139562,2.49102,,0.101053,-0.00128233,0.101061,,9.21237e-05,-2.72417e-05,-0.00184314,fluid
619,0.579129,0.66835,,1000,0.000163223,5.31525,,0.101387,-0.00038506,0.101388,,8.54424e-05,3.06418e-06,0.000166055,fluid
620,0.367374,0.804437,,1000,8.23602e-05,4.63677,,0.101146,-2.92688e-05,0.101146,,6.72807e-05,-1.87803e-06,0.000805206,fluid
621,0.125857,0.875353,,1000,8.15032e-05,5.0138,,0.100736,0.000378578,0.100737,,1.90997e-05,2.69386e-05,0.000581728,fluid
622,-0.125857,0.875353,,1000,3.56222e-05,4.5702,,0.100664,0.000504584,0.100665,,2.58063e-05,1.39371e-05,0.00120369,fluid
623,-0.367374,0.804437,,1000,1.30312e-05,3.1363,,0.100444,0.000449441,0.100445,,1.13977e-05,1.25698e-05,0.00109917,fluid
624,-0.579129,0.66835,,1000,4.12186e-06,2.9633,,0.100128,0.00034389,0.100128,,4.57408e-06,6.45978e-06,0.000974797,fluid
625,-0.743966,0.478118,,1000,3.41045e-06,2.84146,,0.0999957,0.00023987,0.099996,,2.59254e-07,3.64935e-06,0.000634672,fluid
626,-0.848532,0.249151,,1000,1.82003e-06,2.83441,,0.0998962,0.000113721,0.0998962,,-4.06764e-07,1.45384e-06,0.00031602,fluid
627,-0.884354,1.08302e-16,,1000,1.88613e-06,2.81771,,0.0998778,-4.29898e-15,0.0998778,,-8.61768e-07,-6.04328e-13,-1.22552e-14,fluid
628,-0.848532,-0.249151,,1000,1.82006e-06,2.83441,,0.0998962,-0.000113721,0.0998962,,-4.06765e-07,-1.45384e-06,-0.00031602,fluid
629,-0.743966,-0.478118,,1000,3.41047e-06,2.84146,,0.0999957,-0.00023987,0.099996,,2.59253e-07,-3.64935e-06,-0.000634672,fluid
630,-0.579129,-0.66835,,1000,4.12184e-06,2.9633,,0.100128,-0.00034389,0.100128,,4.57408e-06,-6.45978e-06,-0.000974797,fluid
631,-0.367374,-0.804437,,1000,1.30312e-05,3.1363,,0.100444,-0.000449441,0.100445,,1.13977e-05,-1.25698e-05,-0.00109917,fluid
632,-0.125857,-0.875353,,1000,3.56222e-05,4.5702,,0.100664,-0.000504584,0.100665,,2.58063e-05,-1.39371e-05,-0.00120369,fluid
633,0.125857,-0.875353,,1000,8.15032e-05,5.0138,,0.100736,-0.000378578,0.100737,,1.90997e-05,-2.69386e-05,-0.000581728,fluid
634,0.367374,-0.804437,,1000,8.23602e-05,4.63677,,0.101146,2.92688e-05,0.101146,,6.72807e-05,1.87803e-06,-0.000805206,fluid
635,0.579129,-0.66835,,1000,0.000163223,5.31525,,0.101387,0.00038506,0.101388,,8.54424e-05,-3.06418e-06,-0.000166055,fluid
636,0.743966,-0.478118,,1000,0.000139562,2.49102,,0.101053,0.00128233,0.101061,,9.21237e-05,2.72417e-05,0.00184314,fluid
637,0.848532,-0.249151,,999.998,-0.000221603,-3.77844,,0.0992685,0.00160756,0.0992815,,-5.53654e-05,0.000125638,0.00253193,fluid
638,0.940749,0,,999.997,-0.00046559,-6.01574,,0.0984551,-1.36773e-14,0.0984551,,-0.000198116,2.35277e-14,-3.55798e-14,fluid
639,0.902642,0.26504,,999.998,-0.000235009,-3.09098,,0.0994118,-0.00135931,0.099421,,-6.44522e-05,-0.000121221,-0.00181359,fluid
640,0.791409,0.508607,,1000,6.16596e-05,2.08939,,0.100792,-0.00101536,0.100797,,6.10552e-05,-2.17073e-05,-0.00157377,fluid
641,0.61606,0.710971,,1000,9.91894e-05,3.76342,,0.100998,-0.000360234,0.100999,,5.06102e-05,4.38816e-06,-0.00034425,fluid
642,0.390801,0.855736,,1000,5.52814e-05,3.71248,,0.100913,-9.65796e-05,0.100913,,8.29725e-05,-1.9856e-05,0.00017088,fluid
643,0.133883,0.931174,,1000,4.56605e-05,3.98688,,0.100651,0.000247425,0.100651,,2.18261e-05,1.51314e-05,0.000149625,fluid
644,-0.133883,0.931174,,1000,2.55979e-05,3.66389,,0.100767,0.000398171,0.100768,,3.63914e-05,1.26205e-05,0.00154663,fluid
645,-0.390801,0.855736,,1000,4.8469e-06,2.74414,,0.10048,0.000373529,0.100481,,1.62412e-05,1.1213e-05,0.00137757,fluid
646,-0.61606,0.710971,,1000,2.14591e-06,2.64346,,0.100127,0.00026484,0.100127,,6.25028e-06,6.60667e-06,0.00101096,fluid
647,-0.791409,0.508607,,1000,1.39164e-06,2.63305,,0.100015,0.000199142,0.100015,,1.51241e-06,3.9067e-06,0.00064487,fluid
648,-0.902642,0.26504,,1000,1.04179e-06,2.62435,,0.0999263,8.83281e-05,0.0999264,,4.29606e-08,1.57804e-06,0.000300331,fluid
649,-0.940749,1.15209e-16,,1000,8.2861e-07,2.6322,,0.0999087,-4.50346e-15,0.0999087,,-4.36578e-07,-6.5756e-13,-1.04097e-14,fluid
650,-0.902642,-0.26504,,1000,1.0418e-06,2.62435,,0.0999263,-8.83281e-05,0.0999264,,4.29596e-08,-1.57804e-06,-0.000300331,fluid
651,-0.791409,-0.508607,,1000,1.39166e-06,2.63305,,0.100015,-0.000199142,0.100015,,1.51241e-06,-3.9067e-06,-0.00064487,fluid
652,-0.61606,-0.710971,,1000,2.14589e-06,2.64346,,0.100127,-0.00026484,0.100127,,6.25028e-06,-6.60667e-06,-0.00101096,fluid
653,-0.390801,-0.855736,,1000,4.8469e-06,2.74414,,0.10048,-0.000373529,0.100481,,1.62412e-05,-1.1213e-05,-0.00137757,fluid
654,-0.133883,-0.931174,,1000,2.55979e-05,3.66389,,0.100767,-0.000398171,0.100768,,3.63914e-05,-1.26205e-05,-0.00154663,fluid
655,0.133883,-0.931174,,1000,4.56605e-05,3.98688,,0.100651,-0.000247425,0.100651,,2.18261e-05,-1.51314e-05,-0.000149625,fluid
656,0.390801,-0.855736,,1000,5.52814e-05,3.71248,,0.100913,9.65796e-05,0.100913,,8.29725e-05,1.9856e-05,-0.00017088,fluid
657,0.61606,-0.710971,,1000,9.91894e-05,3.76342,,0.100998,0.000360234,0.100999,,5.06102e-05,-4.38816e-06,0.00034425,fluid
658,0.791409,-0.508607,,1000,6.16596e-05,2.08939,,0.100792,0.00101536,0.100797,,6.10552e-05,2.17073e-05,0.00157377,fluid
659,0.902642,-0.26504,,999.998,-0.000235009,-3.09098,,0.0994118,0.00135931,0.099421,,-6.44522e-05,0.000121221,0.00181359,fluid
660,1,0,,1000.01,0.00105033,23.2876,,0.102261,-2.18302e-14,0.102261,,0.000240288,5.45819e-14,-1.88183e-14,fluid
661,0.959493,0.281733,,1000.01,0.000514479,15.2909,,0.101811,-0.0011041,0.101817,,0.000171444,-0.000172941,-0.00128125,fluid
662,0.841254,0.540641,,1000,-0.000324145,1.24518,,0.101012,-0.00165506,0.101025,,8.21897e-05,-0.000227698,-0.00136321,fluid
663,0.654861,0.75575,,999.998,-0.000347589,-4.52507,,0.100689,-0.0012564,0.100697,,2.18849e-05,-9.41667e-05,-0.000743014,fluid
664,0.415415,0.909632,,999.999,-0.000168363,-2.76131,,0.100608,-0.000688859,0.10061,,2.6941e-05,-4.24349e-05,-0.000372848,fluid
665,0.142315,0.989821,,999.998,-0.000176394,-3.53366,,0.100651,-0.000435418,0.100651,,2.13369e-05,-2.8926e-05,-0.000164933,fluid
666,-0.142315,0.989821,,999.999,-7.24242e-05,-2.49933,,0.100709,-0.00017436,0.100709,,2.05654e-05,-8.10594e-06,0.00169112,fluid
667,-0.415415,0.909632,,1000,-3.07342e-05,0.506002,,0.100398,1.24178e-05,0.100398,,4.82431e-06,-4.61952e-06,0.0014516,fluid
668,-0.654861,0.75575,,1000,-8.5207e-06,0.999233,,0.100229,7.22685e-05,0.100229,,3.91422e-06,9.41903e-07,0.000964993,fluid
669,-0.841254,0.540641,,1000,-7.69425e-06,1.41154,,0.100129,9.22049e-05,0.100129,,2.35594e-06,4.64482e-07,0.000607858,fluid
670,-0.959493,0.281733,,1000,-3.19715e-06,1.47428,,0.100069,5.99067e-05,0.100069,,1.021e-06,9.88802e-07,0.000278585,fluid
671,-1,1.22465e-16,,1000,-3.53726e-06,1.55987,,0.100041,-3.94923e-15,0.100041,,7.16379e-07,-7.56777e-13,-7.8186e-15,fluid
672,-0.959493,-0.281733,,1000,-3.19714e-06,1.47428,,0.100069,-5.99067e-05,0.100069,,1.021e-06,-9.88803e-07,-0.000278585,fluid
673,-0.841254,-0.540641,,1000,-7.69426e-06,1.41154,,0.100129,-9.22049e-05,0.100129,,2.35594e-06,-4.64481e-07,-0.000607858,fluid
674,-0.654861,-0.75575,,1000,-8.52072e-06,0.999233,,0.100229,-7.22685e-05,0.100229,,3.91422e-06,-9.41903e-07,-0.000964993,fluid
675,-0.415415,-0.909632,,1000,-3.07342e-05,0.506002,,0.100398,-1.24178e-05,0.100398,,4.82431e-06,4.61952e-06,-0.0014516,fluid
676,-0.142315,-0.989821,,999.999,-7.24243e-05,-2.49933,,0.100709,0.00017436,0.100709,,2.05654e-05,8.10594e-06,-0.00169112,fluid
677,0.142315,-0.989821,,999.998,-0.000176394,-3.53366,,0.100651,0.000435418,0.100651,,2.13369e-05,2.8926e-05,0.000164933,fluid
678,0.415415,-0.909632,,999.999,-0.000168363,-2.76131,,0.100608,0.000688859,0.10061,,2.6941e-05,4.24349e-05,0.000372848,fluid
679,0.654861,-0.75575,,999.998,-0.000347589,-4.52507,,0.100689,0.0012564,0.100697,,2.18849e-05,9.41667e-05,0.000743014,fluid
680,0.841254,-0.540641,,1000,-0.000324145,1.24518,,0.101012,0.00165506,0.101025,,8.21897e-05,0.000227698,0.00136321,fluid
681,0.959493,-0.281733,,1000.01,0.000514479,15.2909,,0.101811,0.0011041,0.101817,,0.000171444,0.000172941,0.00128125,fluid
682,1.06225,0,,999.999,0,-2.81725,,0.0999364,-1.3272e-14,0.0999364,,0,0,0,buffer
683,1.01922,0.299271,,1000,0,-0.907768,,0.100352,-0.00127303,0.100361,,0,0,0,buffer
684,0.893623,0.574296,,1000,0,2.39852,,0.100975,-0.00141692,0.100985,,0,0,0,buffer
685,0.695627,0.802796,,1000,0,3.61007,,0.101094,-0.00083971,0.101097,,0,0,0,buffer
686,0.441275,0.966258,,1000,0,3.19035,,0.100952,-0.000355464,0.100952,,0,0,0,buffer
687,0.151174,1.05144,,1000,0,3.29479,,0.100782,-3.73449e-05,0.100782,,0,0,0,buffer
688,-0.151174,1.05144,,1000,0,3.1073,,0.09999,6.94367e-05,0.09999,,0,0,0,buffer
689,-0.441275,0.966258,,1000,0,2.59719,,0.0999756,5.33359e-05,0.0999757,,0,0,0,buffer
690,-0.695627,0.802796,,1000,0,2.53089,,0.0999626,4.31818e-05,0.0999626,,0,0,0,buffer
691,-0.893623,0.574296,,1000,0,2.47389,,0.099953,3.01952e-05,0.099953,,0,0,0,buffer
692,-1.01922,0.299271,,1000,0,2.4824,,0.0999462,1.57892e-05,0.0999462,,0,0,0,buffer
693,-1.06225,1.30088e-16,,1000,0,2.46998,,0.0999442,6.82893e-21,0.0999442,,0,0,0,buffer
694,-1.01922,-0.299271,,1000,0,2.4824,,0.0999462,-1.57892e-05,0.0999462,,0,0,0,buffer
695,-0.893623,-0.574296,,1000,0,2.47389,,0.099953,-3.01952e-05,0.099953,,0,0,0,buffer
696,-0.695627,-0.802796,,1000,0,2.53089,,0.0999626,-4.31818e-05,0.0999626,,0,0,0,buffer
697,-0.441275,-0.966258,,1000,0,2.59719,,0.0999756,-5.33359e-05,0.0999757,,0,0,0,buffer
698,-0.151174,-1.05144,,1000,0,3.1073,,0.09999,-6.94367e-05,0.09999,,0,0,0,buffer
699,0.151174,-1.05144,,1000,0,3.29479,,0.100782,3.73449e-05,0.100782,,0,0,0,buffer
700,0.441275,-0.966258,,1000,0,3.19035,,0.100952,0.000355464,0.100952,,0,0,0,buffer
701,0.695627,-0.802796,,1000,0,3.61007,,0.101094,0.00083971,0.101097,,0,0,0,buffer
702,0.893623,-0.574296,,1000,0,2.39852,,0.100975,0.00141692,0.100985,,0,0,0,buffer
703,1.01922,-0.299271,,1000,0,-0.907768,,0.100352,0.00127303,0.100361,,0,0,0,buffer
704,1.12766,0,,999.999,0,-2.81725,,0.0999364,-1.3272e-14,0.0999364,,0,0,0,buffer
705,1.08198,0.317697,,1000,0,-0.907768,,0.100352,-0.00127303,0.100361,,0,0,0,buffer
706,0.948644,0.609656,,1000,0,2.39852,,0.100975,-0.00141692,0.100985,,0,0,0,buffer
707,0.738457,0.852225,,1000,0,3.61007,,0.101094,-0.00083971,0.101097,,0,0,0,buffer
708,0.468445,1.02575,,1000,0,3.19035,,0.100952,-0.000355464,0.100952,,0,0,0,buffer
709,0.160482,1.11618,,1000,0,3.29479,,0.100782,-3.73449e-05,0.100782,,0,0,0,buffer
710,-0.160482,1.11618,,1000,0,3.1073,,0.09999,6.94367e-05,0.09999,,0,0,0,buffer
711,-0.468445,1.02575,,1000,0,2.59719,,0.0999756,5.33359e-05,0.0999757,,0,0,0,buffer
712,-0.738457,0.852225,,1000,0,2.53089,,0.0999626,4.31818e-05,0.0999626,,0,0,0,buffer
713,-0.948644,0.609656,,1000,0,2.47389,,0.099953,3.01952e-05,0.099953,,0,0,0,buffer
714,-1.08198,0.317697,,1000,0,2.4824,,0.0999462,1.57892e-05,0.0999462,,0,0,0,buffer
715,-1.12766,1.38098e-16,,1000,0,2.46998,,0.0999442,6.82893e-21,0.0999442,,0,0,0,buffer
716,-1.08198,-0.317697,,1000,0,2.4824,,0.0999462,-1.57892e-05,0.0999462,,0,0,0,buffer
717,-0.948644,-0.609656,,1000,0,2.47389,,0.099953,-3.01952e-05,0.099953,,0,0,0,buffer
718,-0.738457,-0.852225,,1000,0,2.53089,,0.0999626,-4.31818e-05,0.0999626,,0,0,0,buffer
719,-0.468445,-1.02575,,1000,0,2.59719,,0.0999756,-5.33359e-05,0.0999757,,0,0,0,buffer
720,-0.160482,-1.11618,,1000,0,3.1073,,0.09999,-6.94367e-05,0.09999,,0,0,0,buffer
721,0.160482,-1.11618,,1000,0,3.29479,,0.100782,3.73449e-05,0.100782,,0,0,0,buffer
722,0.468445,-1.02575,,1000,0,3.19035,,0.100952,0.000355464,0.100952,,0,0,0,buffer
723,0.738457,-0.852225,,1000,0,3.61007,,0.101094,0.00083971,0.101097,,0,0,0,buffer
724,0.948644,-0.609656,,1000,0,2.39852,,0.100975,0.00141692,0.100985,,0,0,0,buffer
725,1.08198,-0.317697,,1000,0,-0.907768,,0.100352,0.00127303,0.100361,,0,0,0,buffer
726,1.19637,0,,999.999,0,-2.81725,,0.0999364,-1.3272e-14,0.0999364,,0,0,0,buffer
727,1.14791,0.337057,,1000,0,-0.907768,,0.100352,-0.00127303,0.100361,,0,0,0,buffer
728,1.00645,0.646807,,1000,0,2.39852,,0.100975,-0.00141692,0.100985,,0,0,0,buffer
729,0.783456,0.904157,,1000,0,3.61007,,0.101094,-0.00083971,0.101097,,0,0,0,buffer
730,0.496991,1.08826,,1000,0,3.19035,,0.100952,-0.000355464,0.100952,,0,0,0,buffer
731,0.170261,1.18419,,1000,0,3.29479,,0.100782,-3.73449e-05,0.100782,,0,0,0,buffer
732,-0.170261,1.18419,,1000,0,3.1073,,0.09999,6.94367e-05,0.09999,,0,0,0,buffer
733,-0.496991,1.08826,,1000,0,2.59719,,0.0999756,5.33359e-05,0.0999757,,0,0,0,buffer
734,-0.783456,0.904157,,1000,0,2.53089,,0.0999626,4.31818e-05,0.0999626,,0,0,0,buffer
735,-1.00645,0.646807,,1000,0,2.47389,,0.099953,3.01952e-05,0.099953,,0,0,0,buffer
736,-1.14791,0.337057,,1000,0,2.4824,,0.0999462,1.57892e-05,0.0999462,,0,0,0,buffer
737,-1.19637,1.46513e-16,,1000,0,2.46998,,0.0999442,6.82893e-21,0.0999442,,0,0,0,buffer
738,-1.14791,-0.337057,,1000,0,2.4824,,0.0999462,-1.57892e-05,0.0999462,,0,0,0,buffer
739,-1.00645,-0.646807,,1000,0,2.47389,,0.099953,-3.01952e-05,0.099953,,0,0,0,buffer
740,-0.783456,-0.904157,,1000,0,2.53089,,0.0999626,-4.31818e-05,0.0999626,,0,0,0,buffer
741,-0.496991,-1.08826,,1000,0,2.59719,,0.0999756,-5.33359e-05,0.0999757,,0,0,0,buffer
742,-0.170261,-1.18419,,1000,0,3.1073,,0.09999,-6.94367e-05,0.09999,,0,0,0,buffer
743,0.170261,-1.18419,,1000,0,3.29479,,0.100782,3.73449e-05,0.100782,,0,0,0,buffer
744,0.496991,-1.08826,,1000,0,3.19035,,0.100952,0.000355464,0.100952,,0,0,0,buffer
745,0.783456,-0.904157,,1000,0,3.61007,,0.101094,0.00083971,0.101097,,0,0,0,buffer
746,1.00645,-0.646807,,1000,0,2.39852,,0.100975,0.00141692,0.100985,,0,0,0,buffer
747,1.14791,-0.337057,,1000,0,-0.907768,,0.100352,0.00127303,0.100361,,0,0,0,buffer
748,1.26857,0,,999.999,0,-2.81725,,0.0999364,-1.3272e-14,0.0999364,,0,0,0,buffer
749,1.21718,0.357397,,1000,0,-0.907768,,0.100352,-0.00127303,0.100361,,0,0,0,buffer
750,1.06719,0.685839,,1000,0,2.39852,,0.100975,-0.00141692,0.100985,,0,0,0,buffer
751,0.830735,0.958719,,1000,0,3.61007,,0.101094,-0.00083971,0.101097,,0,0,0,buffer
752,0.526982,1.15393,,1000,0,3.19035,,0.100952,-0.000355464,0.100952,,0,0,0,buffer
753,0.180536,1.25565,,1000,0,3.29479,,0.100782,-3.73449e-05,0.100782,,0,0,0,buffer
754,-0.180536,1.25565,,1000,0,3.1073,,0.09999,6.94367e-05,0.09999,,0,0,0,buffer
755,-0.526982,1.15393,,1000,0,2.59719,,0.0999756,5.33359e-05,0.0999757,,0,0,0,buffer
756,-0.830735,0.958719,,1000,0,2.53089,,0.0999626,4.31818e-05,0.0999626,,0,0,0,buffer
757,-1.06719,0.685839,,1000,0,2.47389,,0.099953,3.01952e-05,0.099953,,0,0,0,buffer
758,-1.21718,0.357397,,1000,0,2.4824,,0.0999462,1.57892e-05,0.0999462,,0,0,0,buffer
759,-1.26857,1.55355e-16,,1000,0,2.46998,,0.0999442,6.82893e-21,0.0999442,,0,0,0,buffer
760,-1.21718,-0.357397,,1000,0,2.4824,,0.0999462,-1.57892e-05,0.0999462,,0,0,0,buffer
761,-1.06719,-0.685839,,1000,0,2.47389,,0.099953,-3.01952e-05,0.099953,,0,0,0,buffer
762,-0.830735,-0.958719,,1000,0,2.53089,,0.0999626,-4.31818e-05,0.0999626,,0,0,0,buffer
763,-0.526982,-1.15393,,1000,0,2.59719,,0.0999756,-5.33359e-05,0.0999757,,0,0,0,buffer
764,-0.180536,-1.25565,,1000,0,3.1073,,0.09999,-6.94367e-05,0.09999,,0,0,0,buffer
765,0.180536,-1.25565,,1000,0,3.29479,,0.100782,3.73449e-05,0.100782,,0,0,0,buffer
766,0.526982,-1.15393,,1000,0,3.19035,,0.100952,0.000355464,0.100952,,0,0,0,buffer
767,0.830735,-0.958719,,1000,0,3.61007,,0.101094,0.00083971,0.101097,,0,0,0,buffer
768,1.06719,-0.685839,,1000,0,2.39852,,0.100975,0.00141692,0.100985,,0,0,0,buffer
769,1.21718,-0.357397,,1000,0,-0.907768,,0.100352,0.00127303,0.100361,,0,0,0,buffer
770,1.34442,0,,999.999,0,-2.81725,,0.0999364,-1.3272e-14,0.0999364,,0,0,0,buffer
771,1.28996,0.378767,,1000,0,-0.907768,,0.100352,-0.00127303,0.100361,,0,0,0,buffer
772,1.131,0.726848,,1000,0,2.39852,,0.100975,-0.00141692,0.100985,,0,0,0,buffer
773,0.880407,1.01604,,1000,0,3.61007,,0.101094,-0.00083971,0.101097,,0,0,0,buffer
774,0.558492,1.22293,,1000,0,3.19035,,0.100952,-0.000355464,0.100952,,0,0,0,buffer
775,0.191331,1.33073,,1000,0,3.29479,,0.100782,-3.73449e-05,0.100782,,0,0,0,buffer
776,-0.191331,1.33073,,1000,0,3.1073,,0.09999,6.94367e-05,0.09999,,0,0,0,buffer
777,-0.558492,1.22293,,1000,0,2.59719,,0.0999756,5.33359e-05,0.0999757,,0,0,0,buffer
778,-0.880407,1.01604,,1000,0,2.53089,,0.0999626,4.31818e-05,0.0999626,,0,0,0,buffer
779,-1.131,0.726848,,1000,0,2.47389,,0.099953,3.01952e-05,0.099953,,0,0,0,buffer
780,-1.28996,0.378767,,1000,0,2.4824,,0.0999462,1.57892e-05,0.0999462,,0,0,0,buffer
781,-1.34442,1.64644e-16,,1000,0,2.46998,,0.0999442,6.82893e-21,0.0999442,,0,0,0,buffer
782,-1.28996,-0.378767,,1000,0,2.4824,,0.0999462,-1.57892e-05,0.0999462,,0,0,0,buffer
783,-1.131,-0.726848,,1000,0,2.47389,,0.099953,-3.01952e-05,0.099953,,0,0,0,buffer
784,-0.880407,-1.01604,,1000,0,2.53089,,0.0999626,-4.31818e-05,0.0999626,,0,0,0,buffer
785,-0.558492,-1.22293,,1000,0,2.59719,,0.0999756,-5.33359e-05,0.0999757,,0,0,0,buffer
786,-0.191331,-1.33073,,1000,0,3.1073,,0.09999,-6.94367e-05,0.09999,,0,0,0,buffer
787,0.191331,-1.33073,,1000,0,3.29479,,0.100782,3.73449e-05,0.100782,,0,0,0,buffer
788,0.558492,-1.22293,,1000,0,3.19035,,0.100952,0.000355464,0.100952,,0,0,0,buffer
789,0.880407,-1.01604,,1000,0,3.61007,,0.101094,0.00083971,0.101097,,0,0,0,buffer
790,1.131,-0.726848,,1000,0,2.39852,,0.100975,0.00141692,0.100985,,0,0,0,buffer
791,1.28996,-0.378767,,1000,0,-0.907768,,0.100352,0.00127303,0.100361,,0,0,0,buffer
792,1.42411,0,,999.999,0,-2.81725,,0.0999364,-1.3272e-14,0.0999364,,0,0,0,buffer
793,1.36643,0.401219,,1000,0,-0.907768,,0.100352,-0.00127303,0.100361,,0,0,0,buffer
794,1.19804,0.769933,,1000,0,2.39852,,0.100975,-0.00141692,0.100985,,0,0,0,buffer
795,0.932595,1.07627,,1000,0,3.61007,,0.101094,-0.00083971,0.101097,,0,0,0,buffer
796,0.591598,1.29542,,1000,0,3.19035,,0.100952,-0.000355464,0.100952,,0,0,0,buffer
797,0.202672,1.40962,,1000,0,3.29479,,0.100782,-3.73449e-05,0.100782,,0,0,0,buffer
798,-0.202672,1.40962,,1000,0,3.1073,,0.09999,6.94367e-05,0.09999,,0,0,0,buffer
799,-0.591598,1.29542,,1000,0,2.59719,,0.0999756,5.33359e-05,0.0999757,,0,0,0,buffer
800,-0.932595,1.07627,,1000,0,2.53089,,0.0999626,4.31818e-05,0.0999626,,0,0,0,buffer
801,-1.19804,0.769933,,1000,0,2.47389,,0.099953,3.01952e-05,0.099953,,0,0,0,buffer
802,-1.36643,0.401219,,1000,0,2.4824,,0.0999462,1.57892e-05,0.0999462,,0,0,0,buffer
803,-1.42411,1.74403e-16,,1000,0,2.46998,,0.0999442,6.82893e-21,0.0999442,,0,0,0,buffer
804,-1.36643,-0.401219,,1000,0,2.4824,,0.0999462,-1.57892e-05,0.0999462,,0,0,0,buffer
805,-1.19804,-0.769933,,1000,0,2.47389,,0.099953,-3.01952e-05,0.099953,,0,0,0,buffer
806,-0.932595,-1.07627,,1000,0,2.53089,,0.0999626,-4.31818e-05,0.0999626,,0,0,0,buffer
807,-0.591598,-1.29542,,1000,0,2.59719,,0.0999756,-5.33359e-05,0.0999757,,0,0,0,buffer
808,-0.202672,-1.40962,,1000,0,3.1073,,0.09999,-6.94367e-05,0.09999,,0,0,0,buffer
809,0.202672,-1.40962,,1000,0,3.29479,,0.100782,3.73449e-05,0.100782,,0,0,0,buffer
810,0.591598,-1.29542,,1000,0,3.19035,,0.100952,0.000355464,0.100952,,0,0,0,buffer
811,0.932595,-1.07627,,1000,0,3.61007,,0.101094,0.00083971,0.101097,,0,0,0,buffer
812,1.19804,-0.769933,,1000,0,2.39852,,0.100975,0.00141692,0.100985,,0,0,0,buffer
813,1.36643,-0.401219,,1000,0,-0.907768,,0.100352,0.00127303,0.100361,,0,0,0,buffer
814,1.50784,0,,999.999,0,-2.81725,,0.0999364,-1.3272e-14,0.0999364,,0,0,0,buffer
815,1.44676,0.424808,,1000,0,-0.907768,,0.100352,-0.00127303,0.100361,,0,0,0,buffer
816,1.26848,0.8152,,1000,0,2.39852,,0.100975,-0.00141692,0.100985,,0,0,0,buffer
817,0.987426,1.13955,,1000,0,3.61007,,0.101094,-0.00083971,0.101097,,0,0,0,buffer
818,0.62638,1.37158,,1000,0,3.19035,,0.100952,-0.000355464,0.100952,,0,0,0,buffer
819,0.214588,1.49249,,1000,0,3.29479,,0.100782,-3.73449e-05,0.100782,,0,0,0,buffer
820,-0.214588,1.49249,,1000,0,3.1073,,0.09999,6.94367e-05,0.09999,,0,0,0,buffer
821,-0.62638,1.37158,,1000,0,2.59719,,0.0999756,5.33359e-05,0.0999757,,0,0,0,buffer
822,-0.987426,1.13955,,1000,0,2.53089,,0.0999626,4.31818e-05,0.0999626,,0,0,0,buffer
823,-1.26848,0.8152,,1000,0,2.47389,,0.099953,3.01952e-05,0.099953,,0,0,0,buffer
824,-1.44676,0.424808,,1000,0,2.4824,,0.0999462,1.57892e-05,0.0999462,,0,0,0,buffer
825,-1.50784,1.84657e-16,,1000,0,2.46998,,0.0999442,6.82893e-21,0.0999442,,0,0,0,buffer
826,-1.44676,-0.424808,,1000,0,2.4824,,0.0999462,-1.57892e-05,0.0999462,,0,0,0,buffer
827,-1.26848,-0.8152,,1000,0,2.47389,,0.099953,-3.01952e-05,0.099953,,0,0,0,buffer
828,-0.987426,-1.13955,,1000,0,2.53089,,0.0999626,-4.31818e-05,0.0999626,,0,0,0,buffer
829,-0.62638,-1.37158,,1000,0,2.59719,,0.0999756,-5.33359e-05,0.0999757,,0,0,0,buffer
830,-0.214588,-1.49249,,1000,0,3.1073,,0.09999,-6.94367e-05,0.09999,,0,0,0,buffer
831,0.214588,-1.49249,,1000,0,3.29479,,0.100782,3.73449e-05,0.100782,,0,0,0,buffer
832,0.62638,-1.37158,,1000,0,3.19035,,0.100952,0.000355464,0.100952,,0,0,0,buffer
833,0.987426,-1.13955,,1000,0,3.61007,,0.101094,0.00083971,0.101097,,0,0,0,buffer
834,1.26848,-0.8152,,1000,0,2.39852,,0.100975,0.00141692,0.100985,,0,0,0,buffer
835,1.44676,-0.424808,,1000,0,-0.907768,,0.100352,0.00127303,0.100361,,0,0,0,buffer
836,1.59581,0,,999.999,0,-2.81725,,0.0999364,-1.3272e-14,0.0999364,,0,0,0,buffer
837,1.53117,0.449592,,1000,0,-0.907768,,0.100352,-0.00127303,0.100361,,0,0,0,buffer
838,1.34248,0.86276,,1000,0,2.39852,,0.100975,-0.00141692,0.100985,,0,0,0,buffer
839,1.04503,1.20603,,1000,0,3.61007,,0.101094,-0.00083971,0.101097,,0,0,0,buffer
840,0.662923,1.4516,,1000,0,3.19035,,0.100952,-0.000355464,0.100952,,0,0,0,buffer
841,0.227107,1.57957,,1000,0,3.29479,,0.100782,-3.73449e-05,0.100782,,0,0,0,buffer
842,-0.227107,1.57957,,1000,0,3.1073,,0.09999,6.94367e-05,0.09999,,0,0,0,buffer
843,-0.662923,1.4516,,1000,0,2.59719,,0.0999756,5.33359e-05,0.0999757,,0,0,0,buffer
844,-1.04503,1.20603,,1000,0,2.53089,,0.0999626,4.31818e-05,0.0999626,,0,0,0,buffer
845,-1.34248,0.86276,,1000,0,2.47389,,0.099953,3.01952e-05,0.099953,,0,0,0,buffer
846,-1.53117,0.449592,,1000,0,2.4824,,0.0999462,1.57892e-05,0.0999462,,0,0,0,buffer
847,-1.59581,1.9543e-16,,1000,0,2.46998,,0.0999442,6.82893e-21,0.0999442,,0,0,0,buffer
848,-1.53117,-0.449592,,1000,0,2.4824,,0.0999462,-1.57892e-05,0.0999462,,0,0,0,buffer
849,-1.34248,-0.86276,,1000,0,2.47389,,0.099953,-3.01952e-05,0.099953,,0,0,0,buffer
850,-1.04503,-1.20603,,1000,0,2.53089,,0.0999626,-4.31818e-05,0.0999626,,0,0,0,buffer
851,-0.662923,-1.4516,,1000,0,2.59719,,0.0999756,-5.33359e-05,0.0999757,,0,0,0,buffer
852,-0.227107,-1.57957,,1000,0,3.1073,,0.09999,-6.94367e-05,0.09999,,0,0,0,buffer
853,0.227107,-1.57957,,1000,0,3.29479,,0.100782,3.73449e-05,0.100782,,0,0,0,buffer
854,0.662923,-1.4516,,1000,0,3.19035,,0.100952,0.000355464,0.100952,,0,0,0,buffer
855,1.04503,-1.20603,,1000,0,3.61007,,0.101094,0.00083971,0.101097,,0,0,0,buffer
856,1.34248,-0.86276,,1000,0,2.39852,,0.100975,0.00141692,0.100985,,0,0,0,buffer
857,1.53117,-0.449592,,1000,0,-0.907768,,0.100352,0.00127303,0.100361,,0,0,0,buffer
