h/dp :,2
L2norm Pressure,KE,dr0,Nfluid
2.76269,16.7144,0.0141421,660

t,2.00003
ID,x,y,,rho,drhodt,pressure,,u,v,velocity,,dudt,dvdt,vorticity,type
0,0.05,0,,999.999,0,-2.80919,,-0,2.08711e-13,2.08711e-13,,0,0,0,boundary
1,0.0479746,0.0140866,,999.999,0,-2.40178,,0.00648927,-0.0221004,0.0230334,,0,0,0,boundary
2,0.0420627,0.027032,,999.999,0,-1.50979,,0.0258234,-0.0401821,0.0477645,,0,0,0,boundary
3,0.032743,0.0377875,,1000,0,-0.576409,,0.0546321,-0.047339,0.0722887,,0,0,0,boundary
4,0.0207708,0.0454816,,1000,0,0.247896,,0.0846085,-0.0386394,0.093014,,0,0,0,boundary
5,0.00711574,0.0494911,,1000,0,1.02017,,0.105569,-0.0151785,0.106654,,0,0,0,boundary
6,-0.00711574,0.0494911,,1000,0,1.87003,,0.110359,0.0158672,0.111494,,0,0,0,boundary
7,-0.0207708,0.0454816,,1000,0,2.73564,,0.0968703,0.0442392,0.106494,,0,0,0,boundary
8,-0.032743,0.0377875,,1000,0,3.39755,,0.067943,0.058873,0.0899015,,0,0,0,boundary
9,-0.0420627,0.027032,,1000,0,3.86895,,0.0351162,0.0546419,0.064953,,0,0,0,boundary
10,-0.0479746,0.0140866,,1000,0,4.19359,,0.00954167,0.0324959,0.0338678,,0,0,0,boundary
11,-0.05,6.12323e-18,,1000,0,4.31289,,-2.3194e-29,-1.89393e-13,1.89393e-13,,0,0,0,boundary
12,-0.0479746,-0.0140866,,1000,0,4.19359,,0.00954167,-0.0324959,0.0338678,,0,0,0,boundary
13,-0.0420627,-0.027032,,1000,0,3.86895,,0.0351162,-0.0546419,0.064953,,0,0,0,boundary
14,-0.032743,-0.0377875,,1000,0,3.39755,,0.067943,-0.058873,0.0899015,,0,0,0,boundary
15,-0.0207708,-0.0454816,,1000,0,2.73564,,0.0968703,-0.0442392,0.106494,,0,0,0,boundary
16,-0.00711574,-0.0494911,,1000,0,1.87003,,0.110359,-0.0158672,0.111494,,0,0,0,boundary
17,0.00711574,-0.0494911,,1000,0,1.02017,,0.105569,0.0151785,0.106654,,0,0,0,boundary
18,0.0207708,-0.0454816,,1000,0,0.247896,,0.0846085,0.0386394,0.093014,,0,0,0,boundary
19,0.032743,-0.0377875,,1000,0,-0.576409,,0.0546321,0.047339,0.0722887,,0,0,0,boundary
20,0.0420627,-0.027032,,999.999,0,-1.50979,,0.0258234,0.0401821,0.0477645,,0,0,0,boundary
21,0.0479746,-0.0140866,,999.999,0,-2.40178,,0.00648927,0.0221004,0.0230334,,0,0,0,boundary
22,0.0641421,0,,999.999,-6.69259e-05,-1.6851,,0.053286,2.08711e-13,0.053286,,0.000618937,-3.35694e-13,-3.9394e-12,fluid
23,0.0615439,0.0180709,,999.999,-4.22119e-06,-1.54495,,0.0597673,-0.00645658,0.060115,,0.000424744,0.000239735,-0.455184,fluid
24,0.0539598,0.0346779,,1000,-1.91079e-05,-0.957715,,0.0753881,-0.0083288,0.0758468,,-1.81464e-05,9.57609e-05,-0.700811,fluid
25,0.0420042,0.0484754,,1000,-2.56375e-05,-0.043358,,0.0917087,-0.0045504,0.0918215,,-0.000317766,-0.000279413,-0.712369,fluid
26,0.0266456,0.0583457,,1000,-3.24402e-05,0.698489,,0.103019,0.0016732,0.103032,,-0.00035399,-0.000365826,-0.60447,fluid
27,0.00912838,0.0634893,,1000,-2.87246e-05,1.43706,,0.108884,0.00788134,0.109169,,-0.000328976,-0.000205661,-0.495377,fluid
28,-0.00912838,0.0634893,,1000,1.44808e-05,1.42858,,0.110513,0.0147953,0.111499,,-0.000330748,-0.000152161,-0.408072,fluid
29,-0.0266456,0.0583457,,1000,7.82772e-06,2.44132,,0.107028,0.0219976,0.109265,,-0.000240072,-0.000158245,-0.30789,fluid
30,-0.0420042,0.0484754,,1000,1.17943e-05,2.68613,,0.0979749,0.0242144,0.100923,,-0.000192521,-0.000120251,-0.214935,fluid
31,-0.0539598,0.0346779,,1000,4.59862e-06,3.05629,,0.0887715,0.0201598,0.0910319,,-0.000168934,-0.000103145,-0.127596,fluid
32,-0.0615439,0.0180709,,1000,3.14803e-06,3.32517,,0.0822358,0.011151,0.0829884,,-0.000151714,-7.27994e-05,-0.0593174,fluid
33,-0.0641421,7.85515e-18,,1000,9.03338e-06,3.46575,,0.0800439,-1.89403e-13,0.0800439,,-0.000144806,-1.62642e-12,4.36951e-13,fluid
34,-0.0615439,-0.0180709,,1000,3.14801e-06,3.32517,,0.0822358,-0.011151,0.0829884,,-0.000151714,7.27994e-05,0.0593174,fluid
35,-0.0539598,-0.0346779,,1000,4.5986e-06,3.05629,,0.0887715,-0.0201598,0.0910319,,-0.000168934,0.000103145,0.127596,fluid
36,-0.0420042,-0.0484754,,1000,1.17943e-05,2.68613,,0.0979749,-0.0242144,0.100923,,-0.000192521,0.000120251,0.214935,fluid
37,-0.0266456,-0.0583457,,1000,7.82789e-06,2.44132,,0.107028,-0.0219976,0.109265,,-0.000240072,0.000158245,0.30789,fluid
38,-0.00912838,-0.0634893,,1000,1.44809e-05,1.42858,,0.110513,-0.0147953,0.111499,,-0.000330748,0.000152161,0.408072,fluid
39,0.00912838,-0.0634893,,1000,-2.87246e-05,1.43706,,0.108884,-0.00788134,0.109169,,-0.000328976,0.000205661,0.495377,fluid
40,0.0266456,-0.0583457,,1000,-3.24399e-05,0.698489,,0.103019,-0.0016732,0.103032,,-0.00035399,0.000365826,0.60447,fluid
41,0.0420042,-0.0484754,,1000,-2.56372e-05,-0.043358,,0.0917087,0.0045504,0.0918215,,-0.000317766,0.000279413,0.712369,fluid
42,0.0539598,-0.0346779,,1000,-1.91079e-05,-0.957715,,0.0753881,0.0083288,0.0758468,,-1.81464e-05,-9.57609e-05,0.700811,fluid
43,0.0615439,-0.0180709,,999.999,-4.22179e-06,-1.54495,,0.0597673,0.00645658,0.060115,,0.000424744,-0.000239735,0.455184,fluid
44,0.0790004,0,,999.999,0.000113646,-2.83871,,0.0532232,1.33387e-13,0.0532232,,0.000155046,-4.23025e-14,-3.97125e-12,fluid
45,0.0758004,0.022257,,999.999,2.86485e-05,-1.88175,,0.061567,-0.00836588,0.0621328,,6.52528e-05,0.000660211,-0.458097,fluid
46,0.0664594,0.0427109,,1000,6.69292e-05,-0.942963,,0.0799051,-0.0097098,0.0804929,,-0.000270085,0.000581289,-0.680086,fluid
47,0.0517343,0.0597046,,1000,5.45971e-05,0.103344,,0.0966623,-0.00444295,0.0967644,,-0.000616876,2.25935e-05,-0.643313,fluid
48,0.032818,0.0718613,,1000,0.000169064,0.548439,,0.106345,0.00242586,0.106372,,-0.000533601,-0.000247013,-0.488388,fluid
49,0.0112429,0.0781963,,1000,6.30864e-05,0.887055,,0.109954,0.00821878,0.11026,,-0.000412776,-0.000108787,-0.345298,fluid
50,-0.0112429,0.0781963,,1000,2.03832e-05,1.81727,,0.110086,0.014018,0.110975,,-0.000461142,-6.91044e-05,-0.24007,fluid
51,-0.032818,0.0718613,,1000,1.62021e-05,2.91989,,0.104925,0.0187885,0.106594,,-0.000318173,-0.000104184,-0.157661,fluid
52,-0.0517343,0.0597046,,1000,1.39901e-05,3.938,,0.0973302,0.0190279,0.0991728,,-0.000299393,-0.00011253,-0.0863052,fluid
53,-0.0664594,0.0427109,,1000,1.80367e-05,5.48784,,0.0908385,0.0155928,0.0921671,,-0.000188535,-3.66675e-05,-0.0307189,fluid
54,-0.0758004,0.022257,,1000,-9.39801e-06,6.50574,,0.0859815,0.00864244,0.0864147,,-0.000174224,9.19902e-06,-0.0060861,fluid
55,-0.0790004,9.67476e-18,,1000,2.32196e-06,7.04632,,0.0843275,-9.04645e-14,0.0843275,,-0.0002035,-2.28588e-12,7.89829e-13,fluid
56,-0.0758004,-0.022257,,1000,-9.398e-06,6.50574,,0.0859815,-0.00864244,0.0864147,,-0.000174224,-9.19903e-06,0.0060861,fluid
57,-0.0664594,-0.0427109,,1000,1.80368e-05,5.48784,,0.0908385,-0.0155928,0.0921671,,-0.000188535,3.66675e-05,0.0307189,fluid
58,-0.0517343,-0.0597046,,1000,1.39901e-05,3.938,,0.0973302,-0.0190279,0.0991728,,-0.000299393,0.00011253,0.0863052,fluid
59,-0.032818,-0.0718613,,1000,1.62021e-05,2.91989,,0.104925,-0.0187885,0.106594,,-0.000318173,0.000104184,0.157661,fluid
60,-0.0112429,-0.0781963,,1000,2.03832e-05,1.81727,,0.110086,-0.014018,0.110975,,-0.000461142,6.91044e-05,0.24007,fluid
61,0.0112429,-0.0781963,,1000,6.30863e-05,0.887055,,0.109954,-0.00821878,0.11026,,-0.000412776,0.000108787,0.345298,fluid
62,0.032818,-0.0718613,,1000,0.000169065,0.548439,,0.106345,-0.00242586,0.106372,,-0.000533601,0.000247013,0.488388,fluid
63,0.0517343,-0.0597046,,1000,5.45975e-05,0.103344,,0.0966623,0.00444295,0.0967644,,-0.000616876,-2.25935e-05,0.643313,fluid
64,0.0664594,-0.0427109,,1000,6.69294e-05,-0.942963,,0.0799051,0.0097098,0.0804929,,-0.000270085,-0.000581289,0.680086,fluid
65,0.0758004,-0.022257,,999.999,2.86484e-05,-1.88175,,0.061567,0.00836588,0.0621328,,6.52528e-05,-0.000660211,0.458097,fluid
66,0.0946112,0,,1000,1.75986e-05,3.43571,,0.0576059,9.00714e-14,0.0576059,,-0.000731232,-4.64867e-14,-3.70257e-12,fluid
67,0.0907788,0.0266551,,1000,3.48804e-06,2.06152,,0.0662494,-0.00899079,0.0668567,,-0.000422507,0.000975127,-0.413892,fluid
68,0.079592,0.0511507,,1000,-0.000103904,1.05712,,0.0844915,-0.0100351,0.0850854,,-0.000514912,0.00120535,-0.595621,fluid
69,0.0619572,0.0715024,,1000,-8.88672e-05,1.00516,,0.0999944,-0.00500001,0.100119,,-0.000943648,0.000543867,-0.528456,fluid
70,0.0393029,0.0860614,,1000,-0.00026471,1.23149,,0.107982,0.00150292,0.107993,,-0.000812852,-3.50866e-06,-0.363068,fluid
71,0.0134646,0.0936482,,1000,-1.93402e-06,2.05354,,0.1102,0.00731623,0.110442,,-0.000613695,-2.03344e-05,-0.219575,fluid
72,-0.0134646,0.0936482,,1000,-2.93593e-05,1.07698,,0.108254,0.0121589,0.108935,,-0.000553112,-1.17073e-05,-0.123428,fluid
73,-0.0393029,0.0860614,,1000,2.01579e-05,0.401355,,0.103115,0.0149067,0.104187,,-0.000379364,-5.05742e-05,-0.0577849,fluid
74,-0.0619572,0.0715024,,1000,-3.20024e-05,0.760408,,0.0971777,0.0144699,0.0982491,,-0.00032074,-7.09354e-05,-0.0110747,fluid
75,-0.079592,0.0511507,,1000,1.00566e-05,1.16782,,0.091713,0.0110679,0.0923785,,-0.000285871,-9.12004e-05,0.0118757,fluid
76,-0.0907788,0.0266551,,1000,3.09895e-06,1.48113,,0.0881415,0.00586071,0.0883361,,-0.000211525,-6.17928e-05,0.012272,fluid
77,-0.0946112,1.15865e-17,,1000,1.51366e-05,1.58285,,0.0870234,-7.35459e-14,0.0870234,,-0.000234505,-1.77828e-12,4.90415e-13,fluid
78,-0.0907788,-0.0266551,,1000,3.09912e-06,1.48113,,0.0881415,-0.00586071,0.0883361,,-0.000211525,6.17928e-05,-0.012272,fluid
79,-0.079592,-0.0511507,,1000,1.00566e-05,1.16782,,0.091713,-0.0110679,0.0923785,,-0.000285871,9.12004e-05,-0.0118757,fluid
80,-0.0619572,-0.0715024,,1000,-3.20022e-05,0.760408,,0.0971777,-0.0144699,0.0982491,,-0.00032074,7.09354e-05,0.0110747,fluid
81,-0.0393029,-0.0860614,,1000,2.01579e-05,0.401355,,0.103115,-0.0149067,0.104187,,-0.000379364,5.05742e-05,0.0577849,fluid
82,-0.0134646,-0.0936482,,1000,-2.93594e-05,1.07698,,0.108254,-0.0121589,0.108935,,-0.000553112,1.17073e-05,0.123428,fluid
83,0.0134646,-0.0936482,,1000,-1.93387e-06,2.05354,,0.1102,-0.00731623,0.110442,,-0.000613695,2.03344e-05,0.219575,fluid
84,0.0393029,-0.0860614,,1000,-0.00026471,1.23149,,0.107982,-0.00150292,0.107993,,-0.000812852,3.50867e-06,0.363068,fluid
85,0.0619572,-0.0715024,,1000,-8.8867e-05,1.00516,,0.0999944,0.00500001,0.100119,,-0.000943648,-0.000543867,0.528456,fluid
86,0.079592,-0.0511507,,1000,-0.000103904,1.05712,,0.0844915,0.0100351,0.0850854,,-0.000514912,-0.00120535,0.595621,fluid
87,0.0907788,-0.0266551,,1000,3.48807e-06,2.06152,,0.0662494,0.00899079,0.0668567,,-0.000422507,-0.000975127,0.413892,fluid
88,0.111013,0,,1000,0.000200172,0.0604898,,0.0658284,6.60996e-14,0.0658284,,-0.00146063,-1.02237e-12,-3.25555e-12,fluid
89,0.106516,0.0312758,,1000,-0.000114741,-0.337772,,0.0734079,-0.00761411,0.0738017,,-0.00101399,0.00126146,-0.354574,fluid
90,0.0933897,0.0600179,,1000,-5.5182e-05,0.389428,,0.0895397,-0.00818821,0.0899133,,-0.000887258,0.00189947,-0.495023,fluid
91,0.0726977,0.0838977,,1000,4.56119e-05,1.31416,,0.102733,-0.00362224,0.102797,,-0.0011676,0.00115593,-0.41162,fluid
92,0.0461163,0.100981,,1000,-3.52546e-05,2.41772,,0.108733,0.00204376,0.108752,,-0.00105871,0.000506169,-0.254831,fluid
93,0.0157987,0.109883,,1000,2.80278e-05,2.02053,,0.109448,0.00681815,0.10966,,-0.000696708,5.02791e-05,-0.130755,fluid
94,-0.0157987,0.109883,,1000,-9.00061e-06,2.02867,,0.10695,0.0100817,0.107424,,-0.000561957,2.75785e-05,-0.0537767,fluid
95,-0.0461163,0.100981,,1000,2.51781e-05,2.60936,,0.102719,0.0114509,0.103355,,-0.000412655,8.2788e-06,-0.00948123,fluid
96,-0.0726977,0.0838977,,1000,2.37257e-05,3.15537,,0.0980357,0.0107438,0.0986227,,-0.000269051,-7.71129e-06,0.0147987,fluid
97,-0.0933897,0.0600179,,1000,-1.43926e-05,3.23338,,0.0939636,0.00799358,0.094303,,-0.000224309,3.2393e-05,0.0203186,fluid
98,-0.106516,0.0312758,,1000,1.55027e-05,3.5971,,0.0913551,0.00425987,0.0914544,,-0.000199749,-5.27354e-07,0.0131579,fluid
99,-0.111013,1.35951e-17,,1000,-1.87954e-05,3.60183,,0.0905372,-6.51315e-14,0.0905372,,-0.000233465,-1.08848e-12,2.79315e-13,fluid
100,-0.106516,-0.0312758,,1000,1.55027e-05,3.5971,,0.0913551,-0.00425987,0.0914544,,-0.000199749,5.27352e-07,-0.0131579,fluid
101,-0.0933897,-0.0600179,,1000,-1.43925e-05,3.23338,,0.0939636,-0.00799358,0.094303,,-0.000224309,-3.2393e-05,-0.0203186,fluid
102,-0.0726977,-0.0838977,,1000,2.37257e-05,3.15537,,0.0980357,-0.0107438,0.0986227,,-0.000269051,7.71129e-06,-0.0147987,fluid
103,-0.0461163,-0.100981,,1000,2.51781e-05,2.60936,,0.102719,-0.0114509,0.103355,,-0.000412655,-8.2788e-06,0.00948123,fluid
104,-0.0157987,-0.109883,,1000,-9.00066e-06,2.02867,,0.10695,-0.0100817,0.107424,,-0.000561957,-2.75785e-05,0.0537767,fluid
105,0.0157987,-0.109883,,1000,2.8028e-05,2.02053,,0.109448,-0.00681815,0.10966,,-0.000696708,-5.02791e-05,0.130755,fluid
106,0.0461163,-0.100981,,1000,-3.52546e-05,2.41772,,0.108733,-0.00204376,0.108752,,-0.00105871,-0.000506169,0.254831,fluid
107,0.0726977,-0.0838977,,1000,4.56119e-05,1.31416,,0.102733,0.00362224,0.102797,,-0.0011676,-0.00115593,0.41162,fluid
108,0.0933897,-0.0600179,,1000,-5.5182e-05,0.389428,,0.0895397,0.00818821,0.0899133,,-0.000887258,-0.00189947,0.495023,fluid
109,0.106516,-0.0312758,,1000,-0.000114741,-0.337772,,0.0734079,0.00761411,0.0738017,,-0.00101399,-0.00126146,0.354574,fluid
110,0.128244,0,,1000,0.000207179,-0.008656,,0.0697422,4.54068e-14,0.0697422,,-0.00206294,-1.64789e-12,-2.76919e-12,fluid
111,0.12305,0.0361306,,1000,-6.18222e-05,0.644361,,0.0771098,-0.00758247,0.0774817,,-0.001603,0.00157038,-0.295755,fluid
112,0.107886,0.0693342,,1000,2.22291e-05,0.934405,,0.0924134,-0.00814876,0.092772,,-0.0011603,0.0022992,-0.401094,fluid
113,0.0839822,0.0969206,,1000,7.89927e-05,1.26577,,0.104281,-0.00315366,0.104329,,-0.00120233,0.00155154,-0.312651,fluid
114,0.0532746,0.116655,,1000,4.58497e-05,2.03094,,0.1088,0.00201425,0.108818,,-0.0010839,0.000733375,-0.173178,fluid
115,0.0182511,0.126939,,1000,3.38931e-05,1.72336,,0.108453,0.00612076,0.108625,,-0.000784876,0.000247894,-0.0742563,fluid
116,-0.0182511,0.126939,,1000,3.02971e-05,2.31133,,0.106014,0.00845442,0.10635,,-0.000452977,0.000126182,-0.0181876,fluid
117,-0.0532746,0.116655,,1000,-1.073e-05,2.67819,,0.102292,0.0092206,0.102706,,-0.00034752,9.14043e-05,0.00764573,fluid
118,-0.0839822,0.0969206,,1000,2.78085e-05,3.15831,,0.098478,0.00849277,0.0988435,,-0.000230927,6.03066e-05,0.017172,fluid
119,-0.107886,0.0693342,,1000,-1.25535e-05,3.53418,,0.0953494,0.00635384,0.0955609,,-0.000221892,4.36829e-05,0.015123,fluid
120,-0.12305,0.0361306,,1000,1.27348e-05,3.80071,,0.0932446,0.00349503,0.0933101,,-0.000177918,6.27852e-05,0.00831609,fluid
121,-0.128244,1.57054e-17,,1000,-2.98515e-05,3.84523,,0.0925777,-7.20841e-14,0.0925777,,-0.000211551,-4.17425e-13,8.92606e-14,fluid
122,-0.12305,-0.0361306,,1000,1.27348e-05,3.80071,,0.0932446,-0.00349503,0.0933101,,-0.000177918,-6.27852e-05,-0.00831609,fluid
123,-0.107886,-0.0693342,,1000,-1.25533e-05,3.53418,,0.0953494,-0.00635384,0.0955609,,-0.000221892,-4.36829e-05,-0.015123,fluid
124,-0.0839822,-0.0969206,,1000,2.78086e-05,3.15831,,0.098478,-0.00849277,0.0988435,,-0.000230927,-6.03066e-05,-0.017172,fluid
125,-0.0532746,-0.116655,,1000,-1.07301e-05,2.67819,,0.102292,-0.0092206,0.102706,,-0.00034752,-9.14043e-05,-0.00764573,fluid
126,-0.0182511,-0.126939,,1000,3.0297e-05,2.31133,,0.106014,-0.00845442,0.10635,,-0.000452977,-0.000126182,0.0181876,fluid
127,0.0182511,-0.126939,,1000,3.3893e-05,1.72336,,0.108453,-0.00612076,0.108625,,-0.000784876,-0.000247894,0.0742563,fluid
128,0.0532746,-0.116655,,1000,4.58497e-05,2.03094,,0.1088,-0.00201425,0.108818,,-0.0010839,-0.000733375,0.173178,fluid
129,0.0839822,-0.0969206,,1000,7.89927e-05,1.26577,,0.104281,0.00315366,0.104329,,-0.00120233,-0.00155154,0.312651,fluid
130,0.107886,-0.0693342,,1000,2.22292e-05,0.934405,,0.0924134,0.00814876,0.092772,,-0.0011603,-0.0022992,0.401094,fluid
131,0.12305,-0.0361306,,1000,-6.18221e-05,0.644361,,0.0771098,0.00758247,0.0774817,,-0.001603,-0.00157038,0.295755,fluid
132,0.146349,0,,1000,9.2811e-05,1.13003,,0.0738777,2.66912e-14,0.0738777,,-0.0028657,-1.47029e-12,-2.30737e-12,fluid
133,0.140421,0.0412313,,1000,-5.522e-06,1.38666,,0.0806954,-0.00747845,0.0810412,,-0.00212271,0.0015739,-0.242461,fluid
134,0.123117,0.0791222,,1000,1.41984e-05,1.3815,,0.0949294,-0.00785159,0.0952535,,-0.00122636,0.00251446,-0.319967,fluid
135,0.0958382,0.110603,,1000,-0.000219792,1.88985,,0.105213,-0.00276163,0.105249,,-0.00117128,0.00179275,-0.234978,fluid
136,0.0607955,0.133124,,1000,8.85028e-05,2.07773,,0.108462,0.00182298,0.108477,,-0.00101432,0.000947359,-0.115955,fluid
137,0.0208276,0.144859,,1000,1.55835e-05,2.01691,,0.10762,0.00525775,0.107748,,-0.000732751,0.000438328,-0.0400437,fluid
138,-0.0208276,0.144859,,1000,4.20435e-05,2.24129,,0.105177,0.00703669,0.105412,,-0.000389551,0.00022761,-0.00155841,fluid
139,-0.0607955,0.133124,,1000,-1.56394e-05,2.34762,,0.10198,0.00747631,0.102254,,-0.000294885,0.000147544,0.0114234,fluid
140,-0.0958382,0.110603,,1000,7.70484e-06,2.58693,,0.0988174,0.00683422,0.0990535,,-0.000207508,0.000101317,0.0129651,fluid
141,-0.123117,0.0791222,,1000,-1.14917e-05,2.91068,,0.0963317,0.00519006,0.0964714,,-0.000203607,6.64339e-05,0.00884314,fluid
142,-0.140421,0.0412313,,1000,9.77057e-06,3.00669,,0.0945407,0.00280256,0.0945822,,-0.000181566,2.64018e-05,0.00412828,fluid
143,-0.146349,1.79226e-17,,1000,-1.36605e-05,3.09865,,0.0940057,-3.92843e-14,0.0940057,,-0.000187438,2.611e-13,-7.91877e-15,fluid
144,-0.140421,-0.0412313,,1000,9.77059e-06,3.00669,,0.0945407,-0.00280256,0.0945822,,-0.000181566,-2.64018e-05,-0.00412828,fluid
145,-0.123117,-0.0791222,,1000,-1.14916e-05,2.91068,,0.0963317,-0.00519006,0.0964714,,-0.000203607,-6.64339e-05,-0.00884314,fluid
146,-0.0958382,-0.110603,,1000,7.70489e-06,2.58693,,0.0988174,-0.00683422,0.0990535,,-0.000207508,-0.000101317,-0.0129651,fluid
147,-0.0607955,-0.133124,,1000,-1.56395e-05,2.34762,,0.10198,-0.00747631,0.102254,,-0.000294885,-0.000147544,-0.0114234,fluid
148,-0.0208276,-0.144859,,1000,4.20434e-05,2.24129,,0.105177,-0.00703669,0.105412,,-0.000389551,-0.00022761,0.00155841,fluid
149,0.0208276,-0.144859,,1000,1.55834e-05,2.01691,,0.10762,-0.00525775,0.107748,,-0.000732751,-0.000438328,0.0400437,fluid
150,0.0607955,-0.133124,,1000,8.85027e-05,2.07773,,0.108462,-0.00182298,0.108477,,-0.00101432,-0.000947359,0.115955,fluid
151,0.0958382,-0.110603,,1000,-0.000219792,1.88985,,0.105213,0.00276163,0.105249,,-0.00117128,-0.00179275,0.234978,fluid
152,0.123117,-0.0791222,,1000,1.41984e-05,1.3815,,0.0949294,0.00785159,0.0952535,,-0.00122636,-0.00251446,0.319967,fluid
153,0.140421,-0.0412313,,1000,-5.52197e-06,1.38666,,0.0806954,0.00747845,0.0810412,,-0.00212271,-0.0015739,0.242461,fluid
154,0.16537,0,,1000,-1.59588e-05,1.16753,,0.0776466,1.13221e-14,0.0776466,,-0.00345831,-1.15063e-12,-1.8948e-12,fluid
155,0.158672,0.0465902,,1000,-2.88626e-05,1.23913,,0.0840851,-0.00719975,0.0843927,,-0.00251291,0.00139216,-0.195387,fluid
156,0.139118,0.0894059,,1000,-6.02915e-05,1.40048,,0.0969148,-0.00754908,0.0972083,,-0.00121661,0.00245814,-0.251342,fluid
157,0.108295,0.124979,,1000,-9.8815e-05,2.20484,,0.105675,-0.00270154,0.105709,,-0.000917632,0.00217911,-0.175067,fluid
158,0.0686973,0.150426,,1000,8.11879e-05,1.9975,,0.107853,0.00160214,0.107865,,-0.000758964,0.001063,-0.0768844,fluid
159,0.0235346,0.163687,,1000,1.05311e-06,2.17206,,0.106946,0.00438839,0.107036,,-0.000473318,0.000550418,-0.019275,fluid
160,-0.0235346,0.163687,,1000,2.28918e-05,2.25609,,0.104459,0.00579291,0.10462,,-0.000291586,0.000302609,0.00561955,fluid
161,-0.0686973,0.150426,,1000,-2.23425e-06,2.60777,,0.101814,0.00612643,0.101998,,-0.000200329,0.000206684,0.0107646,fluid
162,-0.108295,0.124979,,1000,3.9393e-06,2.82068,,0.0991786,0.00563757,0.0993387,,-0.000171773,0.000132362,0.00881379,fluid
163,-0.139118,0.0894059,,1000,-1.33019e-05,3.11532,,0.0971054,0.0043366,0.0972022,,-0.000159197,0.000108613,0.00487969,fluid
164,-0.158672,0.0465902,,1000,2.14275e-06,3.22581,,0.0955877,0.00236936,0.0956171,,-0.000159295,4.47673e-05,0.00186518,fluid
165,-0.16537,2.0252e-17,,1000,-6.56341e-06,3.34897,,0.0951228,-3.66733e-14,0.0951228,,-0.000168789,4.4755e-13,-4.01248e-14,fluid
166,-0.158672,-0.0465902,,1000,2.14285e-06,3.22581,,0.0955877,-0.00236936,0.0956171,,-0.000159295,-4.47673e-05,-0.00186518,fluid
167,-0.139118,-0.0894059,,1000,-1.33019e-05,3.11532,,0.0971054,-0.0043366,0.0972022,,-0.000159197,-0.000108613,-0.00487969,fluid
168,-0.108295,-0.124979,,1000,3.93931e-06,2.82068,,0.0991786,-0.00563757,0.0993387,,-0.000171773,-0.000132362,-0.00881379,fluid
169,-0.0686973,-0.150426,,1000,-2.23435e-06,2.60777,,0.101814,-0.00612643,0.101998,,-0.000200329,-0.000206684,-0.0107646,fluid
170,-0.0235346,-0.163687,,1000,2.28917e-05,2.25609,,0.104459,-0.00579291,0.10462,,-0.000291586,-0.00030261,-0.00561955,fluid
171,0.0235346,-0.163687,,1000,1.05304e-06,2.17206,,0.106946,-0.00438839,0.107036,,-0.000473318,-0.000550418,0.019275,fluid
172,0.0686973,-0.150426,,1000,8.11879e-05,1.9975,,0.107853,-0.00160214,0.107865,,-0.000758964,-0.001063,0.0768844,fluid
173,0.108295,-0.124979,,1000,-9.8815e-05,2.20484,,0.105675,0.00270154,0.105709,,-0.000917632,-0.00217911,0.175067,fluid
174,0.139118,-0.0894059,,1000,-6.02915e-05,1.40048,,0.0969148,0.00754908,0.0972083,,-0.00121661,-0.00245814,0.251342,fluid
175,0.158672,-0.0465902,,1000,-2.88627e-05,1.23913,,0.0840851,0.00719975,0.0843927,,-0.00251291,-0.00139216,0.195387,fluid
176,0.185355,0,,1000,-8.17057e-06,1.19698,,0.0809708,-5.28001e-15,0.0809708,,-0.00389193,-1.175e-12,-1.53067e-12,fluid
177,0.177847,0.0522205,,1000,2.51088e-05,1.4338,,0.0868453,-0.00696306,0.087124,,-0.00269981,0.0010806,-0.154449,fluid
178,0.15593,0.10021,,1000,-8.75602e-05,1.67139,,0.0983109,-0.00727837,0.09858,,-0.00100334,0.00216922,-0.194066,fluid
179,0.121382,0.140082,,1000,0.000106599,2.2608,,0.105736,-0.00276861,0.105772,,-0.000576102,0.00208185,-0.12892,fluid
180,0.0769992,0.168605,,1000,4.46937e-05,2.03396,,0.107249,0.00128004,0.107257,,-0.00051052,0.00119724,-0.0502645,fluid
181,0.0263788,0.183468,,1000,-5.19677e-06,2.23492,,0.106189,0.00362106,0.10625,,-0.000272042,0.000624374,-0.00688574,fluid
182,-0.0263788,0.183468,,1000,1.33951e-06,2.31107,,0.103875,0.00476129,0.103984,,-0.000195835,0.000342473,0.0081931,fluid
183,-0.0769992,0.168605,,1000,-3.00099e-06,2.69068,,0.101638,0.00507716,0.101765,,-0.0001444,0.000233456,0.00906467,fluid
184,-0.121382,0.140082,,1000,4.59908e-06,2.88058,,0.0994353,0.00471879,0.0995472,,-0.000133376,0.000155669,0.00608659,fluid
185,-0.15593,0.10021,,1000,-1.07817e-05,3.11674,,0.0976508,0.0036447,0.0977188,,-0.00013976,0.000112165,0.0029565,fluid
186,-0.177847,0.0522205,,1000,-5.38146e-06,3.20036,,0.0963818,0.00202307,0.096403,,-0.000132271,5.89892e-05,0.00103901,fluid
187,-0.185355,2.26994e-17,,1000,-8.89872e-06,3.30307,,0.0959722,-3.73e-14,0.0959722,,-0.000148779,1.35274e-13,-5.16543e-14,fluid
188,-0.177847,-0.0522205,,1000,-5.38145e-06,3.20036,,0.0963818,-0.00202307,0.096403,,-0.000132271,-5.89892e-05,-0.00103901,fluid
189,-0.15593,-0.10021,,1000,-1.07817e-05,3.11674,,0.0976508,-0.0036447,0.0977188,,-0.00013976,-0.000112165,-0.0029565,fluid
190,-0.121382,-0.140082,,1000,4.59909e-06,2.88058,,0.0994353,-0.00471879,0.0995472,,-0.000133376,-0.000155669,-0.00608659,fluid
191,-0.0769992,-0.168605,,1000,-3.00098e-06,2.69068,,0.101638,-0.00507716,0.101765,,-0.0001444,-0.000233456,-0.00906467,fluid
192,-0.0263788,-0.183468,,1000,1.33957e-06,2.31107,,0.103875,-0.00476129,0.103984,,-0.000195835,-0.000342473,-0.0081931,fluid
193,0.0263788,-0.183468,,1000,-5.19673e-06,2.23492,,0.106189,-0.00362106,0.10625,,-0.000272042,-0.000624374,0.00688574,fluid
194,0.0769992,-0.168605,,1000,4.46936e-05,2.03396,,0.107249,-0.00128004,0.107257,,-0.00051052,-0.00119724,0.0502645,fluid
195,0.121382,-0.140082,,1000,0.000106598,2.2608,,0.105736,0.00276861,0.105772,,-0.000576102,-0.00208185,0.12892,fluid
196,0.15593,-0.10021,,1000,-8.75603e-05,1.67139,,0.0983109,0.00727837,0.09858,,-0.00100334,-0.00216922,0.194066,fluid
197,0.177847,-0.0522205,,1000,2.51088e-05,1.4338,,0.0868453,0.00696306,0.087124,,-0.00269981,-0.0010806,0.154449,fluid
198,0.206352,0,,1000,-5.6602e-06,1.36615,,0.0839841,-1.54762e-14,0.0839841,,-0.00413166,-1.32306e-12,-1.21201e-12,fluid
199,0.197993,0.058136,,1000,-2.21345e-05,1.56296,,0.0892238,-0.00660793,0.0894682,,-0.00278726,0.00057394,-0.119504,fluid
200,0.173594,0.111562,,1000,-4.36217e-05,1.88473,,0.099303,-0.00692065,0.0995439,,-0.000695592,0.00171081,-0.146998,fluid
201,0.135132,0.15595,,1000,9.58311e-05,2.20119,,0.105568,-0.00277504,0.105604,,-0.000154349,0.001911,-0.0934663,fluid
202,0.0857216,0.187704,,1000,1.6715e-05,2.12816,,0.106645,0.000933871,0.106649,,-0.000154559,0.00121166,-0.0319878,fluid
203,0.0293669,0.204251,,1000,3.25784e-06,2.32293,,0.105411,0.00298478,0.105454,,-9.86339e-05,0.000656957,1.95892e-05,fluid
204,-0.0293669,0.204251,,1000,-1.28727e-06,2.43606,,0.103404,0.0039421,0.103479,,-9.04601e-05,0.000359748,0.00852876,fluid
205,-0.0857216,0.187704,,1000,-1.38613e-05,2.64075,,0.101478,0.00425498,0.101567,,-0.000101298,0.000239236,0.00732555,fluid
206,-0.135132,0.15595,,1000,-2.19715e-06,2.80022,,0.0996022,0.00397471,0.0996815,,-0.000101668,0.000164185,0.00439314,fluid
207,-0.173594,0.111562,,1000,-7.16539e-06,2.99922,,0.098083,0.00310826,0.0981323,,-0.000113846,0.000120542,0.00211729,fluid
208,-0.197993,0.058136,,1000,-6.82326e-06,3.04847,,0.0970003,0.00170183,0.0970152,,-0.00011346,4.93754e-05,0.000821598,fluid
209,-0.206352,2.52708e-17,,1000,-1.02402e-05,3.11966,,0.0966511,-2.95956e-14,0.0966511,,-0.000130051,-3.7611e-13,-4.64108e-14,fluid
210,-0.197993,-0.058136,,1000,-6.82323e-06,3.04847,,0.0970003,-0.00170183,0.0970152,,-0.00011346,-4.93754e-05,-0.000821598,fluid
211,-0.173594,-0.111562,,1000,-7.1654e-06,2.99922,,0.098083,-0.00310826,0.0981323,,-0.000113846,-0.000120542,-0.00211729,fluid
212,-0.135132,-0.15595,,1000,-2.19722e-06,2.80022,,0.0996022,-0.00397471,0.0996815,,-0.000101668,-0.000164185,-0.00439314,fluid
213,-0.0857216,-0.187704,,1000,-1.38614e-05,2.64075,,0.101478,-0.00425498,0.101567,,-0.000101298,-0.000239236,-0.00732555,fluid
214,-0.0293669,-0.204251,,1000,-1.28727e-06,2.43606,,0.103404,-0.0039421,0.103479,,-9.04601e-05,-0.000359748,-0.00852876,fluid
215,0.0293669,-0.204251,,1000,3.25782e-06,2.32293,,0.105411,-0.00298478,0.105454,,-9.86339e-05,-0.000656957,-1.95892e-05,fluid
216,0.0857216,-0.187704,,1000,1.6715e-05,2.12816,,0.106645,-0.000933871,0.106649,,-0.000154559,-0.00121166,0.0319878,fluid
217,0.135132,-0.15595,,1000,9.5831e-05,2.20119,,0.105568,0.00277504,0.105604,,-0.000154349,-0.001911,0.0934663,fluid
218,0.173594,-0.111562,,1000,-4.36218e-05,1.88473,,0.099303,0.00692065,0.0995439,,-0.000695592,-0.00171081,0.146998,fluid
219,0.197993,-0.058136,,1000,-2.21345e-05,1.56296,,0.0892238,0.00660793,0.0894682,,-0.00278726,-0.00057394,0.119504,fluid
220,0.228412,0,,1000,-4.68272e-05,1.57859,,0.0866511,-2.17868e-14,0.0866511,,-0.00415704,-1.27462e-12,-9.39083e-13,fluid
221,0.219159,0.064351,,1000,-4.82601e-05,1.6875,,0.0912582,-0.00612513,0.0914635,,-0.00264883,0.00011843,-0.0904124,fluid
222,0.192152,0.123489,,1000,-2.54813e-05,2.03981,,0.0999819,-0.00645489,0.10019,,-0.000374311,0.00116771,-0.109082,fluid
223,0.149578,0.172622,,1000,3.18361e-05,2.15335,,0.105232,-0.00272729,0.105267,,0.000263166,0.00164764,-0.0664917,fluid
224,0.0948856,0.20777,,1000,5.18776e-07,2.22446,,0.105979,0.000640498,0.105981,,0.00016345,0.0011539,-0.0194956,fluid
225,0.0325064,0.226087,,1000,6.72054e-06,2.38417,,0.104704,0.00245133,0.104733,,3.00341e-05,0.000651452,0.00347575,fluid
226,-0.0325064,0.226087,,1000,5.96413e-07,2.5262,,0.103012,0.00328734,0.103064,,-8.4106e-06,0.000357749,0.00782833,fluid
227,-0.0948856,0.20777,,1000,-1.54138e-05,2.65961,,0.101349,0.00360119,0.101413,,-6.01786e-05,0.000235148,0.00580758,fluid
228,-0.149578,0.172622,,1000,-8.85803e-06,2.79948,,0.0997345,0.00337637,0.0997916,,-8.31793e-05,0.000158306,0.00329326,fluid
229,-0.192152,0.123489,,1000,-8.28213e-06,2.96753,,0.0984255,0.00265304,0.0984612,,-0.000103377,0.000104068,0.00171854,fluid
230,-0.219159,0.064351,,1000,-3.83608e-06,3.03856,,0.0975094,0.00144947,0.0975201,,-9.61497e-05,4.60595e-05,0.000764158,fluid
231,-0.228412,2.79724e-17,,1000,-1.0479e-05,3.08097,,0.0972088,-1.82935e-14,0.0972088,,-0.000112035,-5.92555e-13,-3.16512e-14,fluid
232,-0.219159,-0.064351,,1000,-3.83605e-06,3.03856,,0.0975094,-0.00144947,0.0975201,,-9.61497e-05,-4.60595e-05,-0.000764158,fluid
233,-0.192152,-0.123489,,1000,-8.28217e-06,2.96753,,0.0984255,-0.00265304,0.0984612,,-0.000103377,-0.000104068,-0.00171854,fluid
234,-0.149578,-0.172622,,1000,-8.85806e-06,2.79948,,0.0997345,-0.00337637,0.0997916,,-8.31793e-05,-0.000158306,-0.00329326,fluid
235,-0.0948856,-0.20777,,1000,-1.54138e-05,2.65961,,0.101349,-0.00360119,0.101413,,-6.01786e-05,-0.000235148,-0.00580758,fluid
236,-0.0325064,-0.226087,,1000,5.96412e-07,2.5262,,0.103012,-0.00328734,0.103064,,-8.4106e-06,-0.000357749,-0.00782833,fluid
237,0.0325064,-0.226087,,1000,6.72054e-06,2.38417,,0.104704,-0.00245133,0.104733,,3.00341e-05,-0.000651452,-0.00347575,fluid
238,0.0948856,-0.20777,,1000,5.18669e-07,2.22446,,0.105979,-0.000640498,0.105981,,0.00016345,-0.0011539,0.0194956,fluid
239,0.149578,-0.172622,,1000,3.18361e-05,2.15335,,0.105232,0.00272729,0.105267,,0.000263166,-0.00164764,0.0664917,fluid
240,0.192152,-0.123489,,1000,-2.54813e-05,2.03981,,0.0999819,0.00645489,0.10019,,-0.000374311,-0.00116771,0.109082,fluid
241,0.219159,-0.064351,,1000,-4.826e-05,1.6875,,0.0912582,0.00612513,0.0914635,,-0.00264883,-0.00011843,0.0904124,fluid
242,0.251589,0,,1000,-8.51128e-05,1.69801,,0.0889421,-2.55455e-14,0.0889421,,-0.00400325,-9.867e-13,-7.1108e-13,fluid
243,0.241398,0.0708807,,1000,-5.81237e-05,1.78636,,0.0929258,-0.00558723,0.0930936,,-0.00245711,-0.000325872,-0.0668417,fluid
244,0.21165,0.136019,,1000,-3.42951e-05,2.1335,,0.10038,-0.00594446,0.100556,,-7.05836e-05,0.00063839,-0.0792386,fluid
245,0.164756,0.190138,,1000,2.95109e-06,2.18081,,0.104779,-0.00262729,0.104812,,0.0006168,0.00135663,-0.0463209,fluid
246,0.104514,0.228853,,1000,-1.19502e-05,2.30665,,0.105298,0.000393957,0.105299,,0.000407134,0.00105237,-0.011135,fluid
247,0.0358048,0.249028,,1000,-1.44315e-05,2.35626,,0.104119,0.00198514,0.104138,,0.000132064,0.00060739,0.00491893,fluid
248,-0.0358048,0.249028,,1000,-1.16806e-05,2.49712,,0.102662,0.00274537,0.102699,,3.8023e-05,0.00033653,0.006714,fluid
249,-0.104514,0.228853,,1000,-9.42271e-06,2.68443,,0.101224,0.00306334,0.101271,,-3.16576e-05,0.000222865,0.0045407,fluid
250,-0.164756,0.190138,,1000,-7.03911e-06,2.81833,,0.0998474,0.00290117,0.0998896,,-6.19053e-05,0.000154347,0.0025595,fluid
251,-0.21165,0.136019,,1000,-1.26253e-05,2.92866,,0.098699,0.00227242,0.0987252,,-8.68742e-05,9.50571e-05,0.00147003,fluid
252,-0.241398,0.0708807,,1000,-2.68875e-06,3.0232,,0.0979211,0.00124578,0.097929,,-8.11896e-05,4.59094e-05,0.000717432,fluid
253,-0.251589,3.08107e-17,,1000,-1.06308e-05,3.05178,,0.0976562,-1.60306e-14,0.0976562,,-9.58185e-05,-4.17951e-13,-2.28036e-14,fluid
254,-0.241398,-0.0708807,,1000,-2.68885e-06,3.0232,,0.0979211,-0.00124578,0.097929,,-8.11896e-05,-4.59094e-05,-0.000717432,fluid
255,-0.21165,-0.136019,,1000,-1.26253e-05,2.92866,,0.098699,-0.00227242,0.0987252,,-8.68742e-05,-9.50571e-05,-0.00147003,fluid
256,-0.164756,-0.190138,,1000,-7.03912e-06,2.81833,,0.0998474,-0.00290117,0.0998896,,-6.19053e-05,-0.000154347,-0.0025595,fluid
257,-0.104514,-0.228853,,1000,-9.42269e-06,2.68443,,0.101224,-0.00306334,0.101271,,-3.16576e-05,-0.000222865,-0.0045407,fluid
258,-0.0358048,-0.249028,,1000,-1.16806e-05,2.49712,,0.102662,-0.00274537,0.102699,,3.8023e-05,-0.00033653,-0.006714,fluid
259,0.0358048,-0.249028,,1000,-1.44315e-05,2.35626,,0.104119,-0.00198514,0.104138,,0.000132064,-0.00060739,-0.00491893,fluid
260,0.104514,-0.228853,,1000,-1.19503e-05,2.30665,,0.105298,-0.000393957,0.105299,,0.000407134,-0.00105237,0.011135,fluid
261,0.164756,-0.190138,,1000,2.95099e-06,2.18081,,0.104779,0.00262729,0.104812,,0.0006168,-0.00135663,0.0463209,fluid
262,0.21165,-0.136019,,1000,-3.42951e-05,2.1335,,0.10038,0.00594446,0.100556,,-7.05836e-05,-0.00063839,0.0792386,fluid
263,0.241398,-0.0708807,,1000,-5.81236e-05,1.78636,,0.0929258,0.00558723,0.0930936,,-0.00245711,0.000325872,0.0668417,fluid
264,0.27594,0,,1000,-0.000103356,1.75775,,0.0908998,-2.70927e-14,0.0908998,,-0.00372224,-5.79651e-13,-5.24859e-13,fluid
265,0.264762,0.0777412,,1000,-7.68332e-05,1.85318,,0.0942884,-0.00501376,0.0944216,,-0.00219438,-0.000691723,-0.0482529,fluid
266,0.232135,0.149184,,1000,-2.26952e-05,2.16096,,0.100585,-0.0053989,0.10073,,0.000188995,0.000170809,-0.0563058,fluid
267,0.180702,0.208541,,1000,6.4517e-06,2.22712,,0.104271,-0.00249075,0.104301,,0.000877411,0.0010684,-0.0315524,fluid
268,0.114629,0.251003,,1000,-1.97555e-05,2.30107,,0.104654,0.000181645,0.104654,,0.000568324,0.000930946,-0.00573321,fluid
269,0.0392703,0.273131,,1000,-3.7245e-05,2.31198,,0.103622,0.00159121,0.103634,,0.000203171,0.000542388,0.00522283,fluid
270,-0.0392703,0.273131,,1000,-2.11549e-05,2.45832,,0.102352,0.00229933,0.102378,,6.02144e-05,0.000306916,0.00552607,fluid
271,-0.114629,0.251003,,1000,-1.10871e-05,2.64326,,0.101105,0.00261334,0.101138,,-1.77121e-05,0.000203276,0.00351313,fluid
272,-0.180702,0.208541,,1000,-3.54168e-06,2.79746,,0.0999336,0.00251015,0.0999651,,-3.65791e-05,0.000155014,0.00204695,fluid
273,-0.232135,0.149184,,1000,-1.38706e-05,2.87822,,0.0989251,0.00196205,0.0989445,,-7.01927e-05,8.78201e-05,0.00127176,fluid
274,-0.264762,0.0777412,,1000,-4.27837e-06,2.96128,,0.098253,0.00107346,0.0982589,,-6.94785e-05,4.2704e-05,0.000645404,fluid
275,-0.27594,3.37929e-17,,1000,-1.00536e-05,2.98914,,0.0980195,-1.68862e-14,0.0980195,,-8.15858e-05,-1.66216e-14,-2.06392e-14,fluid
276,-0.264762,-0.0777412,,1000,-4.27839e-06,2.96128,,0.098253,-0.00107346,0.0982589,,-6.94785e-05,-4.2704e-05,-0.000645404,fluid
277,-0.232135,-0.149184,,1000,-1.38706e-05,2.87822,,0.0989251,-0.00196205,0.0989445,,-7.01927e-05,-8.78201e-05,-0.00127176,fluid
278,-0.180702,-0.208541,,1000,-3.54166e-06,2.79746,,0.0999336,-0.00251015,0.0999651,,-3.65791e-05,-0.000155014,-0.00204695,fluid
279,-0.114629,-0.251003,,1000,-1.10871e-05,2.64326,,0.101105,-0.00261334,0.101138,,-1.77121e-05,-0.000203276,-0.00351313,fluid
280,-0.0392703,-0.273131,,1000,-2.11549e-05,2.45832,,0.102352,-0.00229933,0.102378,,6.02144e-05,-0.000306916,-0.00552607,fluid
281,0.0392703,-0.273131,,1000,-3.72449e-05,2.31198,,0.103622,-0.00159121,0.103634,,0.000203171,-0.000542388,-0.00522283,fluid
282,0.114629,-0.251003,,1000,-1.97555e-05,2.30107,,0.104654,-0.000181645,0.104654,,0.000568324,-0.000930946,0.00573321,fluid
283,0.180702,-0.208541,,1000,6.45174e-06,2.22712,,0.104271,0.00249075,0.104301,,0.000877411,-0.0010684,0.0315524,fluid
284,0.232135,-0.149184,,1000,-2.26953e-05,2.16096,,0.100585,0.0053989,0.10073,,0.000188995,-0.000170809,0.0563058,fluid
285,0.264762,-0.0777412,,1000,-7.68332e-05,1.85318,,0.0942884,0.00501376,0.0944216,,-0.00219438,0.000691723,0.0482529,fluid
286,0.301524,0,,1000,-9.38122e-05,1.89122,,0.0925904,-2.82986e-14,0.0925904,,-0.00334542,-1.57997e-13,-3.75767e-13,fluid
287,0.28931,0.084949,,1000,-7.82334e-05,1.9926,,0.0954276,-0.0044153,0.0955297,,-0.001898,-0.000951605,-0.0339829,fluid
288,0.253658,0.163016,,1000,4.83821e-06,2.21988,,0.10068,-0.00482116,0.100796,,0.000381647,-0.000210478,-0.0391018,fluid
289,0.197456,0.227876,,1000,-5.46453e-06,2.25938,,0.103757,-0.00233233,0.103783,,0.00103187,0.000798897,-0.0209841,fluid
290,0.125257,0.274275,,1000,-1.83786e-05,2.28337,,0.104056,1.6303e-05,0.104056,,0.000644832,0.0008091,-0.00243557,fluid
291,0.0429113,0.298454,,1000,-3.21263e-05,2.38879,,0.103161,0.0012869,0.103169,,0.000231046,0.000477754,0.0048777,fluid
292,-0.0429113,0.298454,,1000,-1.12566e-05,2.53147,,0.102097,0.00194693,0.102115,,8.01142e-05,0.000279002,0.00445537,fluid
293,-0.125257,0.274275,,1000,-1.84407e-05,2.60221,,0.101013,0.00224493,0.101038,,-1.52163e-06,0.000185223,0.00273011,fluid
294,-0.197456,0.227876,,1000,-6.64213e-06,2.7518,,0.0999888,0.00217152,0.100012,,-2.68033e-05,0.000142422,0.00165864,fluid
295,-0.253658,0.163016,,1000,-1.15752e-05,2.84725,,0.099111,0.00170211,0.0991256,,-5.40571e-05,8.26598e-05,0.00108751,fluid
296,-0.28931,0.084949,,1000,-6.37394e-06,2.90713,,0.0985242,0.000926261,0.0985286,,-5.91635e-05,3.82169e-05,0.000553066,fluid
297,-0.301524,3.6926e-17,,1000,-1.00671e-05,2.93246,,0.0983196,-1.33126e-14,0.0983196,,-6.85482e-05,2.88083e-13,-1.64932e-14,fluid
298,-0.28931,-0.084949,,1000,-6.3741e-06,2.90713,,0.0985242,-0.000926261,0.0985286,,-5.91635e-05,-3.82169e-05,-0.000553066,fluid
299,-0.253658,-0.163016,,1000,-1.15753e-05,2.84725,,0.099111,-0.00170211,0.0991256,,-5.40571e-05,-8.26598e-05,-0.00108751,fluid
300,-0.197456,-0.227876,,1000,-6.64211e-06,2.7518,,0.0999888,-0.00217152,0.100012,,-2.68033e-05,-0.000142422,-0.00165864,fluid
301,-0.125257,-0.274275,,1000,-1.84407e-05,2.60221,,0.101013,-0.00224493,0.101038,,-1.52163e-06,-0.000185223,-0.00273011,fluid
302,-0.0429113,-0.298454,,1000,-1.12567e-05,2.53147,,0.102097,-0.00194693,0.102115,,8.01142e-05,-0.000279002,-0.00445537,fluid
303,0.0429113,-0.298454,,1000,-3.21263e-05,2.38879,,0.103161,-0.0012869,0.103169,,0.000231046,-0.000477754,-0.0048777,fluid
304,0.125257,-0.274275,,1000,-1.83786e-05,2.28337,,0.104056,-1.6303e-05,0.104056,,0.000644832,-0.0008091,0.00243557,fluid
305,0.197456,-0.227876,,1000,-5.46449e-06,2.25938,,0.103757,0.00233233,0.103783,,0.00103187,-0.000798897,0.0209841,fluid
306,0.253658,-0.163016,,1000,4.83828e-06,2.21988,,0.10068,0.00482116,0.100796,,0.000381647,0.000210478,0.0391018,fluid
307,0.28931,-0.084949,,1000,-7.82334e-05,1.9926,,0.0954276,0.0044153,0.0955297,,-0.001898,0.000951605,0.0339829,fluid
308,0.328403,0,,1000,-9.00459e-05,2.02801,,0.0940134,-2.81927e-14,0.0940134,,-0.00293008,1.59839e-13,-2.60463e-13,fluid
309,0.315101,0.0925219,,1000,-6.93435e-05,2.11969,,0.096353,-0.00382774,0.096429,,-0.00160128,-0.00110279,-0.023319,fluid
310,0.27627,0.177548,,1000,1.13951e-05,2.2855,,0.100697,-0.00424624,0.100786,,0.000499105,-0.000489623,-0.0265017,fluid
311,0.215058,0.248191,,1000,-3.65474e-05,2.28136,,0.103263,-0.00215564,0.103286,,0.00109,0.000566093,-0.0136072,fluid
312,0.136424,0.298726,,1000,-1.57986e-05,2.34366,,0.103504,-9.35324e-05,0.103504,,0.000653958,0.000693493,-0.00058028,fluid
313,0.0467366,0.325061,,1000,-1.5984e-05,2.50703,,0.102746,0.00105381,0.102752,,0.000229841,0.000418232,0.00422379,fluid
314,-0.0467366,0.325061,,1000,-7.46448e-07,2.61144,,0.101888,0.00166443,0.101901,,9.76185e-05,0.000253689,0.00356544,fluid
315,-0.136424,0.298726,,1000,-1.91721e-05,2.62467,,0.100946,0.00194637,0.100965,,2.04665e-05,0.000171399,0.0021585,fluid
316,-0.215058,0.248191,,1000,-1.16445e-05,2.72185,,0.100029,0.00188182,0.100047,,-2.24831e-05,0.000125534,0.00135305,fluid
317,-0.27627,0.177548,,1000,-9.83632e-06,2.82529,,0.0992628,0.00147807,0.0992738,,-4.18941e-05,7.54624e-05,0.000909366,fluid
318,-0.315101,0.0925219,,1000,-7.06326e-06,2.88,,0.0987509,0.000809708,0.0987543,,-4.93212e-05,3.7273e-05,0.000461758,fluid
319,-0.328403,4.02178e-17,,1000,-1.06734e-05,2.89554,,0.0985716,-8.66953e-15,0.0985716,,-5.65245e-05,3.16758e-13,-9.70194e-15,fluid
320,-0.315101,-0.0925219,,1000,-7.06333e-06,2.88,,0.0987509,-0.000809708,0.0987543,,-4.93212e-05,-3.7273e-05,-0.000461758,fluid
321,-0.27627,-0.177548,,1000,-9.83631e-06,2.82529,,0.0992628,-0.00147807,0.0992738,,-4.18941e-05,-7.54624e-05,-0.000909366,fluid
322,-0.215058,-0.248191,,1000,-1.16445e-05,2.72185,,0.100029,-0.00188182,0.100047,,-2.24831e-05,-0.000125534,-0.00135305,fluid
323,-0.136424,-0.298726,,1000,-1.91721e-05,2.62467,,0.100946,-0.00194637,0.100965,,2.04665e-05,-0.000171399,-0.0021585,fluid
324,-0.0467366,-0.325061,,1000,-7.46522e-07,2.61144,,0.101888,-0.00166443,0.101901,,9.76185e-05,-0.000253689,-0.00356544,fluid
325,0.0467366,-0.325061,,1000,-1.5984e-05,2.50703,,0.102746,-0.00105381,0.102752,,0.000229841,-0.000418232,-0.00422379,fluid
326,0.136424,-0.298726,,1000,-1.57985e-05,2.34366,,0.103504,9.35324e-05,0.103504,,0.000653958,-0.000693493,0.00058028,fluid
327,0.215058,-0.248191,,1000,-3.65473e-05,2.28136,,0.103263,0.00215564,0.103286,,0.00109,-0.000566093,0.0136072,fluid
328,0.27627,-0.177548,,1000,1.13952e-05,2.2855,,0.100697,0.00424624,0.100786,,0.000499105,0.000489623,0.0265017,fluid
329,0.315101,-0.0925219,,1000,-6.93435e-05,2.11969,,0.096353,0.00382774,0.096429,,-0.00160128,0.00110279,0.023319,fluid
330,0.356644,0,,1000,-0.000103029,2.03836,,0.095159,-2.67675e-14,0.095159,,-0.00251121,3.19168e-13,-1.75358e-13,fluid
331,0.342197,0.100478,,1000,-7.0212e-05,2.11544,,0.0970727,-0.0032837,0.0971282,,-0.00133082,-0.00116024,-0.0155594,fluid
332,0.300028,0.192816,,1000,-5.67114e-06,2.27081,,0.100646,-0.00371163,0.100715,,0.000547628,-0.000665974,-0.0174904,fluid
333,0.233552,0.269534,,1000,-4.8982e-05,2.3072,,0.102801,-0.00196407,0.10282,,0.00107698,0.000381503,-0.00858514,fluid
334,0.148155,0.324415,,1000,-2.14556e-05,2.41786,,0.103022,-0.00016884,0.103022,,0.000629097,0.000582536,0.000371135,fluid
335,0.0507557,0.353014,,1000,-2.13659e-05,2.48078,,0.102419,0.000852335,0.102423,,0.000228945,0.000357166,0.00352102,fluid
336,-0.0507557,0.353014,,1000,-1.09221e-05,2.54424,,0.101694,0.00141674,0.101704,,0.000100535,0.000225826,0.00283231,fluid
337,-0.148155,0.324415,,1000,-1.22425e-05,2.6544,,0.100876,0.00169169,0.10089,,3.34546e-05,0.000157231,0.00171823,fluid
338,-0.233552,0.269534,,1000,-1.10652e-05,2.712,,0.10007,0.00164476,0.100083,,-1.41179e-05,0.000113921,0.00111777,fluid
339,-0.300028,0.192816,,1000,-1.0505e-05,2.7864,,0.0993915,0.00128673,0.0993999,,-3.25043e-05,6.70169e-05,0.000749681,fluid
340,-0.342197,0.100478,,1000,-7.02074e-06,2.84741,,0.0989426,0.000711338,0.0989451,,-4.07512e-05,3.54925e-05,0.00038324,fluid
341,-0.356644,4.36763e-17,,1000,-1.04443e-05,2.85607,,0.0987859,-8.65244e-15,0.0987859,,-4.5812e-05,1.62226e-13,-6.20446e-15,fluid
342,-0.342197,-0.100478,,1000,-7.02086e-06,2.84741,,0.0989426,-0.000711338,0.0989451,,-4.07512e-05,-3.54925e-05,-0.00038324,fluid
343,-0.300028,-0.192816,,1000,-1.05049e-05,2.7864,,0.0993915,-0.00128673,0.0993999,,-3.25043e-05,-6.70169e-05,-0.000749681,fluid
344,-0.233552,-0.269534,,1000,-1.10651e-05,2.712,,0.10007,-0.00164476,0.100083,,-1.41179e-05,-0.000113921,-0.00111777,fluid
345,-0.148155,-0.324415,,1000,-1.22425e-05,2.6544,,0.100876,-0.00169169,0.10089,,3.34546e-05,-0.000157231,-0.00171823,fluid
346,-0.0507557,-0.353014,,1000,-1.09223e-05,2.54424,,0.101694,-0.00141674,0.101704,,0.000100535,-0.000225826,-0.00283231,fluid
347,0.0507557,-0.353014,,1000,-2.13659e-05,2.48078,,0.102419,-0.000852335,0.102423,,0.000228945,-0.000357166,-0.00352102,fluid
348,0.148155,-0.324415,,1000,-2.14556e-05,2.41786,,0.103022,0.00016884,0.103022,,0.000629097,-0.000582536,-0.000371135,fluid
349,0.233552,-0.269534,,1000,-4.89819e-05,2.3072,,0.102801,0.00196407,0.10282,,0.00107698,-0.000381503,0.00858514,fluid
350,0.300028,-0.192816,,1000,-5.67106e-06,2.27081,,0.100646,0.00371163,0.100715,,0.000547628,0.000665974,0.0174904,fluid
351,0.342197,-0.100478,,1000,-7.0212e-05,2.11544,,0.0970727,0.0032837,0.0971282,,-0.00133082,0.00116024,0.0155594,fluid
352,0.386315,0,,1000,-9.64277e-05,2.05615,,0.0961033,-2.35546e-14,0.0961033,,-0.00210478,3.34326e-13,-1.15429e-13,fluid
353,0.370667,0.108838,,1000,-6.97635e-05,2.10998,,0.0976533,-0.00278613,0.0976931,,-0.00109124,-0.00114441,-0.0100631,fluid
354,0.324989,0.208858,,1000,-1.91439e-05,2.24141,,0.100573,-0.00321618,0.100625,,0.000545789,-0.000756537,-0.0111977,fluid
355,0.252983,0.291957,,1000,-3.00862e-05,2.33973,,0.102389,-0.00177209,0.102404,,0.00102033,0.00023923,-0.00524148,fluid
356,0.160481,0.351404,,1000,-3.16905e-05,2.40254,,0.102626,-0.00023351,0.102627,,0.000592463,0.000478938,0.000804328,fluid
357,0.0549784,0.382383,,1000,-3.83895e-05,2.35632,,0.102166,0.000674774,0.102168,,0.000235172,0.000296689,0.00289041,fluid
358,-0.0549784,0.382383,,1000,-2.73716e-05,2.42013,,0.101506,0.0011979,0.101513,,8.93451e-05,0.000195633,0.00222446,fluid
359,-0.160481,0.351404,,1000,-8.71898e-06,2.6176,,0.100795,0.00146412,0.100805,,3.28243e-05,0.000140181,0.0013533,fluid
360,-0.252983,0.291957,,1000,-7.79546e-06,2.69423,,0.100107,0.00144703,0.100117,,-2.50223e-06,0.000107484,0.000934601,fluid
361,-0.324989,0.208858,,1000,-1.12037e-05,2.73807,,0.0995046,0.00112756,0.099511,,-2.36567e-05,6.0928e-05,0.000620966,fluid
362,-0.370667,0.108838,,1000,-7.72837e-06,2.79546,,0.0991052,0.00062368,0.0991072,,-3.33694e-05,3.19346e-05,0.000317851,fluid
363,-0.386315,4.73099e-17,,1000,-9.22239e-06,2.80614,,0.098969,-1.06724e-14,0.098969,,-3.66993e-05,-1.54071e-14,-6.79169e-15,fluid
364,-0.370667,-0.108838,,1000,-7.7284e-06,2.79546,,0.0991052,-0.00062368,0.0991072,,-3.33694e-05,-3.19346e-05,-0.000317851,fluid
365,-0.324989,-0.208858,,1000,-1.12036e-05,2.73807,,0.0995046,-0.00112756,0.099511,,-2.36567e-05,-6.0928e-05,-0.000620966,fluid
366,-0.252983,-0.291957,,1000,-7.79536e-06,2.69423,,0.100107,-0.00144703,0.100117,,-2.50223e-06,-0.000107484,-0.000934601,fluid
367,-0.160481,-0.351404,,1000,-8.719e-06,2.6176,,0.100795,-0.00146412,0.100805,,3.28243e-05,-0.000140181,-0.0013533,fluid
368,-0.0549784,-0.382383,,1000,-2.73716e-05,2.42013,,0.101506,-0.0011979,0.101513,,8.93451e-05,-0.000195633,-0.00222446,fluid
369,0.0549784,-0.382383,,1000,-3.83894e-05,2.35632,,0.102166,-0.000674774,0.102168,,0.000235172,-0.000296689,-0.00289041,fluid
370,0.160481,-0.351404,,1000,-3.16905e-05,2.40254,,0.102626,0.00023351,0.102627,,0.000592463,-0.000478938,-0.000804328,fluid
371,0.252983,-0.291957,,1000,-3.00862e-05,2.33973,,0.102389,0.00177209,0.102404,,0.00102033,-0.00023923,0.00524148,fluid
372,0.324989,-0.208858,,1000,-1.9144e-05,2.24141,,0.100573,0.00321618,0.100625,,0.000545789,0.000756537,0.0111977,fluid
373,0.370667,-0.108838,,1000,-6.97635e-05,2.10998,,0.0976533,0.00278613,0.0976931,,-0.00109124,0.00114441,0.0100631,fluid
374,0.417489,0,,1000,-6.93393e-05,2.19297,,0.0969008,-2.09945e-14,0.0969008,,-0.00173073,2.61639e-13,-7.38552e-14,fluid
375,0.400577,0.11762,,1000,-5.24292e-05,2.23193,,0.0981476,-0.00233437,0.0981753,,-0.000878314,-0.00107355,-0.00627726,fluid
376,0.351214,0.225711,,1000,-1.8401e-05,2.29815,,0.100515,-0.00275409,0.100552,,0.000514808,-0.000783483,-0.00691062,fluid
377,0.273397,0.315517,,1000,-6.45265e-08,2.35953,,0.102037,-0.00159411,0.10205,,0.000936253,0.000125151,-0.00306014,fluid
378,0.173431,0.379761,,1000,-3.29489e-05,2.3455,,0.102293,-0.000281331,0.102293,,0.000543436,0.000391284,0.000933815,fluid
379,0.0594148,0.413239,,1000,-3.24433e-05,2.365,,0.101926,0.000545489,0.101927,,0.000229969,0.000248786,0.00232707,fluid
380,-0.0594148,0.413239,,1000,-2.24947e-05,2.44962,,0.101347,0.00102715,0.101352,,8.25596e-05,0.000171301,0.00174574,fluid
381,-0.173431,0.379761,,1000,-1.33186e-05,2.55354,,0.100727,0.00127059,0.100735,,3.12898e-05,0.000123784,0.00106869,fluid
382,-0.273397,0.315517,,1000,-8.7047e-06,2.65972,,0.100128,0.00126908,0.100136,,1.66869e-06,9.59598e-05,0.000780832,fluid
383,-0.351214,0.225711,,1000,-1.04483e-05,2.7101,,0.0996007,0.000994537,0.0996056,,-1.50894e-05,5.72486e-05,0.000521283,fluid
384,-0.400577,0.11762,,1000,-9.17337e-06,2.75117,,0.099243,0.000547228,0.0992445,,-2.66656e-05,2.749e-05,0.000264153,fluid
385,-0.417489,5.11276e-17,,1000,-8.39591e-06,2.76731,,0.0991238,-9.7162e-15,0.0991238,,-2.89859e-05,-1.16012e-13,-7.00772e-15,fluid
386,-0.400577,-0.11762,,1000,-9.17333e-06,2.75117,,0.099243,-0.000547228,0.0992445,,-2.66656e-05,-2.749e-05,-0.000264153,fluid
387,-0.351214,-0.225711,,1000,-1.04483e-05,2.7101,,0.0996007,-0.000994537,0.0996056,,-1.50894e-05,-5.72486e-05,-0.000521283,fluid
388,-0.273397,-0.315517,,1000,-8.7047e-06,2.65972,,0.100128,-0.00126908,0.100136,,1.66869e-06,-9.59598e-05,-0.000780832,fluid
389,-0.173431,-0.379761,,1000,-1.33186e-05,2.55354,,0.100727,-0.00127059,0.100735,,3.12898e-05,-0.000123784,-0.00106869,fluid
390,-0.0594148,-0.413239,,1000,-2.24948e-05,2.44962,,0.101347,-0.00102715,0.101352,,8.25596e-05,-0.000171301,-0.00174574,fluid
391,0.0594148,-0.413239,,1000,-3.24432e-05,2.365,,0.101926,-0.000545489,0.101927,,0.000229969,-0.000248786,-0.00232707,fluid
392,0.173431,-0.379761,,1000,-3.29489e-05,2.3455,,0.102293,0.000281331,0.102293,,0.000543436,-0.000391284,-0.000933815,fluid
393,0.273397,-0.315517,,1000,-6.45596e-08,2.35953,,0.102037,0.00159411,0.10205,,0.000936253,-0.000125151,0.00306014,fluid
394,0.351214,-0.225711,,1000,-1.8401e-05,2.29815,,0.100515,0.00275409,0.100552,,0.000514808,0.000783483,0.00691062,fluid
395,0.400577,-0.11762,,1000,-5.24292e-05,2.23193,,0.0981476,0.00233437,0.0981753,,-0.000878314,0.00107355,0.00627726,fluid
396,0.450241,0,,1000,-4.78928e-05,2.29441,,0.0975428,-1.95386e-14,0.0975428,,-0.0013988,1.33425e-13,-4.4968e-14,fluid
397,0.432003,0.126847,,1000,-3.50594e-05,2.32632,,0.0985384,-0.00194422,0.0985576,,-0.000698745,-0.000968457,-0.00374447,fluid
398,0.378767,0.243419,,1000,-6.7621e-06,2.36251,,0.100457,-0.00234464,0.100484,,0.000468745,-0.000763944,-0.00406448,fluid
399,0.294845,0.340269,,1000,-4.69403e-07,2.35438,,0.10174,-0.00142912,0.10175,,0.000830923,3.22787e-05,-0.00167114,fluid
400,0.187037,0.409553,,1000,-1.80827e-05,2.36056,,0.101988,-0.000296128,0.101988,,0.000478819,0.000322587,0.000877327,fluid
401,0.0640759,0.445658,,1000,-6.59662e-06,2.52643,,0.10168,0.000465199,0.101681,,0.000204715,0.000216467,0.00181585,fluid
402,-0.0640759,0.445658,,1000,-2.82465e-06,2.60058,,0.101234,0.000902829,0.101238,,9.10238e-05,0.000155243,0.00140111,fluid
403,-0.187037,0.409553,,1000,-1.79373e-05,2.54563,,0.100689,0.00111819,0.100695,,3.96608e-05,0.000112339,0.000877547,fluid
404,-0.294845,0.340269,,1000,-1.22707e-05,2.63061,,0.100137,0.00110907,0.100143,,2.52215e-06,8.21404e-05,0.00064991,fluid
405,-0.378767,0.243419,,1000,-9.14729e-06,2.70402,,0.0996782,0.000878761,0.0996821,,-8.83043e-06,5.288e-05,0.000440894,fluid
406,-0.432003,0.126847,,1000,-9.97502e-06,2.73194,,0.0993596,0.000482871,0.0993608,,-2.01322e-05,2.46572e-05,0.000222251,fluid
407,-0.450241,5.51386e-17,,1000,-8.51308e-06,2.74888,,0.0992542,-7.2766e-15,0.0992542,,-2.24586e-05,-1.32106e-13,-5.19876e-15,fluid
408,-0.432003,-0.126847,,1000,-9.97502e-06,2.73194,,0.0993596,-0.000482871,0.0993608,,-2.01322e-05,-2.46572e-05,-0.000222251,fluid
409,-0.378767,-0.243419,,1000,-9.14723e-06,2.70402,,0.0996782,-0.000878761,0.0996821,,-8.83043e-06,-5.288e-05,-0.000440894,fluid
410,-0.294845,-0.340269,,1000,-1.22707e-05,2.63061,,0.100137,-0.00110907,0.100143,,2.52215e-06,-8.21404e-05,-0.00064991,fluid
411,-0.187037,-0.409553,,1000,-1.79373e-05,2.54563,,0.100689,-0.00111819,0.100695,,3.96608e-05,-0.000112339,-0.000877547,fluid
412,-0.0640759,-0.445658,,1000,-2.82473e-06,2.60058,,0.101234,-0.000902829,0.101238,,9.10238e-05,-0.000155243,-0.00140111,fluid
413,0.0640759,-0.445658,,1000,-6.59664e-06,2.52643,,0.10168,-0.000465199,0.101681,,0.000204715,-0.000216467,-0.00181585,fluid
414,0.187037,-0.409553,,1000,-1.80827e-05,2.36056,,0.101988,0.000296128,0.101988,,0.000478819,-0.000322587,-0.000877327,fluid
415,0.294845,-0.340269,,1000,-4.69437e-07,2.35438,,0.10174,0.00142912,0.10175,,0.000830923,-3.22787e-05,0.00167114,fluid
416,0.378767,-0.243419,,1000,-6.76211e-06,2.36251,,0.100457,0.00234464,0.100484,,0.000468745,0.000763944,0.00406448,fluid
417,0.432003,-0.126847,,1000,-3.50594e-05,2.32632,,0.0985384,0.00194422,0.0985576,,-0.000698745,0.000968457,0.00374447,fluid
418,0.484652,0,,1000,-5.56072e-05,2.20174,,0.0980222,-1.80274e-14,0.0980222,,-0.00112582,-1.85317e-14,-2.53794e-14,fluid
419,0.46502,0.136542,,1000,-4.24871e-05,2.23897,,0.0988204,-0.00161992,0.0988337,,-0.000559705,-0.000850407,-0.00210234,fluid
420,0.407715,0.262022,,1000,-2.52327e-06,2.30666,,0.100385,-0.00200098,0.100405,,0.000411057,-0.000717568,-0.00222645,fluid
421,0.317379,0.366275,,1000,-3.95227e-05,2.34387,,0.101483,-0.00126984,0.101491,,0.000717677,-3.56568e-05,-0.000812539,fluid
422,0.201332,0.440855,,1000,-6.09224e-06,2.42934,,0.101716,-0.000289723,0.101716,,0.000412793,0.000263458,0.000741539,fluid
423,0.0689731,0.479719,,1000,-8.35679e-07,2.5791,,0.101474,0.000394486,0.101474,,0.000179497,0.000187728,0.00139541,fluid
424,-0.0689731,0.479719,,1000,-1.0023e-07,2.61564,,0.101142,0.000790967,0.101146,,9.97191e-05,0.00013969,0.00115456,fluid
425,-0.201332,0.440855,,1000,-1.49684e-05,2.58006,,0.100661,0.000991641,0.100666,,5.26289e-05,0.000104997,0.000748213,fluid
426,-0.317379,0.366275,,1000,-1.28716e-05,2.61395,,0.10015,0.000975726,0.100155,,6.34467e-06,7.17781e-05,0.000549024,fluid
427,-0.407715,0.262022,,1000,-8.78451e-06,2.68441,,0.0997425,0.000774664,0.0997455,,-5.17875e-06,4.65348e-05,0.000374901,fluid
428,-0.46502,0.136542,,1000,-9.4537e-06,2.713,,0.0994604,0.000428539,0.0994613,,-1.43115e-05,2.27358e-05,0.000191862,fluid
429,-0.484652,5.93527e-17,,1000,-8.94996e-06,2.72469,,0.0993671,-5.51139e-15,0.0993671,,-1.67384e-05,-1.0364e-13,-3.42011e-15,fluid
430,-0.46502,-0.136542,,1000,-9.4537e-06,2.713,,0.0994604,-0.000428539,0.0994613,,-1.43115e-05,-2.27358e-05,-0.000191862,fluid
431,-0.407715,-0.262022,,1000,-8.78451e-06,2.68441,,0.0997425,-0.000774664,0.0997455,,-5.17875e-06,-4.65348e-05,-0.000374901,fluid
432,-0.317379,-0.366275,,1000,-1.28716e-05,2.61395,,0.10015,-0.000975726,0.100155,,6.34467e-06,-7.17781e-05,-0.000549024,fluid
433,-0.201332,-0.440855,,1000,-1.49684e-05,2.58006,,0.100661,-0.000991641,0.100666,,5.26289e-05,-0.000104997,-0.000748213,fluid
434,-0.0689731,-0.479719,,1000,-1.00242e-07,2.61564,,0.101142,-0.000790967,0.101146,,9.97191e-05,-0.00013969,-0.00115456,fluid
435,0.0689731,-0.479719,,1000,-8.35659e-07,2.5791,,0.101474,-0.000394486,0.101474,,0.000179497,-0.000187728,-0.00139541,fluid
436,0.201332,-0.440855,,1000,-6.09223e-06,2.42934,,0.101716,0.000289723,0.101716,,0.000412793,-0.000263458,-0.000741539,fluid
437,0.317379,-0.366275,,1000,-3.95227e-05,2.34387,,0.101483,0.00126984,0.101491,,0.000717677,3.56568e-05,0.000812539,fluid
438,0.407715,-0.262022,,1000,-2.52325e-06,2.30666,,0.100385,0.00200098,0.100405,,0.000411057,0.000717568,0.00222645,fluid
439,0.46502,-0.136542,,1000,-4.2487e-05,2.23897,,0.0988204,0.00161992,0.0988337,,-0.000559705,0.000850407,0.00210234,fluid
440,0.520805,0,,1000,-6.49798e-05,2.11901,,0.098413,-1.55219e-14,0.098413,,-0.00090051,-1.44287e-13,-1.27632e-14,fluid
441,0.499709,0.146728,,1000,-5.39337e-05,2.15254,,0.0990522,-0.00134457,0.0990613,,-0.000448315,-0.000728879,-0.00107516,fluid
442,0.438129,0.281568,,1000,-1.56439e-05,2.22987,,0.100326,-0.00170289,0.10034,,0.000348064,-0.000658973,-0.00107755,fluid
443,0.341055,0.393598,,1000,-5.08327e-05,2.34699,,0.101264,-0.00112,0.10127,,0.000621374,-7.18411e-05,-0.000295845,fluid
444,0.21635,0.473741,,1000,-1.60664e-05,2.43544,,0.101506,-0.00029102,0.101506,,0.000363473,0.000204823,0.000618088,fluid
445,0.0741183,0.515504,,1000,-2.51984e-05,2.38855,,0.101341,0.000307686,0.101341,,0.000175255,0.00015405,0.00110099,fluid
446,-0.0741183,0.515504,,1000,-1.97107e-05,2.41317,,0.101035,0.00067074,0.101037,,9.00222e-05,0.000118418,0.000952996,fluid
447,-0.21635,0.473741,,1000,-9.37595e-06,2.57026,,0.100611,0.000867799,0.100615,,5.0916e-05,9.35108e-05,0.000632818,fluid
448,-0.341055,0.393598,,1000,-1.04713e-05,2.5888,,0.10017,0.000866938,0.100174,,1.26618e-05,6.59246e-05,0.000479822,fluid
449,-0.438129,0.281568,,1000,-9.35237e-06,2.63201,,0.0998006,0.00068263,0.0998029,,-2.1157e-06,4.06517e-05,0.000325963,fluid
450,-0.499709,0.146728,,1000,-8.63074e-06,2.66769,,0.0995497,0.000380297,0.0995504,,-9.42313e-06,2.08834e-05,0.000171004,fluid
451,-0.520805,6.37802e-17,,1000,-9.0084e-06,2.67464,,0.0994673,-6.53569e-15,0.0994673,,-1.17082e-05,-6.63012e-14,-3.91184e-15,fluid
452,-0.499709,-0.146728,,1000,-8.63075e-06,2.66769,,0.0995497,-0.000380297,0.0995504,,-9.42313e-06,-2.08834e-05,-0.000171004,fluid
453,-0.438129,-0.281568,,1000,-9.35238e-06,2.63201,,0.0998006,-0.00068263,0.0998029,,-2.1157e-06,-4.06517e-05,-0.000325963,fluid
454,-0.341055,-0.393598,,1000,-1.04713e-05,2.5888,,0.10017,-0.000866938,0.100174,,1.26618e-05,-6.59246e-05,-0.000479822,fluid
455,-0.21635,-0.473741,,1000,-9.37596e-06,2.57026,,0.100611,-0.000867799,0.100615,,5.0916e-05,-9.35108e-05,-0.000632818,fluid
456,-0.0741183,-0.515504,,1000,-1.97107e-05,2.41317,,0.101035,-0.00067074,0.101037,,9.00222e-05,-0.000118418,-0.000952996,fluid
457,0.0741183,-0.515504,,1000,-2.51984e-05,2.38855,,0.101341,-0.000307686,0.101341,,0.000175255,-0.00015405,-0.00110099,fluid
458,0.21635,-0.473741,,1000,-1.60664e-05,2.43544,,0.101506,0.00029102,0.101506,,0.000363473,-0.000204823,-0.000618088,fluid
459,0.341055,-0.393598,,1000,-5.08327e-05,2.34699,,0.101264,0.00112,0.10127,,0.000621374,7.18411e-05,0.000295845,fluid
460,0.438129,-0.281568,,1000,-1.56439e-05,2.22987,,0.100326,0.00170289,0.10034,,0.000348064,0.000658973,0.00107755,fluid
461,0.499709,-0.146728,,1000,-5.39337e-05,2.15254,,0.0990522,0.00134457,0.0990613,,-0.000448315,0.000728879,0.00107516,fluid
462,0.558789,0,,1000,-2.83661e-05,2.28892,,0.0987736,-1.31337e-14,0.0987736,,-0.000699359,-2.08873e-13,-4.74646e-15,fluid
463,0.536154,0.157429,,1000,-2.67339e-05,2.2958,,0.0992808,-0.00110496,0.099287,,-0.000344345,-0.000610472,-0.00045958,fluid
464,0.470084,0.302104,,1000,-1.98442e-05,2.30574,,0.100305,-0.00143205,0.100315,,0.000295152,-0.000588685,-0.000389208,fluid
465,0.365929,0.422305,,1000,-1.95466e-05,2.36434,,0.101091,-0.000987633,0.101096,,0.000535252,-9.98067e-05,8.30662e-06,fluid
466,0.232129,0.508293,,1000,-2.98154e-05,2.35874,,0.101353,-0.000302179,0.101354,,0.000329995,0.00015172,0.000535733,fluid
467,0.079524,0.553102,,1000,-4.04116e-05,2.21212,,0.101241,0.000231787,0.101241,,0.000181068,0.000124138,0.000901477,fluid
468,-0.079524,0.553102,,1000,-3.20944e-05,2.26236,,0.100915,0.000565635,0.100917,,6.98576e-05,9.7058e-05,0.000776304,fluid
469,-0.232129,0.508293,,1000,-7.71148e-06,2.49976,,0.100546,0.000748746,0.100548,,3.65583e-05,7.86946e-05,0.000524492,fluid
470,-0.365929,0.422305,,1000,-9.47518e-06,2.55504,,0.100185,0.000772271,0.100188,,1.73314e-05,6.04912e-05,0.000435075,fluid
471,-0.470084,0.302104,,1000,-1.00894e-05,2.57916,,0.099853,0.000604198,0.0998548,,1.42932e-06,3.60103e-05,0.000297626,fluid
472,-0.536154,0.157429,,1000,-8.71986e-06,2.61577,,0.0996271,0.00033631,0.0996277,,-5.40314e-06,1.8166e-05,0.000157741,fluid
473,-0.558789,6.8432e-17,,1000,-8.80653e-06,2.62295,,0.0995546,-7.15313e-15,0.0995546,,-7.31565e-06,-3.37424e-14,-5.52566e-15,fluid
474,-0.536154,-0.157429,,1000,-8.71986e-06,2.61577,,0.0996271,-0.00033631,0.0996277,,-5.40314e-06,-1.8166e-05,-0.000157741,fluid
475,-0.470084,-0.302104,,1000,-1.00894e-05,2.57916,,0.099853,-0.000604198,0.0998548,,1.42932e-06,-3.60103e-05,-0.000297626,fluid
476,-0.365929,-0.422305,,1000,-9.47517e-06,2.55504,,0.100185,-0.000772271,0.100188,,1.73314e-05,-6.04912e-05,-0.000435075,fluid
477,-0.232129,-0.508293,,1000,-7.71148e-06,2.49976,,0.100546,-0.000748746,0.100548,,3.65583e-05,-7.86946e-05,-0.000524492,fluid
478,-0.079524,-0.553102,,1000,-3.20944e-05,2.26236,,0.100915,-0.000565635,0.100917,,6.98576e-05,-9.7058e-05,-0.000776304,fluid
479,0.079524,-0.553102,,1000,-4.04116e-05,2.21212,,0.101241,-0.000231787,0.101241,,0.000181068,-0.000124138,-0.000901477,fluid
480,0.232129,-0.508293,,1000,-2.98154e-05,2.35874,,0.101353,0.000302179,0.101354,,0.000329995,-0.00015172,-0.000535733,fluid
481,0.365929,-0.422305,,1000,-1.95466e-05,2.36434,,0.101091,0.000987633,0.101096,,0.000535252,9.98067e-05,-8.30662e-06,fluid
482,0.470084,-0.302104,,1000,-1.98442e-05,2.30574,,0.100305,0.00143205,0.100315,,0.000295152,0.000588685,0.000389208,fluid
483,0.536154,-0.157429,,1000,-2.67339e-05,2.2958,,0.0992808,0.00110496,0.099287,,-0.000344345,0.000610472,0.00045958,fluid
484,0.598697,0,,1000,4.8583e-06,2.42425,,0.0990541,-1.15521e-14,0.0990541,,-0.000537061,-2.06542e-13,2.00387e-16,fluid
485,0.574446,0.168673,,1000,5.476e-06,2.42232,,0.09946,-0.000911728,0.0994641,,-0.000257697,-0.000503881,-0.000109023,fluid
486,0.503656,0.32368,,1000,-1.06482e-05,2.38884,,0.100289,-0.00120691,0.100296,,0.000251527,-0.000512835,1.58234e-06,fluid
487,0.392063,0.452465,,1000,-5.49907e-07,2.37101,,0.100956,-0.000871365,0.10096,,0.000445396,-0.000132301,0.000181004,fluid
488,0.248708,0.544594,,1000,-1.84321e-05,2.31452,,0.10121,-0.00029613,0.101211,,0.000294485,0.000114949,0.000466557,fluid
489,0.0852035,0.592603,,1000,-1.34819e-05,2.35895,,0.10111,0.000203558,0.101111,,0.000164494,0.00010952,0.000731682,fluid
490,-0.0852035,0.592603,,1000,-1.71886e-05,2.42248,,0.100826,0.000506199,0.100828,,6.47444e-05,8.46356e-05,0.00064672,fluid
491,-0.248708,0.544594,,1000,-1.01321e-05,2.45193,,0.100506,0.000656992,0.100508,,2.85475e-05,6.68816e-05,0.000458674,fluid
492,-0.392063,0.452465,,1000,-1.066e-05,2.53899,,0.100185,0.000681657,0.100187,,1.69123e-05,5.17385e-05,0.000407777,fluid
493,-0.503656,0.32368,,1000,-1.01385e-05,2.56793,,0.0998956,0.000538419,0.099897,,4.88006e-06,3.23607e-05,0.000290038,fluid
494,-0.574446,0.168673,,1000,-9.57164e-06,2.59658,,0.0996911,0.000297294,0.0996915,,-2.00544e-06,1.485e-05,0.000152494,fluid
495,-0.598697,7.33193e-17,,1000,-8.74626e-06,2.60694,,0.0996267,-5.77633e-15,0.0996267,,-3.5963e-06,1.6121e-14,-5.93135e-15,fluid
496,-0.574446,-0.168673,,1000,-9.57164e-06,2.59658,,0.0996911,-0.000297294,0.0996915,,-2.00544e-06,-1.485e-05,-0.000152494,fluid
497,-0.503656,-0.32368,,1000,-1.01385e-05,2.56793,,0.0998956,-0.000538419,0.099897,,4.88006e-06,-3.23607e-05,-0.000290038,fluid
498,-0.392063,-0.452465,,1000,-1.066e-05,2.53899,,0.100185,-0.000681657,0.100187,,1.69123e-05,-5.17385e-05,-0.000407777,fluid
499,-0.248708,-0.544594,,1000,-1.0132e-05,2.45193,,0.100506,-0.000656992,0.100508,,2.85475e-05,-6.68816e-05,-0.000458674,fluid
500,-0.0852035,-0.592603,,1000,-1.71886e-05,2.42248,,0.100826,-0.000506199,0.100828,,6.47444e-05,-8.46356e-05,-0.00064672,fluid
501,0.0852035,-0.592603,,1000,-1.34819e-05,2.35895,,0.10111,-0.000203558,0.101111,,0.000164494,-0.00010952,-0.000731682,fluid
502,0.248708,-0.544594,,1000,-1.84321e-05,2.31452,,0.10121,0.00029613,0.101211,,0.000294485,-0.000114949,-0.000466557,fluid
503,0.392063,-0.452465,,1000,-5.49907e-07,2.37101,,0.100956,0.000871365,0.10096,,0.000445396,0.000132301,-0.000181004,fluid
504,0.503656,-0.32368,,1000,-1.06483e-05,2.38884,,0.100289,0.00120691,0.100296,,0.000251527,0.000512835,-1.58234e-06,fluid
505,0.574446,-0.168673,,1000,5.47604e-06,2.42232,,0.09946,0.000911728,0.0994641,,-0.000257697,0.000503881,0.000109023,fluid
506,0.640626,0,,1000,-2.88667e-05,2.22577,,0.0992295,-1.00875e-14,0.0992295,,-0.000427489,-1.34401e-13,2.74123e-15,fluid
507,0.614676,0.180485,,1000,-1.51031e-05,2.25301,,0.0995617,-0.000764137,0.0995646,,-0.000204507,-0.000414877,7.81474e-05,fluid
508,0.538929,0.346349,,1000,-1.54821e-05,2.28312,,0.10025,-0.00103063,0.100255,,0.000206205,-0.000440723,0.000207801,fluid
509,0.419521,0.484153,,1000,2.43797e-05,2.33155,,0.100835,-0.000766871,0.100838,,0.000379584,-0.000133785,0.000271162,fluid
510,0.266126,0.582734,,1000,6.87807e-06,2.36646,,0.101049,-0.000262001,0.10105,,0.000254518,9.0902e-05,0.000389283,fluid
511,0.0911706,0.634105,,1000,2.60167e-05,2.63684,,0.100953,0.000201617,0.100953,,0.000134986,0.000102169,0.000573495,fluid
512,-0.0911706,0.634105,,1000,5.50059e-06,2.67544,,0.100786,0.00047208,0.100787,,8.05207e-05,7.91737e-05,0.000584738,fluid
513,-0.266126,0.582734,,1000,-1.24618e-05,2.47311,,0.100505,0.00059675,0.100507,,4.31938e-05,6.51082e-05,0.000459604,fluid
514,-0.419521,0.484153,,1000,-1.13565e-05,2.53432,,0.10018,0.000598938,0.100182,,1.5357e-05,4.24213e-05,0.000402026,fluid
515,-0.538929,0.346349,,1000,-9.33919e-06,2.57949,,0.0999286,0.000480103,0.0999297,,6.77039e-06,2.80883e-05,0.000301476,fluid
516,-0.614676,0.180485,,1000,-9.88813e-06,2.59828,,0.0997448,0.000263252,0.0997452,,7.4855e-07,1.16744e-05,0.000157577,fluid
517,-0.640626,7.84541e-17,,1000,-8.67501e-06,2.61058,,0.0996871,-4.25358e-15,0.0996871,,-6.79592e-07,8.32816e-14,-4.8777e-15,fluid
518,-0.614676,-0.180485,,1000,-9.88812e-06,2.59828,,0.0997448,-0.000263252,0.0997452,,7.48551e-07,-1.16744e-05,-0.000157577,fluid
519,-0.538929,-0.346349,,1000,-9.33922e-06,2.57949,,0.0999286,-0.000480103,0.0999297,,6.77039e-06,-2.80883e-05,-0.000301476,fluid
520,-0.419521,-0.484153,,1000,-1.13566e-05,2.53432,,0.10018,-0.000598938,0.100182,,1.5357e-05,-4.24213e-05,-0.000402026,fluid
521,-0.266126,-0.582734,,1000,-1.24618e-05,2.47311,,0.100505,-0.00059675,0.100507,,4.31938e-05,-6.51082e-05,-0.000459604,fluid
522,-0.0911706,-0.634105,,1000,5.50057e-06,2.67544,,0.100786,-0.00047208,0.100787,,8.05207e-05,-7.91737e-05,-0.000584738,fluid
523,0.0911706,-0.634105,,1000,2.60167e-05,2.63684,,0.100953,-0.000201617,0.100953,,0.000134986,-0.000102169,-0.000573495,fluid
524,0.266126,-0.582734,,1000,6.8781e-06,2.36646,,0.101049,0.000262001,0.10105,,0.000254518,-9.0902e-05,-0.000389283,fluid
525,0.419521,-0.484153,,1000,2.43797e-05,2.33155,,0.100835,0.000766871,0.100838,,0.000379584,0.000133785,-0.000271162,fluid
526,0.538929,-0.346349,,1000,-1.54822e-05,2.28312,,0.10025,0.00103063,0.100255,,0.000206205,0.000440723,-0.000207801,fluid
527,0.614676,-0.180485,,1000,-1.51031e-05,2.25301,,0.0995617,0.000764137,0.0995646,,-0.000204507,0.000414877,-7.81474e-05,fluid
528,0.684678,0,,1000,-5.3097e-05,2.06119,,0.0993856,-8.13986e-15,0.0993856,,-0.000335552,-4.67863e-16,3.40303e-15,fluid
529,0.656944,0.192896,,1000,-3.56378e-05,2.0977,,0.0996551,-0.000638196,0.0996572,,-0.000160094,-0.000338863,0.000168976,fluid
530,0.575988,0.370165,,1000,-1.94068e-05,2.18243,,0.100225,-0.000874058,0.100228,,0.000167569,-0.000370817,0.000304696,fluid
531,0.448369,0.517445,,1000,3.26157e-05,2.29265,,0.100728,-0.000667149,0.10073,,0.000318548,-0.000132731,0.000313995,fluid
532,0.284426,0.622805,,1000,1.53464e-06,2.40586,,0.100909,-0.000231743,0.100909,,0.000219134,6.3857e-05,0.000330727,fluid
533,0.0974399,0.677709,,1000,1.50729e-05,2.56477,,0.100844,0.000170996,0.100844,,0.000112545,8.58921e-05,0.000471502,fluid
534,-0.0974399,0.677709,,1000,2.05008e-06,2.57735,,0.100751,0.000416635,0.100752,,9.11103e-05,7.02501e-05,0.000567558,fluid
535,-0.284426,0.622805,,1000,-1.29278e-05,2.49147,,0.100498,0.000536987,0.1005,,5.17905e-05,5.96131e-05,0.000501577,fluid
536,-0.448369,0.517445,,1000,-1.06203e-05,2.50108,,0.100182,0.000526122,0.100183,,1.38336e-05,3.38547e-05,0.000425089,fluid
537,-0.575988,0.370165,,1000,-8.37765e-06,2.55292,,0.0999571,0.000423477,0.099958,,6.35264e-06,2.19219e-05,0.000329244,fluid
538,-0.656944,0.192896,,1000,-9.06178e-06,2.56819,,0.0997947,0.000232724,0.099795,,2.71584e-06,9.03488e-06,0.000173549,fluid
539,-0.684678,8.38489e-17,,1000,-8.29012e-06,2.57935,,0.0997428,-3.07158e-15,0.0997428,,1.42611e-06,1.41165e-13,-3.48015e-15,fluid
540,-0.656944,-0.192896,,1000,-9.06177e-06,2.56819,,0.0997947,-0.000232724,0.099795,,2.71584e-06,-9.03488e-06,-0.000173549,fluid
541,-0.575988,-0.370165,,1000,-8.37764e-06,2.55292,,0.0999571,-0.000423477,0.099958,,6.35264e-06,-2.19219e-05,-0.000329244,fluid
542,-0.448369,-0.517445,,1000,-1.06203e-05,2.50108,,0.100182,-0.000526122,0.100183,,1.38336e-05,-3.38547e-05,-0.000425089,fluid
543,-0.284426,-0.622805,,1000,-1.29278e-05,2.49147,,0.100498,-0.000536987,0.1005,,5.17905e-05,-5.96131e-05,-0.000501577,fluid
544,-0.0974399,-0.677709,,1000,2.05009e-06,2.57735,,0.100751,-0.000416635,0.100752,,9.11103e-05,-7.02501e-05,-0.000567558,fluid
545,0.0974399,-0.677709,,1000,1.50729e-05,2.56477,,0.100844,-0.000170996,0.100844,,0.000112545,-8.58921e-05,-0.000471502,fluid
546,0.284426,-0.622805,,1000,1.53462e-06,2.40586,,0.100909,0.000231743,0.100909,,0.000219134,-6.3857e-05,-0.000330727,fluid
547,0.448369,-0.517445,,1000,3.26157e-05,2.29265,,0.100728,0.000667149,0.10073,,0.000318548,0.000132731,-0.000313995,fluid
548,0.575988,-0.370165,,1000,-1.94068e-05,2.18243,,0.100225,0.000874058,0.100228,,0.000167569,0.000370817,-0.000304696,fluid
549,0.656944,-0.192896,,1000,-3.56378e-05,2.0977,,0.0996551,0.000638196,0.0996572,,-0.000160094,0.000338863,-0.000168976,fluid
550,0.730961,0,,1000,-2.8326e-05,2.18491,,0.0995385,-6.53972e-15,0.0995385,,-0.000257829,1.6718e-13,3.03368e-15,fluid
551,0.701352,0.205936,,1000,-2.27125e-05,2.19312,,0.099756,-0.000533628,0.0997574,,-0.000120748,-0.000279362,0.000204813,fluid
552,0.614924,0.395188,,1000,-1.95499e-05,2.22691,,0.100222,-0.000745541,0.100225,,0.000138228,-0.000318514,0.000339815,fluid
553,0.478678,0.552424,,1000,7.39474e-06,2.2816,,0.100649,-0.00058818,0.100651,,0.00026867,-0.000140215,0.000335631,fluid
554,0.303652,0.664906,,1000,-3.15154e-05,2.33732,,0.10084,-0.000234548,0.10084,,0.000212178,2.7282e-05,0.000327381,fluid
555,0.104027,0.723521,,1000,-3.86449e-05,2.16207,,0.10081,0.000114635,0.10081,,0.000118639,6.06084e-05,0.000455207,fluid
556,-0.104027,0.723521,,1000,-2.4923e-05,2.18624,,0.100665,0.000341064,0.100665,,6.4581e-05,5.26017e-05,0.000566427,fluid
557,-0.303652,0.664906,,1000,-1.10398e-05,2.44287,,0.100438,0.000455113,0.100439,,3.305e-05,4.35406e-05,0.00054998,fluid
558,-0.478678,0.552424,,1000,-9.93538e-06,2.44346,,0.100189,0.00046428,0.10019,,1.28121e-05,2.69998e-05,0.000482177,fluid
559,-0.614924,0.395188,,1000,-8.34244e-06,2.48408,,0.0999826,0.000368152,0.0999833,,4.61151e-06,1.44778e-05,0.00037214,fluid
560,-0.701352,0.205936,,1000,-8.14935e-06,2.50395,,0.0998407,0.000204418,0.099841,,3.87503e-06,6.33681e-06,0.000198134,fluid
561,-0.730961,8.95169e-17,,1000,-7.89902e-06,2.51221,,0.0997946,-3.49737e-15,0.0997946,,3.00212e-06,1.711e-13,-2.92971e-15,fluid
562,-0.701352,-0.205936,,1000,-8.14934e-06,2.50395,,0.0998407,-0.000204418,0.099841,,3.87503e-06,-6.33681e-06,-0.000198134,fluid
563,-0.614924,-0.395188,,1000,-8.34246e-06,2.48408,,0.0999826,-0.000368152,0.0999833,,4.61151e-06,-1.44778e-05,-0.00037214,fluid
564,-0.478678,-0.552424,,1000,-9.93535e-06,2.44346,,0.100189,-0.00046428,0.10019,,1.28121e-05,-2.69998e-05,-0.000482177,fluid
565,-0.303652,-0.664906,,1000,-1.10397e-05,2.44287,,0.100438,-0.000455113,0.100439,,3.305e-05,-4.35406e-05,-0.00054998,fluid
566,-0.104027,-0.723521,,1000,-2.49229e-05,2.18624,,0.100665,-0.000341064,0.100665,,6.4581e-05,-5.26017e-05,-0.000566427,fluid
567,0.104027,-0.723521,,1000,-3.86449e-05,2.16207,,0.10081,-0.000114635,0.10081,,0.000118639,-6.06084e-05,-0.000455207,fluid
568,0.303652,-0.664906,,1000,-3.15154e-05,2.33732,,0.10084,0.000234548,0.10084,,0.000212178,-2.7282e-05,-0.000327381,fluid
569,0.478678,-0.552424,,1000,7.39473e-06,2.2816,,0.100649,0.00058818,0.100651,,0.00026867,0.000140215,-0.000335631,fluid
570,0.614924,-0.395188,,1000,-1.95499e-05,2.22691,,0.100222,0.000745541,0.100225,,0.000138228,0.000318514,-0.000339815,fluid
571,0.701352,-0.205936,,1000,-2.27125e-05,2.19312,,0.099756,0.000533628,0.0997574,,-0.000120748,0.000279362,-0.000204813,fluid
572,0.779588,0,,1000,2.54764e-05,2.44462,,0.0996938,-5.47418e-15,0.0996938,,-0.000179327,3.11763e-13,2.33279e-15,fluid
573,0.748009,0.219635,,1000,1.75761e-05,2.41851,,0.0998658,-0.00044028,0.0998668,,-7.48891e-05,-0.000226292,0.000204791,fluid
574,0.655831,0.421477,,1000,-7.36761e-06,2.35985,,0.100238,-0.000625729,0.10024,,0.00012222,-0.000268411,0.000330929,fluid
575,0.510522,0.589173,,1000,-2.37621e-05,2.28933,,0.100591,-0.00051495,0.100592,,0.000228659,-0.000141175,0.000335892,fluid
576,0.323853,0.709138,,1000,-4.24931e-05,2.24582,,0.100782,-0.000232502,0.100782,,0.00020244,1.11273e-06,0.000352781,fluid
577,0.110947,0.771653,,1000,-5.42928e-05,1.95753,,0.100769,6.81147e-05,0.100769,,0.00012134,4.46896e-05,0.000478089,fluid
578,-0.110947,0.771653,,1000,-3.59278e-05,2.0097,,0.100581,0.000279022,0.100581,,4.05904e-05,3.93283e-05,0.000635869,fluid
579,-0.323853,0.709138,,1000,-9.58597e-06,2.35977,,0.10038,0.000385229,0.10038,,1.31948e-05,2.97174e-05,0.000638882,fluid
580,-0.510522,0.589173,,1000,-9.7347e-06,2.39831,,0.100188,0.000408332,0.100188,,1.17597e-05,2.14651e-05,0.000582438,fluid
581,-0.655831,0.421477,,1000,-8.79784e-06,2.42302,,0.100002,0.000317123,0.100002,,3.24834e-06,7.9313e-06,0.000435682,fluid
582,-0.748009,0.219635,,1000,-7.6153e-06,2.44842,,0.0998777,0.000176366,0.0998778,,4.21716e-06,3.14711e-06,0.000230429,fluid
583,-0.779588,9.5472e-17,,1000,-7.58202e-06,2.45434,,0.0998377,-3.84011e-15,0.0998377,,4.11608e-06,1.87326e-13,-2.96847e-15,fluid
584,-0.748009,-0.219635,,1000,-7.61532e-06,2.44842,,0.0998777,-0.000176366,0.0998778,,4.21716e-06,-3.14711e-06,-0.000230429,fluid
585,-0.655831,-0.421477,,1000,-8.79786e-06,2.42302,,0.100002,-0.000317123,0.100002,,3.24834e-06,-7.9313e-06,-0.000435682,fluid
586,-0.510522,-0.589173,,1000,-9.73471e-06,2.39831,,0.100188,-0.000408332,0.100188,,1.17597e-05,-2.14651e-05,-0.000582438,fluid
587,-0.323853,-0.709138,,1000,-9.58595e-06,2.35977,,0.10038,-0.000385229,0.10038,,1.31948e-05,-2.97174e-05,-0.000638882,fluid
588,-0.110947,-0.771653,,1000,-3.59278e-05,2.0097,,0.100581,-0.000279022,0.100581,,4.05904e-05,-3.93283e-05,-0.000635869,fluid
589,0.110947,-0.771653,,1000,-5.42928e-05,1.95753,,0.100769,-6.81147e-05,0.100769,,0.00012134,-4.46896e-05,-0.000478089,fluid
590,0.323853,-0.709138,,1000,-4.24931e-05,2.24582,,0.100782,0.000232502,0.100782,,0.00020244,-1.11273e-06,-0.000352781,fluid
591,0.510522,-0.589173,,1000,-2.37622e-05,2.28933,,0.100591,0.00051495,0.100592,,0.000228659,0.000141175,-0.000335892,fluid
592,0.655831,-0.421477,,1000,-7.36761e-06,2.35985,,0.100238,0.000625729,0.10024,,0.00012222,0.000268411,-0.000330929,fluid
593,0.748009,-0.219635,,1000,1.75762e-05,2.41851,,0.0998658,0.00044028,0.0998668,,-7.48891e-05,0.000226292,-0.000204791,fluid
594,0.830678,0,,1000,4.05243e-05,2.41289,,0.0997974,-4.48984e-15,0.0997974,,-0.000116344,3.86075e-13,1.48891e-15,fluid
595,0.797029,0.234029,,1000,3.64359e-05,2.39804,,0.099936,-0.000365901,0.0999367,,-3.66616e-05,-0.000179542,0.00017484,fluid
596,0.69881,0.449098,,1000,1.03632e-05,2.34973,,0.100238,-0.000525963,0.10024,,0.000110946,-0.000218112,0.000279137,fluid
597,0.543978,0.627784,,1000,-1.55487e-05,2.27837,,0.100535,-0.000442241,0.100536,,0.00019633,-0.000124855,0.000295942,fluid
598,0.345076,0.755611,,1000,3.72523e-06,2.25974,,0.100697,-0.000204112,0.100697,,0.000180626,-4.97034e-06,0.00034152,fluid
599,0.118218,0.822223,,1000,-6.11972e-07,2.29146,,0.100675,7.36865e-05,0.100675,,0.000103842,3.81107e-05,0.000473392,fluid
600,-0.118218,0.822223,,1000,-8.89301e-06,2.34402,,0.100526,0.000261132,0.100526,,3.47675e-05,3.4072e-05,0.000813589,fluid
601,-0.345076,0.755611,,1000,-6.99931e-06,2.34894,,0.10035,0.000339188,0.10035,,8.44303e-06,2.39387e-05,0.000809664,fluid
602,-0.543978,0.627784,,1000,-9.41232e-06,2.41513,,0.10017,0.000351809,0.100171,,7.50396e-06,1.40764e-05,0.000716433,fluid
603,-0.69881,0.449098,,1000,-9.54722e-06,2.4287,,0.100011,0.000270347,0.100011,,1.69136e-06,1.8004e-06,0.000515001,fluid
604,-0.797029,0.234029,,1000,-8.11673e-06,2.45458,,0.0999022,0.000147908,0.0999023,,3.67819e-06,-5.77033e-07,0.000266001,fluid
605,-0.830678,1.01729e-16,,1000,-8.05825e-06,2.45917,,0.0998688,-2.99988e-15,0.0998688,,4.52188e-06,1.97019e-13,-2.86623e-15,fluid
606,-0.797029,-0.234029,,1000,-8.11672e-06,2.45458,,0.0999022,-0.000147908,0.0999023,,3.67819e-06,5.77033e-07,-0.000266001,fluid
607,-0.69881,-0.449098,,1000,-9.5472e-06,2.4287,,0.100011,-0.000270347,0.100011,,1.69136e-06,-1.8004e-06,-0.000515001,fluid
608,-0.543978,-0.627784,,1000,-9.41234e-06,2.41513,,0.10017,-0.000351809,0.100171,,7.50396e-06,-1.40764e-05,-0.000716433,fluid
609,-0.345076,-0.755611,,1000,-6.99931e-06,2.34894,,0.10035,-0.000339188,0.10035,,8.44303e-06,-2.39387e-05,-0.000809664,fluid
610,-0.118218,-0.822223,,1000,-8.89303e-06,2.34402,,0.100526,-0.000261132,0.100526,,3.47675e-05,-3.4072e-05,-0.000813589,fluid
611,0.118218,-0.822223,,1000,-6.11984e-07,2.29146,,0.100675,-7.36865e-05,0.100675,,0.000103842,-3.81107e-05,-0.000473392,fluid
612,0.345076,-0.755611,,1000,3.72519e-06,2.25974,,0.100697,0.000204112,0.100697,,0.000180626,4.97034e-06,-0.00034152,fluid
613,0.543978,-0.627784,,1000,-1.55487e-05,2.27837,,0.100535,0.000442241,0.100536,,0.00019633,0.000124855,-0.000295942,fluid
614,0.69881,-0.449098,,1000,1.03632e-05,2.34973,,0.100238,0.000525963,0.10024,,0.000110946,0.000218112,-0.000279137,fluid
615,0.797029,-0.234029,,1000,3.64359e-05,2.39804,,0.099936,0.000365901,0.0999367,,-3.66616e-05,0.000179542,-0.00017484,fluid
616,0.884354,0,,1000,-6.41561e-05,1.87143,,0.0997995,-3.72552e-15,0.0997995,,-0.000111512,3.80144e-13,4.8625e-16,fluid
617,0.848532,0.249151,,1000,-4.06383e-05,1.92949,,0.0999235,-0.000322519,0.099924,,-4.24997e-05,-0.000150731,0.000119407,fluid
618,0.743966,0.478118,,1000,-8.33224e-06,2.05318,,0.100198,-0.000466337,0.100199,,8.76969e-05,-0.000183867,0.000187773,fluid
619,0.579129,0.66835,,1000,2.3692e-05,2.20287,,0.100473,-0.000385995,0.100474,,0.000168405,-0.00010348,0.000205368,fluid
620,0.367374,0.804437,,1000,6.58773e-05,2.35486,,0.100595,-0.00016288,0.100595,,0.000147108,5.37653e-07,0.000254397,fluid
621,0.125857,0.875353,,1000,6.49597e-05,2.90062,,0.100557,0.000133645,0.100557,,7.14776e-05,3.57559e-05,0.000403251,fluid
622,-0.125857,0.875353,,1000,2.52782e-05,2.8983,,0.100487,0.0002843,0.100488,,3.65938e-05,2.92692e-05,0.00105707,fluid
623,-0.367374,0.804437,,1000,-4.78231e-06,2.40814,,0.100336,0.000302566,0.100337,,1.32697e-05,2.14546e-05,0.00102921,fluid
624,-0.579129,0.66835,,1000,-8.87983e-06,2.46362,,0.100141,0.000291718,0.100141,,-2.75049e-07,4.24322e-06,0.000841584,fluid
625,-0.743966,0.478118,,1000,-9.72627e-06,2.47805,,0.10001,0.000224252,0.10001,,-9.54438e-07,-4.14978e-06,0.000584448,fluid
626,-0.848532,0.249151,,1000,-8.90547e-06,2.5001,,0.0999176,0.0001192,0.0999177,,2.17514e-06,-4.61643e-06,0.00029344,fluid
627,-0.884354,1.08302e-16,,1000,-8.75217e-06,2.50529,,0.0998906,-1.19932e-15,0.0998906,,4.03392e-06,1.9633e-13,-2.22481e-15,fluid
628,-0.848532,-0.249151,,1000,-8.90547e-06,2.5001,,0.0999176,-0.0001192,0.0999177,,2.17514e-06,4.61643e-06,-0.00029344,fluid
629,-0.743966,-0.478118,,1000,-9.72627e-06,2.47805,,0.10001,-0.000224252,0.10001,,-9.54438e-07,4.14978e-06,-0.000584448,fluid
630,-0.579129,-0.66835,,1000,-8.87982e-06,2.46362,,0.100141,-0.000291718,0.100141,,-2.75049e-07,-4.24322e-06,-0.000841584,fluid
631,-0.367374,-0.804437,,1000,-4.7823e-06,2.40814,,0.100336,-0.000302566,0.100337,,1.32697e-05,-2.14546e-05,-0.00102921,fluid
632,-0.125857,-0.875353,,1000,2.52782e-05,2.8983,,0.100487,-0.0002843,0.100488,,3.65938e-05,-2.92692e-05,-0.00105707,fluid
633,0.125857,-0.875353,,1000,6.49597e-05,2.90062,,0.100557,-0.000133645,0.100557,,7.14776e-05,-3.57559e-05,-0.000403251,fluid
634,0.367374,-0.804437,,1000,6.58773e-05,2.35486,,0.100595,0.00016288,0.100595,,0.000147108,-5.37653e-07,-0.000254397,fluid
635,0.579129,-0.66835,,1000,2.3692e-05,2.20287,,0.100473,0.000385995,0.100474,,0.000168405,0.00010348,-0.000205368,fluid
636,0.743966,-0.478118,,1000,-8.33223e-06,2.05318,,0.100198,0.000466337,0.100199,,8.76969e-05,0.000183867,-0.000187773,fluid
637,0.848532,-0.249151,,1000,-4.06383e-05,1.92949,,0.0999235,0.000322519,0.099924,,-4.24997e-05,0.000150731,-0.000119407,fluid
638,0.940749,0,,1000,-0.000139241,1.63247,,0.0998205,-3.18711e-15,0.0998205,,-0.000113223,3.16224e-13,-6.37524e-16,fluid
639,0.902642,0.26504,,1000,-0.000107779,1.71089,,0.099929,-0.000283007,0.0999294,,-5.40443e-05,-0.000130923,4.84363e-05,fluid
640,0.791409,0.508607,,1000,-4.72899e-05,1.89619,,0.100171,-0.000412682,0.100172,,6.07881e-05,-0.000163361,7.05354e-05,fluid
641,0.61606,0.710971,,1000,2.80975e-05,2.1583,,0.100423,-0.000338271,0.100423,,0.000140831,-9.22718e-05,7.58048e-05,fluid
642,0.390801,0.855736,,1000,3.79684e-05,2.33929,,0.100507,-0.000137815,0.100507,,0.000114494,-4.64262e-06,0.000107415,fluid
643,0.133883,0.931174,,1000,4.10979e-05,2.73398,,0.100472,0.000123388,0.100472,,5.2247e-05,2.73743e-05,0.000281508,fluid
644,-0.133883,0.931174,,1000,1.65875e-05,2.71891,,0.10047,0.000254886,0.10047,,4.3843e-05,2.47266e-05,0.00126528,fluid
645,-0.390801,0.855736,,1000,-9.6476e-06,2.38702,,0.100309,0.000251515,0.10031,,8.73965e-06,1.2565e-05,0.00119735,fluid
646,-0.61606,0.710971,,1000,-8.70616e-06,2.41498,,0.100115,0.000227826,0.100115,,-8.20894e-06,-5.13383e-06,0.000904109,fluid
647,-0.791409,0.508607,,1000,-8.09745e-06,2.45141,,0.100009,0.00017729,0.100009,,-4.31789e-06,-9.2418e-06,0.000611848,fluid
648,-0.902642,0.26504,,1000,-7.7391e-06,2.46836,,0.0999351,9.28839e-05,0.0999351,,7.40038e-08,-7.6986e-06,0.000300486,fluid
649,-0.940749,1.15209e-16,,1000,-7.33977e-06,2.47767,,0.0999132,8.47645e-17,0.0999132,,2.60847e-06,1.80519e-13,-1.36484e-15,fluid
650,-0.902642,-0.26504,,1000,-7.7391e-06,2.46836,,0.0999351,-9.28839e-05,0.0999351,,7.40039e-08,7.6986e-06,-0.000300486,fluid
651,-0.791409,-0.508607,,1000,-8.09745e-06,2.45141,,0.100009,-0.00017729,0.100009,,-4.31789e-06,9.2418e-06,-0.000611848,fluid
652,-0.61606,-0.710971,,1000,-8.70616e-06,2.41498,,0.100115,-0.000227826,0.100115,,-8.20895e-06,5.13383e-06,-0.000904109,fluid
653,-0.390801,-0.855736,,1000,-9.6476e-06,2.38702,,0.100309,-0.000251515,0.10031,,8.73965e-06,-1.2565e-05,-0.00119735,fluid
654,-0.133883,-0.931174,,1000,1.65875e-05,2.71891,,0.10047,-0.000254886,0.10047,,4.3843e-05,-2.47266e-05,-0.00126528,fluid
655,0.133883,-0.931174,,1000,4.10979e-05,2.73398,,0.100472,-0.000123388,0.100472,,5.2247e-05,-2.73743e-05,-0.000281508,fluid
656,0.390801,-0.855736,,1000,3.79684e-05,2.33929,,0.100507,0.000137815,0.100507,,0.000114494,4.64261e-06,-0.000107415,fluid
657,0.61606,-0.710971,,1000,2.80974e-05,2.1583,,0.100423,0.000338271,0.100423,,0.000140831,9.22718e-05,-7.58048e-05,fluid
658,0.791409,-0.508607,,1000,-4.72899e-05,1.89619,,0.100171,0.000412682,0.100172,,6.07881e-05,0.000163361,-7.05354e-05,fluid
659,0.902642,-0.26504,,1000,-0.000107779,1.71089,,0.099929,0.000283007,0.0999294,,-5.40443e-05,0.000130923,-4.84363e-05,fluid
660,1,0,,1000,0.000185052,3.04937,,0.100018,-2.8987e-15,0.100018,,-1.13636e-05,2.29208e-13,-1.70216e-15,fluid
661,0.959493,0.281733,,1000,0.0001367,2.9225,,0.100086,-0.000211354,0.100086,,1.89422e-05,-9.38605e-05,-2.31964e-05,fluid
662,0.841254,0.540641,,1000,3.88223e-05,2.66065,,0.100241,-0.000316251,0.100241,,7.76628e-05,-0.000125371,-4.93211e-05,fluid
663,0.654861,0.75575,,1000,-5.35895e-05,2.31574,,0.100399,-0.000288679,0.100399,,0.000115853,-9.61944e-05,-6.38399e-05,fluid
664,0.415415,0.909632,,1000,-0.000157467,2.03235,,0.100463,-0.00015219,0.100463,,9.96969e-05,-3.47689e-05,-4.82667e-05,fluid
665,0.142315,0.989821,,1000,-0.000149248,1.00132,,0.100441,2.27853e-05,0.100441,,5.13161e-05,1.29472e-06,0.000146467,fluid
666,-0.142315,0.989821,,1000,-7.72693e-05,1.09804,,0.100449,0.000148816,0.100449,,4.06202e-05,9.75178e-06,0.00132324,fluid
667,-0.415415,0.909632,,1000,-2.37922e-05,2.16065,,0.100262,0.000179088,0.100262,,-5.44724e-06,-1.70434e-06,0.00121589,fluid
668,-0.654861,0.75575,,1000,-9.84525e-06,2.169,,0.100109,0.000167881,0.100109,,-1.19819e-05,-1.06465e-05,0.000868352,fluid
669,-0.841254,0.540641,,1000,-4.39818e-06,2.24624,,0.100022,0.000135288,0.100023,,-6.72628e-06,-1.14287e-05,0.000576957,fluid
670,-0.959493,0.281733,,1000,-3.58677e-06,2.25807,,0.0999645,7.3604e-05,0.0999645,,-1.42851e-06,-6.84122e-06,0.000280161,fluid
671,-1,1.22465e-16,,1000,-2.65044e-06,2.27355,,0.0999454,3.5502e-16,0.0999454,,5.9952e-07,1.50393e-13,-8.04952e-16,fluid
672,-0.959493,-0.281733,,1000,-3.58681e-06,2.25807,,0.0999645,-7.3604e-05,0.0999645,,-1.42851e-06,6.84122e-06,-0.000280161,fluid
673,-0.841254,-0.540641,,1000,-4.39815e-06,2.24624,,0.100022,-0.000135288,0.100023,,-6.72628e-06,1.14287e-05,-0.000576957,fluid
674,-0.654861,-0.75575,,1000,-9.84525e-06,2.169,,0.100109,-0.000167881,0.100109,,-1.19819e-05,1.06465e-05,-0.000868352,fluid
675,-0.415415,-0.909632,,1000,-2.37922e-05,2.16065,,0.100262,-0.000179088,0.100262,,-5.44724e-06,1.70434e-06,-0.00121589,fluid
676,-0.142315,-0.989821,,1000,-7.72693e-05,1.09804,,0.100449,-0.000148816,0.100449,,4.06202e-05,-9.75178e-06,-0.00132324,fluid
677,0.142315,-0.989821,,1000,-0.000149248,1.00132,,0.100441,-2.27853e-05,0.100441,,5.13161e-05,-1.29472e-06,-0.000146467,fluid
678,0.415415,-0.909632,,1000,-0.000157467,2.03235,,0.100463,0.00015219,0.100463,,9.96969e-05,3.47689e-05,4.82667e-05,fluid
679,0.654861,-0.75575,,1000,-5.35895e-05,2.31574,,0.100399,0.000288679,0.100399,,0.000115853,9.61944e-05,6.38399e-05,fluid
680,0.841254,-0.540641,,1000,3.88222e-05,2.66065,,0.100241,0.000316251,0.100241,,7.76628e-05,0.000125371,4.93211e-05,fluid
681,0.959493,-0.281733,,1000,0.0001367,2.9225,,0.100086,0.000211354,0.100086,,1.89422e-05,9.38605e-05,2.31964e-05,fluid
682,1.06225,0,,1000,0,1.93215,,0.100044,-2.8987e-15,0.100044,,0,0,0,buffer
683,1.01922,0.299271,,1000,0,1.96259,,0.100106,-0.000205248,0.100107,,0,0,0,buffer
684,0.893623,0.574296,,1000,0,2.03008,,0.100253,-0.000308554,0.100253,,0,0,0,buffer
685,0.695627,0.802796,,1000,0,2.11227,,0.100402,-0.000285208,0.100402,,0,0,0,buffer
686,0.441275,0.966258,,1000,0,2.20948,,0.100461,-0.000155827,0.100461,,0,0,0,buffer
687,0.151174,1.05144,,1000,0,2.39108,,0.100437,-8.27069e-06,0.100437,,0,0,0,buffer
688,-0.151174,1.05144,,1000,0,2.39574,,0.0999923,5.35359e-05,0.0999923,,0,0,0,buffer
689,-0.441275,0.966258,,1000,0,2.27929,,0.0999786,4.68074e-05,0.0999786,,0,0,0,buffer
690,-0.695627,0.802796,,1000,0,2.31213,,0.0999658,3.94494e-05,0.0999658,,0,0,0,buffer
691,-0.893623,0.574296,,1000,0,2.32506,,0.0999558,2.83787e-05,0.0999558,,0,0,0,buffer
692,-1.01922,0.299271,,1000,0,2.34224,,0.0999493,1.48976e-05,0.0999493,,0,0,0,buffer
693,-1.06225,1.30088e-16,,1000,0,2.34636,,0.099947,6.48716e-21,0.099947,,0,0,0,buffer
694,-1.01922,-0.299271,,1000,0,2.34224,,0.0999493,-1.48976e-05,0.0999493,,0,0,0,buffer
695,-0.893623,-0.574296,,1000,0,2.32506,,0.0999558,-2.83787e-05,0.0999558,,0,0,0,buffer
696,-0.695627,-0.802796,,1000,0,2.31213,,0.0999658,-3.94494e-05,0.0999658,,0,0,0,buffer
697,-0.441275,-0.966258,,1000,0,2.27929,,0.0999786,-4.68074e-05,0.0999786,,0,0,0,buffer
698,-0.151174,-1.05144,,1000,0,2.39574,,0.0999923,-5.35359e-05,0.0999923,,0,0,0,buffer
699,0.151174,-1.05144,,1000,0,2.39108,,0.100437,8.27069e-06,0.100437,,0,0,0,buffer
700,0.441275,-0.966258,,1000,0,2.20948,,0.100461,0.000155827,0.100461,,0,0,0,buffer
701,0.695627,-0.802796,,1000,0,2.11227,,0.100402,0.000285208,0.100402,,0,0,0,buffer
702,0.893623,-0.574296,,1000,0,2.03008,,0.100253,0.000308554,0.100253,,0,0,0,buffer
703,1.01922,-0.299271,,1000,0,1.96259,,0.100106,0.000205248,0.100107,,0,0,0,buffer
704,1.12766,0,,1000,0,1.93215,,0.100044,-2.8987e-15,0.100044,,0,0,0,buffer
705,1.08198,0.317697,,1000,0,1.96259,,0.100106,-0.000205248,0.100107,,0,0,0,buffer
706,0.948644,0.609656,,1000,0,2.03008,,0.100253,-0.000308554,0.100253,,0,0,0,buffer
707,0.738457,0.852225,,1000,0,2.11227,,0.100402,-0.000285208,0.100402,,0,0,0,buffer
708,0.468445,1.02575,,1000,0,2.20948,,0.100461,-0.000155827,0.100461,,0,0,0,buffer
709,0.160482,1.11618,,1000,0,2.39108,,0.100437,-8.27069e-06,0.100437,,0,0,0,buffer
710,-0.160482,1.11618,,1000,0,2.39574,,0.0999923,5.35359e-05,0.0999923,,0,0,0,buffer
711,-0.468445,1.02575,,1000,0,2.27929,,0.0999786,4.68074e-05,0.0999786,,0,0,0,buffer
712,-0.738457,0.852225,,1000,0,2.31213,,0.0999658,3.94494e-05,0.0999658,,0,0,0,buffer
713,-0.948644,0.609656,,1000,0,2.32506,,0.0999558,2.83787e-05,0.0999558,,0,0,0,buffer
714,-1.08198,0.317697,,1000,0,2.34224,,0.0999493,1.48976e-05,0.0999493,,0,0,0,buffer
715,-1.12766,1.38098e-16,,1000,0,2.34636,,0.099947,6.48716e-21,0.099947,,0,0,0,buffer
716,-1.08198,-0.317697,,1000,0,2.34224,,0.0999493,-1.48976e-05,0.0999493,,0,0,0,buffer
717,-0.948644,-0.609656,,1000,0,2.32506,,0.0999558,-2.83787e-05,0.0999558,,0,0,0,buffer
718,-0.738457,-0.852225,,1000,0,2.31213,,0.0999658,-3.94494e-05,0.0999658,,0,0,0,buffer
719,-0.468445,-1.02575,,1000,0,2.27929,,0.0999786,-4.68074e-05,0.0999786,,0,0,0,buffer
720,-0.160482,-1.11618,,1000,0,2.39574,,0.0999923,-5.35359e-05,0.0999923,,0,0,0,buffer
721,0.160482,-1.11618,,1000,0,2.39108,,0.100437,8.27069e-06,0.100437,,0,0,0,buffer
722,0.468445,-1.02575,,1000,0,2.20948,,0.100461,0.000155827,0.100461,,0,0,0,buffer
723,0.738457,-0.852225,,1000,0,2.11227,,0.100402,0.000285208,0.100402,,0,0,0,buffer
724,0.948644,-0.609656,,1000,0,2.03008,,0.100253,0.000308554,0.100253,,0,0,0,buffer
725,1.08198,-0.317697,,1000,0,1.96259,,0.100106,0.000205248,0.100107,,0,0,0,buffer
726,1.19637,0,,1000,0,1.93215,,0.100044,-2.8987e-15,0.100044,,0,0,0,buffer
727,1.14791,0.337057,,1000,0,1.96259,,0.100106,-0.000205248,0.100107,,0,0,0,buffer
728,1.00645,0.646807,,1000,0,2.03008,,0.100253,-0.000308554,0.100253,,0,0,0,buffer
729,0.783456,0.904157,,1000,0,2.11227,,0.100402,-0.000285208,0.100402,,0,0,0,buffer
730,0.496991,1.08826,,1000,0,2.20948,,0.100461,-0.000155827,0.100461,,0,0,0,buffer
731,0.170261,1.18419,,1000,0,2.39108,,0.100437,-8.27069e-06,0.100437,,0,0,0,buffer
732,-0.170261,1.18419,,1000,0,2.39574,,0.0999923,5.35359e-05,0.0999923,,0,0,0,buffer
733,-0.496991,1.08826,,1000,0,2.27929,,0.0999786,4.68074e-05,0.0999786,,0,0,0,buffer
734,-0.783456,0.904157,,1000,0,2.31213,,0.0999658,3.94494e-05,0.0999658,,0,0,0,buffer
735,-1.00645,0.646807,,1000,0,2.32506,,0.0999558,2.83787e-05,0.0999558,,0,0,0,buffer
736,-1.14791,0.337057,,1000,0,2.34224,,0.0999493,1.48976e-05,0.0999493,,0,0,0,buffer
737,-1.19637,1.46513e-16,,1000,0,2.34636,,0.099947,6.48716e-21,0.099947,,0,0,0,buffer
738,-1.14791,-0.337057,,1000,0,2.34224,,0.0999493,-1.48976e-05,0.0999493,,0,0,0,buffer
739,-1.00645,-0.646807,,1000,0,2.32506,,0.0999558,-2.83787e-05,0.0999558,,0,0,0,buffer
740,-0.783456,-0.904157,,1000,0,2.31213,,0.0999658,-3.94494e-05,0.0999658,,0,0,0,buffer
741,-0.496991,-1.08826,,1000,0,2.27929,,0.0999786,-4.68074e-05,0.0999786,,0,0,0,buffer
742,-0.170261,-1.18419,,1000,0,2.39574,,0.0999923,-5.35359e-05,0.0999923,,0,0,0,buffer
743,0.170261,-1.18419,,1000,0,2.39108,,0.100437,8.27069e-06,0.100437,,0,0,0,buffer
744,0.496991,-1.08826,,1000,0,2.20948,,0.100461,0.000155827,0.100461,,0,0,0,buffer
745,0.783456,-0.904157,,1000,0,2.11227,,0.100402,0.000285208,0.100402,,0,0,0,buffer
746,1.00645,-0.646807,,1000,0,2.03008,,0.100253,0.000308554,0.100253,,0,0,0,buffer
747,1.14791,-0.337057,,1000,0,1.96259,,0.100106,0.000205248,0.100107,,0,0,0,buffer
748,1.26857,0,,1000,0,1.93215,,0.100044,-2.8987e-15,0.100044,,0,0,0,buffer
749,1.21718,0.357397,,1000,0,1.96259,,0.100106,-0.000205248,0.100107,,0,0,0,buffer
750,1.06719,0.685839,,1000,0,2.03008,,0.100253,-0.000308554,0.100253,,0,0,0,buffer
751,0.830735,0.958719,,1000,0,2.11227,,0.100402,-0.000285208,0.100402,,0,0,0,buffer
752,0.526982,1.15393,,1000,0,2.20948,,0.100461,-0.000155827,0.100461,,0,0,0,buffer
753,0.180536,1.25565,,1000,0,2.39108,,0.100437,-8.27069e-06,0.100437,,0,0,0,buffer
754,-0.180536,1.25565,,1000,0,2.39574,,0.0999923,5.35359e-05,0.0999923,,0,0,0,buffer
755,-0.526982,1.15393,,1000,0,2.27929,,0.0999786,4.68074e-05,0.0999786,,0,0,0,buffer
756,-0.830735,0.958719,,1000,0,2.31213,,0.0999658,3.94494e-05,0.0999658,,0,0,0,buffer
757,-1.06719,0.685839,,1000,0,2.32506,,0.0999558,2.83787e-05,0.0999558,,0,0,0,buffer
758,-1.21718,0.357397,,1000,0,2.34224,,0.0999493,1.48976e-05,0.0999493,,0,0,0,buffer
759,-1.26857,1.55355e-16,,1000,0,2.34636,,0.099947,6.48716e-21,0.099947,,0,0,0,buffer
760,-1.21718,-0.357397,,1000,0,2.34224,,0.0999493,-1.48976e-05,0.0999493,,0,0,0,buffer
761,-1.06719,-0.685839,,1000,0,2.32506,,0.0999558,-2.83787e-05,0.0999558,,0,0,0,buffer
762,-0.830735,-0.958719,,1000,0,2.31213,,0.0999658,-3.94494e-05,0.0999658,,0,0,0,buffer
763,-0.526982,-1.15393,,1000,0,2.27929,,0.0999786,-4.68074e-05,0.0999786,,0,0,0,buffer
764,-0.180536,-1.25565,,1000,0,2.39574,,0.0999923,-5.35359e-05,0.0999923,,0,0,0,buffer
765,0.180536,-1.25565,,1000,0,2.39108,,0.100437,8.27069e-06,0.100437,,0,0,0,buffer
766,0.526982,-1.15393,,1000,0,2.20948,,0.100461,0.000155827,0.100461,,0,0,0,buffer
767,0.830735,-0.958719,,1000,0,2.11227,,0.100402,0.000285208,0.100402,,0,0,0,buffer
768,1.06719,-0.685839,,1000,0,2.03008,,0.100253,0.000308554,0.100253,,0,0,0,buffer
769,1.21718,-0.357397,,1000,0,1.96259,,0.100106,0.000205248,0.100107,,0,0,0,buffer
770,1.34442,0,,1000,0,1.93215,,0.100044,-2.8987e-15,0.100044,,0,0,0,buffer
771,1.28996,0.378767,,1000,0,1.96259,,0.100106,-0.000205248,0.100107,,0,0,0,buffer
772,1.131,0.726848,,1000,0,2.03008,,0.100253,-0.000308554,0.100253,,0,0,0,buffer
773,0.880407,1.01604,,1000,0,2.11227,,0.100402,-0.000285208,0.100402,,0,0,0,buffer
774,0.558492,1.22293,,1000,0,2.20948,,0.100461,-0.000155827,0.100461,,0,0,0,buffer
775,0.191331,1.33073,,1000,0,2.39108,,0.100437,-8.27069e-06,0.100437,,0,0,0,buffer
776,-0.191331,1.33073,,1000,0,2.39574,,0.0999923,5.35359e-05,0.0999923,,0,0,0,buffer
777,-0.558492,1.22293,,1000,0,2.27929,,0.0999786,4.68074e-05,0.0999786,,0,0,0,buffer
778,-0.880407,1.01604,,1000,0,2.31213,,0.0999658,3.94494e-05,0.0999658,,0,0,0,buffer
779,-1.131,0.726848,,1000,0,2.32506,,0.0999558,2.83787e-05,0.0999558,,0,0,0,buffer
780,-1.28996,0.378767,,1000,0,2.34224,,0.0999493,1.48976e-05,0.0999493,,0,0,0,buffer
781,-1.34442,1.64644e-16,,1000,0,2.34636,,0.099947,6.48716e-21,0.099947,,0,0,0,buffer
782,-1.28996,-0.378767,,1000,0,2.34224,,0.0999493,-1.48976e-05,0.0999493,,0,0,0,buffer
783,-1.131,-0.726848,,1000,0,2.32506,,0.0999558,-2.83787e-05,0.0999558,,0,0,0,buffer
784,-0.880407,-1.01604,,1000,0,2.31213,,0.0999658,-3.94494e-05,0.0999658,,0,0,0,buffer
785,-0.558492,-1.22293,,1000,0,2.27929,,0.0999786,-4.68074e-05,0.0999786,,0,0,0,buffer
786,-0.191331,-1.33073,,1000,0,2.39574,,0.0999923,-5.35359e-05,0.0999923,,0,0,0,buffer
787,0.191331,-1.33073,,1000,0,2.39108,,0.100437,8.27069e-06,0.100437,,0,0,0,buffer
788,0.558492,-1.22293,,1000,0,2.20948,,0.100461,0.000155827,0.100461,,0,0,0,buffer
789,0.880407,-1.01604,,1000,0,2.11227,,0.100402,0.000285208,0.100402,,0,0,0,buffer
790,1.131,-0.726848,,1000,0,2.03008,,0.100253,0.000308554,0.100253,,0,0,0,buffer
791,1.28996,-0.378767,,1000,0,1.96259,,0.100106,0.000205248,0.100107,,0,0,0,buffer
792,1.42411,0,,1000,0,1.93215,,0.100044,-2.8987e-15,0.100044,,0,0,0,buffer
793,1.36643,0.401219,,1000,0,1.96259,,0.100106,-0.000205248,0.100107,,0,0,0,buffer
794,1.19804,0.769933,,1000,0,2.03008,,0.100253,-0.000308554,0.100253,,0,0,0,buffer
795,0.932595,1.07627,,1000,0,2.11227,,0.100402,-0.000285208,0.100402,,0,0,0,buffer
796,0.591598,1.29542,,1000,0,2.20948,,0.100461,-0.000155827,0.100461,,0,0,0,buffer
797,0.202672,1.40962,,1000,0,2.39108,,0.100437,-8.27069e-06,0.100437,,0,0,0,buffer
798,-0.202672,1.40962,,1000,0,2.39574,,0.0999923,5.35359e-05,0.0999923,,0,0,0,buffer
799,-0.591598,1.29542,,1000,0,2.27929,,0.0999786,4.68074e-05,0.0999786,,0,0,0,buffer
800,-0.932595,1.07627,,1000,0,2.31213,,0.0999658,3.94494e-05,0.0999658,,0,0,0,buffer
801,-1.19804,0.769933,,1000,0,2.32506,,0.0999558,2.83787e-05,0.0999558,,0,0,0,buffer
802,-1.36643,0.401219,,1000,0,2.34224,,0.0999493,1.48976e-05,0.0999493,,0,0,0,buffer
803,-1.42411,1.74403e-16,,1000,0,2.34636,,0.099947,6.48716e-21,0.099947,,0,0,0,buffer
804,-1.36643,-0.401219,,1000,0,2.34224,,0.0999493,-1.48976e-05,0.0999493,,0,0,0,buffer
805,-1.19804,-0.769933,,1000,0,2.32506,,0.0999558,-2.83787e-05,0.0999558,,0,0,0,buffer
806,-0.932595,-1.07627,,1000,0,2.31213,,0.0999658,-3.94494e-05,0.0999658,,0,0,0,buffer
807,-0.591598,-1.29542,,1000,0,2.27929,,0.0999786,-4.68074e-05,0.0999786,,0,0,0,buffer
808,-0.202672,-1.40962,,1000,0,2.39574,,0.0999923,-5.35359e-05,0.0999923,,0,0,0,buffer
809,0.202672,-1.40962,,1000,0,2.39108,,0.100437,8.27069e-06,0.100437,,0,0,0,buffer
810,0.591598,-1.29542,,1000,0,2.20948,,0.100461,0.000155827,0.100461,,0,0,0,buffer
811,0.932595,-1.07627,,1000,0,2.11227,,0.100402,0.000285208,0.100402,,0,0,0,buffer
812,1.19804,-0.769933,,1000,0,2.03008,,0.100253,0.000308554,0.100253,,0,0,0,buffer
813,1.36643,-0.401219,,1000,0,1.96259,,0.100106,0.000205248,0.100107,,0,0,0,buffer
814,1.50784,0,,1000,0,1.93215,,0.100044,-2.8987e-15,0.100044,,0,0,0,buffer
815,1.44676,0.424808,,1000,0,1.96259,,0.100106,-0.000205248,0.100107,,0,0,0,buffer
816,1.26848,0.8152,,1000,0,2.03008,,0.100253,-0.000308554,0.100253,,0,0,0,buffer
817,0.987426,1.13955,,1000,0,2.11227,,0.100402,-0.000285208,0.100402,,0,0,0,buffer
818,0.62638,1.37158,,1000,0,2.20948,,0.100461,-0.000155827,0.100461,,0,0,0,buffer
819,0.214588,1.49249,,1000,0,2.39108,,0.100437,-8.27069e-06,0.100437,,0,0,0,buffer
820,-0.214588,1.49249,,1000,0,2.39574,,0.0999923,5.35359e-05,0.0999923,,0,0,0,buffer
821,-0.62638,1.37158,,1000,0,2.27929,,0.0999786,4.68074e-05,0.0999786,,0,0,0,buffer
822,-0.987426,1.13955,,1000,0,2.31213,,0.0999658,3.94494e-05,0.0999658,,0,0,0,buffer
823,-1.26848,0.8152,,1000,0,2.32506,,0.0999558,2.83787e-05,0.0999558,,0,0,0,buffer
824,-1.44676,0.424808,,1000,0,2.34224,,0.0999493,1.48976e-05,0.0999493,,0,0,0,buffer
825,-1.50784,1.84657e-16,,1000,0,2.34636,,0.099947,6.48716e-21,0.099947,,0,0,0,buffer
826,-1.44676,-0.424808,,1000,0,2.34224,,0.0999493,-1.48976e-05,0.0999493,,0,0,0,buffer
827,-1.26848,-0.8152,,1000,0,2.32506,,0.0999558,-2.83787e-05,0.0999558,,0,0,0,buffer
828,-0.987426,-1.13955,,1000,0,2.31213,,0.0999658,-3.94494e-05,0.0999658,,0,0,0,buffer
829,-0.62638,-1.37158,,1000,0,2.27929,,0.0999786,-4.68074e-05,0.0999786,,0,0,0,buffer
830,-0.214588,-1.49249,,1000,0,2.39574,,0.0999923,-5.35359e-05,0.0999923,,0,0,0,buffer
831,0.214588,-1.49249,,1000,0,2.39108,,0.100437,8.27069e-06,0.100437,,0,0,0,buffer
832,0.62638,-1.37158,,1000,0,2.20948,,0.100461,0.000155827,0.100461,,0,0,0,buffer
833,0.987426,-1.13955,,1000,0,2.11227,,0.100402,0.000285208,0.100402,,0,0,0,buffer
834,1.26848,-0.8152,,1000,0,2.03008,,0.100253,0.000308554,0.100253,,0,0,0,buffer
835,1.44676,-0.424808,,1000,0,1.96259,,0.100106,0.000205248,0.100107,,0,0,0,buffer
836,1.59581,0,,1000,0,1.93215,,0.100044,-2.8987e-15,0.100044,,0,0,0,buffer
837,1.53117,0.449592,,1000,0,1.96259,,0.100106,-0.000205248,0.100107,,0,0,0,buffer
838,1.34248,0.86276,,1000,0,2.03008,,0.100253,-0.000308554,0.100253,,0,0,0,buffer
839,1.04503,1.20603,,1000,0,2.11227,,0.100402,-0.000285208,0.100402,,0,0,0,buffer
840,0.662923,1.4516,,1000,0,2.20948,,0.100461,-0.000155827,0.100461,,0,0,0,buffer
841,0.227107,1.57957,,1000,0,2.39108,,0.100437,-8.27069e-06,0.100437,,0,0,0,buffer
842,-0.227107,1.57957,,1000,0,2.39574,,0.0999923,5.35359e-05,0.0999923,,0,0,0,buffer
843,-0.662923,1.4516,,1000,0,2.27929,,0.0999786,4.68074e-05,0.0999786,,0,0,0,buffer
844,-1.04503,1.20603,,1000,0,2.31213,,0.0999658,3.94494e-05,0.0999658,,0,0,0,buffer
845,-1.34248,0.86276,,1000,0,2.32506,,0.0999558,2.83787e-05,0.0999558,,0,0,0,buffer
846,-1.53117,0.449592,,1000,0,2.34224,,0.0999493,1.48976e-05,0.0999493,,0,0,0,buffer
847,-1.59581,1.9543e-16,,1000,0,2.34636,,0.099947,6.48716e-21,0.099947,,0,0,0,buffer
848,-1.53117,-0.449592,,1000,0,2.34224,,0.0999493,-1.48976e-05,0.0999493,,0,0,0,buffer
849,-1.34248,-0.86276,,1000,0,2.32506,,0.0999558,-2.83787e-05,0.0999558,,0,0,0,buffer
850,-1.04503,-1.20603,,1000,0,2.31213,,0.0999658,-3.94494e-05,0.0999658,,0,0,0,buffer
851,-0.662923,-1.4516,,1000,0,2.27929,,0.0999786,-4.68074e-05,0.0999786,,0,0,0,buffer
852,-0.227107,-1.57957,,1000,0,2.39574,,0.0999923,-5.35359e-05,0.0999923,,0,0,0,buffer
853,0.227107,-1.57957,,1000,0,2.39108,,0.100437,8.27069e-06,0.100437,,0,0,0,buffer
854,0.662923,-1.4516,,1000,0,2.20948,,0.100461,0.000155827,0.100461,,0,0,0,buffer
855,1.04503,-1.20603,,1000,0,2.11227,,0.100402,0.000285208,0.100402,,0,0,0,buffer
856,1.34248,-0.86276,,1000,0,2.03008,,0.100253,0.000308554,0.100253,,0,0,0,buffer
857,1.53117,-0.449592,,1000,0,1.96259,,0.100106,0.000205248,0.100107,,0,0,0,buffer
