h/dp :,2
L2norm Pressure,KE,dr0,Nfluid
0,418.281,0.0141421,660

t,5.79018
ID,x,y,,rho,drhodt,pressure,,u,v,velocity,,dudt,dvdt,vorticity,type
0,0.05,0,,999.937,0,-124.208,,0,0,0,,0,0,0,boundary
1,0.0479746,0.0140866,,999.942,0,-112.869,,0,0,0,,0,0,0,boundary
2,0.0420627,0.027032,,999.954,0,-89.3814,,0,0,0,,0,0,0,boundary
3,0.032743,0.0377875,,999.965,0,-68.0728,,0,0,0,,0,0,0,boundary
4,0.0207708,0.0454816,,999.977,0,-45.1153,,0,0,0,,0,0,0,boundary
5,0.00711574,0.0494911,,999.993,0,-13.1192,,0,0,0,,0,0,0,boundary
6,-0.00711574,0.0494911,,1000.01,0,22.5672,,0,0,0,,0,0,0,boundary
7,-0.0207708,0.0454816,,1000.03,0,51.5096,,0,0,0,,0,0,0,boundary
8,-0.032743,0.0377875,,1000.04,0,69.8832,,0,0,0,,0,0,0,boundary
9,-0.0420627,0.027032,,1000.04,0,81.6614,,0,0,0,,0,0,0,boundary
10,-0.0479746,0.0140866,,1000.05,0,89.4505,,0,0,0,,0,0,0,boundary
11,-0.05,6.12323e-18,,1000.05,0,92.4469,,0,0,0,,0,0,0,boundary
12,-0.0479746,-0.0140866,,1000.05,0,89.4505,,0,0,0,,0,0,0,boundary
13,-0.0420627,-0.027032,,1000.04,0,81.6614,,0,0,0,,0,0,0,boundary
14,-0.032743,-0.0377875,,1000.04,0,69.8832,,0,0,0,,0,0,0,boundary
15,-0.0207708,-0.0454816,,1000.03,0,51.5096,,0,0,0,,0,0,0,boundary
16,-0.00711574,-0.0494911,,1000.01,0,22.5672,,0,0,0,,0,0,0,boundary
17,0.00711574,-0.0494911,,999.993,0,-13.1192,,0,0,0,,0,0,0,boundary
18,0.0207708,-0.0454816,,999.977,0,-45.1153,,0,0,0,,0,0,0,boundary
19,0.032743,-0.0377875,,999.965,0,-68.0728,,0,0,0,,0,0,0,boundary
20,0.0420627,-0.027032,,999.954,0,-89.3814,,0,0,0,,0,0,0,boundary
21,0.0479746,-0.0140866,,999.942,0,-112.869,,0,0,0,,0,0,0,boundary
22,0.0641421,0,,999.946,4.4837e-05,-105.361,,0.280861,9.87553e-14,0.280861,,-0.000369632,-4.11897e-12,-2.59546e-12,fluid
23,0.0615439,0.0180709,,999.954,7.24467e-05,-90.8491,,0.320472,0.0537286,0.324945,,-0.000286918,-0.000121786,-4.47385,fluid
24,0.0539598,0.0346779,,999.967,8.50513e-05,-64.6647,,0.402441,0.0820644,0.410723,,-0.000177948,-0.000142577,-5.85397,fluid
25,0.0420042,0.0484754,,999.973,7.28579e-05,-52.3552,,0.470777,0.0942355,0.480116,,-0.000166734,-0.000132635,-5.22007,fluid
26,0.0266456,0.0583457,,999.981,3.76104e-05,-38.0121,,0.521001,0.0911726,0.528919,,-0.000142062,-0.000162274,-4.15051,fluid
27,0.00912838,0.0634893,,999.997,-6.80184e-05,-6.50101,,0.547389,0.0886468,0.55452,,-0.000166527,-0.000158625,-3.40526,fluid
28,-0.00912838,0.0634893,,1000.01,-2.39183e-05,22.1108,,0.56017,0.0908483,0.567489,,-0.000247011,-0.000167352,-2.74535,fluid
29,-0.0266456,0.0583457,,1000.02,6.04716e-05,46.016,,0.555915,0.0908791,0.563294,,-6.19495e-06,-7.64105e-05,-2.04602,fluid
30,-0.0420042,0.0484754,,1000.03,1.39371e-05,50.418,,0.538804,0.0713947,0.543514,,-0.00036687,-9.45093e-05,-1.5279,fluid
31,-0.0539598,0.0346779,,1000.03,2.29042e-05,54.0041,,0.530056,0.0469502,0.532131,,-0.00067387,-0.000211752,-1.06188,fluid
32,-0.0615439,0.0180709,,1000.03,1.88332e-05,59.3357,,0.522844,0.0263825,0.523509,,-0.000714808,5.04795e-05,-0.546789,fluid
33,-0.0641421,7.85515e-18,,1000.03,-4.41476e-05,60.4404,,0.517996,-1.09693e-13,0.517996,,-0.000866351,8.63147e-13,9.35549e-14,fluid
34,-0.0615439,-0.0180709,,1000.03,1.88333e-05,59.3357,,0.522844,-0.0263825,0.523509,,-0.000714808,-5.04795e-05,0.546789,fluid
35,-0.0539598,-0.0346779,,1000.03,2.29042e-05,54.0041,,0.530056,-0.0469502,0.532131,,-0.00067387,0.000211752,1.06188,fluid
36,-0.0420042,-0.0484754,,1000.03,1.39371e-05,50.418,,0.538804,-0.0713947,0.543514,,-0.00036687,9.45094e-05,1.5279,fluid
37,-0.0266456,-0.0583457,,1000.02,6.04718e-05,46.016,,0.555915,-0.0908791,0.563294,,-6.19495e-06,7.64105e-05,2.04602,fluid
38,-0.00912838,-0.0634893,,1000.01,-2.39181e-05,22.1108,,0.56017,-0.0908483,0.567489,,-0.000247011,0.000167352,2.74535,fluid
39,0.00912838,-0.0634893,,999.997,-6.80186e-05,-6.50101,,0.547389,-0.0886468,0.55452,,-0.000166527,0.000158625,3.40526,fluid
40,0.0266456,-0.0583457,,999.981,3.76103e-05,-38.0121,,0.521001,-0.0911726,0.528919,,-0.000142062,0.000162274,4.15051,fluid
41,0.0420042,-0.0484754,,999.973,7.28583e-05,-52.3552,,0.470777,-0.0942355,0.480116,,-0.000166734,0.000132635,5.22007,fluid
42,0.0539598,-0.0346779,,999.967,8.50513e-05,-64.6647,,0.402441,-0.0820644,0.410723,,-0.000177948,0.000142577,5.85397,fluid
43,0.0615439,-0.0180709,,999.954,7.24469e-05,-90.8491,,0.320472,-0.0537286,0.324945,,-0.000286918,0.000121786,4.47385,fluid
44,0.0790004,0,,999.954,0.000123076,-89.7743,,0.145816,1.03497e-14,0.145816,,-0.000216009,-3.72551e-12,-1.91493e-12,fluid
45,0.0758004,0.022257,,999.968,3.98335e-05,-62.1094,,0.242883,-0.0242937,0.244095,,-0.000155449,-3.13905e-05,-4.54373,fluid
46,0.0664594,0.0427109,,999.979,2.00524e-05,-40.774,,0.393499,0.00515337,0.393533,,-0.000109129,-2.01055e-05,-5.69017,fluid
47,0.0517343,0.0597046,,999.987,7.22836e-05,-25.8952,,0.488924,0.0333028,0.490056,,-0.000123807,-4.77532e-05,-4.51643,fluid
48,0.032818,0.0718613,,999.99,0.000104352,-18.7693,,0.533017,0.0528992,0.535636,,-4.32041e-05,-8.54499e-05,-3.08139,fluid
49,0.0112429,0.0781963,,999.999,0.000121656,-1.14896,,0.549633,0.0666129,0.553655,,0.000145129,-0.000193903,-2.02966,fluid
50,-0.0112429,0.0781963,,1000.01,-0.000159562,12.5521,,0.546977,0.0850357,0.553547,,-8.16797e-05,-0.000134002,-1.32197,fluid
51,-0.032818,0.0718613,,1000.02,-3.72863e-06,38.0082,,0.512425,0.0919781,0.520615,,-6.18523e-05,-0.000121822,-0.921727,fluid
52,-0.0517343,0.0597046,,1000.04,3.48793e-05,71.0951,,0.482253,0.08253,0.489264,,9.82274e-05,-3.24849e-05,-0.616473,fluid
53,-0.0664594,0.0427109,,1000.05,-0.000193088,97.9958,,0.457522,0.0636326,0.461925,,-0.000305557,-7.3125e-05,-0.427176,fluid
54,-0.0758004,0.022257,,1000.06,-5.31337e-05,117.887,,0.432834,0.0346576,0.434219,,-0.000608342,-3.75441e-05,-0.283266,fluid
55,-0.0790004,9.67476e-18,,1000.06,2.5367e-05,122.429,,0.422921,-4.09083e-14,0.422921,,-0.000764757,1.64748e-13,1.52994e-13,fluid
56,-0.0758004,-0.022257,,1000.06,-5.31337e-05,117.887,,0.432834,-0.0346576,0.434219,,-0.000608342,3.75441e-05,0.283266,fluid
57,-0.0664594,-0.0427109,,1000.05,-0.000193088,97.9958,,0.457522,-0.0636326,0.461925,,-0.000305557,7.3125e-05,0.427176,fluid
58,-0.0517343,-0.0597046,,1000.04,3.48794e-05,71.0951,,0.482253,-0.08253,0.489264,,9.82274e-05,3.24849e-05,0.616473,fluid
59,-0.032818,-0.0718613,,1000.02,-3.72858e-06,38.0082,,0.512425,-0.0919781,0.520615,,-6.18523e-05,0.000121822,0.921727,fluid
60,-0.0112429,-0.0781963,,1000.01,-0.000159562,12.5521,,0.546977,-0.0850357,0.553547,,-8.16797e-05,0.000134002,1.32197,fluid
61,0.0112429,-0.0781963,,999.999,0.000121656,-1.14896,,0.549633,-0.0666129,0.553655,,0.000145129,0.000193903,2.02966,fluid
62,0.032818,-0.0718613,,999.99,0.000104352,-18.7693,,0.533017,-0.0528992,0.535636,,-4.32041e-05,8.54499e-05,3.08139,fluid
63,0.0517343,-0.0597046,,999.987,7.22836e-05,-25.8952,,0.488924,-0.0333028,0.490056,,-0.000123807,4.77532e-05,4.51643,fluid
64,0.0664594,-0.0427109,,999.979,2.00526e-05,-40.774,,0.393499,-0.00515337,0.393533,,-0.000109129,2.01055e-05,5.69017,fluid
65,0.0758004,-0.022257,,999.968,3.98336e-05,-62.1094,,0.242883,0.0242937,0.244095,,-0.000155449,3.13905e-05,4.54373,fluid
66,0.0946112,0,,1000.02,-3.6768e-05,38.0298,,0.127054,1.42434e-15,0.127054,,-0.000130532,-3.15198e-12,-1.71949e-12,fluid
67,0.0907788,0.0266551,,1000.01,-4.4473e-05,21.4915,,0.25416,-0.0396221,0.25723,,-0.000104426,-4.02892e-05,-4.30822,fluid
68,0.079592,0.0511507,,1000,-4.84798e-05,4.04413,,0.429219,-0.0138751,0.429443,,-7.3141e-05,-3.75837e-05,-4.94001,fluid
69,0.0619572,0.0715024,,1000,-0.000114011,9.44583,,0.519782,0.0169647,0.520059,,-5.23e-05,-0.000118397,-3.38922,fluid
70,0.0393029,0.0860614,,1000.02,-0.00023928,29.9758,,0.547322,0.0445545,0.549132,,-3.4091e-05,-1.8261e-05,-1.82421,fluid
71,0.0134646,0.0936482,,1000.01,0.000184373,19.6778,,0.540916,0.0576874,0.543984,,0.000119491,-3.32001e-05,-0.832971,fluid
72,-0.0134646,0.0936482,,1000,0.000292835,3.85568,,0.517737,0.0648479,0.521782,,0.000583263,-4.23546e-05,-0.33265,fluid
73,-0.0393029,0.0860614,,999.993,-0.000290962,-13.8732,,0.490972,0.0606403,0.494703,,-4.77761e-05,-0.000185163,-0.149357,fluid
74,-0.0619572,0.0715024,,999.991,0.000150708,-16.9135,,0.465439,0.0545323,0.468623,,0.000228458,1.29354e-05,-0.0886777,fluid
75,-0.079592,0.0511507,,999.988,0.000103612,-23.4403,,0.446961,0.0380921,0.448581,,-9.51344e-06,-4.40778e-05,-0.113142,fluid
76,-0.0907788,0.0266551,,999.985,-5.08893e-05,-30.2544,,0.428539,0.019174,0.428968,,-0.000550305,-0.000154657,-0.148538,fluid
77,-0.0946112,1.15865e-17,,999.984,0.000156146,-31.0008,,0.420794,-2.50699e-14,0.420794,,-0.000834939,8.61031e-14,-1.26287e-13,fluid
78,-0.0907788,-0.0266551,,999.985,-5.08893e-05,-30.2544,,0.428539,-0.019174,0.428968,,-0.000550305,0.000154657,0.148538,fluid
79,-0.079592,-0.0511507,,999.988,0.000103612,-23.4403,,0.446961,-0.0380921,0.448581,,-9.51344e-06,4.40778e-05,0.113142,fluid
80,-0.0619572,-0.0715024,,999.991,0.000150708,-16.9135,,0.465439,-0.0545323,0.468623,,0.000228458,-1.29354e-05,0.0886777,fluid
81,-0.0393029,-0.0860614,,999.993,-0.000290962,-13.8732,,0.490972,-0.0606403,0.494703,,-4.77761e-05,0.000185163,0.149357,fluid
82,-0.0134646,-0.0936482,,1000,0.000292835,3.85568,,0.517737,-0.0648479,0.521782,,0.000583263,4.23546e-05,0.33265,fluid
83,0.0134646,-0.0936482,,1000.01,0.000184373,19.6778,,0.540916,-0.0576874,0.543984,,0.000119491,3.32001e-05,0.832971,fluid
84,0.0393029,-0.0860614,,1000.02,-0.00023928,29.9758,,0.547322,-0.0445545,0.549132,,-3.4091e-05,1.8261e-05,1.82421,fluid
85,0.0619572,-0.0715024,,1000,-0.000114011,9.44583,,0.519782,-0.0169647,0.520059,,-5.23001e-05,0.000118397,3.38922,fluid
86,0.079592,-0.0511507,,1000,-4.84797e-05,4.04413,,0.429219,0.0138751,0.429443,,-7.3141e-05,3.75837e-05,4.94001,fluid
87,0.0907788,-0.0266551,,1000.01,-4.44727e-05,21.4915,,0.25416,0.0396221,0.25723,,-0.000104426,4.02892e-05,4.30822,fluid
88,0.111013,0,,999.988,-1.58063e-05,-23.3669,,0.200314,5.18673e-15,0.200314,,-0.000156937,-1.88547e-12,-1.41456e-12,fluid
89,0.106516,0.0312758,,999.976,0.00011871,-46.3135,,0.318575,-0.00785465,0.318672,,-8.16646e-05,-4.87753e-05,-3.93114,fluid
90,0.0933897,0.0600179,,999.982,0.000113148,-34.5356,,0.471451,0.0113876,0.471589,,1.1485e-05,-9.60033e-05,-4.09964,fluid
91,0.0726977,0.0838977,,999.993,0.000156988,-13.4156,,0.540383,0.0340837,0.541456,,0.000147064,-0.000140733,-2.37633,fluid
92,0.0461163,0.100981,,999.998,0.000111708,-4.12759,,0.552971,0.0479029,0.555042,,0.000200868,-0.000194674,-0.919461,fluid
93,0.0157987,0.109883,,1000,-0.000367477,0.527588,,0.528956,0.0512355,0.531431,,-0.000315856,1.70194e-05,-0.203939,fluid
94,-0.0157987,0.109883,,1000.01,0.00019153,16.8027,,0.506738,0.0487078,0.509074,,0.000380895,8.96899e-05,0.0443371,fluid
95,-0.0461163,0.100981,,1000.02,0.000182821,38.8417,,0.493877,0.0385999,0.495383,,0.000535182,3.7464e-05,0.0642649,fluid
96,-0.0726977,0.0838977,,1000.02,-0.000237069,43.8045,,0.47973,0.0328982,0.480856,,0.000111556,-0.000104771,0.0311652,fluid
97,-0.0933897,0.0600179,,1000.03,0.000141021,53.3352,,0.475877,0.0221364,0.476391,,0.000142783,0.0001211,-0.0364294,fluid
98,-0.106516,0.0312758,,1000.03,-2.01151e-05,58.0653,,0.465909,0.0125246,0.466077,,-0.000377745,0.00013834,-0.114328,fluid
99,-0.111013,1.35951e-17,,1000.03,-0.000133675,58.6922,,0.459349,-2.93526e-14,0.459349,,-0.000845071,7.63264e-13,-2.01091e-13,fluid
100,-0.106516,-0.0312758,,1000.03,-2.01151e-05,58.0653,,0.465909,-0.0125246,0.466077,,-0.000377745,-0.00013834,0.114328,fluid
101,-0.0933897,-0.0600179,,1000.03,0.000141021,53.3352,,0.475877,-0.0221364,0.476391,,0.000142783,-0.0001211,0.0364294,fluid
102,-0.0726977,-0.0838977,,1000.02,-0.000237068,43.8045,,0.47973,-0.0328982,0.480856,,0.000111556,0.000104771,-0.0311652,fluid
103,-0.0461163,-0.100981,,1000.02,0.00018282,38.8417,,0.493877,-0.0385999,0.495383,,0.000535182,-3.7464e-05,-0.0642649,fluid
104,-0.0157987,-0.109883,,1000.01,0.00019153,16.8027,,0.506738,-0.0487078,0.509074,,0.000380895,-8.96899e-05,-0.0443371,fluid
105,0.0157987,-0.109883,,1000,-0.000367477,0.527588,,0.528956,-0.0512355,0.531431,,-0.000315856,-1.70194e-05,0.203939,fluid
106,0.0461163,-0.100981,,999.998,0.000111708,-4.12759,,0.552971,-0.0479029,0.555042,,0.000200868,0.000194674,0.919461,fluid
107,0.0726977,-0.0838977,,999.993,0.000156988,-13.4156,,0.540383,-0.0340837,0.541456,,0.000147063,0.000140733,2.37633,fluid
108,0.0933897,-0.0600179,,999.982,0.000113148,-34.5356,,0.471451,-0.0113876,0.471589,,1.1485e-05,9.60033e-05,4.09964,fluid
109,0.106516,-0.0312758,,999.976,0.00011871,-46.3135,,0.318575,0.00785465,0.318672,,-8.16646e-05,4.87753e-05,3.93114,fluid
110,0.128244,0,,999.991,4.35007e-05,-17.868,,0.20757,4.81033e-15,0.20757,,-0.000151261,-7.82527e-13,-1.10711e-12,fluid
111,0.12305,0.0361306,,999.982,9.96338e-06,-34.9895,,0.332952,-0.0165513,0.333363,,-3.43976e-05,-3.24156e-06,-3.52027,fluid
112,0.107886,0.0693342,,999.991,-4.92028e-05,-16.6933,,0.488639,-6.31827e-05,0.488639,,-2.49547e-05,-0.000101111,-3.32011,fluid
113,0.0839822,0.0969206,,1000,-4.94282e-05,-0.532346,,0.546776,0.0271689,0.54745,,9.68708e-05,-4.52534e-05,-1.59374,fluid
114,0.0532746,0.116655,,999.998,0.000301981,-4.03488,,0.547757,0.0404421,0.549248,,0.000634458,-0.000253146,-0.385123,fluid
115,0.0182511,0.126939,,1000.01,5.26393e-05,10.1285,,0.528333,0.0400725,0.529851,,0.000801537,-0.000173532,0.0394145,fluid
116,-0.0182511,0.126939,,1000.01,-0.000351299,15.2528,,0.508927,0.0416534,0.510629,,-0.000147454,-7.2113e-05,0.10592,fluid
117,-0.0532746,0.116655,,1000.01,0.000231848,29.1046,,0.499318,0.0364568,0.500647,,0.000497999,0.000103649,0.0613354,fluid
118,-0.0839822,0.0969206,,1000.02,-2.94574e-05,36.5762,,0.486629,0.0354882,0.487921,,0.000257326,-1.94975e-05,0.0316651,fluid
119,-0.107886,0.0693342,,1000.02,-8.72927e-05,43.3224,,0.481307,0.0251678,0.481965,,0.000108271,-4.6624e-05,-0.0174286,fluid
120,-0.12305,0.0361306,,1000.02,5.43274e-05,48.8339,,0.469917,0.0133815,0.470108,,-0.000328776,6.57168e-05,-0.105888,fluid
121,-0.128244,1.57054e-17,,1000.03,-3.8454e-05,50.4099,,0.46211,-2.18753e-14,0.46211,,-0.000782452,1.68823e-12,-1.7244e-13,fluid
122,-0.12305,-0.0361306,,1000.02,5.43274e-05,48.8339,,0.469917,-0.0133815,0.470108,,-0.000328776,-6.57168e-05,0.105888,fluid
123,-0.107886,-0.0693342,,1000.02,-8.72926e-05,43.3224,,0.481307,-0.0251678,0.481965,,0.000108271,4.6624e-05,0.0174286,fluid
124,-0.0839822,-0.0969206,,1000.02,-2.94573e-05,36.5762,,0.486629,-0.0354882,0.487921,,0.000257326,1.94975e-05,-0.0316651,fluid
125,-0.0532746,-0.116655,,1000.01,0.000231848,29.1046,,0.499318,-0.0364568,0.500647,,0.000497999,-0.000103649,-0.0613354,fluid
126,-0.0182511,-0.126939,,1000.01,-0.000351299,15.2528,,0.508927,-0.0416534,0.510629,,-0.000147454,7.2113e-05,-0.10592,fluid
127,0.0182511,-0.126939,,1000.01,5.26392e-05,10.1285,,0.528333,-0.0400725,0.529851,,0.000801537,0.000173532,-0.0394145,fluid
128,0.0532746,-0.116655,,999.998,0.000301981,-4.03488,,0.547757,-0.0404421,0.549248,,0.000634458,0.000253146,0.385123,fluid
129,0.0839822,-0.0969206,,1000,-4.94283e-05,-0.532346,,0.546776,-0.0271689,0.54745,,9.68708e-05,4.52534e-05,1.59374,fluid
130,0.107886,-0.0693342,,999.991,-4.9203e-05,-16.6933,,0.488639,6.31827e-05,0.488639,,-2.49547e-05,0.000101111,3.32011,fluid
131,0.12305,-0.0361306,,999.982,9.96342e-06,-34.9895,,0.332952,0.0165513,0.333363,,-3.43976e-05,3.24157e-06,3.52027,fluid
132,0.146349,0,,999.997,4.11648e-05,-4.96257,,0.22104,4.31199e-15,0.22104,,-9.24459e-05,6.63303e-14,-8.45576e-13,fluid
133,0.140421,0.0412313,,999.991,-5.18783e-06,-18.5604,,0.35292,-0.0208105,0.353533,,-0.00011398,3.1707e-05,-3.11427,fluid
134,0.123117,0.0791222,,999.996,-1.35234e-05,-7.27833,,0.505708,-0.0014403,0.50571,,-4.99188e-05,5.53637e-05,-2.64644,fluid
135,0.0958382,0.110603,,1000,-5.72083e-05,6.7787,,0.549617,0.0221761,0.550064,,3.73274e-05,1.46722e-05,-1.03022,fluid
136,0.0607955,0.133124,,1000,-0.000231217,-0.537965,,0.539671,0.0347029,0.540785,,-0.000267751,0.000178501,-0.111511,fluid
137,0.0208276,0.144859,,1000.01,0.000367034,13.477,,0.520828,0.0324695,0.521839,,0.000640477,-5.02927e-05,0.0860252,fluid
138,-0.0208276,0.144859,,1000.01,-7.30745e-05,16.5755,,0.510856,0.0372616,0.512213,,0.000329505,-5.45124e-05,0.0781138,fluid
139,-0.0607955,0.133124,,1000.01,-0.000159435,18.3781,,0.499408,0.0320366,0.500435,,6.54531e-05,-0.000143621,0.0311442,fluid
140,-0.0958382,0.110603,,1000.01,0.000165069,24.0506,,0.487777,0.0326364,0.488868,,0.000394344,0.000111083,0.0287984,fluid
141,-0.123117,0.0791222,,1000.01,-7.25653e-05,27.283,,0.483991,0.0230086,0.484538,,0.00018272,-7.53347e-05,0.00553066,fluid
142,-0.140421,0.0412313,,1000.01,2.56765e-06,29.104,,0.4737,0.0109675,0.473827,,-0.00031031,-0.000161773,-0.0952389,fluid
143,-0.146349,1.79226e-17,,1000.02,5.08185e-05,31.3294,,0.465029,-1.83518e-14,0.465029,,-0.000776789,2.00901e-12,-1.35184e-13,fluid
144,-0.140421,-0.0412313,,1000.01,2.56753e-06,29.104,,0.4737,-0.0109675,0.473827,,-0.00031031,0.000161773,0.0952389,fluid
145,-0.123117,-0.0791222,,1000.01,-7.25654e-05,27.283,,0.483991,-0.0230086,0.484538,,0.00018272,7.53347e-05,-0.00553066,fluid
146,-0.0958382,-0.110603,,1000.01,0.000165069,24.0506,,0.487777,-0.0326364,0.488868,,0.000394344,-0.000111083,-0.0287984,fluid
147,-0.0607955,-0.133124,,1000.01,-0.000159435,18.3781,,0.499408,-0.0320366,0.500435,,6.54531e-05,0.000143621,-0.0311442,fluid
148,-0.0208276,-0.144859,,1000.01,-7.30746e-05,16.5755,,0.510856,-0.0372616,0.512213,,0.000329505,5.45124e-05,-0.0781138,fluid
149,0.0208276,-0.144859,,1000.01,0.000367034,13.477,,0.520828,-0.0324695,0.521839,,0.000640477,5.02927e-05,-0.0860252,fluid
150,0.0607955,-0.133124,,1000,-0.000231217,-0.537965,,0.539671,-0.0347029,0.540785,,-0.000267751,-0.000178501,0.111511,fluid
151,0.0958382,-0.110603,,1000,-5.72083e-05,6.7787,,0.549617,-0.0221761,0.550064,,3.73274e-05,-1.46722e-05,1.03022,fluid
152,0.123117,-0.0791222,,999.996,-1.35234e-05,-7.27833,,0.505708,0.0014403,0.50571,,-4.99188e-05,-5.53637e-05,2.64644,fluid
153,0.140421,-0.0412313,,999.991,-5.18784e-06,-18.5604,,0.35292,0.0208105,0.353533,,-0.00011398,-3.1707e-05,3.11427,fluid
154,0.16537,0,,999.996,2.17013e-05,-7.33088,,0.241006,4.17924e-15,0.241006,,-0.000100301,7.32805e-13,-6.46519e-13,fluid
155,0.158672,0.0465902,,999.992,3.88569e-05,-15.3896,,0.375087,-0.0199245,0.375616,,-0.000117296,-1.16893e-05,-2.73059,fluid
156,0.139118,0.0894059,,999.998,7.65266e-05,-4.06459,,0.518937,0.00164544,0.518939,,0.00015956,0.000115672,-2.09074,fluid
157,0.108295,0.124979,,1000,0.00013641,4.49093,,0.547487,0.0197583,0.547844,,0.000273417,-0.000113411,-0.645028,fluid
158,0.0686973,0.150426,,1000,-0.000154889,3.97078,,0.535519,0.0291299,0.53631,,3.16342e-06,3.06504e-05,0.0105588,fluid
159,0.0235346,0.163687,,1000.01,-9.33534e-05,9.91178,,0.517795,0.0266767,0.518482,,-0.000274682,6.71124e-05,0.0640688,fluid
160,-0.0235346,0.163687,,1000.01,0.000311015,17.4572,,0.508642,0.0331491,0.509721,,0.000645859,8.93505e-05,0.04068,fluid
161,-0.0686973,0.150426,,1000.01,-0.00016762,21.7609,,0.502555,0.0285628,0.503366,,0.000279913,-7.77812e-05,0.0166522,fluid
162,-0.108295,0.124979,,1000.01,1.96026e-05,25.1626,,0.488304,0.0269323,0.489046,,0.000221406,-4.34745e-05,0.0278212,fluid
163,-0.139118,0.0894059,,1000.02,5.70264e-05,30.5443,,0.487068,0.0194441,0.487456,,0.000341285,0.000119368,0.0255106,fluid
164,-0.158672,0.0465902,,1000.02,-4.59906e-05,31.6927,,0.479322,0.00898373,0.479406,,-0.00014417,0.000107754,-0.0837854,fluid
165,-0.16537,2.0252e-17,,1000.02,9.70612e-06,34.0943,,0.469593,-1.7534e-14,0.469593,,-0.000759942,1.9069e-12,-1.16911e-13,fluid
166,-0.158672,-0.0465902,,1000.02,-4.59907e-05,31.6927,,0.479322,-0.00898373,0.479406,,-0.00014417,-0.000107754,0.0837854,fluid
167,-0.139118,-0.0894059,,1000.02,5.70264e-05,30.5443,,0.487068,-0.0194441,0.487456,,0.000341285,-0.000119368,-0.0255106,fluid
168,-0.108295,-0.124979,,1000.01,1.96027e-05,25.1626,,0.488304,-0.0269323,0.489046,,0.000221406,4.34745e-05,-0.0278212,fluid
169,-0.0686973,-0.150426,,1000.01,-0.00016762,21.7609,,0.502555,-0.0285628,0.503366,,0.000279913,7.77812e-05,-0.0166522,fluid
170,-0.0235346,-0.163687,,1000.01,0.000311015,17.4572,,0.508642,-0.0331491,0.509721,,0.000645859,-8.93505e-05,-0.04068,fluid
171,0.0235346,-0.163687,,1000.01,-9.33535e-05,9.91178,,0.517795,-0.0266767,0.518482,,-0.000274682,-6.71124e-05,-0.0640688,fluid
172,0.0686973,-0.150426,,1000,-0.000154889,3.97078,,0.535519,-0.0291299,0.53631,,3.16342e-06,-3.06504e-05,-0.0105588,fluid
173,0.108295,-0.124979,,1000,0.00013641,4.49093,,0.547487,-0.0197583,0.547844,,0.000273417,0.000113411,0.645028,fluid
174,0.139118,-0.0894059,,999.998,7.65265e-05,-4.06459,,0.518937,-0.00164544,0.518939,,0.00015956,-0.000115672,2.09074,fluid
175,0.158672,-0.0465902,,999.992,3.88569e-05,-15.3896,,0.375087,0.0199245,0.375616,,-0.000117296,1.16893e-05,2.73059,fluid
176,0.185355,0,,999.997,9.72266e-06,-5.33291,,0.258711,3.80625e-15,0.258711,,-0.000121851,1.43003e-12,-4.97673e-13,fluid
177,0.177847,0.0522205,,999.993,3.38057e-05,-13.9805,,0.391859,-0.0211124,0.392427,,3.50125e-05,-0.000164841,-2.38237,fluid
178,0.15593,0.10021,,999.999,6.98217e-05,-1.6611,,0.526152,0.00176736,0.526155,,0.000235629,-0.00024873,-1.64604,fluid
179,0.121382,0.140082,,1000,6.47331e-05,2.18945,,0.543087,0.0166573,0.543342,,0.000358288,-0.00019176,-0.387497,fluid
180,0.0769992,0.168605,,1000,0.000324024,7.35541,,0.530759,0.0252688,0.53136,,0.00078929,-0.000224228,0.0511302,fluid
181,0.0263788,0.183468,,1000.01,-0.000324987,12.1744,,0.520368,0.0218929,0.520829,,1.49747e-05,-7.88882e-05,0.0403384,fluid
182,-0.0263788,0.183468,,1000.01,8.40545e-05,15.0027,,0.506511,0.0291961,0.507352,,-9.11602e-05,1.83044e-05,0.0161733,fluid
183,-0.0769992,0.168605,,1000.01,0.00013311,23.3328,,0.504082,0.025328,0.504718,,0.00044694,6.95919e-05,0.014983,fluid
184,-0.121382,0.140082,,1000.01,-9.50462e-05,25.368,,0.489442,0.022642,0.489965,,0.000189846,-9.54749e-05,0.0240513,fluid
185,-0.15593,0.10021,,1000.02,5.84063e-05,30.3345,,0.489165,0.0170081,0.489461,,0.000292556,2.54175e-05,0.0388382,fluid
186,-0.177847,0.0522205,,1000.02,-8.54548e-06,31.4503,,0.483961,0.00756085,0.48402,,-0.000101437,1.69876e-05,-0.0718602,fluid
187,-0.185355,2.26994e-17,,1000.02,-1.94545e-05,33.2717,,0.473215,-1.37359e-14,0.473215,,-0.000713453,1.85978e-12,-1.03067e-13,fluid
188,-0.177847,-0.0522205,,1000.02,-8.54548e-06,31.4503,,0.483961,-0.00756085,0.48402,,-0.000101437,-1.69876e-05,0.0718602,fluid
189,-0.15593,-0.10021,,1000.02,5.84062e-05,30.3345,,0.489165,-0.0170081,0.489461,,0.000292556,-2.54175e-05,-0.0388382,fluid
190,-0.121382,-0.140082,,1000.01,-9.50462e-05,25.368,,0.489442,-0.022642,0.489965,,0.000189846,9.54749e-05,-0.0240513,fluid
191,-0.0769992,-0.168605,,1000.01,0.00013311,23.3328,,0.504082,-0.025328,0.504718,,0.00044694,-6.95919e-05,-0.014983,fluid
192,-0.0263788,-0.183468,,1000.01,8.40543e-05,15.0027,,0.506511,-0.0291961,0.507352,,-9.11602e-05,-1.83044e-05,-0.0161733,fluid
193,0.0263788,-0.183468,,1000.01,-0.000324987,12.1744,,0.520368,-0.0218929,0.520829,,1.49747e-05,7.88882e-05,-0.0403384,fluid
194,0.0769992,-0.168605,,1000,0.000324024,7.35541,,0.530759,-0.0252688,0.53136,,0.00078929,0.000224228,-0.0511302,fluid
195,0.121382,-0.140082,,1000,6.47331e-05,2.18945,,0.543087,-0.0166573,0.543342,,0.000358288,0.00019176,0.387497,fluid
196,0.15593,-0.10021,,999.999,6.98216e-05,-1.6611,,0.526152,-0.00176736,0.526155,,0.000235629,0.00024873,1.64604,fluid
197,0.177847,-0.0522205,,999.993,3.38058e-05,-13.9805,,0.391859,0.0211124,0.392427,,3.50125e-05,0.000164841,2.38237,fluid
198,0.206352,0,,999.998,1.69026e-05,-4.03352,,0.276199,2.63118e-15,0.276199,,-3.92451e-05,2.10093e-12,-3.80282e-13,fluid
199,0.197993,0.058136,,999.994,6.15662e-06,-12.5544,,0.40594,-0.0216797,0.406518,,0.000160275,-0.000181361,-2.07591,fluid
200,0.173594,0.111562,,999.999,-0.000171382,-1.83832,,0.531406,0.00275783,0.531413,,0.000177578,-0.000469283,-1.29462,fluid
201,0.135132,0.15595,,1000,-0.000127535,3.82642,,0.539553,0.0124137,0.539696,,-4.08138e-05,4.71478e-05,-0.210624,fluid
202,0.0857216,0.187704,,1000,0.000170147,4.98336,,0.524242,0.0229654,0.524745,,0.000142737,7.83033e-05,0.0515179,fluid
203,0.0293669,0.204251,,1000.01,8.89188e-05,15.9811,,0.521155,0.0189979,0.521501,,0.000487887,-0.000143308,0.0266227,fluid
204,-0.0293669,0.204251,,1000.01,-0.000209216,14.6327,,0.506581,0.0257477,0.507235,,-0.000289378,-7.13711e-05,0.00596444,fluid
205,-0.0857216,0.187704,,1000.01,0.000158829,20.9482,,0.503443,0.021657,0.503909,,0.000202194,4.55289e-05,0.014475,fluid
206,-0.135132,0.15595,,1000.01,-1.26073e-05,24.8231,,0.490929,0.0195178,0.491317,,0.000308016,1.60749e-05,0.0159723,fluid
207,-0.173594,0.111562,,1000.01,-1.52622e-05,28.0105,,0.490459,0.0152456,0.490695,,0.000269962,-4.42714e-05,0.0453396,fluid
208,-0.197993,0.058136,,1000.01,3.01929e-05,29.1595,,0.487653,0.00637726,0.487695,,-5.10327e-05,6.67084e-06,-0.0603085,fluid
209,-0.206352,2.52708e-17,,1000.02,-2.25993e-05,30.301,,0.476182,-7.67112e-15,0.476182,,-0.000664448,2.01913e-12,-8.24735e-14,fluid
210,-0.197993,-0.058136,,1000.01,3.01929e-05,29.1595,,0.487653,-0.00637726,0.487695,,-5.10327e-05,-6.67084e-06,0.0603085,fluid
211,-0.173594,-0.111562,,1000.01,-1.52622e-05,28.0105,,0.490459,-0.0152456,0.490695,,0.000269962,4.42714e-05,-0.0453396,fluid
212,-0.135132,-0.15595,,1000.01,-1.26074e-05,24.8231,,0.490929,-0.0195178,0.491317,,0.000308016,-1.60749e-05,-0.0159723,fluid
213,-0.0857216,-0.187704,,1000.01,0.000158829,20.9482,,0.503443,-0.021657,0.503909,,0.000202194,-4.55289e-05,-0.014475,fluid
214,-0.0293669,-0.204251,,1000.01,-0.000209216,14.6327,,0.506581,-0.0257477,0.507235,,-0.000289378,7.13711e-05,-0.00596444,fluid
215,0.0293669,-0.204251,,1000.01,8.89187e-05,15.9811,,0.521155,-0.0189979,0.521501,,0.000487887,0.000143308,-0.0266227,fluid
216,0.0857216,-0.187704,,1000,0.000170147,4.98336,,0.524242,-0.0229654,0.524745,,0.000142737,-7.83033e-05,-0.0515179,fluid
217,0.135132,-0.15595,,1000,-0.000127535,3.82642,,0.539553,-0.0124137,0.539696,,-4.08138e-05,-4.71478e-05,0.210624,fluid
218,0.173594,-0.111562,,999.999,-0.000171382,-1.83832,,0.531406,-0.00275783,0.531413,,0.000177578,0.000469283,1.29462,fluid
219,0.197993,-0.058136,,999.994,6.1566e-06,-12.5544,,0.40594,0.0216797,0.406518,,0.000160275,0.000181361,2.07591,fluid
220,0.228412,0,,999.998,-9.21024e-07,-3.17211,,0.292769,1.91733e-15,0.292769,,2.18647e-05,2.51754e-12,-2.88304e-13,fluid
221,0.219159,0.064351,,999.997,4.02668e-05,-5.08226,,0.419118,-0.019935,0.419591,,3.53171e-05,7.62294e-05,-1.8083,fluid
222,0.192152,0.123489,,1000,0.000151337,3.86744,,0.536344,0.00614386,0.536379,,0.000258314,0.000207524,-1.01974,fluid
223,0.149578,0.172622,,1000,-3.642e-05,8.38858,,0.538509,0.00683263,0.538552,,0.000143205,-0.000172318,-0.0887103,fluid
224,0.0948856,0.20777,,1000,-0.000288238,4.98196,,0.521833,0.0197274,0.522206,,-0.000338866,0.000122507,0.0398346,fluid
225,0.0325064,0.226087,,1000.01,0.000338859,14.7159,,0.518896,0.0170923,0.519178,,0.000302402,-3.86083e-05,0.0173305,fluid
226,-0.0325064,0.226087,,1000.01,-7.52638e-05,17.0268,,0.507752,0.0229498,0.508271,,9.10857e-05,-4.30846e-05,0.00290336,fluid
227,-0.0948856,0.20777,,1000.01,-5.09251e-05,19.4828,,0.503547,0.0188912,0.503901,,-7.90737e-05,-5.62008e-05,0.0126053,fluid
228,-0.149578,0.172622,,1000.01,7.5922e-05,24.5185,,0.492262,0.016846,0.492551,,0.000269648,4.26574e-05,0.00557531,fluid
229,-0.192152,0.123489,,1000.01,-2.58814e-05,27.0863,,0.491267,0.0137462,0.491459,,0.00030193,-1.57253e-05,0.046445,fluid
230,-0.219159,0.064351,,1000.01,2.77969e-05,28.6456,,0.490664,0.00564199,0.490696,,-2.61246e-06,3.59915e-05,-0.049247,fluid
231,-0.228412,2.79724e-17,,1000.01,-1.65404e-05,29.1133,,0.478796,-5.63179e-15,0.478796,,-0.000619199,2.24046e-12,-6.40088e-14,fluid
232,-0.219159,-0.064351,,1000.01,2.77968e-05,28.6456,,0.490664,-0.00564199,0.490696,,-2.61246e-06,-3.59915e-05,0.049247,fluid
233,-0.192152,-0.123489,,1000.01,-2.58815e-05,27.0863,,0.491267,-0.0137462,0.491459,,0.00030193,1.57253e-05,-0.046445,fluid
234,-0.149578,-0.172622,,1000.01,7.59219e-05,24.5185,,0.492262,-0.016846,0.492551,,0.000269648,-4.26574e-05,-0.00557531,fluid
235,-0.0948856,-0.20777,,1000.01,-5.0925e-05,19.4828,,0.503547,-0.0188912,0.503901,,-7.90737e-05,5.62008e-05,-0.0126053,fluid
236,-0.0325064,-0.226087,,1000.01,-7.52638e-05,17.0268,,0.507752,-0.0229498,0.508271,,9.10857e-05,4.30846e-05,-0.00290336,fluid
237,0.0325064,-0.226087,,1000.01,0.000338859,14.7159,,0.518896,-0.0170923,0.519178,,0.000302402,3.86083e-05,-0.0173305,fluid
238,0.0948856,-0.20777,,1000,-0.000288238,4.98196,,0.521833,-0.0197274,0.522206,,-0.000338866,-0.000122507,-0.0398346,fluid
239,0.149578,-0.172622,,1000,-3.64199e-05,8.38858,,0.538509,-0.00683263,0.538552,,0.000143205,0.000172318,0.0887103,fluid
240,0.192152,-0.123489,,1000,0.000151337,3.86744,,0.536344,-0.00614386,0.536379,,0.000258314,-0.000207524,1.01974,fluid
241,0.219159,-0.064351,,999.997,4.02669e-05,-5.08226,,0.419118,0.019935,0.419591,,3.53171e-05,-7.62294e-05,1.8083,fluid
242,0.251589,0,,999.998,1.6847e-05,-3.48521,,0.307593,1.91745e-15,0.307593,,-2.72319e-05,2.47981e-12,-2.2227e-13,fluid
243,0.241398,0.0708807,,1000,7.425e-05,0.21815,,0.430263,-0.019293,0.430696,,-0.000117522,0.000237121,-1.56989,fluid
244,0.21165,0.136019,,1000,6.96386e-05,4.25373,,0.538418,0.00612786,0.538453,,6.82079e-05,0.000435809,-0.804351,fluid
245,0.164756,0.190138,,1000,0.000152051,9.36598,,0.533706,0.00501865,0.533729,,0.00098298,-0.000830613,-0.0154526,fluid
246,0.104514,0.228853,,1000.01,-0.000210264,10.1863,,0.522743,0.0162692,0.522996,,-0.000137544,-0.000109792,0.0281687,fluid
247,0.0358048,0.249028,,1000.01,9.12378e-06,11.3385,,0.51658,0.0150911,0.5168,,-0.000380748,4.4022e-05,0.0112996,fluid
248,-0.0358048,0.249028,,1000.01,0.00015803,17.9501,,0.507546,0.0202846,0.507951,,0.000254201,2.04425e-05,0.000256826,fluid
249,-0.104514,0.228853,,1000.01,-9.72878e-05,20.0223,,0.504363,0.0170651,0.504652,,-0.000121096,-6.23574e-05,0.0109608,fluid
250,-0.164756,0.190138,,1000.01,5.16069e-05,23.7266,,0.493856,0.0148627,0.494079,,0.000125866,-1.28413e-05,-0.00338514,fluid
251,-0.21165,0.136019,,1000.01,9.4751e-06,25.9681,,0.491836,0.0124797,0.491994,,0.000308205,-8.85172e-06,0.0443714,fluid
252,-0.241398,0.0708807,,1000.01,1.86694e-05,28.0017,,0.492996,0.00516592,0.493023,,3.28215e-05,4.69363e-05,-0.0385695,fluid
253,-0.251589,3.08107e-17,,1000.01,-1.66494e-05,27.7165,,0.481142,-9.42799e-15,0.481142,,-0.000564913,2.32653e-12,-5.57502e-14,fluid
254,-0.241398,-0.0708807,,1000.01,1.86694e-05,28.0017,,0.492996,-0.00516592,0.493023,,3.28215e-05,-4.69363e-05,0.0385695,fluid
255,-0.21165,-0.136019,,1000.01,9.47509e-06,25.9681,,0.491836,-0.0124797,0.491994,,0.000308205,8.85172e-06,-0.0443714,fluid
256,-0.164756,-0.190138,,1000.01,5.16069e-05,23.7266,,0.493856,-0.0148627,0.494079,,0.000125866,1.28413e-05,0.00338514,fluid
257,-0.104514,-0.228853,,1000.01,-9.72878e-05,20.0223,,0.504363,-0.0170651,0.504652,,-0.000121096,6.23574e-05,-0.0109608,fluid
258,-0.0358048,-0.249028,,1000.01,0.00015803,17.9501,,0.507546,-0.0202846,0.507951,,0.000254201,-2.04425e-05,-0.000256826,fluid
259,0.0358048,-0.249028,,1000.01,9.12355e-06,11.3385,,0.51658,-0.0150911,0.5168,,-0.000380748,-4.4022e-05,-0.0112996,fluid
260,0.104514,-0.228853,,1000.01,-0.000210264,10.1863,,0.522743,-0.0162692,0.522996,,-0.000137544,0.000109792,-0.0281687,fluid
261,0.164756,-0.190138,,1000,0.000152051,9.36598,,0.533706,-0.00501865,0.533729,,0.00098298,0.000830613,0.0154526,fluid
262,0.21165,-0.136019,,1000,6.96386e-05,4.25373,,0.538418,-0.00612786,0.538453,,6.82079e-05,-0.000435809,0.804351,fluid
263,0.241398,-0.0708807,,1000,7.42499e-05,0.21815,,0.430263,0.019293,0.430696,,-0.000117522,-0.000237121,1.56989,fluid
264,0.27594,0,,999.998,2.48909e-05,-3.44568,,0.322143,7.35506e-15,0.322143,,-0.000113888,2.08e-12,-1.77748e-13,fluid
265,0.264762,0.0777412,,999.999,4.04034e-05,-2.56493,,0.438904,-0.0211936,0.439415,,-2.93223e-05,2.99884e-05,-1.35608,fluid
266,0.232135,0.149184,,1000,-0.000107899,0.142149,,0.539236,0.00420013,0.539252,,0.000268694,0.000131703,-0.634618,fluid
267,0.180702,0.208541,,1000,0.00011889,6.06173,,0.524967,0.00696487,0.525013,,-0.000471498,0.000487321,0.0185727,fluid
268,0.114629,0.251003,,1000.01,0.000244861,12.466,,0.522467,0.0141448,0.522659,,0.000411568,-0.000299481,0.0165623,fluid
269,0.0392703,0.273131,,1000.01,-0.000264758,11.4134,,0.516545,0.0129373,0.516707,,-0.000600048,3.01794e-06,0.0100207,fluid
270,-0.0392703,0.273131,,1000.01,0.000117029,16.5335,,0.506325,0.0176493,0.506633,,-0.000128832,9.51827e-06,-0.00322144,fluid
271,-0.114629,0.251003,,1000.01,3.22252e-05,20.2247,,0.504557,0.0154083,0.504792,,6.39149e-06,3.03452e-05,0.00966111,fluid
272,-0.180702,0.208541,,1000.01,-4.05863e-06,23.0822,,0.495556,0.0133392,0.495735,,6.89201e-05,-9.25692e-06,-0.0092727,fluid
273,-0.232135,0.149184,,1000.01,2.52758e-05,24.5469,,0.492172,0.0110489,0.492296,,0.000280325,-3.14398e-05,0.0403527,fluid
274,-0.264762,0.0777412,,1000.01,2.01994e-05,27.0022,,0.49472,0.00468528,0.494742,,5.81041e-05,5.01308e-05,-0.0287757,fluid
275,-0.27594,3.37929e-17,,1000.01,-2.49632e-05,26.0623,,0.483349,-1.04395e-14,0.483349,,-0.000503002,2.18535e-12,-5.11473e-14,fluid
276,-0.264762,-0.0777412,,1000.01,2.01994e-05,27.0022,,0.49472,-0.00468528,0.494742,,5.81041e-05,-5.01308e-05,0.0287757,fluid
277,-0.232135,-0.149184,,1000.01,2.52759e-05,24.5469,,0.492172,-0.0110489,0.492296,,0.000280325,3.14398e-05,-0.0403527,fluid
278,-0.180702,-0.208541,,1000.01,-4.05864e-06,23.0822,,0.495556,-0.0133392,0.495735,,6.89201e-05,9.25692e-06,0.0092727,fluid
279,-0.114629,-0.251003,,1000.01,3.22252e-05,20.2247,,0.504557,-0.0154083,0.504792,,6.39149e-06,-3.03452e-05,-0.00966111,fluid
280,-0.0392703,-0.273131,,1000.01,0.000117029,16.5335,,0.506325,-0.0176493,0.506633,,-0.000128832,-9.51827e-06,0.00322144,fluid
281,0.0392703,-0.273131,,1000.01,-0.000264759,11.4134,,0.516545,-0.0129373,0.516707,,-0.000600048,-3.01794e-06,-0.0100207,fluid
282,0.114629,-0.251003,,1000.01,0.000244861,12.466,,0.522467,-0.0141448,0.522659,,0.000411568,0.000299481,-0.0165623,fluid
283,0.180702,-0.208541,,1000,0.00011889,6.06173,,0.524967,-0.00696487,0.525013,,-0.000471498,-0.000487321,-0.0185727,fluid
284,0.232135,-0.149184,,1000,-0.000107899,0.142149,,0.539236,-0.00420013,0.539252,,0.000268694,-0.000131703,0.634618,fluid
285,0.264762,-0.0777412,,999.999,4.04034e-05,-2.56493,,0.438904,0.0211936,0.439415,,-2.93223e-05,-2.99884e-05,1.35608,fluid
286,0.301524,0,,1000,7.09065e-06,0.964396,,0.337582,5.61892e-15,0.337582,,-3.93907e-05,1.60436e-12,-1.40234e-13,fluid
287,0.28931,0.084949,,999.999,3.15391e-05,-2.34769,,0.447098,-0.0212272,0.447601,,0.000226409,-0.000349048,-1.1702,fluid
288,0.253658,0.163016,,1000,-9.05941e-05,4.99748,,0.539347,0.00453326,0.539366,,0.000349044,-0.000472243,-0.503293,fluid
289,0.197456,0.227876,,1000,-9.10541e-05,6.03384,,0.522359,0.00468322,0.52238,,-0.000992971,0.00083492,0.0354534,fluid
290,0.125257,0.274275,,1000.01,0.000302479,9.958,,0.519391,0.0135013,0.519566,,-0.00013668,6.93093e-05,0.00501764,fluid
291,0.0429113,0.298454,,1000.01,-7.29749e-05,14.3722,,0.516903,0.0112524,0.517026,,4.27376e-05,-0.000112075,0.0119602,fluid
292,-0.0429113,0.298454,,1000.01,-4.41575e-05,16.0094,,0.506561,0.0155088,0.506798,,-0.000424674,-3.49202e-05,-0.00454622,fluid
293,-0.125257,0.274275,,1000.01,9.9305e-05,19.0243,,0.504081,0.0136299,0.504265,,-7.23613e-05,4.49389e-05,0.00894244,fluid
294,-0.197456,0.227876,,1000.01,-8.19606e-06,22.7871,,0.496993,0.0119174,0.497136,,5.74868e-05,2.86546e-05,-0.0125509,fluid
295,-0.253658,0.163016,,1000.01,1.35399e-05,23.4846,,0.492606,0.00981904,0.492704,,0.000248995,-5.22193e-05,0.0352246,fluid
296,-0.28931,0.084949,,1000.01,2.90169e-05,26.1758,,0.496004,0.0042428,0.496022,,7.27294e-05,5.60827e-05,-0.020372,fluid
297,-0.301524,3.6926e-17,,1000.01,-2.3997e-05,24.897,,0.485443,-5.69731e-15,0.485443,,-0.00044391,1.89665e-12,-4.15463e-14,fluid
298,-0.28931,-0.084949,,1000.01,2.90169e-05,26.1758,,0.496004,-0.0042428,0.496022,,7.27294e-05,-5.60827e-05,0.020372,fluid
299,-0.253658,-0.163016,,1000.01,1.35398e-05,23.4846,,0.492606,-0.00981904,0.492704,,0.000248995,5.22193e-05,-0.0352246,fluid
300,-0.197456,-0.227876,,1000.01,-8.19606e-06,22.7871,,0.496993,-0.0119174,0.497136,,5.74868e-05,-2.86546e-05,0.0125509,fluid
301,-0.125257,-0.274275,,1000.01,9.9305e-05,19.0243,,0.504081,-0.0136299,0.504265,,-7.23613e-05,-4.49389e-05,-0.00894244,fluid
302,-0.0429113,-0.298454,,1000.01,-4.41576e-05,16.0094,,0.506561,-0.0155088,0.506798,,-0.000424674,3.49202e-05,0.00454622,fluid
303,0.0429113,-0.298454,,1000.01,-7.2975e-05,14.3722,,0.516903,-0.0112524,0.517026,,4.27376e-05,0.000112075,-0.0119602,fluid
304,0.125257,-0.274275,,1000.01,0.000302479,9.958,,0.519391,-0.0135013,0.519566,,-0.00013668,-6.93093e-05,-0.00501764,fluid
305,0.197456,-0.227876,,1000,-9.1054e-05,6.03384,,0.522359,-0.00468322,0.52238,,-0.000992971,-0.00083492,-0.0354534,fluid
306,0.253658,-0.163016,,1000,-9.05941e-05,4.99748,,0.539347,-0.00453326,0.539366,,0.000349044,0.000472243,0.503293,fluid
307,0.28931,-0.084949,,999.999,3.1539e-05,-2.34769,,0.447098,0.0212272,0.447601,,0.000226409,0.000349048,1.1702,fluid
308,0.328403,0,,1000,-2.98002e-05,1.83915,,0.350491,3.95169e-15,0.350491,,0.000131179,1.23382e-12,-1.05306e-13,fluid
309,0.315101,0.0925219,,1000,2.49098e-05,5.54863,,0.45534,-0.0182776,0.455707,,0.000336654,-0.000555578,-1.01251,fluid
310,0.27627,0.177548,,1000.01,0.000118976,11.7204,,0.538309,0.00635717,0.538347,,0.000334994,-0.0005706,-0.404135,fluid
311,0.215058,0.248191,,1000.01,-0.000160496,10.9884,,0.524362,-7.75896e-05,0.524362,,3.22232e-05,-0.000274979,0.0482355,fluid
312,0.136424,0.298726,,1000,-7.05021e-05,9.04455,,0.517999,0.012156,0.518142,,-0.000552785,0.000250381,-0.00224625,fluid
313,0.0467366,0.325061,,1000.01,0.000178376,15.4793,,0.51518,0.0101898,0.515281,,0.000134333,-5.57561e-05,0.0136953,fluid
314,-0.0467366,0.325061,,1000.01,-5.82376e-05,17.404,,0.508198,0.0139724,0.50839,,-0.000164548,-2.01235e-05,-0.002742,fluid
315,-0.136424,0.298726,,1000.01,3.22827e-05,17.898,,0.503969,0.0121252,0.504115,,-0.000215006,4.92895e-06,0.00956181,fluid
316,-0.215058,0.248191,,1000.01,2.44327e-05,22.5106,,0.498135,0.0105358,0.498246,,2.67515e-05,5.59216e-05,-0.0139897,fluid
317,-0.27627,0.177548,,1000.01,3.62154e-06,22.9099,,0.493075,0.00869571,0.493152,,0.000221321,-6.35231e-05,0.0295575,fluid
318,-0.315101,0.0925219,,1000.01,3.10097e-05,25.5704,,0.496972,0.00390178,0.496987,,8.36351e-05,6.6561e-05,-0.0135331,fluid
319,-0.328403,4.02178e-17,,1000.01,-1.53431e-05,24.2669,,0.487399,-2.96725e-15,0.487399,,-0.000386542,1.57135e-12,-2.98925e-14,fluid
320,-0.315101,-0.0925219,,1000.01,3.10097e-05,25.5704,,0.496972,-0.00390178,0.496987,,8.36351e-05,-6.6561e-05,0.0135331,fluid
321,-0.27627,-0.177548,,1000.01,3.62153e-06,22.9099,,0.493075,-0.00869571,0.493152,,0.000221321,6.35231e-05,-0.0295575,fluid
322,-0.215058,-0.248191,,1000.01,2.44327e-05,22.5106,,0.498135,-0.0105358,0.498246,,2.67515e-05,-5.59216e-05,0.0139897,fluid
323,-0.136424,-0.298726,,1000.01,3.22827e-05,17.898,,0.503969,-0.0121252,0.504115,,-0.000215006,-4.92895e-06,-0.00956181,fluid
324,-0.0467366,-0.325061,,1000.01,-5.82377e-05,17.404,,0.508198,-0.0139724,0.50839,,-0.000164548,2.01235e-05,0.002742,fluid
325,0.0467366,-0.325061,,1000.01,0.000178376,15.4793,,0.51518,-0.0101898,0.515281,,0.000134333,5.57561e-05,-0.0136953,fluid
326,0.136424,-0.298726,,1000,-7.05021e-05,9.04455,,0.517999,-0.012156,0.518142,,-0.000552785,-0.000250381,0.00224625,fluid
327,0.215058,-0.248191,,1000.01,-0.000160496,10.9884,,0.524362,7.75896e-05,0.524362,,3.22232e-05,0.000274979,-0.0482355,fluid
328,0.27627,-0.177548,,1000.01,0.000118976,11.7204,,0.538309,-0.00635717,0.538347,,0.000334994,0.0005706,0.404135,fluid
329,0.315101,-0.0925219,,1000,2.49098e-05,5.54863,,0.45534,0.0182776,0.455707,,0.000336654,0.000555578,1.01251,fluid
330,0.356644,0,,999.998,-4.2114e-05,-4.1688,,0.360262,4.65979e-15,0.360262,,0.000237798,1.00977e-12,-7.77054e-14,fluid
331,0.342197,0.100478,,1000,1.89179e-05,9.09424,,0.461396,-0.0164118,0.461688,,0.000248423,-0.000264242,-0.876141,fluid
332,0.300028,0.192816,,1000,0.000157664,6.99403,,0.536711,0.00657436,0.536751,,9.05327e-06,2.88101e-05,-0.327865,fluid
333,0.233552,0.269534,,1000.01,-1.42554e-05,12.9841,,0.522998,-0.00153079,0.523001,,0.000761928,-0.00099918,0.0538931,fluid
334,0.148155,0.324415,,1000.01,-0.000208242,12.0815,,0.518666,0.0101571,0.518765,,-0.000473331,9.10743e-05,-0.00396934,fluid
335,0.0507557,0.353014,,1000.01,0.000167632,13.2125,,0.513191,0.00899653,0.51327,,-0.000227239,8.1936e-05,0.0146792,fluid
336,-0.0507557,0.353014,,1000.01,3.1821e-05,18.3018,,0.508591,0.0125496,0.508746,,0.000136693,1.56115e-05,-0.00063762,fluid
337,-0.148155,0.324415,,1000.01,-3.3149e-05,17.9819,,0.504248,0.0110116,0.504369,,-0.000243461,-1.46697e-05,0.0112979,fluid
338,-0.233552,0.269534,,1000.01,3.95165e-05,21.978,,0.499171,0.00931835,0.499258,,-5.84789e-05,3.78569e-05,-0.0139589,fluid
339,-0.300028,0.192816,,1000.01,9.24514e-06,22.3689,,0.493601,0.00770202,0.493661,,0.000206088,-4.64279e-05,0.0238318,fluid
340,-0.342197,0.100478,,1000.01,2.2178e-05,24.8968,,0.497637,0.00351616,0.497649,,8.5404e-05,4.92515e-05,-0.0082635,fluid
341,-0.356644,4.36763e-17,,1000.01,-8.39349e-06,23.6652,,0.489184,-4.24482e-15,0.489184,,-0.000334494,1.38449e-12,-2.23645e-14,fluid
342,-0.342197,-0.100478,,1000.01,2.2178e-05,24.8968,,0.497637,-0.00351616,0.497649,,8.5404e-05,-4.92515e-05,0.0082635,fluid
343,-0.300028,-0.192816,,1000.01,9.24514e-06,22.3689,,0.493601,-0.00770202,0.493661,,0.000206088,4.64279e-05,-0.0238318,fluid
344,-0.233552,-0.269534,,1000.01,3.95165e-05,21.978,,0.499171,-0.00931835,0.499258,,-5.84789e-05,-3.78569e-05,0.0139589,fluid
345,-0.148155,-0.324415,,1000.01,-3.3149e-05,17.9819,,0.504248,-0.0110116,0.504369,,-0.000243461,1.46697e-05,-0.0112979,fluid
346,-0.0507557,-0.353014,,1000.01,3.1821e-05,18.3018,,0.508591,-0.0125496,0.508746,,0.000136693,-1.56115e-05,0.00063762,fluid
347,0.0507557,-0.353014,,1000.01,0.000167632,13.2125,,0.513191,-0.00899653,0.51327,,-0.000227239,-8.1936e-05,-0.0146792,fluid
348,0.148155,-0.324415,,1000.01,-0.000208242,12.0815,,0.518666,-0.0101571,0.518765,,-0.000473331,-9.10743e-05,0.00396934,fluid
349,0.233552,-0.269534,,1000.01,-1.42554e-05,12.9841,,0.522998,0.00153079,0.523001,,0.000761928,0.00099918,-0.0538931,fluid
350,0.300028,-0.192816,,1000,0.000157664,6.99403,,0.536711,-0.00657436,0.536751,,9.05327e-06,-2.88101e-05,0.327865,fluid
351,0.342197,-0.100478,,1000,1.89179e-05,9.09424,,0.461396,0.0164118,0.461688,,0.000248423,0.000264242,0.876141,fluid
352,0.386315,0,,999.998,3.69635e-05,-3.96886,,0.37187,6.71622e-15,0.37187,,0.000275256,8.49923e-13,-6.0709e-14,fluid
353,0.370667,0.108838,,1000,7.93826e-05,4.32065,,0.465623,-0.0181936,0.465978,,0.000102276,0.000202725,-0.755184,fluid
354,0.324989,0.208858,,1000,-4.62286e-05,-0.807468,,0.535554,0.00440828,0.535572,,-0.000224025,0.000408147,-0.266024,fluid
355,0.252983,0.291957,,1000,0.000104556,8.88712,,0.516864,0.000874229,0.516864,,5.91604e-05,-0.000371167,0.0497979,fluid
356,0.160481,0.351404,,1000.01,-5.84944e-06,14.1438,,0.519398,0.00844719,0.519467,,-0.000113936,-0.00015647,-0.00330116,fluid
357,0.0549784,0.382383,,1000.01,-2.21714e-05,11.1912,,0.512357,0.0075476,0.512412,,-0.000346027,0.000105276,0.0161016,fluid
358,-0.0549784,0.382383,,1000.01,6.44959e-05,17.3286,,0.507287,0.0109676,0.507405,,6.65055e-05,1.08195e-05,-0.000340618,fluid
359,-0.160481,0.351404,,1000.01,-1.06158e-05,18.4092,,0.50425,0.0100042,0.504349,,-0.00010936,3.08311e-05,0.0130007,fluid
360,-0.252983,0.291957,,1000.01,2.26002e-05,21.3271,,0.500206,0.00834392,0.500276,,-0.000117312,2.81945e-05,-0.0126672,fluid
361,-0.324989,0.208858,,1000.01,2.1462e-05,21.7317,,0.494145,0.006786,0.494191,,0.000174584,-4.17413e-05,0.0184397,fluid
362,-0.370667,0.108838,,1000.01,1.51858e-05,24.1473,,0.498122,0.00323005,0.498133,,8.90503e-05,4.60839e-05,-0.00433397,fluid
363,-0.386315,4.73099e-17,,1000.01,-7.8615e-06,22.9661,,0.490789,-5.88426e-15,0.490789,,-0.0002861,1.46927e-12,-1.87521e-14,fluid
364,-0.370667,-0.108838,,1000.01,1.51858e-05,24.1473,,0.498122,-0.00323005,0.498133,,8.90503e-05,-4.60839e-05,0.00433397,fluid
365,-0.324989,-0.208858,,1000.01,2.14621e-05,21.7317,,0.494145,-0.006786,0.494191,,0.000174584,4.17413e-05,-0.0184397,fluid
366,-0.252983,-0.291957,,1000.01,2.26002e-05,21.3271,,0.500206,-0.00834392,0.500276,,-0.000117312,-2.81945e-05,0.0126672,fluid
367,-0.160481,-0.351404,,1000.01,-1.06159e-05,18.4092,,0.50425,-0.0100042,0.504349,,-0.00010936,-3.08311e-05,-0.0130007,fluid
368,-0.0549784,-0.382383,,1000.01,6.4496e-05,17.3286,,0.507287,-0.0109676,0.507405,,6.65055e-05,-1.08195e-05,0.000340618,fluid
369,0.0549784,-0.382383,,1000.01,-2.21715e-05,11.1912,,0.512357,-0.0075476,0.512412,,-0.000346027,-0.000105276,-0.0161016,fluid
370,0.160481,-0.351404,,1000.01,-5.84934e-06,14.1438,,0.519398,-0.00844719,0.519467,,-0.000113936,0.00015647,0.00330116,fluid
371,0.252983,-0.291957,,1000,0.000104556,8.88712,,0.516864,-0.000874229,0.516864,,5.91604e-05,0.000371167,-0.0497979,fluid
372,0.324989,-0.208858,,1000,-4.62286e-05,-0.807468,,0.535554,-0.00440828,0.535572,,-0.000224025,-0.000408147,0.266024,fluid
373,0.370667,-0.108838,,1000,7.93825e-05,4.32065,,0.465623,0.0181936,0.465978,,0.000102276,-0.000202725,0.755184,fluid
374,0.417489,0,,1000,2.69484e-05,4.96078,,0.385599,6.24774e-15,0.385599,,0.000215237,6.89991e-13,-4.96038e-14,fluid
375,0.400577,0.11762,,1000,0.000129704,2.76827,,0.470809,-0.0198826,0.471228,,-2.95814e-05,0.000352139,-0.650293,fluid
376,0.351214,0.225711,,1000,-0.000107825,4.44282,,0.534869,0.00270973,0.534876,,-0.000247751,0.000433744,-0.21518,fluid
377,0.273397,0.315517,,1000,0.000134679,6.45593,,0.514233,0.000873672,0.514234,,-0.000501229,0.000320634,0.043775,fluid
378,0.173431,0.379761,,1000.01,0.000147718,12.8602,,0.517771,0.00793139,0.517831,,0.00074839,-0.000517088,-0.00371971,fluid
379,0.0594148,0.413239,,1000.01,-9.54378e-05,12.6509,,0.512467,0.00635312,0.512506,,8.84319e-06,9.41876e-06,0.0180469,fluid
380,-0.0594148,0.413239,,1000.01,1.0852e-05,16.1438,,0.506419,0.00951581,0.506509,,-0.000101244,-2.35786e-05,-0.000691742,fluid
381,-0.173431,0.379761,,1000.01,3.48872e-05,18.1614,,0.503583,0.00886909,0.503661,,-6.38568e-05,3.78157e-05,0.013826,fluid
382,-0.273397,0.315517,,1000.01,4.92063e-07,20.8603,,0.501096,0.00750702,0.501152,,-0.00012875,3.75927e-05,-0.0104685,fluid
383,-0.351214,0.225711,,1000.01,2.66369e-05,21.1868,,0.494719,0.00595918,0.494755,,0.000138017,-4.08646e-05,0.0136698,fluid
384,-0.400577,0.11762,,1000.01,1.56426e-05,23.5312,,0.498457,0.00298192,0.498466,,9.42108e-05,5.28963e-05,-0.00148227,fluid
385,-0.417489,5.11276e-17,,1000.01,-5.08427e-06,22.4001,,0.492217,-5.20465e-15,0.492217,,-0.000244865,1.75057e-12,-1.53131e-14,fluid
386,-0.400577,-0.11762,,1000.01,1.56427e-05,23.5312,,0.498457,-0.00298192,0.498466,,9.42108e-05,-5.28963e-05,0.00148227,fluid
387,-0.351214,-0.225711,,1000.01,2.66369e-05,21.1868,,0.494719,-0.00595918,0.494755,,0.000138017,4.08646e-05,-0.0136698,fluid
388,-0.273397,-0.315517,,1000.01,4.9204e-07,20.8603,,0.501096,-0.00750702,0.501152,,-0.00012875,-3.75927e-05,0.0104685,fluid
389,-0.173431,-0.379761,,1000.01,3.48872e-05,18.1614,,0.503583,-0.00886909,0.503661,,-6.38568e-05,-3.78157e-05,-0.013826,fluid
390,-0.0594148,-0.413239,,1000.01,1.08521e-05,16.1438,,0.506419,-0.00951581,0.506509,,-0.000101244,2.35786e-05,0.000691742,fluid
391,0.0594148,-0.413239,,1000.01,-9.54379e-05,12.6509,,0.512467,-0.00635312,0.512506,,8.84319e-06,-9.41876e-06,-0.0180469,fluid
392,0.173431,-0.379761,,1000.01,0.000147718,12.8602,,0.517771,-0.00793139,0.517831,,0.00074839,0.000517088,0.00371971,fluid
393,0.273397,-0.315517,,1000,0.000134679,6.45593,,0.514233,-0.000873672,0.514234,,-0.000501229,-0.000320634,-0.043775,fluid
394,0.351214,-0.225711,,1000,-0.000107825,4.44282,,0.534869,-0.00270973,0.534876,,-0.000247751,-0.000433744,0.21518,fluid
395,0.400577,-0.11762,,1000,0.000129704,2.76827,,0.470809,0.0198826,0.471228,,-2.95814e-05,-0.000352139,0.650293,fluid
396,0.450241,0,,1000,2.48441e-05,8.99318,,0.396232,3.94674e-15,0.396232,,0.000175249,5.15993e-13,-3.84872e-14,fluid
397,0.432003,0.126847,,1000,1.89849e-05,8.96476,,0.476499,-0.0175533,0.476823,,-0.000116039,0.000125642,-0.563004,fluid
398,0.378767,0.243419,,1000.01,5.92078e-05,16.6719,,0.533779,0.00338403,0.53379,,-0.000135165,0.000252768,-0.175111,fluid
399,0.294845,0.340269,,1000.01,7.93694e-05,10.4036,,0.516163,-0.00221746,0.516167,,-0.000708064,0.000664872,0.042486,fluid
400,0.187037,0.409553,,1000.01,7.24531e-05,11.6128,,0.514849,0.00785808,0.514909,,0.000112268,-0.000144267,-0.00537706,fluid
401,0.0640759,0.445658,,1000.01,-2.40515e-05,15.5625,,0.512042,0.00570393,0.512074,,0.000441741,-0.00010656,0.0190471,fluid
402,-0.0640759,0.445658,,1000.01,-2.74393e-05,16.5259,,0.507114,0.00846239,0.507185,,-6.30667e-05,-4.89126e-05,-1.72065e-06,fluid
403,-0.187037,0.409553,,1000.01,4.48718e-05,17.5916,,0.50307,0.00789198,0.503132,,-4.39032e-05,3.76574e-05,0.0140102,fluid
404,-0.294845,0.340269,,1000.01,-2.56285e-06,20.6534,,0.501731,0.00673034,0.501776,,-0.000110932,5.68074e-05,-0.00781253,fluid
405,-0.378767,0.243419,,1000.01,2.23926e-05,20.8475,,0.495315,0.00523501,0.495343,,0.000102501,-4.28965e-05,0.00969935,fluid
406,-0.432003,0.126847,,1000.01,1.88411e-05,23.0852,,0.498676,0.00273762,0.498683,,9.15107e-05,4.61398e-05,0.000503243,fluid
407,-0.450241,5.51386e-17,,1000.01,1.22017e-06,22.0691,,0.493466,-3.54616e-15,0.493466,,-0.000207572,2.01599e-12,-1.08217e-14,fluid
408,-0.432003,-0.126847,,1000.01,1.88411e-05,23.0852,,0.498676,-0.00273762,0.498683,,9.15107e-05,-4.61398e-05,-0.000503243,fluid
409,-0.378767,-0.243419,,1000.01,2.23926e-05,20.8475,,0.495315,-0.00523501,0.495343,,0.000102501,4.28965e-05,-0.00969935,fluid
410,-0.294845,-0.340269,,1000.01,-2.56288e-06,20.6534,,0.501731,-0.00673034,0.501776,,-0.000110932,-5.68074e-05,0.00781253,fluid
411,-0.187037,-0.409553,,1000.01,4.48718e-05,17.5916,,0.50307,-0.00789198,0.503132,,-4.39032e-05,-3.76574e-05,-0.0140102,fluid
412,-0.0640759,-0.445658,,1000.01,-2.74392e-05,16.5259,,0.507114,-0.00846239,0.507185,,-6.30667e-05,4.89126e-05,1.72065e-06,fluid
413,0.0640759,-0.445658,,1000.01,-2.40515e-05,15.5625,,0.512042,-0.00570393,0.512074,,0.000441741,0.00010656,-0.0190471,fluid
414,0.187037,-0.409553,,1000.01,7.24531e-05,11.6128,,0.514849,-0.00785808,0.514909,,0.000112268,0.000144267,0.00537706,fluid
415,0.294845,-0.340269,,1000.01,7.93695e-05,10.4036,,0.516163,0.00221746,0.516167,,-0.000708064,-0.000664872,-0.042486,fluid
416,0.378767,-0.243419,,1000.01,5.92078e-05,16.6719,,0.533779,-0.00338403,0.53379,,-0.000135165,-0.000252768,0.175111,fluid
417,0.432003,-0.126847,,1000,1.89848e-05,8.96476,,0.476499,0.0175533,0.476823,,-0.000116039,-0.000125642,0.563004,fluid
418,0.484652,0,,999.998,5.57482e-05,-4.66781,,0.401166,1.74005e-15,0.401166,,0.000154098,3.4706e-13,-2.56711e-14,fluid
419,0.46502,0.136542,,1000.01,-4.8144e-05,12.9552,,0.48007,-0.0140898,0.480276,,-3.98512e-05,-0.000125389,-0.489285,fluid
420,0.407715,0.262022,,1000.01,0.000128437,16.0978,,0.531476,0.0046903,0.531496,,1.63123e-06,5.6645e-06,-0.144486,fluid
421,0.317379,0.366275,,1000.01,-2.23702e-07,14.8254,,0.518582,-0.00539566,0.51861,,0.000107081,2.982e-06,0.0437202,fluid
422,0.201332,0.440855,,1000.01,-3.10344e-05,12.8646,,0.513974,0.00670037,0.514018,,-0.000222942,6.95217e-05,-0.00599778,fluid
423,0.0689731,0.479719,,1000.01,4.58297e-05,15.7812,,0.510318,0.00528326,0.510345,,0.000269059,-8.60445e-05,0.0179812,fluid
424,-0.0689731,0.479719,,1000.01,-1.87211e-06,17.6005,,0.507848,0.00758746,0.507905,,9.68028e-05,-5.34869e-05,0.0012798,fluid
425,-0.201332,0.440855,,1000.01,2.26766e-05,17.3534,,0.502921,0.0071355,0.502972,,-3.80332e-05,2.05368e-05,0.0139111,fluid
426,-0.317379,0.366275,,1000.01,9.28965e-06,20.4419,,0.502145,0.00599845,0.502181,,-0.000111233,5.55846e-05,-0.00506995,fluid
427,-0.407715,0.262022,,1000.01,1.54264e-05,20.5383,,0.495934,0.00460016,0.495955,,6.5781e-05,-5.41911e-05,0.00659119,fluid
428,-0.46502,0.136542,,1000.01,1.74898e-05,22.5986,,0.498832,0.00249809,0.498838,,8.47334e-05,3.26434e-05,0.00180889,fluid
429,-0.484652,5.93527e-17,,1000.01,6.78575e-06,21.7437,,0.494562,-3.19495e-15,0.494562,,-0.000175017,2.14303e-12,-6.9359e-15,fluid
430,-0.46502,-0.136542,,1000.01,1.74898e-05,22.5986,,0.498832,-0.00249809,0.498838,,8.47334e-05,-3.26434e-05,-0.00180889,fluid
431,-0.407715,-0.262022,,1000.01,1.54264e-05,20.5383,,0.495934,-0.00460016,0.495955,,6.5781e-05,5.41911e-05,-0.00659119,fluid
432,-0.317379,-0.366275,,1000.01,9.28961e-06,20.4419,,0.502145,-0.00599845,0.502181,,-0.000111233,-5.55846e-05,0.00506995,fluid
433,-0.201332,-0.440855,,1000.01,2.26765e-05,17.3534,,0.502921,-0.0071355,0.502972,,-3.80332e-05,-2.05368e-05,-0.0139111,fluid
434,-0.0689731,-0.479719,,1000.01,-1.87207e-06,17.6005,,0.507848,-0.00758746,0.507905,,9.68028e-05,5.34869e-05,-0.0012798,fluid
435,0.0689731,-0.479719,,1000.01,4.58297e-05,15.7812,,0.510318,-0.00528326,0.510345,,0.000269059,8.60445e-05,-0.0179812,fluid
436,0.201332,-0.440855,,1000.01,-3.10344e-05,12.8646,,0.513974,-0.00670037,0.514018,,-0.000222942,-6.95217e-05,0.00599778,fluid
437,0.317379,-0.366275,,1000.01,-2.23656e-07,14.8254,,0.518582,0.00539566,0.51861,,0.000107081,-2.982e-06,-0.0437202,fluid
438,0.407715,-0.262022,,1000.01,0.000128437,16.0978,,0.531476,-0.0046903,0.531496,,1.63123e-06,-5.6645e-06,0.144486,fluid
439,0.46502,-0.136542,,1000.01,-4.81441e-05,12.9552,,0.48007,0.0140898,0.480276,,-3.98512e-05,0.000125389,0.489285,fluid
440,0.520805,0,,999.993,4.75992e-05,-13.2612,,0.408014,1.0352e-16,0.408014,,0.00014142,2.08691e-13,-1.23808e-14,fluid
441,0.499709,0.146728,,1000,4.46083e-05,7.97636,,0.481772,-0.0149307,0.482003,,0.000114521,-0.000246526,-0.423115,fluid
442,0.438129,0.281568,,1000,-2.41789e-05,2.38363,,0.529079,0.00341111,0.52909,,0.000156672,-0.000359398,-0.119766,fluid
443,0.341055,0.393598,,1000.01,-7.28435e-05,12.5846,,0.515318,-0.00425064,0.515335,,0.000387359,-0.000312605,0.0412414,fluid
444,0.21635,0.473741,,1000.01,1.32811e-05,14.081,,0.514612,0.0049022,0.514635,,-0.000227006,0.00011022,-0.00484908,fluid
445,0.0741183,0.515504,,1000.01,5.07036e-05,12.8605,,0.508578,0.00458482,0.508599,,-0.000134138,2.97189e-06,0.0157321,fluid
446,-0.0741183,0.515504,,1000.01,2.52882e-05,17.4469,,0.507527,0.00663518,0.50757,,0.000240612,-3.90461e-05,0.0018149,fluid
447,-0.21635,0.473741,,1000.01,2.61424e-06,17.3494,,0.502641,0.00639162,0.502682,,-1.02116e-05,4.01349e-06,0.0133915,fluid
448,-0.341055,0.393598,,1000.01,1.57934e-05,19.9831,,0.502453,0.00535404,0.502481,,-9.88733e-05,5.96938e-05,-0.00246124,fluid
449,-0.438129,0.281568,,1000.01,1.26677e-05,20.1024,,0.49656,0.00403896,0.496576,,3.76942e-05,-5.88945e-05,0.00429689,fluid
450,-0.499709,0.146728,,1000.01,1.77245e-05,21.951,,0.498965,0.00225233,0.49897,,7.81194e-05,3.52338e-05,0.00259589,fluid
451,-0.520805,6.37802e-17,,1000.01,5.45025e-06,21.2404,,0.49553,-3.50387e-15,0.49553,,-0.000145138,2.14013e-12,-4.57821e-15,fluid
452,-0.499709,-0.146728,,1000.01,1.77244e-05,21.951,,0.498965,-0.00225233,0.49897,,7.81194e-05,-3.52338e-05,-0.00259589,fluid
453,-0.438129,-0.281568,,1000.01,1.26677e-05,20.1024,,0.49656,-0.00403896,0.496576,,3.76942e-05,5.88945e-05,-0.00429689,fluid
454,-0.341055,-0.393598,,1000.01,1.57934e-05,19.9831,,0.502453,-0.00535404,0.502481,,-9.88733e-05,-5.96938e-05,0.00246124,fluid
455,-0.21635,-0.473741,,1000.01,2.61424e-06,17.3494,,0.502641,-0.00639162,0.502682,,-1.02116e-05,-4.0135e-06,-0.0133915,fluid
456,-0.0741183,-0.515504,,1000.01,2.52883e-05,17.4469,,0.507527,-0.00663518,0.50757,,0.000240612,3.90461e-05,-0.0018149,fluid
457,0.0741183,-0.515504,,1000.01,5.07036e-05,12.8605,,0.508578,-0.00458482,0.508599,,-0.000134138,-2.97189e-06,-0.0157321,fluid
458,0.21635,-0.473741,,1000.01,1.3281e-05,14.081,,0.514612,-0.0049022,0.514635,,-0.000227006,-0.00011022,0.00484908,fluid
459,0.341055,-0.393598,,1000.01,-7.28435e-05,12.5846,,0.515318,0.00425064,0.515335,,0.000387359,0.000312605,-0.0412414,fluid
460,0.438129,-0.281568,,1000,-2.41789e-05,2.38363,,0.529079,-0.00341111,0.52909,,0.000156672,0.000359398,0.119766,fluid
461,0.499709,-0.146728,,1000,4.46083e-05,7.97636,,0.481772,0.0149307,0.482003,,0.000114521,0.000246526,0.423115,fluid
462,0.558789,0,,1000,-7.58032e-05,7.92061,,0.422726,-7.27467e-16,0.422726,,0.000233375,8.25305e-14,-1.60661e-15,fluid
463,0.536154,0.157429,,1000,0.000127611,4.93546,,0.485255,-0.0191747,0.485633,,0.000156631,-0.000241372,-0.362947,fluid
464,0.470084,0.302104,,999.999,-0.000133293,-2.15242,,0.527959,0.000515486,0.527959,,0.00027616,-0.000686286,-0.0987724,fluid
465,0.365929,0.422305,,1000,-0.000111157,7.05884,,0.510389,-0.00170994,0.510392,,-0.000113316,-2.87593e-05,0.034941,fluid
466,0.232129,0.508293,,1000.01,0.000103927,13.6282,,0.514862,0.00357378,0.514874,,-8.67095e-05,7.11942e-05,-0.00307971,fluid
467,0.079524,0.553102,,1000.01,2.97653e-05,10.918,,0.508132,0.00370513,0.508146,,-0.000187882,4.69225e-05,0.0141673,fluid
468,-0.079524,0.553102,,1000.01,2.29697e-05,16.1862,,0.506102,0.0055628,0.506133,,0.000137926,-3.82928e-05,0.00125163,fluid
469,-0.232129,0.508293,,1000.01,3.94055e-06,17.2456,,0.502147,0.00563057,0.502179,,2.37616e-05,-9.10852e-06,0.0123851,fluid
470,-0.365929,0.422305,,1000.01,1.26241e-05,19.4103,,0.502611,0.00474638,0.502634,,-8.91879e-05,5.44053e-05,-0.000156183,fluid
471,-0.470084,0.302104,,1000.01,1.35815e-05,19.6929,,0.497156,0.00354215,0.497169,,2.11135e-05,-5.14334e-05,0.00270196,fluid
472,-0.536154,0.157429,,1000.01,2.05092e-05,21.3465,,0.499073,0.00201748,0.499077,,7.0893e-05,4.02555e-05,0.00299502,fluid
473,-0.558789,6.8432e-17,,1000.01,2.33803e-07,20.7496,,0.49636,-3.65621e-15,0.49636,,-0.00011664,2.01732e-12,-2.8404e-15,fluid
474,-0.536154,-0.157429,,1000.01,2.05092e-05,21.3465,,0.499073,-0.00201748,0.499077,,7.0893e-05,-4.02555e-05,-0.00299502,fluid
475,-0.470084,-0.302104,,1000.01,1.35815e-05,19.6929,,0.497156,-0.00354215,0.497169,,2.11135e-05,5.14334e-05,-0.00270196,fluid
476,-0.365929,-0.422305,,1000.01,1.26241e-05,19.4103,,0.502611,-0.00474638,0.502634,,-8.91879e-05,-5.44053e-05,0.000156183,fluid
477,-0.232129,-0.508293,,1000.01,3.94054e-06,17.2456,,0.502147,-0.00563057,0.502179,,2.37616e-05,9.10852e-06,-0.0123851,fluid
478,-0.079524,-0.553102,,1000.01,2.29698e-05,16.1862,,0.506102,-0.0055628,0.506133,,0.000137926,3.82928e-05,-0.00125163,fluid
479,0.079524,-0.553102,,1000.01,2.97652e-05,10.918,,0.508132,-0.00370513,0.508146,,-0.000187882,-4.69225e-05,-0.0141673,fluid
480,0.232129,-0.508293,,1000.01,0.000103927,13.6282,,0.514862,-0.00357378,0.514874,,-8.67095e-05,-7.11942e-05,0.00307971,fluid
481,0.365929,-0.422305,,1000,-0.000111157,7.05884,,0.510389,0.00170994,0.510392,,-0.000113316,2.87593e-05,-0.034941,fluid
482,0.470084,-0.302104,,999.999,-0.000133293,-2.15242,,0.527959,-0.000515486,0.527959,,0.00027616,0.000686286,0.0987724,fluid
483,0.536154,-0.157429,,1000,0.000127611,4.93546,,0.485255,0.0191747,0.485633,,0.000156631,0.000241372,0.362947,fluid
484,0.598697,0,,1000.01,-2.22043e-05,22.1847,,0.433666,-6.72273e-16,0.433666,,0.00033186,-3.63983e-14,4.74121e-15,fluid
485,0.574446,0.168673,,1000.01,1.86466e-05,10.1974,,0.490412,-0.0209439,0.490859,,0.000149062,-0.000125881,-0.311425,fluid
486,0.503656,0.32368,,1000.01,-4.57545e-06,13.6602,,0.527167,0.000452183,0.527167,,-4.3259e-05,-0.000202051,-0.0824908,fluid
487,0.392063,0.452465,,1000,-1.80536e-05,7.42693,,0.509472,-0.00167532,0.509475,,-0.000264565,4.38967e-05,0.0299522,fluid
488,0.248708,0.544594,,1000.01,6.51127e-05,13.6869,,0.513319,0.00332232,0.51333,,8.64688e-05,-1.51946e-05,-0.00219422,fluid
489,0.0852035,0.592603,,1000.01,5.71519e-06,13.2468,,0.508262,0.00317561,0.508272,,-5.18786e-05,4.07728e-05,0.0138925,fluid
490,-0.0852035,0.592603,,1000.01,1.31508e-05,15.7852,,0.505671,0.00474916,0.505693,,-2.31682e-05,-4.49408e-05,0.000822262,fluid
491,-0.248708,0.544594,,1000.01,1.89213e-05,17.1177,,0.501874,0.00503709,0.501899,,7.11327e-05,-2.87753e-06,0.011243,fluid
492,-0.392063,0.452465,,1000.01,5.65813e-06,19.0934,,0.502622,0.00419577,0.50264,,-6.3419e-05,5.29117e-05,0.00174695,fluid
493,-0.503656,0.32368,,1000.01,1.40493e-05,19.5468,,0.497682,0.00310469,0.497692,,3.49926e-06,-5.08095e-05,0.00169047,fluid
494,-0.574446,0.168673,,1000.01,2.27638e-05,21.0287,,0.499143,0.00180668,0.499146,,5.92029e-05,3.87434e-05,0.00311828,fluid
495,-0.598697,7.33193e-17,,1000.01,4.99463e-07,20.5511,,0.497036,-2.82667e-15,0.497036,,-9.07965e-05,1.80228e-12,-7.05127e-16,fluid
496,-0.574446,-0.168673,,1000.01,2.27638e-05,21.0287,,0.499143,-0.00180668,0.499146,,5.92029e-05,-3.87434e-05,-0.00311828,fluid
497,-0.503656,-0.32368,,1000.01,1.40493e-05,19.5468,,0.497682,-0.00310469,0.497692,,3.49926e-06,5.08095e-05,-0.00169047,fluid
498,-0.392063,-0.452465,,1000.01,5.65809e-06,19.0934,,0.502622,-0.00419577,0.50264,,-6.3419e-05,-5.29117e-05,-0.00174695,fluid
499,-0.248708,-0.544594,,1000.01,1.89213e-05,17.1177,,0.501874,-0.00503709,0.501899,,7.11327e-05,2.87753e-06,-0.011243,fluid
500,-0.0852035,-0.592603,,1000.01,1.31509e-05,15.7852,,0.505671,-0.00474916,0.505693,,-2.31682e-05,4.49408e-05,-0.000822262,fluid
501,0.0852035,-0.592603,,1000.01,5.71522e-06,13.2468,,0.508262,-0.00317561,0.508272,,-5.18786e-05,-4.07728e-05,-0.0138925,fluid
502,0.248708,-0.544594,,1000.01,6.51127e-05,13.6869,,0.513319,-0.00332232,0.51333,,8.64688e-05,1.51946e-05,0.00219422,fluid
503,0.392063,-0.452465,,1000,-1.80536e-05,7.42693,,0.509472,0.00167532,0.509475,,-0.000264565,-4.38967e-05,-0.0299522,fluid
504,0.503656,-0.32368,,1000.01,-4.57542e-06,13.6602,,0.527167,-0.000452183,0.527167,,-4.3259e-05,0.000202051,0.0824908,fluid
505,0.574446,-0.168673,,1000.01,1.86466e-05,10.1974,,0.490412,0.0209439,0.490859,,0.000149062,0.000125881,0.311425,fluid
506,0.640626,0,,999.996,4.45911e-05,-7.09322,,0.43422,-1.42455e-16,0.43422,,0.000151953,-1.25424e-13,6.18462e-15,fluid
507,0.614676,0.180485,,1000.01,-0.000110303,12.831,,0.492204,-0.0164507,0.492479,,-9.79565e-06,0.000294315,-0.270574,fluid
508,0.538929,0.346349,,1000.01,0.000160754,27.9046,,0.525767,0.00174031,0.52577,,-0.000320619,0.00041871,-0.0707176,fluid
509,0.419521,0.484153,,1000.01,7.56613e-05,14.025,,0.513224,-0.00500856,0.513248,,0.000119968,-0.00027757,0.0291964,fluid
510,0.266126,0.582734,,1000.01,-4.47381e-05,15.2498,,0.5111,0.00332011,0.51111,,-9.66834e-05,1.90331e-05,-0.00236652,fluid
511,0.0911706,0.634105,,1000.01,1.88794e-05,16.9522,,0.5083,0.00293441,0.508309,,0.000178675,2.45174e-05,0.0141239,fluid
512,-0.0911706,0.634105,,1000.01,7.47361e-06,16.8038,,0.50642,0.00421613,0.506437,,-2.0677e-05,-4.06777e-05,0.00146471,fluid
513,-0.266126,0.582734,,1000.01,3.59212e-05,17.0356,,0.501662,0.00447719,0.501682,,8.13237e-05,3.84477e-06,0.0101818,fluid
514,-0.419521,0.484153,,1000.01,8.33854e-07,19.0544,,0.502519,0.00369985,0.502532,,-4.03186e-05,4.4123e-05,0.00322968,fluid
515,-0.538929,0.346349,,1000.01,1.40517e-05,19.5183,,0.498139,0.00270585,0.498146,,-1.20595e-05,-5.20168e-05,0.0011658,fluid
516,-0.614676,0.180485,,1000.01,2.10251e-05,20.8388,,0.499195,0.00160064,0.499197,,4.76902e-05,3.75689e-05,0.00306982,fluid
517,-0.640626,7.84541e-17,,1000.01,5.47378e-06,20.4931,,0.497587,-2.21654e-15,0.497587,,-6.81539e-05,1.54849e-12,1.41281e-15,fluid
518,-0.614676,-0.180485,,1000.01,2.10251e-05,20.8388,,0.499195,-0.00160064,0.499197,,4.76902e-05,-3.75689e-05,-0.00306982,fluid
519,-0.538929,-0.346349,,1000.01,1.40517e-05,19.5183,,0.498139,-0.00270585,0.498146,,-1.20595e-05,5.20168e-05,-0.0011658,fluid
520,-0.419521,-0.484153,,1000.01,8.33821e-07,19.0544,,0.502519,-0.00369985,0.502532,,-4.03186e-05,-4.4123e-05,-0.00322968,fluid
521,-0.266126,-0.582734,,1000.01,3.59212e-05,17.0356,,0.501662,-0.00447719,0.501682,,8.13237e-05,-3.84477e-06,-0.0101818,fluid
522,-0.0911706,-0.634105,,1000.01,7.47371e-06,16.8038,,0.50642,-0.00421613,0.506437,,-2.0677e-05,4.06777e-05,-0.00146471,fluid
523,0.0911706,-0.634105,,1000.01,1.88795e-05,16.9522,,0.5083,-0.00293441,0.508309,,0.000178675,-2.45174e-05,-0.0141239,fluid
524,0.266126,-0.582734,,1000.01,-4.47382e-05,15.2498,,0.5111,-0.00332011,0.51111,,-9.66834e-05,-1.90331e-05,0.00236652,fluid
525,0.419521,-0.484153,,1000.01,7.56613e-05,14.025,,0.513224,0.00500856,0.513248,,0.000119968,0.00027757,-0.0291964,fluid
526,0.538929,-0.346349,,1000.01,0.000160754,27.9046,,0.525767,-0.00174031,0.52577,,-0.000320619,-0.00041871,0.0707176,fluid
527,0.614676,-0.180485,,1000.01,-0.000110303,12.831,,0.492204,0.0164507,0.492479,,-9.79565e-06,-0.000294315,0.270574,fluid
528,0.684678,0,,999.989,0.000299221,-21.4353,,0.439584,6.47695e-16,0.439584,,0.000175952,-1.68361e-13,4.38962e-15,fluid
529,0.656944,0.192896,,1000,6.56455e-05,9.31732,,0.492178,-0.0122292,0.49233,,-0.000146047,0.00066308,-0.237269,fluid
530,0.575988,0.370165,,1000.01,0.000150201,16.7522,,0.523055,0.00120873,0.523056,,-0.00039951,0.00080516,-0.0608811,fluid
531,0.448369,0.517445,,1000.01,0.000108875,16.9895,,0.515194,-0.00722731,0.515245,,0.000517477,-0.000484108,0.0294811,fluid
532,0.284426,0.622805,,1000.01,-6.34612e-05,15.2422,,0.510086,0.00238842,0.510092,,-0.000185551,-2.00337e-05,-0.00245441,fluid
533,0.0974399,0.677709,,1000.01,4.26642e-05,16.3174,,0.507132,0.0026313,0.507139,,4.78534e-05,6.28425e-05,0.0137572,fluid
534,-0.0974399,0.677709,,1000.01,-8.41562e-07,17.2888,,0.506632,0.0036168,0.506645,,-2.40495e-05,-4.16645e-05,0.00262466,fluid
535,-0.284426,0.622805,,1000.01,4.52675e-05,16.8106,,0.501499,0.00389631,0.501514,,4.4895e-05,-2.59199e-06,0.00912747,fluid
536,-0.448369,0.517445,,1000.01,2.62021e-06,18.8734,,0.502352,0.00323508,0.502362,,-2.49598e-05,3.34037e-05,0.00430548,fluid
537,-0.575988,0.370165,,1000.01,1.35893e-05,19.2348,,0.498564,0.00234069,0.498569,,-2.07118e-05,-4.98936e-05,0.00100694,fluid
538,-0.656944,0.192896,,1000.01,1.79235e-05,20.3968,,0.499271,0.00138473,0.499273,,3.629e-05,3.27208e-05,0.0029228,fluid
539,-0.684678,8.38489e-17,,1000.01,9.56752e-06,20.1781,,0.498066,-2.54878e-15,0.498066,,-4.94798e-05,1.28062e-12,2.33315e-15,fluid
540,-0.656944,-0.192896,,1000.01,1.79234e-05,20.3968,,0.499271,-0.00138473,0.499273,,3.629e-05,-3.27208e-05,-0.0029228,fluid
541,-0.575988,-0.370165,,1000.01,1.35893e-05,19.2348,,0.498564,-0.00234069,0.498569,,-2.07118e-05,4.98936e-05,-0.00100694,fluid
542,-0.448369,-0.517445,,1000.01,2.62022e-06,18.8734,,0.502352,-0.00323508,0.502362,,-2.49598e-05,-3.34037e-05,-0.00430548,fluid
543,-0.284426,-0.622805,,1000.01,4.52675e-05,16.8106,,0.501499,-0.00389631,0.501514,,4.4895e-05,2.59199e-06,-0.00912747,fluid
544,-0.0974399,-0.677709,,1000.01,-8.41517e-07,17.2888,,0.506632,-0.0036168,0.506645,,-2.40495e-05,4.16645e-05,-0.00262466,fluid
545,0.0974399,-0.677709,,1000.01,4.26642e-05,16.3174,,0.507132,-0.0026313,0.507139,,4.78534e-05,-6.28425e-05,-0.0137572,fluid
546,0.284426,-0.622805,,1000.01,-6.34612e-05,15.2422,,0.510086,-0.00238842,0.510092,,-0.000185551,2.00337e-05,0.00245441,fluid
547,0.448369,-0.517445,,1000.01,0.000108875,16.9895,,0.515194,0.00722731,0.515245,,0.000517477,0.000484108,-0.0294811,fluid
548,0.575988,-0.370165,,1000.01,0.000150201,16.7522,,0.523055,-0.00120873,0.523056,,-0.00039951,-0.00080516,0.0608811,fluid
549,0.656944,-0.192896,,1000,6.56455e-05,9.31732,,0.492178,0.0122292,0.49233,,-0.000146047,-0.00066308,0.237269,fluid
550,0.730961,0,,999.995,-0.000191957,-10.4702,,0.447112,5.24828e-16,0.447112,,-0.000168103,-1.64921e-13,1.56843e-15,fluid
551,0.701352,0.205936,,1000,0.000165516,5.35528,,0.494108,-0.0183038,0.494446,,-0.000162537,0.000184093,-0.205978,fluid
552,0.614924,0.395188,,999.998,1.68498e-05,-3.70986,,0.52086,-0.0016588,0.520862,,-0.000332428,0.000754993,-0.0507789,fluid
553,0.478678,0.552424,,1000.01,3.27204e-05,10.95,,0.509918,-0.00424343,0.509935,,0.000174591,-0.0001079,0.0261657,fluid
554,0.303652,0.664906,,1000.01,-5.7932e-06,12.6038,,0.510148,0.00100496,0.510149,,-0.000125703,-0.00010105,-0.00146523,fluid
555,0.104027,0.723521,,1000.01,4.58776e-05,11.7836,,0.505538,0.00218117,0.505543,,-0.000189436,0.00011521,0.012794,fluid
556,-0.104027,0.723521,,1000.01,-1.22792e-05,15.9534,,0.505772,0.00286989,0.50578,,-1.64752e-05,-2.86239e-05,0.00357708,fluid
557,-0.303652,0.664906,,1000.01,3.599e-05,16.4843,,0.501231,0.00326951,0.501242,,1.77538e-05,-9.34257e-06,0.00792995,fluid
558,-0.478678,0.552424,,1000.01,7.76431e-06,18.3375,,0.502154,0.00279698,0.502162,,-9.81746e-06,2.82239e-05,0.00502259,fluid
559,-0.614924,0.395188,,1000.01,1.2222e-05,18.7472,,0.498978,0.00205562,0.498982,,-1.30907e-05,-2.76374e-05,0.001076,fluid
560,-0.701352,0.205936,,1000.01,1.54701e-05,19.7412,,0.499373,0.00118195,0.499375,,2.53076e-05,1.97399e-05,0.00271438,fluid
561,-0.730961,8.95169e-17,,1000.01,1.01009e-05,19.6366,,0.498483,-3.53582e-15,0.498483,,-3.4238e-05,1.01063e-12,1.6127e-15,fluid
562,-0.701352,-0.205936,,1000.01,1.54701e-05,19.7412,,0.499373,-0.00118195,0.499375,,2.53076e-05,-1.97399e-05,-0.00271438,fluid
563,-0.614924,-0.395188,,1000.01,1.2222e-05,18.7472,,0.498978,-0.00205562,0.498982,,-1.30907e-05,2.76374e-05,-0.001076,fluid
564,-0.478678,-0.552424,,1000.01,7.76433e-06,18.3375,,0.502154,-0.00279698,0.502162,,-9.81746e-06,-2.82239e-05,-0.00502259,fluid
565,-0.303652,-0.664906,,1000.01,3.59899e-05,16.4843,,0.501231,-0.00326951,0.501242,,1.77538e-05,9.34257e-06,-0.00792995,fluid
566,-0.104027,-0.723521,,1000.01,-1.22791e-05,15.9534,,0.505772,-0.00286989,0.50578,,-1.64752e-05,2.86239e-05,-0.00357708,fluid
567,0.104027,-0.723521,,1000.01,4.58777e-05,11.7836,,0.505538,-0.00218117,0.505543,,-0.000189436,-0.00011521,-0.012794,fluid
568,0.303652,-0.664906,,1000.01,-5.79322e-06,12.6038,,0.510148,-0.00100496,0.510149,,-0.000125703,0.00010105,0.00146523,fluid
569,0.478678,-0.552424,,1000.01,3.27204e-05,10.95,,0.509918,0.00424343,0.509935,,0.000174591,0.0001079,-0.0261657,fluid
570,0.614924,-0.395188,,999.998,1.68497e-05,-3.70986,,0.52086,0.0016588,0.520862,,-0.000332428,-0.000754993,0.0507789,fluid
571,0.701352,-0.205936,,1000,0.000165516,5.35528,,0.494108,0.0183038,0.494446,,-0.000162537,-0.000184093,0.205978,fluid
572,0.779588,0,,1000.02,3.31966e-05,33.2405,,0.464779,1.20022e-16,0.464779,,0.000289635,-1.32145e-13,-8.37496e-16,fluid
573,0.748009,0.219635,,1000.01,-4.25525e-05,10.6236,,0.499448,-0.0238707,0.500019,,-0.000103253,-0.000569602,-0.175762,fluid
574,0.655831,0.421477,,999.997,-8.10984e-05,-6.22309,,0.519664,-0.00459295,0.519684,,-3.61774e-05,0.00020109,-0.0404434,fluid
575,0.510522,0.589173,,1000,-3.22329e-05,5.1699,,0.505952,-0.00199243,0.505956,,-0.000282421,0.000349562,0.0202928,fluid
576,0.323853,0.709138,,1000.01,5.14355e-05,11.4845,,0.510432,-2.05838e-05,0.510432,,-4.31669e-05,-0.000139269,0.000814947,fluid
577,0.110947,0.771653,,1000,3.12856e-05,9.73224,,0.504522,0.00170301,0.504525,,-0.00023167,0.000121437,0.0118998,fluid
578,-0.110947,0.771653,,1000.01,-8.49474e-06,14.6963,,0.505003,0.00225187,0.505008,,1.18517e-05,-1.39378e-06,0.00483547,fluid
579,-0.323853,0.709138,,1000.01,1.8003e-05,16.2183,,0.500956,0.00269826,0.500963,,1.57237e-05,-9.59925e-06,0.0068159,fluid
580,-0.510522,0.589173,,1000.01,1.20787e-05,17.7943,,0.50192,0.00241703,0.501925,,-1.65912e-06,2.20746e-05,0.00555508,fluid
581,-0.655831,0.421477,,1000.01,1.07249e-05,18.3526,,0.499285,0.00175738,0.499288,,-1.08999e-05,-1.77253e-05,0.00129901,fluid
582,-0.748009,0.219635,,1000.01,1.63447e-05,19.2049,,0.499461,0.00101762,0.499462,,1.6632e-05,1.76246e-05,0.00249439,fluid
583,-0.779588,9.5472e-17,,1000.01,8.82567e-06,19.1786,,0.498811,-3.86778e-15,0.498811,,-2.20376e-05,7.53762e-13,-2.98059e-16,fluid
584,-0.748009,-0.219635,,1000.01,1.63447e-05,19.2049,,0.499461,-0.00101762,0.499462,,1.6632e-05,-1.76246e-05,-0.00249439,fluid
585,-0.655831,-0.421477,,1000.01,1.07249e-05,18.3526,,0.499285,-0.00175738,0.499288,,-1.08999e-05,1.77253e-05,-0.00129901,fluid
586,-0.510522,-0.589173,,1000.01,1.20787e-05,17.7943,,0.50192,-0.00241703,0.501925,,-1.65912e-06,-2.20746e-05,-0.00555508,fluid
587,-0.323853,-0.709138,,1000.01,1.8003e-05,16.2183,,0.500956,-0.00269826,0.500963,,1.57237e-05,9.59925e-06,-0.0068159,fluid
588,-0.110947,-0.771653,,1000.01,-8.49475e-06,14.6963,,0.505003,-0.00225187,0.505008,,1.18517e-05,1.39378e-06,-0.00483547,fluid
589,0.110947,-0.771653,,1000,3.12856e-05,9.73224,,0.504522,-0.00170301,0.504525,,-0.00023167,-0.000121437,-0.0118998,fluid
590,0.323853,-0.709138,,1000.01,5.14354e-05,11.4845,,0.510432,2.05838e-05,0.510432,,-4.31669e-05,0.000139269,-0.000814947,fluid
591,0.510522,-0.589173,,1000,-3.2233e-05,5.1699,,0.505952,0.00199243,0.505956,,-0.000282421,-0.000349562,-0.0202928,fluid
592,0.655831,-0.421477,,999.997,-8.10984e-05,-6.22309,,0.519664,0.00459295,0.519684,,-3.61774e-05,-0.00020109,0.0404434,fluid
593,0.748009,-0.219635,,1000.01,-4.25525e-05,10.6236,,0.499448,0.0238707,0.500019,,-0.000103253,0.000569602,0.175762,fluid
594,0.830678,0,,1000.01,1.47066e-05,29.2249,,0.469414,1.54917e-16,0.469414,,0.000144828,-9.11733e-14,-2.52006e-15,fluid
595,0.797029,0.234029,,1000.01,2.38275e-05,15.1004,,0.502341,-0.0228153,0.502859,,6.09668e-05,-0.000532388,-0.149371,fluid
596,0.69881,0.449098,,1000.01,-7.13498e-05,19.0227,,0.51941,-0.00533753,0.519437,,0.000399492,-0.000606657,-0.0315386,fluid
597,0.543978,0.627784,,1000,1.38245e-05,8.78992,,0.506277,-0.0026469,0.506284,,-0.000603502,0.000672039,0.0156473,fluid
598,0.345076,0.755611,,1000.01,6.49188e-05,15.466,,0.510173,-0.000292792,0.510173,,5.59296e-05,-0.000141574,0.00347906,fluid
599,0.118218,0.822223,,1000.01,3.28717e-05,13.7854,,0.50443,0.00145347,0.504432,,-0.000142479,0.000101532,0.0115628,fluid
600,-0.118218,0.822223,,1000.01,3.27442e-05,15.436,,0.504843,0.00191918,0.504847,,3.09404e-07,2.69948e-05,0.00694994,fluid
601,-0.345076,0.755611,,1000.01,5.38888e-06,16.453,,0.500773,0.00222397,0.500777,,1.42691e-05,-1.11401e-05,0.00618452,fluid
602,-0.543978,0.627784,,1000.01,1.38676e-05,17.691,,0.501623,0.00208609,0.501627,,1.76116e-06,1.58096e-05,0.00602606,fluid
603,-0.69881,0.449098,,1000.01,1.02227e-05,18.4171,,0.49945,0.00142367,0.499452,,-1.56881e-05,-2.21929e-05,0.00163106,fluid
604,-0.797029,0.234029,,1000.01,1.81373e-05,19.1401,,0.499497,0.000860069,0.499497,,1.19832e-05,2.35642e-05,0.00229661,fluid
605,-0.830678,1.01729e-16,,1000.01,8.95331e-06,19.1659,,0.499035,-3.417e-15,0.499035,,-1.27611e-05,5.25588e-13,-2.48755e-15,fluid
606,-0.797029,-0.234029,,1000.01,1.81373e-05,19.1401,,0.499497,-0.000860069,0.499497,,1.19832e-05,-2.35642e-05,-0.00229661,fluid
607,-0.69881,-0.449098,,1000.01,1.02227e-05,18.4171,,0.49945,-0.00142367,0.499452,,-1.56881e-05,2.21929e-05,-0.00163106,fluid
608,-0.543978,-0.627784,,1000.01,1.38676e-05,17.691,,0.501623,-0.00208609,0.501627,,1.76116e-06,-1.58096e-05,-0.00602606,fluid
609,-0.345076,-0.755611,,1000.01,5.3889e-06,16.453,,0.500773,-0.00222397,0.500777,,1.42691e-05,1.11401e-05,-0.00618452,fluid
610,-0.118218,-0.822223,,1000.01,3.27442e-05,15.436,,0.504843,-0.00191918,0.504847,,3.09404e-07,-2.69948e-05,-0.00694994,fluid
611,0.118218,-0.822223,,1000.01,3.28717e-05,13.7854,,0.50443,-0.00145347,0.504432,,-0.000142479,-0.000101532,-0.0115628,fluid
612,0.345076,-0.755611,,1000.01,6.49187e-05,15.466,,0.510173,0.000292792,0.510173,,5.59296e-05,0.000141574,-0.00347906,fluid
613,0.543978,-0.627784,,1000,1.38244e-05,8.78992,,0.506277,0.0026469,0.506284,,-0.000603502,-0.000672039,-0.0156473,fluid
614,0.69881,-0.449098,,1000.01,-7.13498e-05,19.0227,,0.51941,0.00533753,0.519437,,0.000399492,0.000606657,0.0315386,fluid
615,0.797029,-0.234029,,1000.01,2.38275e-05,15.1004,,0.502341,0.0228153,0.502859,,6.09668e-05,0.000532388,0.149371,fluid
616,0.884354,0,,999.978,-4.84811e-06,-44.0342,,0.466261,4.76074e-16,0.466261,,0.000157411,-5.55847e-14,-3.53101e-15,fluid
617,0.848532,0.249151,,1000,1.67276e-05,5.44401,,0.501202,-0.0190333,0.501563,,-0.00014928,0.000144969,-0.127501,fluid
618,0.743966,0.478118,,1000.03,-4.11707e-05,49.9,,0.518301,-0.00292492,0.518309,,0.000307244,-0.000608241,-0.0257626,fluid
619,0.579129,0.66835,,1000.01,1.36085e-05,18.5588,,0.509629,-0.0053376,0.509656,,-0.00020316,0.000247475,0.0140744,fluid
620,0.367374,0.804437,,1000.01,9.78737e-06,21.1639,,0.508699,5.94528e-05,0.508699,,0.000194575,-0.000172147,0.00508657,fluid
621,0.125857,0.875353,,1000.01,-9.84101e-06,20.1187,,0.504438,0.00150731,0.50444,,4.44085e-05,2.10716e-05,0.0113759,fluid
622,-0.125857,0.875353,,1000.01,8.25567e-05,17.3772,,0.504776,0.00175537,0.504779,,-2.36865e-05,4.49628e-05,0.00953199,fluid
623,-0.367374,0.804437,,1000.01,5.04422e-06,16.9416,,0.50071,0.00180579,0.500713,,1.0895e-05,-1.151e-05,0.0060888,fluid
624,-0.579129,0.66835,,1000.01,1.37016e-05,17.9348,,0.50128,0.00177853,0.501283,,4.99004e-06,1.2307e-05,0.00636711,fluid
625,-0.743966,0.478118,,1000.01,1.23231e-05,18.7432,,0.499536,0.00109999,0.499538,,-1.78197e-05,-2.32369e-05,0.00199313,fluid
626,-0.848532,0.249151,,1000.01,1.76528e-05,19.3737,,0.499487,0.000664614,0.499488,,4.74552e-06,1.3112e-05,0.00210538,fluid
627,-0.884354,1.08302e-16,,1000.01,1.14196e-05,19.4388,,0.499187,-2.29682e-15,0.499187,,-6.34553e-06,3.39826e-13,-4.16228e-15,fluid
628,-0.848532,-0.249151,,1000.01,1.76528e-05,19.3737,,0.499487,-0.000664614,0.499488,,4.74552e-06,-1.3112e-05,-0.00210538,fluid
629,-0.743966,-0.478118,,1000.01,1.23231e-05,18.7432,,0.499536,-0.00109999,0.499538,,-1.78197e-05,2.32369e-05,-0.00199313,fluid
630,-0.579129,-0.66835,,1000.01,1.37016e-05,17.9348,,0.50128,-0.00177853,0.501283,,4.99004e-06,-1.2307e-05,-0.00636711,fluid
631,-0.367374,-0.804437,,1000.01,5.04421e-06,16.9416,,0.50071,-0.00180579,0.500713,,1.0895e-05,1.151e-05,-0.0060888,fluid
632,-0.125857,-0.875353,,1000.01,8.25567e-05,17.3772,,0.504776,-0.00175537,0.504779,,-2.36865e-05,-4.49628e-05,-0.00953199,fluid
633,0.125857,-0.875353,,1000.01,-9.84101e-06,20.1187,,0.504438,-0.00150731,0.50444,,4.44085e-05,-2.10716e-05,-0.0113759,fluid
634,0.367374,-0.804437,,1000.01,9.78738e-06,21.1639,,0.508699,-5.94528e-05,0.508699,,0.000194575,0.000172147,-0.00508657,fluid
635,0.579129,-0.66835,,1000.01,1.36085e-05,18.5588,,0.509629,0.0053376,0.509656,,-0.00020316,-0.000247475,-0.0140744,fluid
636,0.743966,-0.478118,,1000.03,-4.11707e-05,49.9,,0.518301,0.00292492,0.518309,,0.000307244,0.000608241,0.0257626,fluid
637,0.848532,-0.249151,,1000,1.67276e-05,5.44401,,0.501202,0.0190333,0.501563,,-0.00014928,-0.000144969,0.127501,fluid
638,0.940749,0,,999.953,9.83501e-05,-91.7792,,0.462121,6.35602e-16,0.462121,,0.000164017,-3.02064e-14,-3.87025e-15,fluid
639,0.902642,0.26504,,999.998,3.98921e-05,-4.53954,,0.500618,-0.0195599,0.501,,-0.000214988,0.000652889,-0.1068,fluid
640,0.791409,0.508607,,1000.02,4.41707e-05,34.5043,,0.514461,-0.00239014,0.514466,,-6.70335e-05,-7.7244e-06,-0.0225228,fluid
641,0.61606,0.710971,,1000.01,-1.81715e-06,19.5985,,0.510716,-0.00671258,0.510761,,0.000396539,-0.000301281,0.0133668,fluid
642,0.390801,0.855736,,1000.01,-3.81706e-07,18.5003,,0.506811,-0.000112936,0.506811,,7.38065e-05,-7.39195e-05,0.00499521,fluid
643,0.133883,0.931174,,1000.01,-1.84816e-05,18.6543,,0.503697,0.00128475,0.503698,,0.000186503,-2.14484e-05,0.0104434,fluid
644,-0.133883,0.931174,,1000.01,4.94918e-05,17.2044,,0.504426,0.00149419,0.504428,,-2.07108e-05,3.96109e-05,0.0115129,fluid
645,-0.390801,0.855736,,1000.01,2.02132e-05,16.4649,,0.500822,0.00138972,0.500824,,1.12958e-05,-5.56167e-06,0.00619661,fluid
646,-0.61606,0.710971,,1000.01,1.21525e-05,17.8314,,0.50098,0.00148329,0.500982,,1.25137e-05,1.44885e-05,0.00638821,fluid
647,-0.791409,0.508607,,1000.01,1.34785e-05,18.4079,,0.499724,0.000926037,0.499724,,-4.20022e-06,-3.00356e-06,0.00230551,fluid
648,-0.902642,0.26504,,1000.01,1.30504e-05,19.0901,,0.499538,0.000536485,0.499538,,5.45034e-07,5.00029e-06,0.00190872,fluid
649,-0.940749,1.15209e-16,,1000.01,1.44121e-05,19.1596,,0.499345,-2.01274e-15,0.499345,,-2.5182e-06,2.02868e-13,-5.23664e-15,fluid
650,-0.902642,-0.26504,,1000.01,1.30504e-05,19.0901,,0.499538,-0.000536485,0.499538,,5.45033e-07,-5.00029e-06,-0.00190872,fluid
651,-0.791409,-0.508607,,1000.01,1.34785e-05,18.4079,,0.499724,-0.000926037,0.499724,,-4.20022e-06,3.00356e-06,-0.00230551,fluid
652,-0.61606,-0.710971,,1000.01,1.21525e-05,17.8314,,0.50098,-0.00148329,0.500982,,1.25137e-05,-1.44885e-05,-0.00638821,fluid
653,-0.390801,-0.855736,,1000.01,2.02132e-05,16.4649,,0.500822,-0.00138972,0.500824,,1.12958e-05,5.56167e-06,-0.00619661,fluid
654,-0.133883,-0.931174,,1000.01,4.94918e-05,17.2044,,0.504426,-0.00149419,0.504428,,-2.07108e-05,-3.96109e-05,-0.0115129,fluid
655,0.133883,-0.931174,,1000.01,-1.84817e-05,18.6543,,0.503697,-0.00128475,0.503698,,0.000186503,2.14484e-05,-0.0104434,fluid
656,0.390801,-0.855736,,1000.01,-3.81725e-07,18.5003,,0.506811,0.000112936,0.506811,,7.38065e-05,7.39195e-05,-0.00499521,fluid
657,0.61606,-0.710971,,1000.01,-1.81712e-06,19.5985,,0.510716,0.00671258,0.510761,,0.000396539,0.000301281,-0.0133668,fluid
658,0.791409,-0.508607,,1000.02,4.41707e-05,34.5043,,0.514461,0.00239014,0.514466,,-6.70335e-05,7.7244e-06,0.0225228,fluid
659,0.902642,-0.26504,,999.998,3.98921e-05,-4.53954,,0.500618,0.0195599,0.501,,-0.000214988,-0.000652889,0.1068,fluid
660,1,0,,1000.06,1.00564e-05,125.755,,0.495889,-1.70881e-16,0.495889,,2.53946e-06,-1.41921e-14,-3.2873e-15,fluid
661,0.959493,0.281733,,1000.01,7.4323e-06,26.2467,,0.508078,-0.0289308,0.508901,,4.56661e-06,-1.32362e-05,-0.0837412,fluid
662,0.841254,0.540641,,999.967,0.000180222,-64.4888,,0.508862,-0.0084367,0.508932,,-2.41753e-05,2.07509e-05,-0.0195352,fluid
663,0.654861,0.75575,,1000,-5.31112e-05,-0.532833,,0.505067,-0.0034755,0.505079,,7.12958e-06,1.42161e-06,0.0100645,fluid
664,0.415415,0.909632,,1000,0.000108201,-0.739313,,0.504873,-0.00133253,0.504874,,-4.09031e-05,1.2097e-05,0.00352495,fluid
665,0.142315,0.989821,,1000,5.16564e-05,1.45108,,0.501566,0.000484072,0.501567,,7.70469e-05,-1.07921e-05,0.0082415,fluid
666,-0.142315,0.989821,,1000.01,-0.000136802,11.9132,,0.503612,0.000948919,0.503613,,-2.90262e-05,5.46738e-06,0.0118448,fluid
667,-0.415415,0.909632,,1000.01,4.77086e-05,14.1532,,0.501148,0.000979208,0.501149,,1.41903e-05,4.93004e-06,0.00604436,fluid
668,-0.654861,0.75575,,1000.01,9.8721e-06,16.6939,,0.500862,0.00123717,0.500864,,1.53506e-06,2.43594e-06,0.00591686,fluid
669,-0.841254,0.540641,,1000.01,1.12137e-05,16.6472,,0.500107,0.000940316,0.500108,,1.18157e-05,1.93001e-05,0.00245642,fluid
670,-0.959493,0.281733,,1000.01,5.71545e-06,17.5603,,0.499721,0.000512132,0.499722,,-1.06513e-06,-2.68568e-07,0.00168382,fluid
671,-1,1.22465e-16,,1000.01,1.56508e-05,17.5802,,0.499579,-2.28405e-15,0.499579,,-4.41431e-07,1.11742e-13,-5.63933e-15,fluid
672,-0.959493,-0.281733,,1000.01,5.71546e-06,17.5603,,0.499721,-0.000512132,0.499722,,-1.06513e-06,2.68568e-07,-0.00168382,fluid
673,-0.841254,-0.540641,,1000.01,1.12137e-05,16.6472,,0.500107,-0.000940316,0.500108,,1.18157e-05,-1.93001e-05,-0.00245642,fluid
674,-0.654861,-0.75575,,1000.01,9.87209e-06,16.6939,,0.500862,-0.00123717,0.500864,,1.53506e-06,-2.43594e-06,-0.00591686,fluid
675,-0.415415,-0.909632,,1000.01,4.77086e-05,14.1532,,0.501148,-0.000979208,0.501149,,1.41903e-05,-4.93004e-06,-0.00604436,fluid
676,-0.142315,-0.989821,,1000.01,-0.000136802,11.9132,,0.503612,-0.000948919,0.503613,,-2.90262e-05,-5.46738e-06,-0.0118448,fluid
677,0.142315,-0.989821,,1000,5.16564e-05,1.45108,,0.501566,-0.000484072,0.501567,,7.70469e-05,1.07921e-05,-0.0082415,fluid
678,0.415415,-0.909632,,1000,0.000108201,-0.739313,,0.504873,0.00133253,0.504874,,-4.09031e-05,-1.2097e-05,-0.00352495,fluid
679,0.654861,-0.75575,,1000,-5.31112e-05,-0.532833,,0.505067,0.0034755,0.505079,,7.12958e-06,-1.42161e-06,-0.0100645,fluid
680,0.841254,-0.540641,,999.967,0.000180222,-64.4888,,0.508862,0.0084367,0.508932,,-2.41753e-05,-2.07509e-05,0.0195352,fluid
681,0.959493,-0.281733,,1000.01,7.4323e-06,26.2467,,0.508078,0.0289308,0.508901,,4.56661e-06,1.32362e-05,0.0837412,fluid
682,1.06225,0,,999.986,0,-28.184,,0.499364,-1.70881e-16,0.499364,,0,0,0,buffer
683,1.01922,0.299271,,1000,0,4.2591,,0.508554,-0.028791,0.509368,,0,0,0,buffer
684,0.893623,0.574296,,1000.02,0,31.8451,,0.507032,-0.00961256,0.507123,,0,0,0,buffer
685,0.695627,0.802796,,1000.01,0,15.0449,,0.504836,-0.00374129,0.50485,,0,0,0,buffer
686,0.441275,0.966258,,1000.01,0,17.6149,,0.5047,-0.00170945,0.504703,,0,0,0,buffer
687,0.151174,1.05144,,1000.01,0,16.2744,,0.501519,0.00015283,0.501519,,0,0,0,buffer
688,-0.151174,1.05144,,1000.01,0,15.3733,,0.499951,0.000343532,0.499951,,0,0,0,buffer
689,-0.441275,0.966258,,1000.01,0,16.244,,0.499848,0.000333582,0.499848,,0,0,0,buffer
690,-0.695627,0.802796,,1000.01,0,16.5498,,0.499755,0.000282367,0.499755,,0,0,0,buffer
691,-0.893623,0.574296,,1000.01,0,17.5944,,0.499666,0.000214746,0.499666,,0,0,0,buffer
692,-1.01922,0.299271,,1000.01,0,17.8961,,0.499612,0.000113825,0.499612,,0,0,0,buffer
693,-1.06225,1.30088e-16,,1000.01,0,18.1133,,0.499591,5.00785e-20,0.499591,,0,0,0,buffer
694,-1.01922,-0.299271,,1000.01,0,17.8961,,0.499612,-0.000113825,0.499612,,0,0,0,buffer
695,-0.893623,-0.574296,,1000.01,0,17.5944,,0.499666,-0.000214746,0.499666,,0,0,0,buffer
696,-0.695627,-0.802796,,1000.01,0,16.5498,,0.499755,-0.000282367,0.499755,,0,0,0,buffer
697,-0.441275,-0.966258,,1000.01,0,16.244,,0.499848,-0.000333582,0.499848,,0,0,0,buffer
698,-0.151174,-1.05144,,1000.01,0,15.3733,,0.499951,-0.000343532,0.499951,,0,0,0,buffer
699,0.151174,-1.05144,,1000.01,0,16.2744,,0.501519,-0.00015283,0.501519,,0,0,0,buffer
700,0.441275,-0.966258,,1000.01,0,17.6149,,0.5047,0.00170945,0.504703,,0,0,0,buffer
701,0.695627,-0.802796,,1000.01,0,15.0449,,0.504836,0.00374129,0.50485,,0,0,0,buffer
702,0.893623,-0.574296,,1000.02,0,31.8451,,0.507032,0.00961256,0.507123,,0,0,0,buffer
703,1.01922,-0.299271,,1000,0,4.2591,,0.508554,0.028791,0.509368,,0,0,0,buffer
704,1.12766,0,,999.986,0,-28.184,,0.499364,-1.70881e-16,0.499364,,0,0,0,buffer
705,1.08198,0.317697,,1000,0,4.2591,,0.508554,-0.028791,0.509368,,0,0,0,buffer
706,0.948644,0.609656,,1000.02,0,31.8451,,0.507032,-0.00961256,0.507123,,0,0,0,buffer
707,0.738457,0.852225,,1000.01,0,15.0449,,0.504836,-0.00374129,0.50485,,0,0,0,buffer
708,0.468445,1.02575,,1000.01,0,17.6149,,0.5047,-0.00170945,0.504703,,0,0,0,buffer
709,0.160482,1.11618,,1000.01,0,16.2744,,0.501519,0.00015283,0.501519,,0,0,0,buffer
710,-0.160482,1.11618,,1000.01,0,15.3733,,0.499951,0.000343532,0.499951,,0,0,0,buffer
711,-0.468445,1.02575,,1000.01,0,16.244,,0.499848,0.000333582,0.499848,,0,0,0,buffer
712,-0.738457,0.852225,,1000.01,0,16.5498,,0.499755,0.000282367,0.499755,,0,0,0,buffer
713,-0.948644,0.609656,,1000.01,0,17.5944,,0.499666,0.000214746,0.499666,,0,0,0,buffer
714,-1.08198,0.317697,,1000.01,0,17.8961,,0.499612,0.000113825,0.499612,,0,0,0,buffer
715,-1.12766,1.38098e-16,,1000.01,0,18.1133,,0.499591,5.00785e-20,0.499591,,0,0,0,buffer
716,-1.08198,-0.317697,,1000.01,0,17.8961,,0.499612,-0.000113825,0.499612,,0,0,0,buffer
717,-0.948644,-0.609656,,1000.01,0,17.5944,,0.499666,-0.000214746,0.499666,,0,0,0,buffer
718,-0.738457,-0.852225,,1000.01,0,16.5498,,0.499755,-0.000282367,0.499755,,0,0,0,buffer
719,-0.468445,-1.02575,,1000.01,0,16.244,,0.499848,-0.000333582,0.499848,,0,0,0,buffer
720,-0.160482,-1.11618,,1000.01,0,15.3733,,0.499951,-0.000343532,0.499951,,0,0,0,buffer
721,0.160482,-1.11618,,1000.01,0,16.2744,,0.501519,-0.00015283,0.501519,,0,0,0,buffer
722,0.468445,-1.02575,,1000.01,0,17.6149,,0.5047,0.00170945,0.504703,,0,0,0,buffer
723,0.738457,-0.852225,,1000.01,0,15.0449,,0.504836,0.00374129,0.50485,,0,0,0,buffer
724,0.948644,-0.609656,,1000.02,0,31.8451,,0.507032,0.00961256,0.507123,,0,0,0,buffer
725,1.08198,-0.317697,,1000,0,4.2591,,0.508554,0.028791,0.509368,,0,0,0,buffer
726,1.19637,0,,999.986,0,-28.184,,0.499364,-1.70881e-16,0.499364,,0,0,0,buffer
727,1.14791,0.337057,,1000,0,4.2591,,0.508554,-0.028791,0.509368,,0,0,0,buffer
728,1.00645,0.646807,,1000.02,0,31.8451,,0.507032,-0.00961256,0.507123,,0,0,0,buffer
729,0.783456,0.904157,,1000.01,0,15.0449,,0.504836,-0.00374129,0.50485,,0,0,0,buffer
730,0.496991,1.08826,,1000.01,0,17.6149,,0.5047,-0.00170945,0.504703,,0,0,0,buffer
731,0.170261,1.18419,,1000.01,0,16.2744,,0.501519,0.00015283,0.501519,,0,0,0,buffer
732,-0.170261,1.18419,,1000.01,0,15.3733,,0.499951,0.000343532,0.499951,,0,0,0,buffer
733,-0.496991,1.08826,,1000.01,0,16.244,,0.499848,0.000333582,0.499848,,0,0,0,buffer
734,-0.783456,0.904157,,1000.01,0,16.5498,,0.499755,0.000282367,0.499755,,0,0,0,buffer
735,-1.00645,0.646807,,1000.01,0,17.5944,,0.499666,0.000214746,0.499666,,0,0,0,buffer
736,-1.14791,0.337057,,1000.01,0,17.8961,,0.499612,0.000113825,0.499612,,0,0,0,buffer
737,-1.19637,1.46513e-16,,1000.01,0,18.1133,,0.499591,5.00785e-20,0.499591,,0,0,0,buffer
738,-1.14791,-0.337057,,1000.01,0,17.8961,,0.499612,-0.000113825,0.499612,,0,0,0,buffer
739,-1.00645,-0.646807,,1000.01,0,17.5944,,0.499666,-0.000214746,0.499666,,0,0,0,buffer
740,-0.783456,-0.904157,,1000.01,0,16.5498,,0.499755,-0.000282367,0.499755,,0,0,0,buffer
741,-0.496991,-1.08826,,1000.01,0,16.244,,0.499848,-0.000333582,0.499848,,0,0,0,buffer
742,-0.170261,-1.18419,,1000.01,0,15.3733,,0.499951,-0.000343532,0.499951,,0,0,0,buffer
743,0.170261,-1.18419,,1000.01,0,16.2744,,0.501519,-0.00015283,0.501519,,0,0,0,buffer
744,0.496991,-1.08826,,1000.01,0,17.6149,,0.5047,0.00170945,0.504703,,0,0,0,buffer
745,0.783456,-0.904157,,1000.01,0,15.0449,,0.504836,0.00374129,0.50485,,0,0,0,buffer
746,1.00645,-0.646807,,1000.02,0,31.8451,,0.507032,0.00961256,0.507123,,0,0,0,buffer
747,1.14791,-0.337057,,1000,0,4.2591,,0.508554,0.028791,0.509368,,0,0,0,buffer
748,1.26857,0,,999.986,0,-28.184,,0.499364,-1.70881e-16,0.499364,,0,0,0,buffer
749,1.21718,0.357397,,1000,0,4.2591,,0.508554,-0.028791,0.509368,,0,0,0,buffer
750,1.06719,0.685839,,1000.02,0,31.8451,,0.507032,-0.00961256,0.507123,,0,0,0,buffer
751,0.830735,0.958719,,1000.01,0,15.0449,,0.504836,-0.00374129,0.50485,,0,0,0,buffer
752,0.526982,1.15393,,1000.01,0,17.6149,,0.5047,-0.00170945,0.504703,,0,0,0,buffer
753,0.180536,1.25565,,1000.01,0,16.2744,,0.501519,0.00015283,0.501519,,0,0,0,buffer
754,-0.180536,1.25565,,1000.01,0,15.3733,,0.499951,0.000343532,0.499951,,0,0,0,buffer
755,-0.526982,1.15393,,1000.01,0,16.244,,0.499848,0.000333582,0.499848,,0,0,0,buffer
756,-0.830735,0.958719,,1000.01,0,16.5498,,0.499755,0.000282367,0.499755,,0,0,0,buffer
757,-1.06719,0.685839,,1000.01,0,17.5944,,0.499666,0.000214746,0.499666,,0,0,0,buffer
758,-1.21718,0.357397,,1000.01,0,17.8961,,0.499612,0.000113825,0.499612,,0,0,0,buffer
759,-1.26857,1.55355e-16,,1000.01,0,18.1133,,0.499591,5.00785e-20,0.499591,,0,0,0,buffer
760,-1.21718,-0.357397,,1000.01,0,17.8961,,0.499612,-0.000113825,0.499612,,0,0,0,buffer
761,-1.06719,-0.685839,,1000.01,0,17.5944,,0.499666,-0.000214746,0.499666,,0,0,0,buffer
762,-0.830735,-0.958719,,1000.01,0,16.5498,,0.499755,-0.000282367,0.499755,,0,0,0,buffer
763,-0.526982,-1.15393,,1000.01,0,16.244,,0.499848,-0.000333582,0.499848,,0,0,0,buffer
764,-0.180536,-1.25565,,1000.01,0,15.3733,,0.499951,-0.000343532,0.499951,,0,0,0,buffer
765,0.180536,-1.25565,,1000.01,0,16.2744,,0.501519,-0.00015283,0.501519,,0,0,0,buffer
766,0.526982,-1.15393,,1000.01,0,17.6149,,0.5047,0.00170945,0.504703,,0,0,0,buffer
767,0.830735,-0.958719,,1000.01,0,15.0449,,0.504836,0.00374129,0.50485,,0,0,0,buffer
768,1.06719,-0.685839,,1000.02,0,31.8451,,0.507032,0.00961256,0.507123,,0,0,0,buffer
769,1.21718,-0.357397,,1000,0,4.2591,,0.508554,0.028791,0.509368,,0,0,0,buffer
770,1.34442,0,,999.986,0,-28.184,,0.499364,-1.70881e-16,0.499364,,0,0,0,buffer
771,1.28996,0.378767,,1000,0,4.2591,,0.508554,-0.028791,0.509368,,0,0,0,buffer
772,1.131,0.726848,,1000.02,0,31.8451,,0.507032,-0.00961256,0.507123,,0,0,0,buffer
773,0.880407,1.01604,,1000.01,0,15.0449,,0.504836,-0.00374129,0.50485,,0,0,0,buffer
774,0.558492,1.22293,,1000.01,0,17.6149,,0.5047,-0.00170945,0.504703,,0,0,0,buffer
775,0.191331,1.33073,,1000.01,0,16.2744,,0.501519,0.00015283,0.501519,,0,0,0,buffer
776,-0.191331,1.33073,,1000.01,0,15.3733,,0.499951,0.000343532,0.499951,,0,0,0,buffer
777,-0.558492,1.22293,,1000.01,0,16.244,,0.499848,0.000333582,0.499848,,0,0,0,buffer
778,-0.880407,1.01604,,1000.01,0,16.5498,,0.499755,0.000282367,0.499755,,0,0,0,buffer
779,-1.131,0.726848,,1000.01,0,17.5944,,0.499666,0.000214746,0.499666,,0,0,0,buffer
780,-1.28996,0.378767,,1000.01,0,17.8961,,0.499612,0.000113825,0.499612,,0,0,0,buffer
781,-1.34442,1.64644e-16,,1000.01,0,18.1133,,0.499591,5.00785e-20,0.499591,,0,0,0,buffer
782,-1.28996,-0.378767,,1000.01,0,17.8961,,0.499612,-0.000113825,0.499612,,0,0,0,buffer
783,-1.131,-0.726848,,1000.01,0,17.5944,,0.499666,-0.000214746,0.499666,,0,0,0,buffer
784,-0.880407,-1.01604,,1000.01,0,16.5498,,0.499755,-0.000282367,0.499755,,0,0,0,buffer
785,-0.558492,-1.22293,,1000.01,0,16.244,,0.499848,-0.000333582,0.499848,,0,0,0,buffer
786,-0.191331,-1.33073,,1000.01,0,15.3733,,0.499951,-0.000343532,0.499951,,0,0,0,buffer
787,0.191331,-1.33073,,1000.01,0,16.2744,,0.501519,-0.00015283,0.501519,,0,0,0,buffer
788,0.558492,-1.22293,,1000.01,0,17.6149,,0.5047,0.00170945,0.504703,,0,0,0,buffer
789,0.880407,-1.01604,,1000.01,0,15.0449,,0.504836,0.00374129,0.50485,,0,0,0,buffer
790,1.131,-0.726848,,1000.02,0,31.8451,,0.507032,0.00961256,0.507123,,0,0,0,buffer
791,1.28996,-0.378767,,1000,0,4.2591,,0.508554,0.028791,0.509368,,0,0,0,buffer
792,1.42411,0,,999.986,0,-28.184,,0.499364,-1.70881e-16,0.499364,,0,0,0,buffer
793,1.36643,0.401219,,1000,0,4.2591,,0.508554,-0.028791,0.509368,,0,0,0,buffer
794,1.19804,0.769933,,1000.02,0,31.8451,,0.507032,-0.00961256,0.507123,,0,0,0,buffer
795,0.932595,1.07627,,1000.01,0,15.0449,,0.504836,-0.00374129,0.50485,,0,0,0,buffer
796,0.591598,1.29542,,1000.01,0,17.6149,,0.5047,-0.00170945,0.504703,,0,0,0,buffer
797,0.202672,1.40962,,1000.01,0,16.2744,,0.501519,0.00015283,0.501519,,0,0,0,buffer
798,-0.202672,1.40962,,1000.01,0,15.3733,,0.499951,0.000343532,0.499951,,0,0,0,buffer
799,-0.591598,1.29542,,1000.01,0,16.244,,0.499848,0.000333582,0.499848,,0,0,0,buffer
800,-0.932595,1.07627,,1000.01,0,16.5498,,0.499755,0.000282367,0.499755,,0,0,0,buffer
801,-1.19804,0.769933,,1000.01,0,17.5944,,0.499666,0.000214746,0.499666,,0,0,0,buffer
802,-1.36643,0.401219,,1000.01,0,17.8961,,0.499612,0.000113825,0.499612,,0,0,0,buffer
803,-1.42411,1.74403e-16,,1000.01,0,18.1133,,0.499591,5.00785e-20,0.499591,,0,0,0,buffer
804,-1.36643,-0.401219,,1000.01,0,17.8961,,0.499612,-0.000113825,0.499612,,0,0,0,buffer
805,-1.19804,-0.769933,,1000.01,0,17.5944,,0.499666,-0.000214746,0.499666,,0,0,0,buffer
806,-0.932595,-1.07627,,1000.01,0,16.5498,,0.499755,-0.000282367,0.499755,,0,0,0,buffer
807,-0.591598,-1.29542,,1000.01,0,16.244,,0.499848,-0.000333582,0.499848,,0,0,0,buffer
808,-0.202672,-1.40962,,1000.01,0,15.3733,,0.499951,-0.000343532,0.499951,,0,0,0,buffer
809,0.202672,-1.40962,,1000.01,0,16.2744,,0.501519,-0.00015283,0.501519,,0,0,0,buffer
810,0.591598,-1.29542,,1000.01,0,17.6149,,0.5047,0.00170945,0.504703,,0,0,0,buffer
811,0.932595,-1.07627,,1000.01,0,15.0449,,0.504836,0.00374129,0.50485,,0,0,0,buffer
812,1.19804,-0.769933,,1000.02,0,31.8451,,0.507032,0.00961256,0.507123,,0,0,0,buffer
813,1.36643,-0.401219,,1000,0,4.2591,,0.508554,0.028791,0.509368,,0,0,0,buffer
814,1.50784,0,,999.986,0,-28.184,,0.499364,-1.70881e-16,0.499364,,0,0,0,buffer
815,1.44676,0.424808,,1000,0,4.2591,,0.508554,-0.028791,0.509368,,0,0,0,buffer
816,1.26848,0.8152,,1000.02,0,31.8451,,0.507032,-0.00961256,0.507123,,0,0,0,buffer
817,0.987426,1.13955,,1000.01,0,15.0449,,0.504836,-0.00374129,0.50485,,0,0,0,buffer
818,0.62638,1.37158,,1000.01,0,17.6149,,0.5047,-0.00170945,0.504703,,0,0,0,buffer
819,0.214588,1.49249,,1000.01,0,16.2744,,0.501519,0.00015283,0.501519,,0,0,0,buffer
820,-0.214588,1.49249,,1000.01,0,15.3733,,0.499951,0.000343532,0.499951,,0,0,0,buffer
821,-0.62638,1.37158,,1000.01,0,16.244,,0.499848,0.000333582,0.499848,,0,0,0,buffer
822,-0.987426,1.13955,,1000.01,0,16.5498,,0.499755,0.000282367,0.499755,,0,0,0,buffer
823,-1.26848,0.8152,,1000.01,0,17.5944,,0.499666,0.000214746,0.499666,,0,0,0,buffer
824,-1.44676,0.424808,,1000.01,0,17.8961,,0.499612,0.000113825,0.499612,,0,0,0,buffer
825,-1.50784,1.84657e-16,,1000.01,0,18.1133,,0.499591,5.00785e-20,0.499591,,0,0,0,buffer
826,-1.44676,-0.424808,,1000.01,0,17.8961,,0.499612,-0.000113825,0.499612,,0,0,0,buffer
827,-1.26848,-0.8152,,1000.01,0,17.5944,,0.499666,-0.000214746,0.499666,,0,0,0,buffer
828,-0.987426,-1.13955,,1000.01,0,16.5498,,0.499755,-0.000282367,0.499755,,0,0,0,buffer
829,-0.62638,-1.37158,,1000.01,0,16.244,,0.499848,-0.000333582,0.499848,,0,0,0,buffer
830,-0.214588,-1.49249,,1000.01,0,15.3733,,0.499951,-0.000343532,0.499951,,0,0,0,buffer
831,0.214588,-1.49249,,1000.01,0,16.2744,,0.501519,-0.00015283,0.501519,,0,0,0,buffer
832,0.62638,-1.37158,,1000.01,0,17.6149,,0.5047,0.00170945,0.504703,,0,0,0,buffer
833,0.987426,-1.13955,,1000.01,0,15.0449,,0.504836,0.00374129,0.50485,,0,0,0,buffer
834,1.26848,-0.8152,,1000.02,0,31.8451,,0.507032,0.00961256,0.507123,,0,0,0,buffer
835,1.44676,-0.424808,,1000,0,4.2591,,0.508554,0.028791,0.509368,,0,0,0,buffer
836,1.59581,0,,999.986,0,-28.184,,0.499364,-1.70881e-16,0.499364,,0,0,0,buffer
837,1.53117,0.449592,,1000,0,4.2591,,0.508554,-0.028791,0.509368,,0,0,0,buffer
838,1.34248,0.86276,,1000.02,0,31.8451,,0.507032,-0.00961256,0.507123,,0,0,0,buffer
839,1.04503,1.20603,,1000.01,0,15.0449,,0.504836,-0.00374129,0.50485,,0,0,0,buffer
840,0.662923,1.4516,,1000.01,0,17.6149,,0.5047,-0.00170945,0.504703,,0,0,0,buffer
841,0.227107,1.57957,,1000.01,0,16.2744,,0.501519,0.00015283,0.501519,,0,0,0,buffer
842,-0.227107,1.57957,,1000.01,0,15.3733,,0.499951,0.000343532,0.499951,,0,0,0,buffer
843,-0.662923,1.4516,,1000.01,0,16.244,,0.499848,0.000333582,0.499848,,0,0,0,buffer
844,-1.04503,1.20603,,1000.01,0,16.5498,,0.499755,0.000282367,0.499755,,0,0,0,buffer
845,-1.34248,0.86276,,1000.01,0,17.5944,,0.499666,0.000214746,0.499666,,0,0,0,buffer
846,-1.53117,0.449592,,1000.01,0,17.8961,,0.499612,0.000113825,0.499612,,0,0,0,buffer
847,-1.59581,1.9543e-16,,1000.01,0,18.1133,,0.499591,5.00785e-20,0.499591,,0,0,0,buffer
848,-1.53117,-0.449592,,1000.01,0,17.8961,,0.499612,-0.000113825,0.499612,,0,0,0,buffer
849,-1.34248,-0.86276,,1000.01,0,17.5944,,0.499666,-0.000214746,0.499666,,0,0,0,buffer
850,-1.04503,-1.20603,,1000.01,0,16.5498,,0.499755,-0.000282367,0.499755,,0,0,0,buffer
851,-0.662923,-1.4516,,1000.01,0,16.244,,0.499848,-0.000333582,0.499848,,0,0,0,buffer
852,-0.227107,-1.57957,,1000.01,0,15.3733,,0.499951,-0.000343532,0.499951,,0,0,0,buffer
853,0.227107,-1.57957,,1000.01,0,16.2744,,0.501519,-0.00015283,0.501519,,0,0,0,buffer
854,0.662923,-1.4516,,1000.01,0,17.6149,,0.5047,0.00170945,0.504703,,0,0,0,buffer
855,1.04503,-1.20603,,1000.01,0,15.0449,,0.504836,0.00374129,0.50485,,0,0,0,buffer
856,1.34248,-0.86276,,1000.02,0,31.8451,,0.507032,0.00961256,0.507123,,0,0,0,buffer
857,1.53117,-0.449592,,1000,0,4.2591,,0.508554,0.028791,0.509368,,0,0,0,buffer
