h/dp :,2
L2norm Pressure,KE,dp,Nparticles
83407.8,3.08182e+07,0.5,720

t,8.71
ID,x,y,,rho,drhodt,pressure,,u,v,,du_rdt,du_zdt,Type
0,0.25,-0.25,,1002.78,0,33026.6,,0,0,,0,0,boundary
1,0.75,-0.25,,1002.8,0,33233.6,,0,0,,0,0,boundary
2,1.25,-0.25,,1002.78,0,33032,,0,0,,0,0,boundary
3,1.75,-0.25,,1002.6,0,30858.3,,0,0,,0,0,boundary
4,2.25,-0.25,,1002.44,0,28920,,0,0,,0,0,boundary
5,2.75,-0.25,,1002.39,0,28347.9,,0,0,,0,0,boundary
6,3.25,-0.25,,1002.28,0,27080.1,,0,0,,0,0,boundary
7,3.75,-0.25,,1002.04,0,24154.2,,0,0,,0,0,boundary
8,4.25,-0.25,,1001.89,0,22325.2,,0,0,,0,0,boundary
9,4.75,-0.25,,1002.08,0,24629.6,,0,0,,0,0,boundary
10,5.25,-0.25,,1002.35,0,27818.2,,0,0,,0,0,boundary
11,5.75,-0.25,,1002.6,0,30788.8,,0,0,,0,0,boundary
12,6.25,-0.25,,1002.67,0,31686.4,,0,0,,0,0,boundary
13,6.75,-0.25,,1002.55,0,30237.7,,0,0,,0,0,boundary
14,7.25,-0.25,,1002.47,0,29304,,0,0,,0,0,boundary
15,7.75,-0.25,,1002.46,0,29138.5,,0,0,,0,0,boundary
16,8.25,-0.25,,1002.44,0,28936.2,,0,0,,0,0,boundary
17,8.75,-0.25,,1002.33,0,27623.8,,0,0,,0,0,boundary
18,9.25,-0.25,,1002.37,0,28153.1,,0,0,,0,0,boundary
19,9.75,-0.25,,1002.49,0,29485.4,,0,0,,0,0,boundary
20,10.25,-0.25,,1002.12,0,25105.8,,0,0,,0,0,boundary
21,10.75,-0.25,,1001.9,0,22516.6,,0,0,,0,0,boundary
22,11.25,-0.25,,1002.66,0,31614.5,,0,0,,0,0,boundary
23,11.75,-0.25,,1003.51,0,41782.5,,0,0,,0,0,boundary
24,12.25,-0.25,,1003.54,0,42113.7,,0,0,,0,0,boundary
25,12.75,-0.25,,1003.45,0,41029.9,,0,0,,0,0,boundary
26,13.25,-0.25,,1003.6,0,42813.7,,0,0,,0,0,boundary
27,13.75,-0.25,,1003.29,0,39061.1,,0,0,,0,0,boundary
28,14.25,-0.25,,1002.78,0,32950,,0,0,,0,0,boundary
29,14.75,-0.25,,1002.38,0,28235.8,,0,0,,0,0,boundary
30,15.25,-0.25,,1002.24,0,26511.9,,0,0,,0,0,boundary
31,15.75,-0.25,,1002.22,0,26323.1,,0,0,,0,0,boundary
32,16.25,-0.25,,1002.23,0,26416.4,,0,0,,0,0,boundary
33,16.75,-0.25,,1002.24,0,26543.9,,0,0,,0,0,boundary
34,17.25,-0.25,,1002.34,0,27762.6,,0,0,,0,0,boundary
35,17.75,-0.25,,1002.51,0,29774.1,,0,0,,0,0,boundary
36,18.25,-0.25,,1002.72,0,32251.7,,0,0,,0,0,boundary
37,18.75,-0.25,,1002.99,0,35523.4,,0,0,,0,0,boundary
38,19.25,-0.25,,1003.28,0,38986.9,,0,0,,0,0,boundary
39,19.75,-0.25,,1003.5,0,41650.6,,0,0,,0,0,boundary
40,20.25,-0.25,,1003.61,0,42988.8,,0,0,,0,0,boundary
41,20.75,-0.25,,1003.61,0,43014.3,,0,0,,0,0,boundary
42,21.25,-0.25,,1003.55,0,42222.9,,0,0,,0,0,boundary
43,21.75,-0.25,,1003.44,0,40866.9,,0,0,,0,0,boundary
44,22.25,-0.25,,1003.22,0,38218,,0,0,,0,0,boundary
45,22.75,-0.25,,1002.88,0,34171.1,,0,0,,0,0,boundary
46,23.25,-0.25,,1002.62,0,31047.8,,0,0,,0,0,boundary
47,23.75,-0.25,,1002.38,0,28264.5,,0,0,,0,0,boundary
48,24.25,-0.25,,1002.11,0,25034.1,,0,0,,0,0,boundary
49,24.75,-0.25,,1002.16,0,25580.9,,0,0,,0,0,boundary
50,0.25,-0.75,,1003.45,0,41047.8,,0,0,,0,0,boundary
51,0.75,-0.75,,1003.53,0,42020.4,,0,0,,0,0,boundary
52,1.25,-0.75,,1003.59,0,42776.7,,0,0,,0,0,boundary
53,1.75,-0.75,,1003.42,0,40650.5,,0,0,,0,0,boundary
54,2.25,-0.75,,1003.12,0,37124.3,,0,0,,0,0,boundary
55,2.75,-0.75,,1003.01,0,35707.8,,0,0,,0,0,boundary
56,3.25,-0.75,,1003.01,0,35702.3,,0,0,,0,0,boundary
57,3.75,-0.75,,1002.98,0,35423.4,,0,0,,0,0,boundary
58,4.25,-0.75,,1002.95,0,35013.9,,0,0,,0,0,boundary
59,4.75,-0.75,,1003.18,0,37827.9,,0,0,,0,0,boundary
60,5.25,-0.75,,1003.38,0,40190.2,,0,0,,0,0,boundary
61,5.75,-0.75,,1003.3,0,39184.2,,0,0,,0,0,boundary
62,6.25,-0.75,,1002.81,0,33385.3,,0,0,,0,0,boundary
63,6.75,-0.75,,1002.35,0,27845.6,,0,0,,0,0,boundary
64,7.25,-0.75,,1002.15,0,25445.3,,0,0,,0,0,boundary
65,7.75,-0.75,,1002.19,0,25967.2,,0,0,,0,0,boundary
66,8.25,-0.75,,1002.35,0,27818.3,,0,0,,0,0,boundary
67,8.75,-0.75,,1002.58,0,30553.9,,0,0,,0,0,boundary
68,9.25,-0.75,,1002.98,0,35341.9,,0,0,,0,0,boundary
69,9.75,-0.75,,1003.43,0,40827.3,,0,0,,0,0,boundary
70,10.25,-0.75,,1003.79,0,45172,,0,0,,0,0,boundary
71,10.75,-0.75,,1004.26,0,50766.1,,0,0,,0,0,boundary
72,11.25,-0.75,,1004.94,0,58985.8,,0,0,,0,0,boundary
73,11.75,-0.75,,1005.12,0,61170.3,,0,0,,0,0,boundary
74,12.25,-0.75,,1004.95,0,59112.7,,0,0,,0,0,boundary
75,12.75,-0.75,,1005.01,0,59903.5,,0,0,,0,0,boundary
76,13.25,-0.75,,1004.97,0,59327.8,,0,0,,0,0,boundary
77,13.75,-0.75,,1004.55,0,54309.6,,0,0,,0,0,boundary
78,14.25,-0.75,,1003.96,0,47224.4,,0,0,,0,0,boundary
79,14.75,-0.75,,1003.48,0,41452.7,,0,0,,0,0,boundary
80,15.25,-0.75,,1003.1,0,36890.2,,0,0,,0,0,boundary
81,15.75,-0.75,,1002.76,0,32741,,0,0,,0,0,boundary
82,16.25,-0.75,,1002.59,0,30760.4,,0,0,,0,0,boundary
83,16.75,-0.75,,1002.64,0,31278.8,,0,0,,0,0,boundary
84,17.25,-0.75,,1002.77,0,32857.4,,0,0,,0,0,boundary
85,17.75,-0.75,,1002.96,0,35194.8,,0,0,,0,0,boundary
86,18.25,-0.75,,1003.19,0,37909.6,,0,0,,0,0,boundary
87,18.75,-0.75,,1003.45,0,41048.9,,0,0,,0,0,boundary
88,19.25,-0.75,,1003.7,0,44011,,0,0,,0,0,boundary
89,19.75,-0.75,,1003.9,0,46488.2,,0,0,,0,0,boundary
90,20.25,-0.75,,1004.03,0,48074,,0,0,,0,0,boundary
91,20.75,-0.75,,1004.09,0,48734.1,,0,0,,0,0,boundary
92,21.25,-0.75,,1004.04,0,48109.8,,0,0,,0,0,boundary
93,21.75,-0.75,,1003.91,0,46615.8,,0,0,,0,0,boundary
94,22.25,-0.75,,1003.73,0,44349.7,,0,0,,0,0,boundary
95,22.75,-0.75,,1003.46,0,41155.5,,0,0,,0,0,boundary
96,23.25,-0.75,,1003.27,0,38880.1,,0,0,,0,0,boundary
97,23.75,-0.75,,1003.25,0,38618.6,,0,0,,0,0,boundary
98,24.25,-0.75,,1003.2,0,37980.3,,0,0,,0,0,boundary
99,24.75,-0.75,,1003.03,0,35999.5,,0,0,,0,0,boundary
100,0.25,-1.25,,1003.82,0,45513.6,,0,0,,0,0,boundary
101,0.75,-1.25,,1004.12,0,49108,,0,0,,0,0,boundary
102,1.25,-1.25,,1004.98,0,59498.3,,0,0,,0,0,boundary
103,1.75,-1.25,,1006.02,0,72207,,0,0,,0,0,boundary
104,2.25,-1.25,,1005.96,0,71456.6,,0,0,,0,0,boundary
105,2.75,-1.25,,1005.04,0,60239.1,,0,0,,0,0,boundary
106,3.25,-1.25,,1004.22,0,50264.1,,0,0,,0,0,boundary
107,3.75,-1.25,,1003.66,0,43605.2,,0,0,,0,0,boundary
108,4.25,-1.25,,1004.1,0,48858.6,,0,0,,0,0,boundary
109,4.75,-1.25,,1004.73,0,56528.2,,0,0,,0,0,boundary
110,5.25,-1.25,,1004.98,0,59489.4,,0,0,,0,0,boundary
111,5.75,-1.25,,1004.41,0,52636.8,,0,0,,0,0,boundary
112,6.25,-1.25,,1003.46,0,41144.6,,0,0,,0,0,boundary
113,6.75,-1.25,,1002.72,0,32274.9,,0,0,,0,0,boundary
114,7.25,-1.25,,1002.47,0,29333.9,,0,0,,0,0,boundary
115,7.75,-1.25,,1002.28,0,27024.1,,0,0,,0,0,boundary
116,8.25,-1.25,,1001.71,0,20205.3,,0,0,,0,0,boundary
117,8.75,-1.25,,1001.76,0,20779.1,,0,0,,0,0,boundary
118,9.25,-1.25,,1002.55,0,30304.1,,0,0,,0,0,boundary
119,9.75,-1.25,,1003.43,0,40801.3,,0,0,,0,0,boundary
120,10.25,-1.25,,1003.99,0,47583.8,,0,0,,0,0,boundary
121,10.75,-1.25,,1004.78,0,57029.7,,0,0,,0,0,boundary
122,11.25,-1.25,,1005.38,0,64317.1,,0,0,,0,0,boundary
123,11.75,-1.25,,1005.67,0,67926.4,,0,0,,0,0,boundary
124,12.25,-1.25,,1005.99,0,71815.6,,0,0,,0,0,boundary
125,12.75,-1.25,,1006.08,0,72857.9,,0,0,,0,0,boundary
126,13.25,-1.25,,1005.95,0,71326.1,,0,0,,0,0,boundary
127,13.75,-1.25,,1005.33,0,63798.5,,0,0,,0,0,boundary
128,14.25,-1.25,,1004.66,0,55634.7,,0,0,,0,0,boundary
129,14.75,-1.25,,1004.17,0,49723.9,,0,0,,0,0,boundary
130,15.25,-1.25,,1003.83,0,45599,,0,0,,0,0,boundary
131,15.75,-1.25,,1003.64,0,43284.9,,0,0,,0,0,boundary
132,16.25,-1.25,,1003.6,0,42855,,0,0,,0,0,boundary
133,16.75,-1.25,,1003.51,0,41729.5,,0,0,,0,0,boundary
134,17.25,-1.25,,1003.35,0,39827.9,,0,0,,0,0,boundary
135,17.75,-1.25,,1003.34,0,39711.6,,0,0,,0,0,boundary
136,18.25,-1.25,,1003.47,0,41294.7,,0,0,,0,0,boundary
137,18.75,-1.25,,1003.57,0,42458.8,,0,0,,0,0,boundary
138,19.25,-1.25,,1003.64,0,43274.9,,0,0,,0,0,boundary
139,19.75,-1.25,,1003.88,0,46206.1,,0,0,,0,0,boundary
140,20.25,-1.25,,1004.31,0,51343,,0,0,,0,0,boundary
141,20.75,-1.25,,1004.63,0,55230.8,,0,0,,0,0,boundary
142,21.25,-1.25,,1004.6,0,54951.3,,0,0,,0,0,boundary
143,21.75,-1.25,,1004.37,0,52077.2,,0,0,,0,0,boundary
144,22.25,-1.25,,1004.08,0,48662,,0,0,,0,0,boundary
145,22.75,-1.25,,1003.75,0,44601.3,,0,0,,0,0,boundary
146,23.25,-1.25,,1003.47,0,41289.3,,0,0,,0,0,boundary
147,23.75,-1.25,,1003.46,0,41164.5,,0,0,,0,0,boundary
148,24.25,-1.25,,1003.57,0,42528.9,,0,0,,0,0,boundary
149,24.75,-1.25,,1003.51,0,41768.5,,0,0,,0,0,boundary
150,25.25,-1.25,,1000,0,0,,0,0,,0,0,boundary
151,25.25,-0.75,,1000.49,0,5784.53,,0,0,,0,0,boundary
152,25.25,-0.25,,1001.79,0,21161.3,,0,0,,0,0,boundary
153,25.25,0.25,,1002.11,0,24956.7,,0,0,,0,0,boundary
154,25.25,0.75,,1001.78,0,21117.5,,0,0,,0,0,boundary
155,25.25,1.25,,1001.46,0,17227.9,,0,0,,0,0,boundary
156,25.25,1.75,,1001.13,0,13385.8,,0,0,,0,0,boundary
157,25.25,2.25,,1000.83,0,9807.6,,0,0,,0,0,boundary
158,25.25,2.75,,1000.8,0,9428.87,,0,0,,0,0,boundary
159,25.25,3.25,,1000.74,0,8692.5,,0,0,,0,0,boundary
160,25.25,3.75,,1000.67,0,7959.54,,0,0,,0,0,boundary
161,25.25,4.25,,1000.61,0,7221.36,,0,0,,0,0,boundary
162,25.25,4.75,,1000,0,0,,0,0,,0,0,boundary
163,25.25,5.25,,1000,0,0,,0,0,,0,0,boundary
164,25.25,5.75,,1000,0,0,,0,0,,0,0,boundary
165,25.25,6.25,,1000,0,0,,0,0,,0,0,boundary
166,25.25,6.75,,1000,0,0,,0,0,,0,0,boundary
167,25.25,7.25,,1000,0,0,,0,0,,0,0,boundary
168,25.25,7.75,,1000,0,0,,0,0,,0,0,boundary
169,25.25,8.25,,1000,0,0,,0,0,,0,0,boundary
170,25.25,8.75,,1000,0,0,,0,0,,0,0,boundary
171,25.25,9.25,,1000,0,0,,0,0,,0,0,boundary
172,25.25,9.75,,1000,0,0,,0,0,,0,0,boundary
173,25.25,10.25,,1000,0,0,,0,0,,0,0,boundary
174,25.25,10.75,,1000,0,0,,0,0,,0,0,boundary
175,25.25,11.25,,1000,0,0,,0,0,,0,0,boundary
176,25.25,11.75,,1000,0,0,,0,0,,0,0,boundary
177,25.25,12.25,,1000,0,0,,0,0,,0,0,boundary
178,25.25,12.75,,1000,0,0,,0,0,,0,0,boundary
179,25.25,13.25,,1000,0,0,,0,0,,0,0,boundary
180,25.25,13.75,,1000,0,0,,0,0,,0,0,boundary
181,25.25,14.25,,1000,0,0,,0,0,,0,0,boundary
182,25.25,14.75,,1000,0,0,,0,0,,0,0,boundary
183,25.75,-1.25,,1000,0,0,,0,0,,0,0,boundary
184,25.75,-0.75,,1000.78,0,9234.94,,0,0,,0,0,boundary
185,25.75,-0.25,,1001.79,0,21186.8,,0,0,,0,0,boundary
186,25.75,0.25,,1001.88,0,22267.9,,0,0,,0,0,boundary
187,25.75,0.75,,1001.87,0,22081.8,,0,0,,0,0,boundary
188,25.75,1.25,,1001.48,0,17520,,0,0,,0,0,boundary
189,25.75,1.75,,1001.05,0,12424,,0,0,,0,0,boundary
190,25.75,2.25,,1000.72,0,8545.48,,0,0,,0,0,boundary
191,25.75,2.75,,1000.37,0,4339.03,,0,0,,0,0,boundary
192,25.75,3.25,,1000.69,0,8188.94,,0,0,,0,0,boundary
193,25.75,3.75,,1000.61,0,7208.17,,0,0,,0,0,boundary
194,25.75,4.25,,1000.53,0,6242.18,,0,0,,0,0,boundary
195,25.75,4.75,,1000,0,0,,0,0,,0,0,boundary
196,25.75,5.25,,1000,0,0,,0,0,,0,0,boundary
197,25.75,5.75,,1000,0,0,,0,0,,0,0,boundary
198,25.75,6.25,,1000,0,0,,0,0,,0,0,boundary
199,25.75,6.75,,1000,0,0,,0,0,,0,0,boundary
200,25.75,7.25,,1000,0,0,,0,0,,0,0,boundary
201,25.75,7.75,,1000,0,0,,0,0,,0,0,boundary
202,25.75,8.25,,1000,0,0,,0,0,,0,0,boundary
203,25.75,8.75,,1000,0,0,,0,0,,0,0,boundary
204,25.75,9.25,,1000,0,0,,0,0,,0,0,boundary
205,25.75,9.75,,1000,0,0,,0,0,,0,0,boundary
206,25.75,10.25,,1000,0,0,,0,0,,0,0,boundary
207,25.75,10.75,,1000,0,0,,0,0,,0,0,boundary
208,25.75,11.25,,1000,0,0,,0,0,,0,0,boundary
209,25.75,11.75,,1000,0,0,,0,0,,0,0,boundary
210,25.75,12.25,,1000,0,0,,0,0,,0,0,boundary
211,25.75,12.75,,1000,0,0,,0,0,,0,0,boundary
212,25.75,13.25,,1000,0,0,,0,0,,0,0,boundary
213,25.75,13.75,,1000,0,0,,0,0,,0,0,boundary
214,25.75,14.25,,1000,0,0,,0,0,,0,0,boundary
215,25.75,14.75,,1000,0,0,,0,0,,0,0,boundary
216,26.25,-1.25,,1000,0,0,,0,0,,0,0,boundary
217,26.25,-0.75,,1000.91,0,10785.7,,0,0,,0,0,boundary
218,26.25,-0.25,,1000.5,0,5893.09,,0,0,,0,0,boundary
219,26.25,0.25,,1001.86,0,22072.5,,0,0,,0,0,boundary
220,26.25,0.75,,1001.8,0,21284.6,,0,0,,0,0,boundary
221,26.25,1.25,,1001.21,0,14344.9,,0,0,,0,0,boundary
222,26.25,1.75,,1000.82,0,9619.01,,0,0,,0,0,boundary
223,26.25,2.25,,1000.6,0,7017.25,,0,0,,0,0,boundary
224,26.25,2.75,,1000.22,0,2650.17,,0,0,,0,0,boundary
225,26.25,3.25,,1000.65,0,7678.92,,0,0,,0,0,boundary
226,26.25,3.75,,1000.53,0,6297.93,,0,0,,0,0,boundary
227,26.25,4.25,,1000.44,0,5129.67,,0,0,,0,0,boundary
228,26.25,4.75,,1000,0,0,,0,0,,0,0,boundary
229,26.25,5.25,,1000,0,0,,0,0,,0,0,boundary
230,26.25,5.75,,1000,0,0,,0,0,,0,0,boundary
231,26.25,6.25,,1000,0,0,,0,0,,0,0,boundary
232,26.25,6.75,,1000,0,0,,0,0,,0,0,boundary
233,26.25,7.25,,1000,0,0,,0,0,,0,0,boundary
234,26.25,7.75,,1000,0,0,,0,0,,0,0,boundary
235,26.25,8.25,,1000,0,0,,0,0,,0,0,boundary
236,26.25,8.75,,1000,0,0,,0,0,,0,0,boundary
237,26.25,9.25,,1000,0,0,,0,0,,0,0,boundary
238,26.25,9.75,,1000,0,0,,0,0,,0,0,boundary
239,26.25,10.25,,1000,0,0,,0,0,,0,0,boundary
240,26.25,10.75,,1000,0,0,,0,0,,0,0,boundary
241,26.25,11.25,,1000,0,0,,0,0,,0,0,boundary
242,26.25,11.75,,1000,0,0,,0,0,,0,0,boundary
243,26.25,12.25,,1000,0,0,,0,0,,0,0,boundary
244,26.25,12.75,,1000,0,0,,0,0,,0,0,boundary
245,26.25,13.25,,1000,0,0,,0,0,,0,0,boundary
246,26.25,13.75,,1000,0,0,,0,0,,0,0,boundary
247,26.25,14.25,,1000,0,0,,0,0,,0,0,boundary
248,26.25,14.75,,1000,0,0,,0,0,,0,0,boundary
249,0.326922,0.607846,,1001.75,-133.891,20695.1,,-0.131894,-0.345943,,-61.4822,6.66981,fluid
250,0.358816,1.13255,,1001,-493.699,11826.6,,-0.27873,-0.0305847,,-39.5753,12.0114,fluid
251,0.25,-86.3276,,999.999,-2.31996,-7.81309,,-0.000781043,-43.0189,,0.0246186,-0.0191609,fluid
252,0.261202,-89.72,,999.999,-91.0162,-8.4948,,-0.0237636,-43.4323,,0.0316139,0.00505526,fluid
253,0.294921,-124.743,,1000.06,-1.74031,704.266,,-0.00516295,-53.6407,,-0.0279935,-0.0180353,fluid
254,0.380662,-107.259,,1000.01,33.1487,82.7433,,0.00789575,-47.5909,,-0.232109,-0.102907,fluid
255,0.381089,-102.507,,999.999,-62.3139,-7.57686,,-0.0236472,-46.7593,,0.0123725,-0.00327657,fluid
256,0.335952,-128.072,,1003.63,-19.3383,43171.4,,0.0942098,-54.7568,,0,0,fluid
257,0.293644,-100.811,,1000,2.19697,53.9349,,-0.0108495,-46.6052,,0.00962805,0.000150771,fluid
258,0.361151,-87.1844,,999.965,0.0248282,-406.413,,0.0456162,-43.0275,,-0.0338826,0.0754105,fluid
259,0.759613,1.0491,,1001.32,-528.491,15632.3,,-0.482043,0.681356,,-21.6443,11.9614,fluid
260,0.569347,0.615372,,1001.81,-170.267,21429.5,,-0.181062,0.0214056,,-36.963,5.43395,fluid
261,0.605986,1.45822,,1000.67,-833.317,7919.9,,-0.547988,1.32746,,-13.8262,15.2247,fluid
262,0.509831,0.5513,,1001.85,-129.343,21852.3,,-0.141359,-0.108438,,-41.5939,5.30652,fluid
263,0.465212,2.01019,,1000.19,-779.745,2227.29,,-0.389088,2.2452,,-3.38417,7.94101,fluid
264,0.465048,1.61988,,1000.58,-790.237,6809.61,,-0.395081,1.14186,,-14.1041,14.2769,fluid
265,0.399647,2.1584,,1000.17,-693.759,1954.71,,-0.296699,2.65454,,-2.88775,5.8973,fluid
266,0.446432,2.07712,,1000.17,-702.705,1960.9,,-0.336598,2.22148,,-2.80648,7.00355,fluid
267,0.595521,1.24357,,1001.04,-624.219,12260.1,,-0.429401,-0.266605,,-21.3682,14.5642,fluid
268,0.655096,-0.083205,,1002.46,267.454,29139.9,,0.0604733,-1.18773,,-44.4651,26.3026,fluid
269,0.614803,1.49143,,1000.63,-737.237,7406.22,,-0.496851,0.595533,,-12.6553,15.6482,fluid
270,0.326998,3.22424,,1000.05,329.745,642.963,,0.129497,1.8732,,3.96753,2.58222,fluid
271,0.383315,2.92975,,1000.06,-277.795,761.223,,-0.0162589,3.10231,,3.42096,0.720255,fluid
272,0.358175,2.97996,,1000.07,-251.427,832.838,,-0.0755835,3.1584,,3.48056,0.475168,fluid
273,0.525919,-89.2647,,999.999,-56.8574,-10.83,,-0.0299026,-43.0351,,0.0121019,-0.00216652,fluid
274,0.535327,16.0137,,999.805,3.06899,-2293.05,,-0.0145102,-11.9916,,0.00616755,0,fluid
275,0.520938,-102.892,,999.999,-26.6364,-6.68164,,-0.0138826,-47.0401,,0.00617975,0.00111567,fluid
276,0.595207,-107.179,,999.992,16.5162,-98.5736,,0.0102545,-48.2243,,0.0841291,0.0327995,fluid
277,2.05292,-0.127825,,1003.11,149.835,37012.5,,-0.110848,0.0105957,,-24.1331,14.7524,fluid
278,2.41809,0.103434,,1002.51,324.744,29824,,0.404146,-0.0250236,,-17.0512,9.47339,fluid
279,0.83326,-92.3672,,1000,13.8716,10.877,,0.0115639,-43.9565,,-0.00470427,-0.0299,fluid
280,1.01749,-91.1963,,1000,12.7088,36.9386,,0.0129243,-44.2987,,0.00479435,0.0297401,fluid
281,1.05785,-8.79559,,1002.27,-12.6384,26964.5,,-0.0895463,-19.0566,,0.00984725,-0.118552,fluid
282,1.7936,0.872941,,1001.62,1.76409,19114.9,,-0.168406,-0.459744,,-13.786,14.8844,fluid
283,2.20671,0.624896,,1001.89,235.445,22400.4,,0.279025,-1.74227,,-14.6203,13.9679,fluid
284,1.74449,0.812422,,1001.64,-48.7534,19343.8,,-0.25484,-0.0504013,,-15.5751,11.3592,fluid
285,0.636342,-5.44403,,1000.14,-8.03958,1592.56,,-0.00071033,-15.562,,0.0128498,-0.0759197,fluid
286,0.720024,-41.5734,,1000.08,1.42908,964.255,,-0.0310384,-30.3625,,0.00214295,0,fluid
287,0.782912,-44.7444,,999.726,-0.237679,-3223.22,,0.0110782,-31.0275,,0,0,fluid
288,0.778237,-56.9013,,1000,2.49305e-05,0.655695,,-1.09049e-06,-35.7751,,3.46143e-08,0,fluid
289,1.52929,0.398845,,1001.89,-36.2427,22365.5,,-0.247233,0.187958,,-22.3008,3.34625,fluid
290,3.86288,-0.00153833,,1002.42,1119.11,28731.2,,3.83902,-1.8276,,-12.1357,17.6195,fluid
291,3.95119,0.173592,,1002.39,1174.86,28327.7,,4.13204,-1.76451,,-10.7536,20.8224,fluid
292,1.2514,0.756463,,1001.6,-377.034,18934.4,,-0.609824,-0.925326,,-19.3517,9.6126,fluid
293,1.09186,0.778693,,1001.75,-318.305,20742.4,,-0.492743,0.343097,,-22.5368,8.14581,fluid
294,1.41311,1.01529,,1001,-545.671,11757.7,,-0.840547,1.36325,,-14.5084,16.4663,fluid
295,1.07351,0.584414,,1002.01,-166.183,23827.3,,-0.344723,0.325382,,-25.6675,2.14331,fluid
296,0.916344,1.42097,,1000.59,-870.534,6905.67,,-0.846556,1.32732,,-7.21348,17.8629,fluid
297,0.681371,-118.049,,999.826,0.529186,-2045.73,,-0.0046543,-51.7109,,0.000838288,0,fluid
298,0.769257,-115.173,,999.988,-0.0132408,-146.377,,0.00030676,-50.7765,,0,0,fluid
299,1.36936,-82.3061,,999.333,13.5759,-7836.71,,0.210466,-41.6541,,0.225961,-0.166271,fluid
300,0.885118,61.0622,,955.527,-20.7475,-458640,,3.89783,2.32864,,0,0,fluid
301,3.26236,1.28368,,1001.18,39.2951,13898,,-0.0477393,-3.62494,,-3.85437,15.835,fluid
302,4.97084,0.00355862,,1002.33,647.255,27591.2,,2.65262,-0.180209,,-8.02593,14.9113,fluid
303,5.35963,0.0124149,,1002.34,645.784,27711.9,,2.84315,-0.62476,,-9.74876,16.3855,fluid
304,4.2819,0.155166,,1001.72,708.969,20398.9,,2.78259,-0.0913494,,-8.09456,14.8156,fluid
305,3.22066,-0.0978586,,1002.88,641.04,34145.8,,1.47749,-0.61187,,-14.1777,11.1286,fluid
306,5.12174,0.201031,,1002.26,689.61,26777.7,,2.94963,-0.438666,,-7.06541,16.9038,fluid
307,5.17726,-0.51061,,1000.7,186.489,8232.34,,1.32286,-1.27841,,-10.7235,7.6261,fluid
308,5.92757,-0.00507274,,1002.89,702.974,34358.5,,3.12963,-0.833319,,-10.0607,17.3603,fluid
309,4.84675,-0.0109238,,1002.31,649.939,27345.4,,2.61621,-0.0456996,,-7.85756,13.5748,fluid
310,1.09814,-14.1134,,998.636,0,-15990.2,,0.099348,-19.719,,0,0,fluid
311,0.771086,-31.588,,1000.18,-0.0808907,2076.02,,0.00192937,-26.8966,,0,0,fluid
312,3.8015,0.437437,,1001.18,947.902,13960.5,,3.50569,-1.50681,,-5.34687,16.5562,fluid
313,2.63011,0.467844,,1001.17,170.894,13848.8,,0.368784,-0.271506,,-11.5914,9.93954,fluid
314,2.45795,0.364227,,1001.83,305.168,21671.4,,0.508289,-0.93282,,-13.8438,11.8879,fluid
315,2.35255,0.426586,,1002.06,295.872,24368.3,,0.403548,-1.35595,,-15.3014,12.8578,fluid
316,1.79634,0.54637,,1001.69,52.4222,19947.6,,-0.0759975,0.333124,,-18.6033,4.4848,fluid
317,0.919998,-7.13594,,998.937,-13.4122,-12474.4,,-0.153587,-17.346,,-0.0132765,0.117181,fluid
318,3.40629,-0.148445,,1002.38,886.563,28221.2,,2.59575,-2.1129,,-14.2424,13.3077,fluid
319,0.88507,2.33083,,999.859,-499.727,-1660.34,,-0.493237,1.45029,,9.03213,3.44597,fluid
320,2.56425,0.0875259,,1002.07,341.773,24532.4,,0.595243,-0.118582,,-14.0701,10.1888,fluid
321,1.45573,-87.6812,,1000,7.12982,2.75165,,0.00841125,-42.6391,,0.00145417,-0.000703153,fluid
322,1.35305,-94.7283,,1000,0,56.895,,4.23042e-05,-44.6426,,0,0,fluid
323,3.79438,-0.786514,,998.32,-331.134,-19672.6,,-0.0630346,-1.65775,,-7.76379,8.4163,fluid
324,4.35083,0.222389,,1001.8,768.855,21290,,3.03858,-0.448583,,-9.06272,16.9459,fluid
325,3.16038,0.884392,,1002.84,512.238,33689.8,,0.989691,-3.3979,,-8.73399,15.2735,fluid
326,3.06912,0.3341,,1002.7,862.5,32063.5,,2.07977,-2.85976,,-12.8313,16.592,fluid
327,4.06255,-0.258726,,1000.67,679.861,7928.13,,2.98244,-1.96954,,-14.4681,10.3173,fluid
328,4.67519,0.318699,,1002.01,840.589,23768.9,,3.46871,-0.976046,,-8.34672,18.868,fluid
329,5.5384,-0.00367003,,1002.4,695.268,28474.6,,3.1687,-0.988808,,-10.862,17.7793,fluid
330,3.07804,1.59249,,1000.87,-157.564,10282.7,,-0.658171,-3.56577,,-7.93501,16.9032,fluid
331,3.58162,1.34789,,1001.04,116.116,12319,,0.216613,-3.90316,,1.21311,12.701,fluid
332,3.81307,1.49894,,1000.93,58.147,10941.5,,-0.0104439,-3.59802,,1.94133,11.7006,fluid
333,3.7755,1.6266,,1001.04,-14.6597,12277.1,,-0.313073,-3.53168,,1.48644,13.5956,fluid
334,2.50525,1.51892,,1002.63,180.628,31232.8,,-0.344779,-2.23952,,-13.3185,26.3585,fluid
335,1.74464,1.13846,,1001.36,245.749,16124.9,,0.255948,-1.68399,,-10.854,27.4264,fluid
336,3.97145,0.272732,,1002.24,1170.21,26586.5,,4.1693,-1.80438,,-9.89358,21.906,fluid
337,3.62737,0.553421,,1002.08,1071.58,24641.1,,3.40762,-3.10133,,-3.5501,20.0032,fluid
338,2.23366,1.34015,,1002.33,295.533,27606.4,,0.102191,-1.66648,,-11.5206,29.1877,fluid
339,3.72618,0.128482,,1002.38,986.469,28182.1,,3.19574,-1.02938,,-9.18257,16.9372,fluid
340,3.20128,1.22284,,1001.49,71.0875,17669.5,,-0.0352488,-3.50477,,-5.79592,16.3613,fluid
341,0.724262,5.57972,,1000,0.0335657,3.37107,,-0.000328002,-14.6204,,5.0045e-05,0,fluid
342,2.68707,1.87537,,1001.43,42.455,16955.6,,-0.575528,-1.85321,,-14.2109,19.4815,fluid
343,4.62033,0.422784,,1001.97,820.704,23383,,3.30474,-0.782535,,-8.62618,19.0991,fluid
344,3.38659,0.724242,,1001.3,758.423,15375.5,,2.40172,-3.14156,,-2.7504,14.0827,fluid
345,1.51739,-124.067,,1000,-1.71829,44.5539,,-0.0122542,-53.4721,,0.00360934,0.00199814,fluid
346,4.09477,1.31249,,1000.2,227.948,2384.84,,0.934765,-2.1676,,-2.35249,10.2874,fluid
347,5.06243,0.48252,,1002.25,860.797,26707.4,,3.68568,-1.1987,,-6.82081,17.5738,fluid
348,4.60556,0.58349,,1002.05,750.098,24224.5,,2.85245,-0.373894,,-8.51734,17.8796,fluid
349,1.4545,-54.5962,,999.65,0,-4119.35,,-0.0813536,-34.7697,,0,0,fluid
350,2.61567,-68.6133,,1007,0,84103.6,,-0.519806,-36.5147,,0,0,fluid
351,4.76409,-53.01,,1000.39,42.793,4596.44,,-0.298325,-32.1635,,-6.76137,-2.7096,fluid
352,5.32562,-50.4457,,999.928,-376.597,-849.899,,-1.97763,-31.0617,,0.210771,-0.00508095,fluid
353,9.01247,0.195327,,1002.11,506.738,25002,,3.22019,-0.446236,,-5.71864,14.0274,fluid
354,4.74136,1.76789,,999.056,-95.276,-11081.8,,0.0982068,-2.12389,,-4.35946,5.11218,fluid
355,7.00015,-0.00751483,,1002.53,659.174,29962.5,,3.37168,-0.594722,,-0.086381,10.8245,fluid
356,5.49355,0.30698,,1002.52,752.984,29873.2,,3.33395,-0.92296,,-8.11753,19.4198,fluid
357,6.27788,-0.122606,,1003.16,620.338,37595.9,,2.59944,-0.699521,,-6.06039,11.3853,fluid
358,6.22994,0.273124,,1002.23,626.107,26469.9,,3.13892,-0.393279,,-5.49774,18.8023,fluid
359,4.1236,0.971766,,1001.56,650.589,18418.1,,2.18325,-2.22522,,-4.55372,14.3229,fluid
360,2.63973,2.21869,,999.939,-54.9585,-714.401,,-0.612822,-0.731723,,-13.0672,12.8368,fluid
361,3.58019,1.52963,,1000.89,15.7005,10550.6,,-0.0921275,-3.8596,,0.0179675,13.4638,fluid
362,3.26784,0.496139,,1002.55,954.295,30280.5,,2.56121,-3.03002,,-8.19497,16.3904,fluid
363,3.14714,1.00284,,1002.63,347.026,31167.3,,0.516982,-3.42977,,-8.92694,16.1952,fluid
364,2.13477,2.09873,,994.166,-508.191,-67492.7,,-0.553392,-0.9968,,14.5702,-4.11636,fluid
365,1.54778,1.74385,,1000.14,-186.547,1599.97,,-0.514428,-1.03989,,5.72234,24.0637,fluid
366,2.27556,0.797437,,1001.92,253.625,22790.7,,0.323876,-1.55397,,-11.1615,17.8172,fluid
367,0.941281,12.8871,,999.771,0.0255283,-2689.54,,-0.0201083,-13.0583,,2.93496e-05,0,fluid
368,2.421,2.22521,,998.197,1683.36,-21115.1,,3.87265,-5.05393,,-18.7507,10.3273,fluid
369,2.59175,-75.1605,,991.725,-16.0565,-95024.4,,0.372097,-38.8695,,0.262322,-6.52903,fluid
370,4.51679,0.226119,,1001.92,756.13,22780.1,,3.03676,-0.499297,,-8.73468,17.0851,fluid
371,2.64558,-76.5001,,992.475,-16.4029,-86609.8,,0.464223,-39.3241,,-0.262529,6.53418,fluid
372,4.58177,-50.257,,999.205,-524.678,-9337.23,,-2.02401,-30.7731,,5.07315,0.310513,fluid
373,5.62636,-50.8333,,1000.01,-301.194,153.057,,-1.70718,-31.2634,,-0.280922,-0.0163548,fluid
374,5.4255,-51.1872,,999.987,-311.08,-150.452,,-1.69867,-31.5797,,0.022449,-0.0431129,fluid
375,10.8339,0.289678,,1003.12,395.587,37027.4,,2.6435,-0.423599,,-6.12483,18.3037,fluid
376,11.8668,-1.3423,,998.251,-713.284,-20482.2,,-2.89745,-0.862157,,-4.64041,-29.1352,fluid
377,5.39603,-50.4577,,999.95,-364.123,-590.484,,-1.9493,-31.0822,,-0.0413311,0.0296285,fluid
378,4.41416,-50.6265,,1000.27,-364.792,3133.87,,-1.68613,-30.9714,,-2.24619,0.0897732,fluid
379,4.86946,-22.9997,,1000,-317.749,48.9462,,-1.54247,-19.5327,,1.49254,-1.07221,fluid
380,5.67026,-23.0239,,999.984,-452.375,-187.597,,-2.59861,-21.1537,,-0.360368,0.353992,fluid
381,4.77982,-6.77329,,997.154,-458.926,-33222.7,,-1.01868,-7.30067,,8.11278,-12.8214,fluid
382,9.2,-1.87497,,998.939,49.7524,-12449.2,,-4.38824,0.256233,,-28.9567,-13.2952,fluid
383,4.36167,-7.86454,,1004.81,19.4753,57470.9,,-1.315,-10.0711,,-21.4311,-2.42961,fluid
384,4.82577,-22.2295,,999.859,-393.448,-1661.01,,-1.80423,-19.7902,,2.48411,-0.00575658,fluid
385,11.7441,0.452239,,1002.8,283.416,33274.6,,2.5572,-0.438256,,-5.18988,34.1013,fluid
386,9.10644,0.465757,,1001.92,556.723,22785,,3.77193,-0.246063,,-4.26854,14.1139,fluid
387,9.14463,2.98376,,999.605,537.384,-4641.47,,5.19735,-3.118,,4.44839,1.44325,fluid
388,1.89097,3.43068,,996.155,290.505,-44750.1,,0.777432,-2.15372,,17.9826,3.8722,fluid
389,2.48208,2.89658,,998.069,363.081,-22598.9,,0.416618,-2.05662,,-1.29444,-0.360231,fluid
390,3.8635,1.66199,,1001.14,7.72434,13521.8,,-0.299096,-3.48841,,1.83514,14.2929,fluid
391,1.41555,19.2101,,1025.49,0,324006,,-0.557444,-10.9655,,0,0,fluid
392,2.19715,4.168,,993.047,355.793,-80162.1,,1.00092,-3.76086,,-3.54197,-25.4438,fluid
393,4.30144,1.65821,,999.918,-174.186,-968.093,,-0.685715,-2.26112,,-1.42741,9.425,fluid
394,2.17148,-104.203,,1003.95,0,46999.8,,-0.198963,-46.8474,,0,0,fluid
395,3.38456,-46.8303,,999.626,-127.786,-4401.16,,-0.322976,-27.4217,,0.641218,-1.20808,fluid
396,4.99115,-8.02716,,996.292,-1010.06,-43173,,-3.50692,-10.2475,,7.11503,1.32922,fluid
397,3.85516,-48.9822,,999.347,-63.6808,-7669.41,,-0.153279,-28.927,,0.170549,-1.81459,fluid
398,4.33382,-23.0428,,999.028,-699.363,-11406.2,,-2.40287,-19.7699,,7.26617,3.63454,fluid
399,5.08806,-22.7884,,999.958,-318.379,-493.483,,-1.61153,-19.534,,0.817572,-0.732658,fluid
400,5.3918,-50.4443,,999.951,-363.29,-579.527,,-1.94453,-31.0741,,-0.0408958,0.0372789,fluid
401,14.0533,0.674062,,1001.86,168.254,22055.4,,2.42296,0.0411121,,-3.61532,19.6356,fluid
402,4.97755,-22.1838,,999.933,-344.703,-793.618,,-1.68056,-19.7528,,1.11566,0.176667,fluid
403,5.33704,-22.2775,,999.848,-290.098,-1791.23,,-1.48301,-20.2701,,-0.0974616,-0.394594,fluid
404,14.1683,0.869814,,1001.79,222.544,21239.9,,2.73997,0.226272,,-4.52038,17.9092,fluid
405,12.8763,0.737252,,1001.39,200.765,16469.2,,2.87744,0.00869862,,-5.01649,27.9423,fluid
406,5.59134,1.07292,,1001.58,541.97,18739,,2.51551,-1.54568,,-2.16197,11.5335,fluid
407,8.47617,0.267768,,1002.26,610.074,26842.8,,3.63095,-0.298234,,-3.22158,12.3566,fluid
408,10.0583,0.299163,,1002.51,412.665,29818.9,,2.89418,-0.223097,,-5.72344,17.3716,fluid
409,9.21231,-0.376796,,1000.63,186.045,7472.78,,1.99349,-1.93682,,-11.9755,4.63748,fluid
410,13.1566,0.925189,,1001.11,235.16,13084.8,,3.13508,0.0193182,,-4.87815,24.5182,fluid
411,13.1345,0.195642,,1004.02,212.894,47910.8,,1.99804,-0.279275,,-4.75219,30.5979,fluid
412,14.0287,0.916928,,1001.77,244.417,20949.2,,2.8815,0.202584,,-4.89868,18.6036,fluid
413,5.68379,-22.961,,999.968,-441.943,-372.465,,-2.53382,-21.1769,,-0.495759,0.376781,fluid
414,3.16958,2.37419,,1002.03,207.014,24021.9,,-0.332764,-1.81146,,-3.25454,22.2955,fluid
415,6.66361,-0.186583,,1002.49,628.254,29564.1,,3.14026,-1.14264,,-2.84234,8.04192,fluid
416,12.9895,0.971594,,1001.1,246.365,13013.4,,3.02945,-0.0257472,,-5.23155,25.9751,fluid
417,2.5067,-89.74,,997.698,0,-26915.9,,0.0732402,-42.867,,0,0,fluid
418,4.50972,-50.6159,,1000.29,-370.39,3467.63,,-1.77329,-30.5941,,-1.40187,0.0981767,fluid
419,3.11219,-51.5445,,999.859,-350.005,-1657.74,,-1.16253,-34.5604,,-0.516974,0.757958,fluid
420,4.56934,-50.7451,,1000.26,-404.352,3100.08,,-1.93721,-30.3967,,-0.389026,-1.81363,fluid
421,4.83757,-52.9323,,1000.4,-10.4713,4663.82,,-0.460093,-32.1827,,-5.30019,-2.48276,fluid
422,14.6036,0.778458,,1001.98,193.043,23400.2,,2.45398,0.137527,,-3.06066,15.9278,fluid
423,7.62188,-8.34278,,983.733,0,-182396,,-0.195945,-14.1133,,0,0,fluid
424,5.19961,-51.2209,,999.657,-395.664,-4031.04,,-1.88652,-31.3616,,1.70848,1.33757,fluid
425,7.58523,-4.88257,,986.562,14.3829,-151959,,2.21797,-6.21279,,5.77304,-2.31734,fluid
426,5.1715,-51.5355,,999.887,-269.088,-1325.98,,-1.36385,-31.669,,0.827031,0.507353,fluid
427,7.23429,-31.6924,,953.986,0,-472378,,-0.790337,-24.595,,0,0,fluid
428,4.24373,-22.8941,,999.335,-744.514,-7813.6,,-2.62896,-19.8215,,8.03334,0.143748,fluid
429,12.7012,-1.17153,,997.961,-599.433,-23851.9,,-1.73442,-1.0921,,-0.668604,-12.5033,fluid
430,14.1033,0.315903,,1002.84,139.464,33690.4,,1.78633,-0.343514,,-1.29708,22.0716,fluid
431,13.6346,0.43946,,1002.28,133.776,27004.8,,2.32232,0.116041,,-1.14005,26.1019,fluid
432,8.30414,0.0727055,,1002.29,568.148,27115.2,,3.1953,-0.302559,,-4.02662,10.0909,fluid
433,5.74955,0.342954,,1002.68,818.864,31768.3,,3.75321,-1.16277,,-7.66021,20.705,fluid
434,4.45318,0.989127,,1002.24,766.313,26528.2,,2.55533,-1.26563,,-7.92326,14.2464,fluid
435,5.09164,1.50926,,1001.8,448.315,21245.2,,1.63582,-1.50057,,-7.06862,8.90041,fluid
436,5.31132,-8.52892,,999.44,-450.618,-6582.99,,-2.38767,-10.8782,,-4.20467,3.07117,fluid
437,9.83018,0.0400845,,1002.89,437.719,34315.7,,2.78144,-0.638478,,-8.54741,15.754,fluid
438,10.9685,0.675367,,1002.27,419.582,26930.3,,3.27397,-0.296962,,-2.32691,24.1787,fluid
439,12.4982,-0.905794,,993.018,-876.173,-80495.6,,0.845994,-2.41268,,-1.85052,21.9929,fluid
440,8.88103,-1.8319,,995.456,-159.749,-52768.7,,-2.78869,-0.541116,,14.6387,4.82006,fluid
441,2.59758,-83.2098,,999.769,7.56833,-2718.64,,0.188085,-40.7101,,-0.0664067,0.0488648,fluid
442,4.50309,-50.6313,,1000.3,-353.902,3483.58,,-1.69542,-30.8068,,-1.59751,0.123339,fluid
443,5.65924,-50.8468,,1000.02,-293.696,254.242,,-1.67999,-31.2915,,-0.242783,-0.016485,fluid
444,5.57954,-50.7457,,999.982,-327.554,-213.905,,-1.82173,-31.1813,,-0.361201,-0.0137713,fluid
445,4.92605,-49.9441,,999.801,-334.871,-2343.21,,-1.57417,-30.4391,,0.292046,-0.902939,fluid
446,5.23994,-50.1808,,999.945,-342.545,-651.487,,-1.79334,-30.8572,,-0.0154428,-0.0224535,fluid
447,4.49143,-49.5104,,999.657,-202.868,-4035.12,,-0.762206,-29.8759,,0.288851,-0.0566369,fluid
448,5.90912,-51.0801,,1000.04,-266.225,526.11,,-1.60876,-31.7056,,0.173753,-0.252513,fluid
449,13.7921,-0.776248,,994.923,-812.341,-58863.1,,-0.16376,-2.59771,,8.70481,15.6848,fluid
450,14.396,-0.193697,,1003.6,135.764,42781.8,,0.712708,-1.13302,,2.71481,10.6964,fluid
451,10.7214,-2.09977,,997.73,-345.459,-26535.9,,-4.01198,-1.32612,,9.59102,-9.36002,fluid
452,5.4738,-22.7066,,999.903,-416.36,-1135.83,,-2.25526,-20.7506,,-0.152046,0.379945,fluid
453,13.0605,-1.12386,,997.685,-663.811,-27063.8,,-2.199,-1.29747,,0.458918,-7.89579,fluid
454,14.5452,0.505238,,1002.18,142.526,25874.6,,2.07565,-0.123913,,-2.29963,16.8156,fluid
455,14.4162,1.08093,,1002.1,288.838,24876.8,,2.9807,0.0923973,,-5.50321,16.1331,fluid
456,13.3102,-0.0940981,,1004.83,204.349,57641.9,,1.34079,-0.821231,,-0.999094,24.9711,fluid
457,5.13044,-7.61692,,998.508,-751.688,-17487.1,,-3.22868,-10.3944,,-0.398264,-2.08194,fluid
458,11.4204,0.198697,,1003.86,326.207,45976.6,,2.07122,-0.442019,,-10.2931,29.838,fluid
459,4.9902,-11.7017,,1022.86,0,288298,,-0.0825616,-17.2406,,0,0,fluid
460,6.17591,0.748558,,1002.2,733.462,26077.2,,3.62458,-1.70579,,-3.95206,17.4021,fluid
461,5.06272,0.816285,,1003.04,865.764,36092.3,,3.19867,-0.743133,,-6.65654,13.2942,fluid
462,6.59655,0.267163,,1002.08,689.47,24645.8,,3.77216,-0.490728,,-2.37422,17.5018,fluid
463,5.78377,0.695731,,1002.72,762.17,32265.8,,3.28585,-1.69372,,-4.68017,19.203,fluid
464,3.80488,2.20576,,1001.09,-35.0198,12896.1,,-0.605417,-2.99232,,1.17613,18.8327,fluid
465,3.89043,-105.522,,966.565,320.663,-356250,,6.08174,-47.5936,,-4.89177,1.62205,fluid
466,5.60097,-51.054,,1000.04,-281.414,441.007,,-1.60973,-31.4943,,-0.140563,-0.313986,fluid
467,4.05919,-53.2316,,994.895,197.009,-59187.3,,1.44779,-34.6624,,15.1079,6.10503,fluid
468,5.98353,-50.9545,,1000.04,-258.279,414.729,,-1.56886,-31.5693,,0.114975,-0.0727605,fluid
469,5.38661,-23.0931,,999.889,-561.664,-1304.63,,-2.99939,-20.8902,,0.251355,1.35758,fluid
470,14.9616,0.651361,,1002.28,186.791,26979.6,,2.24198,-0.0899973,,-1.28628,14.7645,fluid
471,8.79424,-5.36788,,989.436,13.1543,-120489,,0.782933,-7.94104,,-4.55402,1.82802,fluid
472,5.85669,-50.7724,,1000.03,-275.382,303.19,,-1.63114,-31.3767,,-0.124171,0.129574,fluid
473,14.9549,0.284516,,1002.72,148.443,32308.1,,1.65204,-0.292673,,-0.582151,13.6375,fluid
474,11.1603,-2.0387,,995.872,-459.727,-47994.1,,-3.29477,-0.895596,,-10.0864,-7.19247,fluid
475,14.8785,-0.938336,,995.693,-637.705,-50052.5,,-0.464397,-1.63187,,2.93975,14.4849,fluid
476,14.4823,-0.90449,,995.686,-615.983,-50129.4,,0.146585,-1.77659,,10.0309,14.0578,fluid
477,10.97,-2.05023,,996.224,-536.152,-43947.2,,-4.48581,-1.35387,,2.05833,-7.47239,fluid
478,14.7528,0.464311,,1002.34,153.006,27692.6,,2.05476,-0.136957,,-1.55536,15.6039,fluid
479,14.7136,0.187951,,1002.78,125.32,32979.8,,1.45839,-0.435742,,-0.50161,13.8193,fluid
480,14.8299,0.87486,,1002.24,228.479,26510.6,,2.4677,-0.136172,,-2.84499,14.8102,fluid
481,14.5412,0.236651,,1002.78,128.92,33039.7,,1.5546,-0.480539,,-1.07506,16.0252,fluid
482,14.2457,0.171544,,1003.34,157.378,39682.7,,1.50824,-0.596623,,-0.238667,19.6878,fluid
483,14.052,0.177687,,1003.65,179.206,43409.2,,1.56044,-0.576088,,-0.581287,22.4649,fluid
484,9.29478,-1.9321,,1000.3,346.286,3521.95,,-3.10478,1.32585,,-29.4839,-17.6092,fluid
485,5.25409,1.2565,,1002.46,606.878,29220,,2.21556,-1.75602,,-2.79259,9.0833,fluid
486,6.36652,0.285445,,1002.42,819.456,28650.8,,4.29576,-0.967108,,-6.26552,21.0666,fluid
487,5.48642,1.78418,,1001.05,219.306,12407.3,,0.945857,-3.21327,,-2.39258,13.3784,fluid
488,8.77919,0.117435,,1001.95,516.88,23147.8,,3.28145,-0.271655,,-5.39319,12.0936,fluid
489,5.14443,-105.938,,1028.23,383.64,361846,,-2.25417,-45.244,,4.42588,-1.46757,fluid
490,3.46066,-47.1413,,1000.32,-155.835,3801.57,,-0.639057,-27.4493,,-0.0621767,0.0959698,fluid
491,4.59613,-49.4452,,999.82,-217.025,-2120.66,,-0.942585,-29.761,,0.0826715,-0.163918,fluid
492,2.71302,-50.8691,,999.785,-216.732,-2525.12,,-0.5875,-32.6728,,0.315534,-0.580458,fluid
493,5.06316,-21.8115,,1000.12,-406.634,1450.58,,-2.13122,-19.4873,,0.289815,0.892754,fluid
494,15.4682,1.47241,,1001.55,199.408,18349.2,,2.89743,-0.30392,,-4.40872,10.314,fluid
495,3.76476,-47.533,,999.738,-273.288,-3085.17,,-0.967209,-28.6947,,-0.318855,0.157893,fluid
496,3.7853,-49.014,,999.237,-162.615,-8957.01,,-0.459763,-28.5405,,1.93814,-1.29554,fluid
497,11.6217,-2.12699,,998.987,-291.427,-11894.2,,-4.86993,-0.92387,,-11.0067,-18.1299,fluid
498,15.1935,-1.16159,,996.551,-687.655,-40185.8,,-2.00168,-1.30521,,-0.990207,10.2675,fluid
499,15.1474,0.430663,,1002.41,153.169,28615.4,,1.90452,-0.128304,,0.32689,13.6981,fluid
500,15.265,0.268462,,1002.44,126.838,28981.6,,1.62904,-0.135422,,0.992476,12.1591,fluid
501,15.5146,-0.244674,,1001.97,1.15248,23362.6,,0.622186,-1.1655,,-1.15749,5.21282,fluid
502,15.122,0.0902287,,1002.81,117.273,33401.3,,1.12734,-0.354321,,0.184893,10.8439,fluid
503,15.2366,0.805434,,1002.1,188.727,24842,,2.29694,-0.337417,,-1.58967,12.2212,fluid
504,15.0343,1.10284,,1001.89,221.154,22365.4,,2.64118,-0.40587,,-3.50046,12.4282,fluid
505,15.1517,1.66929,,1001.22,209.729,14441.6,,3.1992,-0.140444,,-4.89825,11.3734,fluid
506,14.4635,3.21803,,997.319,72.2966,-31305.5,,4.86695,0.573396,,1.60993,-8.90641,fluid
507,15.0735,2.15639,,1000.98,275.065,11587.7,,4.08451,0.036727,,-4.74224,11.0704,fluid
508,14.6569,1.20301,,1002.16,287.646,25540.4,,2.89702,-0.222791,,-5.2588,14.8107,fluid
509,13.8016,0.202578,,1003.48,183.995,41348.3,,2.06255,-0.349776,,-0.734215,25.2498,fluid
510,13.6369,0.269138,,1003.14,161.984,37299.3,,2.15948,-0.140539,,-0.598228,27.1485,fluid
511,5.22913,1.77051,,999.209,67.4419,-9289.74,,1.00858,-2.25857,,-5.65928,10.033,fluid
512,10.2564,0.79727,,1001.27,438.08,14948.4,,3.8086,-0.14903,,-4.24915,19.3127,fluid
513,5.60287,-112.674,,1007.21,0,86762.6,,-1.55107,-46.3534,,0,0,fluid
514,4.17874,-49.5622,,1000.81,-57.6324,9539.72,,-0.572341,-29.8107,,-2.64224,1.87277,fluid
515,3.01278,-49.222,,1000.27,228.63,3194.9,,0.627296,-30.5867,,0.238209,0.826056,fluid
516,5.22352,-51.9175,,999.764,-99.4757,-2772.33,,-0.438937,-31.4531,,-0.701058,1.04454,fluid
517,3.72187,-43.5356,,1007.32,0,88053.7,,-0.550826,-24.9864,,0,0,fluid
518,16.4238,2.53782,,1001.17,295.532,13855,,4.06799,0.131924,,-2.30264,9.57144,fluid
519,5.3964,-17.1616,,1015.11,0,186128,,-0.395888,-14.1598,,0,0,fluid
520,15.7257,1.6945,,1001.49,222.694,17602.7,,3.2924,-0.0373034,,-2.828,12.0535,fluid
521,6.49461,-29.4285,,998.475,0,-17866.2,,0.441712,-26.4253,,0,0,fluid
522,15.9918,-0.0746077,,1002.3,78.7176,27317.7,,1.20961,-0.393092,,-1.33435,9.69077,fluid
523,15.633,1.24809,,1001.72,177.369,20315.1,,2.60241,-0.437312,,-4.03248,8.75168,fluid
524,6.59533,-26.7451,,985.975,0,-158312,,1.40356,-23.3776,,0,0,fluid
525,5.18273,-8.81088,,1000.44,-306.252,5128.71,,-1.96167,-12.044,,0.153465,2.06619,fluid
526,15.4909,0.11416,,1002.29,86.8185,27096.5,,1.28942,-0.123495,,1.03849,10.7301,fluid
527,15.6083,0.371482,,1002.07,114.805,24490.3,,1.78559,-0.137816,,0.687028,10.9659,fluid
528,15.409,0.620571,,1002.13,161.059,25220.1,,2.11506,-0.266459,,-0.406796,11.5936,fluid
529,15.329,1.09596,,1001.62,170.824,19106.2,,2.49874,-0.463984,,-3.25777,10.1692,fluid
530,15.2214,1.48033,,1001.36,195.996,16041.3,,2.94536,-0.344432,,-4.7603,10.8721,fluid
531,15.3379,2.57159,,1000.35,248.654,4083.41,,4.30701,-0.504241,,-2.39768,9.58703,fluid
532,15.3295,2.24321,,1000.64,246.262,7605.26,,4.17264,-0.165671,,-2.93988,11.2248,fluid
533,13.609,2.80242,,998.996,305.667,-11778,,5.92919,-0.603993,,-2.0726,-3.2799,fluid
534,10.0915,0.57936,,1001.75,449.876,20678.4,,3.69026,-0.208565,,-5.30321,18.7376,fluid
535,8.8955,-1.88159,,984.739,-1874.29,-171631,,-8.98353,-1.31403,,38.1482,85.2576,fluid
536,11.6258,2.89844,,999.247,353.623,-8839.47,,3.84017,-0.391902,,-1.00641,-11.7165,fluid
537,5.26722,-118.006,,993.193,0,-78514.1,,0.413351,-47.2554,,0,0,fluid
538,10.9604,-2.25534,,998.066,-388.432,-22631.3,,-6.14854,-1.12572,,2.46254,-1.75337,fluid
539,6.35997,-48.4849,,1000.31,0,3633.39,,-0.0149857,-30.3312,,0,0,fluid
540,4.83191,-52.7275,,999.668,-116.817,-3899.51,,-0.560391,-32.061,,-4.84861,-1.92141,fluid
541,16.0303,1.71523,,1001.06,167.42,12503.9,,3.16191,-0.149252,,-0.730054,12.6885,fluid
542,16.7136,2.38218,,1001.01,254.663,11964.8,,3.84185,0.177376,,-1.32356,8.99017,fluid
543,7.86116,-38.5895,,999.829,-51.0325,-2010.59,,0.33753,-25.9487,,0.0966032,-0.574717,fluid
544,16.0064,2.66009,,1000.86,283.468,10182.6,,4.26247,-0.254612,,-2.89226,8.24046,fluid
545,16.3837,1.65031,,1000.54,78.0851,6411.91,,2.67127,-0.199123,,0.261812,11.8087,fluid
546,16.2239,1.6603,,1000.88,126.426,10421.6,,2.88814,-0.191419,,-0.0438291,12.3265,fluid
547,15.8789,1.55381,,1001.76,220.024,20866.3,,3.05908,-0.101315,,-2.42878,11.3718,fluid
548,15.8265,0.60385,,1001.88,121.232,22260.9,,1.97785,-0.323216,,-1.25995,8.19726,fluid
549,16.1188,1.32655,,1002.14,211.13,25349.9,,2.70445,-0.148468,,-1.7973,9.64891,fluid
550,16.3837,2.62571,,1000.99,292.071,11634.5,,4.24021,0.300963,,-1.64919,10.3803,fluid
551,15.5795,2.70561,,1000.29,220.448,3468.15,,3.9833,-0.463953,,-1.96368,7.80836,fluid
552,15.0801,2.87304,,1000.37,302.43,4318.81,,4.58376,0.156003,,-2.9022,7.8883,fluid
553,15.8558,2.26346,,999.667,120.443,-3921.3,,3.83373,-1.02504,,-1.19036,10.8081,fluid
554,14.4756,2.68714,,1001.03,376.386,12135.5,,4.60448,0.254623,,-5.2688,6.68227,fluid
555,15.9344,1.88959,,1000.74,172.116,8698.04,,3.4576,-0.448882,,-1.27445,13.1906,fluid
556,15.6147,1.82043,,1001.22,220.755,14449.6,,3.48028,-0.0162452,,-2.85983,12.3305,fluid
557,15.4247,1.90645,,1001.08,224.614,12738,,3.59199,0.0185682,,-3.42451,11.978,fluid
558,11.8119,1.54734,,1000.59,380.914,6982.46,,3.51519,-0.981888,,1.34877,19.8179,fluid
559,14.831,1.32726,,1001.8,257.212,21331.2,,2.98577,-0.275999,,-4.94774,13.3436,fluid
560,4.81841,-8.8219,,999.109,-320.93,-10456.6,,-1.30089,-12.8415,,3.83462,4.48443,fluid
561,5.04559,-171.473,,1008,0,96463.7,,-1.95517,-58.8847,,0,0,fluid
562,5.61729,-58.5875,,976.4,0,-258901,,-0.210637,-34.9231,,0,0,fluid
563,4.8746,-51.7786,,1000.04,-147.019,511.428,,-0.7603,-31.6298,,-0.00709329,-1.29318,fluid
564,15.8389,0.153769,,1001.91,70.8738,22669.7,,1.50928,-0.0527262,,0.085855,10.4789,fluid
565,15.883,1.21151,,1002.02,191.908,23957.2,,2.57167,-0.373319,,-3.39917,8.07833,fluid
566,16.3501,-0.0842001,,1002.54,94.9578,30157.8,,1.21414,-0.450997,,-1.60453,9.31295,fluid
567,7.64086,-38.7901,,1000.15,-47.2648,1813.19,,0.118819,-25.9071,,0.118456,-0.0223669,fluid
568,17.0008,2.08357,,1000.96,173.553,11344.5,,3.11977,-0.138826,,-1.21829,7.71924,fluid
569,17.2388,1.49799,,1001.12,80.2476,13249.6,,2.16954,-0.266983,,-1.84125,10.1032,fluid
570,16.7894,2.37056,,1000.97,249.266,11408.4,,3.86595,0.249364,,-0.622859,9.45881,fluid
571,16.2509,2.66564,,1000.98,296.799,11601.1,,4.2888,0.198848,,-2.0345,9.95973,fluid
572,16.9192,1.48579,,1000.92,66.756,10828.8,,2.19913,-0.254689,,-0.771183,10.7241,fluid
573,16.835,2.15256,,1000.51,144.724,6037.21,,3.2317,-0.151415,,-2.16514,7.1825,fluid
574,16.8914,2.42522,,1000.71,229.298,8392.51,,3.96038,0.440763,,0.654785,10.5428,fluid
575,15.0721,2.90107,,1000.28,295.941,3348.04,,4.57104,0.203787,,-2.881,7.56554,fluid
576,11.9702,2.35928,,999.042,295.117,-11248.6,,4.17181,-1.00849,,2.26971,2.81789,fluid
577,10.4585,2.42695,,1000.19,481.059,2263.9,,4.65259,0.155841,,5.55049,6.65834,fluid
578,10.6907,2.08775,,999.669,423.627,-3887.64,,4.38206,-0.412829,,5.18541,10.985,fluid
579,14.7264,3.14522,,998.739,196.703,-14793.9,,4.8288,0.688428,,-3.23893,-0.93713,fluid
580,12.2098,0.837324,,1001.47,298.963,17410.3,,3.2204,-0.556125,,-4.84765,27.9108,fluid
581,11.7939,0.641585,,1001.98,280.516,23438,,2.83169,-0.530924,,-3.61994,31.0672,fluid
582,15.5675,2.07446,,1000.66,209.573,7820.71,,3.84894,-0.248118,,-2.22437,12.2346,fluid
583,11.6201,0.992273,,1000.68,249.428,8061.69,,2.73789,-0.171992,,-1.0855,24.1274,fluid
584,10.0638,1.32,,1000.67,466.337,7901.45,,4.02376,-0.159859,,0.245683,13.8465,fluid
585,4.62825,-146.95,,1001.93,0,22807.3,,0.331233,-53.6879,,0,0,fluid
586,7.92805,-38.9059,,999.779,-63.4441,-2604.91,,0.277702,-26.2604,,-0.193182,0.515247,fluid
587,15.6744,0.864621,,1001.77,141.44,20984.1,,2.22227,-0.438423,,-2.46817,8.15018,fluid
588,4.50883,-54.5908,,1001.04,16.9099,12291.5,,0.0687045,-33.9459,,-0.359017,0.883911,fluid
589,16.0553,0.890379,,1001.95,146.893,23101.1,,2.27451,-0.394229,,-2.559,6.20151,fluid
590,16.6716,1.58725,,1000.46,44.9545,5478.95,,2.3754,-0.263071,,-0.137154,11.1408,fluid
591,16.5426,1.45987,,1001.26,116.37,14839.4,,2.46234,-0.177418,,0.131573,11.2902,fluid
592,17.381,1.63836,,1001.12,98.1208,13233.2,,2.34755,-0.227209,,-2.03286,9.92802,fluid
593,17.7012,1.44369,,1001.4,88.1023,16569.2,,2.12385,-0.124748,,-2.22448,10.152,fluid
594,17.14,1.28598,,1001.53,102.716,18068.9,,2.13796,-0.23903,,-1.23457,10.0848,fluid
595,16.7873,1.20742,,1001.88,144.885,22272.8,,2.30499,-0.187761,,-0.553757,9.77066,fluid
596,16.9005,0.944864,,1002.08,145.506,24613.4,,2.30702,-0.155518,,-1.64787,7.79574,fluid
597,17.4834,1.40794,,1001.38,89.7688,16357.7,,2.1213,-0.182766,,-2.01353,9.75772,fluid
598,17.1024,2.22678,,1001.23,227.629,14478.7,,3.43591,0.364086,,1.89889,10.1613,fluid
599,16.6628,2.52718,,1000.8,259.851,9404.15,,4.12759,0.414608,,-0.541527,10.6299,fluid
600,7.6262,1.17344,,1002.22,555.006,26344.4,,3.4118,-1.94196,,1.12458,8.92325,fluid
601,6.22139,2.2858,,997.854,-15.4084,-25105.2,,1.85963,-2.60067,,-4.05902,3.8884,fluid
602,6.13298,1.16973,,1001.78,446.352,21080.1,,2.16816,-1.84384,,-4.27659,9.05806,fluid
603,7.09439,1.64771,,1003.38,606.213,40164.7,,3.01265,-2.09635,,0.444342,12.5414,fluid
604,9.82979,1.51191,,1000.27,460.11,3174.63,,4.23067,-0.470984,,1.67139,10.8608,fluid
605,10.3413,1.05432,,1000.86,440.977,10132.7,,3.91489,-0.191692,,-2.06131,19.0002,fluid
606,11.0295,2.13285,,999.565,507.1,-5108.6,,5.19987,-0.0187388,,3.04157,11.2732,fluid
607,11.2096,2.8835,,999.154,426.647,-9937.37,,4.75683,-0.278862,,1.78421,-9.63868,fluid
608,14.3433,0.674532,,1001.89,161.647,22349.4,,2.33067,0.0833401,,-3.28459,17.6713,fluid
609,5.34563,-135.307,,1000.06,0,688.87,,-0.0605606,-50.9743,,0,0,fluid
610,16.3211,0.285022,,1001.8,74.2136,21347.2,,1.71944,-0.23303,,-1.72045,8.74068,fluid
611,16.289,1.20298,,1002.25,201.293,26710.1,,2.55737,-0.214814,,-1.3974,8.57264,fluid
612,16.9583,0.078826,,1002.17,63.2996,25732.5,,1.41785,-0.121287,,-2.72399,8.66313,fluid
613,16.4903,1.04952,,1002.26,181.719,26759.1,,2.43142,-0.230372,,-1.33006,7.44239,fluid
614,16.5796,0.254792,,1001.83,66.9727,21686.3,,1.6854,-0.247967,,-2.33054,8.58133,fluid
615,17.1356,-0.329938,,1002.38,8.91503,28247.9,,0.855092,-1.16027,,-3.15247,4.24514,fluid
616,18.2186,1.48047,,1001.56,87.614,18452.4,,2.04316,-0.0868574,,-2.88371,10.9175,fluid
617,18.4816,1.44497,,1001.56,84.0266,18499.8,,2.15907,-0.0665593,,-3.16063,10.6247,fluid
618,17.4889,0.902125,,1001.97,114.877,23361.5,,2.24587,-0.189844,,-2.89476,9.23082,fluid
619,17.2171,0.997635,,1001.97,125.85,23337.4,,2.19224,-0.253812,,-1.95817,9.05171,fluid
620,17.7988,1.27936,,1001.54,85.8817,18268.1,,2.12523,-0.187278,,-2.58808,9.75133,fluid
621,18.0042,1.41492,,1001.48,80.7016,17449,,2.06562,-0.0434871,,-2.43059,10.2868,fluid
622,17.8153,1.61149,,1001.24,90.4154,14651,,2.27542,0.0377624,,-1.92592,10.7115,fluid
623,17.2931,2.0229,,1001.53,210.573,18042.1,,3.03567,-0.13723,,0.153718,9.94052,fluid
624,15.8662,2.77751,,1000.65,273.486,7715.36,,4.31066,-0.150449,,-2.44749,8.09099,fluid
625,9.8858,1.82377,,1000.42,490.795,4989.39,,4.42862,-0.543882,,2.92982,10.0565,fluid
626,10.6638,0.66183,,1001.98,432.553,23428.5,,3.51208,-0.328697,,-4.79883,21.1647,fluid
627,11.2623,0.282718,,1003.96,395.085,47132.2,,2.30552,-0.552104,,-8.92438,27.642,fluid
628,13.269,0.12917,,1004.03,195.02,47994.8,,1.96871,-0.276564,,-2.29922,29.5042,fluid
629,10.8439,0.701111,,1002.02,414.421,23951.1,,3.33754,-0.185099,,-2.99315,23.1949,fluid
630,9.03462,0.694602,,1001.4,580.425,16548.4,,4.28593,-0.259004,,-2.6264,13.8077,fluid
631,12.6953,0.61407,,1002.16,251.207,25596.6,,2.94653,-0.32023,,-6.49764,30.0122,fluid
632,12.4023,0.533071,,1002.36,265.67,27919.9,,3.06014,-0.522263,,-6.42236,31.8012,fluid
633,5.38555,-121.346,,1000.18,0,2099.81,,0.860764,-48.2617,,0,0,fluid
634,8.50518,-60.2862,,976.325,0,-259674,,-2.10457,-34.0033,,0,0,fluid
635,8.25911,-63.9619,,999.081,0,-10784.9,,-0.141014,-34.5332,,0,0,fluid
636,8.66585,-49.4972,,1001.91,0,22641.3,,0.144048,-29.4474,,0,0,fluid
637,17.7939,0.636113,,1002.19,98.0973,25930.5,,2.11493,-0.0518472,,-4.11774,8.18397,fluid
638,17.8045,0.0945916,,1002.3,28.4128,27290.4,,1.23656,-0.198998,,-4.9801,5.71239,fluid
639,17.8833,0.941067,,1001.99,100.244,23578.6,,2.16635,-0.179239,,-3.33319,10.014,fluid
640,18.9985,1.38012,,1001.53,59.9378,18090.5,,2.14466,0.190511,,-3.31262,9.04801,fluid
641,19.2164,1.58683,,1001.94,118.726,23003.5,,2.23011,0.23743,,-2.62933,11.2521,fluid
642,18.7663,1.1057,,1001.63,52.0525,19233.9,,2.16371,-0.13427,,-3.30145,9.7238,fluid
643,17.4933,0.400025,,1002.06,74.1465,24379.6,,1.87689,-0.216302,,-4.74417,6.12894,fluid
644,18.396,0.991284,,1001.94,80.6731,22984.9,,2.14111,-0.247883,,-3.43181,10.3224,fluid
645,18.3877,1.30894,,1001.6,74.398,18975.9,,2.08207,-0.148817,,-3.26542,10.0167,fluid
646,18.7298,1.42055,,1001.58,78.249,18717.3,,2.19168,0.0364461,,-3.27071,10.0687,fluid
647,19.0864,1.6906,,1002.17,155.18,25742.6,,2.25652,0.15808,,-3.00664,12.2688,fluid
648,18.5849,1.70315,,1001.61,124.964,19084.2,,2.44023,0.121148,,-3.29684,11.5532,fluid
649,17.2248,2.40462,,1000.64,182.366,7582.49,,3.59436,0.627355,,2.08522,12.5605,fluid
650,15.0277,3.04943,,999.921,271.734,-931.233,,4.52822,0.27976,,-2.8244,5.19716,fluid
651,8.68392,1.30255,,1000.45,391.885,5310.17,,3.48666,-1.38821,,4.10919,5.19025,fluid
652,8.54618,2.27964,,1003.31,641.681,39376.2,,3.54547,-1.78382,,-1.53514,7.9352,fluid
653,9.68147,0.859992,,1001.46,536.606,17278.2,,4.13496,-0.422183,,-3.11315,17.4263,fluid
654,14.1811,1.27035,,1001.96,336.06,23168.4,,3.40254,0.0706885,,-7.19246,17.4296,fluid
655,14.7376,2.02654,,1000.85,260.897,9979.57,,3.97701,0.0296212,,-7.17039,11.4331,fluid
656,11.8932,2.19703,,998.878,355.203,-13160.4,,4.99032,-0.551786,,1.05327,10.0291,fluid
657,8.77308,-176.943,,1002.11,0,24945.4,,0.995584,-59.9574,,0,0,fluid
658,16.11,0.486521,,1001.78,92.7136,21050.7,,1.8571,-0.285261,,-1.46863,7.64763,fluid
659,16.7641,0.69433,,1001.97,117.783,23318.3,,2.15084,-0.173174,,-2.45867,6.13444,fluid
660,18.4592,0.138296,,1002.29,3.8813,27131,,1.50472,0.150366,,-5.70109,6.86568,fluid
661,18.1604,0.757934,,1002.22,95.4607,26290.3,,2.1611,-0.0762929,,-3.78485,9.91239,fluid
662,16.4247,0.73414,,1001.94,123.984,23001.8,,2.15398,-0.282077,,-2.19371,5.72804,fluid
663,17.0052,0.546373,,1001.8,88.9091,21320.9,,2.13406,-0.143009,,-2.89233,6.42286,fluid
664,20.1872,1.25694,,1002.26,118.15,26736.7,,2.06998,0.66919,,-1.49657,9.68767,fluid
665,19.5854,1.08927,,1001.59,35.575,18775.9,,2.16248,0.0568492,,-2.71559,8.44084,fluid
666,19.3484,0.843363,,1002.05,55.29,24232.3,,2.08468,-0.153866,,-2.71886,10.1161,fluid
667,18.8717,0.831699,,1002.2,77.7929,26097.9,,2.13626,-0.141065,,-3.18766,10.419,fluid
668,19.1425,0.96516,,1001.76,42.5927,20793.7,,2.12128,-0.121741,,-3.00324,9.7393,fluid
669,19.6439,1.39202,,1001.67,75.05,19715.4,,2.26078,0.583475,,-2.03764,9.17805,fluid
670,19.2958,1.38442,,1001.52,58.2932,17954.7,,2.22843,0.335479,,-2.71357,8.6804,fluid
671,19.5102,1.67139,,1001.95,129.129,23067,,2.27533,0.395473,,-1.60704,12.9558,fluid
672,19.7759,1.82798,,1001.86,139.887,22012.4,,2.18396,0.253783,,0.63662,15.1966,fluid
673,19.5291,1.96153,,1001.81,161.293,21404.1,,2.45609,0.160301,,-0.710529,14.4107,fluid
674,18.9658,1.91942,,1002.21,200.483,26244.6,,2.48245,-0.0254089,,-2.72867,12.6678,fluid
675,16.7811,2.6877,,1000.19,227.107,2192.98,,4.55103,0.371384,,-0.0858968,10.605,fluid
676,16.8874,2.5992,,1000.26,214.616,3082.13,,4.34303,0.405704,,0.241094,10.954,fluid
677,6.66556,2.37446,,1000.36,449.448,4238.11,,3.35579,-4.184,,-2.19614,10.6439,fluid
678,13.18,2.31783,,998.884,297.501,-13089.2,,5.58282,-1.39647,,-9.53844,2.52819,fluid
679,15.0455,1.91298,,1001.05,238.4,12421.6,,3.6478,-0.00586724,,-5.21147,11.4717,fluid
680,13.5834,1.14415,,1001.31,296.759,15451.9,,3.40999,0.173638,,-6.1825,21.4772,fluid
681,8.76522,-157.822,,1001.88,0,22268.3,,0.861053,-54.8528,,0,0,fluid
682,17.0042,0.291327,,1001.79,56.6365,21179,,1.77808,-0.130653,,-2.81006,7.2636,fluid
683,18.2246,0.22106,,1002.31,30.7793,27429.2,,1.5841,0.0895888,,-5.23084,6.0487,fluid
684,7.74993,-67.1529,,1000.02,-10.1062,216.729,,-0.0748246,-36.1079,,-0.0275488,-0.0207913,fluid
685,19.5657,0.599274,,1002.84,94.8685,33668.9,,1.9058,0.0866769,,-2.50601,12.0115,fluid
686,8.5757,-66.5296,,1000.01,-11.192,158.343,,-0.0846687,-35.9043,,0.0275707,0.0208079,fluid
687,18.7622,0.501263,,1002.72,93.039,32251.3,,2.08398,0.228902,,-3.93334,9.522,fluid
688,20.6248,1.04043,,1002.35,98.5963,27812.4,,1.79409,0.263827,,-1.15076,9.10537,fluid
689,21.0923,0.979651,,1002.29,86.8519,27109.1,,1.57314,0.180952,,0.0115823,9.45844,fluid
690,20.3602,0.89556,,1002.1,55.5973,24822.4,,1.81897,-0.00813176,,-2.03809,8.8505,fluid
691,19.1654,0.495168,,1002.98,103.827,35407,,2.00276,0.278744,,-3.26387,10.8989,fluid
692,19.8423,1.00429,,1001.84,51.0027,21826.1,,2.10372,0.0488945,,-2.62823,8.47101,fluid
693,20.5255,1.30259,,1002.35,130.179,27844.8,,1.87563,0.82553,,-0.286022,11.7624,fluid
694,20.0446,1.41933,,1001.93,102.467,22811.5,,2.13588,0.903538,,-0.943172,11.1643,fluid
695,19.7842,1.52781,,1001.79,100.548,21190.3,,2.24006,0.66109,,-0.900135,11.6078,fluid
696,20.4092,1.46797,,1001.95,105.94,23093.9,,1.86392,0.906023,,0.403362,13.8333,fluid
697,20.7662,1.65889,,1001.37,74.1005,16192.4,,1.57948,0.302427,,1.19339,15.9055,fluid
698,20.26,1.66276,,1001.78,110.272,21075.3,,1.85621,0.403206,,1.1395,15.9979,fluid
699,19.3644,2.47302,,1000.81,160.196,9606.68,,3.19906,0.52597,,-0.735554,11.1543,fluid
700,18.2823,1.83485,,1001.42,122.876,16747.4,,2.37927,0.0278599,,-2.54233,11.0939,fluid
701,8.66877,0.718029,,1001.71,641.503,20220.8,,4.38131,-0.886196,,-1.36415,12.8859,fluid
702,9.33655,1.1075,,1001.2,514.902,14139.1,,3.84253,-0.741273,,0.437081,12.5991,fluid
703,14.5311,1.57528,,1001.55,299.856,18349.8,,3.57741,-0.143685,,-7.42771,14.599,fluid
704,10.4971,1.39145,,1000.66,429.468,7807.51,,3.71788,-0.0359852,,1.83463,15.9873,fluid
705,8.52378,-133.74,,989.324,0,-121728,,3.27204,-50.486,,0,0,fluid
706,17.7254,0.343909,,1002.2,65.2752,26041.7,,1.74791,-0.138256,,-4.73027,6.00104,fluid
707,19.4122,0.162503,,1002.86,28.7441,33898.6,,1.63824,0.379782,,-4.91482,11.6416,fluid
708,18.1257,0.455903,,1002.32,74.3436,27464.2,,1.98616,0.129875,,-4.51099,7.21263,fluid
709,22.4679,0.162024,,1002.83,70.6163,33547.2,,0.57915,0.187741,,1.3866,11.9015,fluid
710,13.3584,-40.1547,,984.289,0,-176461,,-5.14127,-27.5508,,0,0,fluid
711,18.4939,0.616923,,1002.44,90.9701,28946.1,,2.16092,0.0734209,,-4.0531,9.43605,fluid
712,21.7576,1.22209,,1001.94,87.2493,22990,,1.27341,0.583111,,1.69834,12.4356,fluid
713,21.7351,0.372188,,1002.73,64.5827,32402.3,,0.993891,0.0992255,,1.08859,12.1458,fluid
714,22.5146,0.441893,,1002.53,84.3816,30047.5,,0.86024,0.0815726,,1.53501,10.8994,fluid
715,21.5582,0.667567,,1002.25,50.2764,26646.3,,1.19547,0.0119754,,0.704007,10.5198,fluid
716,21.2992,0.779819,,1002.16,49.7825,25623,,1.34428,-0.0100933,,0.224165,9.82484,fluid
717,21.3679,1.13282,,1002.29,107.485,27095,,1.46512,0.471089,,0.98815,11.1195,fluid
718,22.0102,0.705948,,1002.1,54.7645,24853,,1.10098,-0.0487115,,1.16332,10.4103,fluid
719,20.9532,1.1932,,1002.44,127.138,28917.6,,1.66811,0.617261,,0.127311,11.3703,fluid
720,21.1972,1.39729,,1001.9,95.6304,22529.1,,1.46892,0.766415,,1.10066,14.2143,fluid
721,21.5387,1.29971,,1001.95,92.6948,23113.5,,1.34473,0.655458,,1.572,13.3428,fluid
722,20.8398,1.42287,,1001.99,107.233,23553.6,,1.66334,0.860293,,0.782236,14.2063,fluid
723,20.5646,1.93744,,1000.02,-24.7107,241.283,,1.68039,-0.107438,,1.21637,13.5457,fluid
724,20.0429,1.88702,,1001.34,96.2195,15831.6,,1.95709,0.0291414,,1.62941,15.574,fluid
725,18.7414,2.3087,,1000.5,125.755,5917.36,,3.28785,-0.229991,,-2.22914,11.5626,fluid
726,12.185,1.1087,,1002.09,408.417,24714.7,,2.99078,-0.973892,,-3.06571,28.5248,fluid
727,8.12023,0.629086,,1001.9,610.403,22549.6,,3.88313,-0.593581,,0.0840158,9.91731,fluid
728,12.6291,1.04828,,1001.25,285.612,14765.9,,2.87754,-0.228175,,-4.22683,27.4253,fluid
729,13.2312,-146.214,,1026.08,0,332167,,3.43617,-53.2073,,0,0,fluid
730,17.3605,0.64803,,1002,105,23699.1,,2.20143,-0.134677,,-3.74262,7.15589,fluid
731,18.8018,0.227062,,1002.61,34.0117,30989.4,,1.68158,0.295616,,-5.36771,8.38562,fluid
732,19.7125,0.372643,,1003.09,78.7865,36753.2,,1.68629,0.327393,,-2.96677,13.5281,fluid
733,20.7475,0.791763,,1002.16,48.7886,25575.4,,1.63783,-0.00511567,,-1.14016,9.72719,fluid
734,19.1153,0.153585,,1002.69,18.622,31918.7,,1.6211,0.359774,,-5.3307,9.93675,fluid
735,22.1365,0.193527,,1002.95,75.8164,35020.2,,0.756161,0.143162,,1.53719,11.8712,fluid
736,25.8478,-10.6519,,999.921,-8.47081,-935.446,,-0.798543,-13.0237,,-1.51918,2.53092,fluid
737,23.8062,-0.0265608,,1002.32,61.5632,27517.9,,0.433353,-0.253815,,3.65163,9.70415,fluid
738,22.852,-1.75108,,997.021,-445.204,-34757.7,,-0.424959,-0.708615,,2.92272,-0.354097,fluid
739,21.8354,0.151631,,1003.04,67.417,36059.1,,0.842421,0.111378,,1.41756,12.3969,fluid
740,22.7878,0.0366739,,1002.55,45.302,30294.6,,0.490756,0.104913,,0.698603,12.506,fluid
741,23.1905,-0.132584,,1002.42,38.3225,28678,,0.443542,-0.488289,,0.272213,10.9197,fluid
742,22.2233,0.545354,,1002.35,69.9804,27835.9,,1.02119,-0.0385915,,1.2516,10.7354,fluid
743,22.6902,0.683948,,1002.1,75.6041,24888.7,,0.950032,-0.0860326,,1.49913,10.2542,fluid
744,21.7949,0.926133,,1002.06,67.4102,24402.9,,1.20147,0.128878,,1.27383,10.2293,fluid
745,22.617,0.998968,,1001.86,79.6103,22015.8,,1.05231,0.155603,,1.81344,10.5311,fluid
746,22.1653,1.05164,,1001.93,77.3565,22827.9,,1.11973,0.24452,,1.47773,11.0119,fluid
747,21.6987,1.49409,,1001.47,66.9545,17422.6,,1.2378,0.407385,,1.92048,15.1256,fluid
748,19.6493,2.4362,,1001.34,204.863,15797.9,,3.0988,0.607358,,0.894323,11.1607,fluid
749,20.9834,1.91147,,1000.05,-29.4886,539.033,,1.46287,-0.0196324,,1.15247,12.6105,fluid
750,16.7052,2.7691,,1000.14,237.379,1670.82,,4.71319,0.344769,,-0.121765,10.3045,fluid
751,11.7053,2.52279,,998.859,352.822,-13391.1,,4.658,-1.03026,,-0.566204,-0.889344,fluid
752,13.2437,1.1629,,1002.01,380.902,23822.6,,3.31,-0.480484,,-7.09214,25.8659,fluid
753,13.6955,-97.136,,1001.51,-13.6577,17856.4,,-0.0835853,-43.517,,0.596938,-3.13195,fluid
754,8.74491,-70.3615,,998.047,0,-22853.3,,-0.0436254,-37.324,,0,0,fluid
755,20.3439,0.298534,,1003.06,60.8365,36370.9,,1.48092,0.174358,,-2.10027,14.8326,fluid
756,21.456,0.190251,,1003.08,64.0449,36606.6,,0.996118,0.118369,,1.00503,13.0883,fluid
757,20.5236,0.165846,,1003.27,62.2061,38834.6,,1.38452,0.0154927,,-1.86027,14.1959,fluid
758,11.6934,-85.6265,,1000.31,-23.2695,3699.53,,-0.391109,-40.2257,,-0.279093,0.200136,fluid
759,25.6456,-10.5232,,1000.02,28.7967,187.642,,-0.166183,-12.8362,,0.375527,1.37171,fluid
760,23.7006,-57.82,,1000,-27.2393,13.5892,,-0.664703,-32.998,,-0.0257312,0.0251347,fluid
761,23.936,-57.5844,,999.981,-23.825,-223.774,,-0.538798,-33.1474,,-0.137701,-0.0104597,fluid
762,25.7884,-10.5339,,999.408,-33.1009,-6956.39,,-0.157642,-12.4352,,-1.84296,1.08231,fluid
763,23.6896,-57.946,,999.975,-39.1964,-298.359,,-0.878891,-32.9852,,0.0828039,0.242139,fluid
764,25.7971,-1.57491,,998.339,-58.4014,-19452.9,,1.5418,0.11201,,-4.78441,8.87808,fluid
765,23.2995,0.28421,,1002.17,50.4738,25737.9,,0.535812,-0.060225,,0.316547,11.6832,fluid
766,23.0114,-1.31806,,996.139,-680.807,-44931,,-1.42809,-0.940035,,2.00055,0.325439,fluid
767,25.8117,-10.5274,,999.742,-6.00197,-3031.75,,-0.343761,-12.8536,,-1.6685,0.909437,fluid
768,25.7063,-10.5022,,999.75,3.19233,-2936.71,,-0.0893755,-12.4507,,0.47321,0.539325,fluid
769,22.9444,0.352061,,1002.34,63.7194,27725.2,,0.596721,0.0700773,,0.980459,11.5864,fluid
770,22.4087,1.0195,,1001.9,78.9056,22456.3,,1.08426,0.190971,,1.63598,10.7267,fluid
771,22.1282,1.30523,,1001.61,66.1662,19044.7,,1.0848,0.521731,,1.70736,12.9623,fluid
772,20.7525,2.36649,,1001.37,150.348,16231.3,,1.98991,0.876178,,0.288276,9.66427,fluid
773,21.3337,1.60127,,1001.33,62.8901,15718.8,,1.32939,0.255809,,1.71556,15.4908,fluid
774,17.6543,2.25576,,1001.36,219.518,16020.9,,3.45722,0.151817,,-1.23247,15.399,fluid
775,3.5037,3.29153,,997.66,359.335,-27350.1,,-0.0684212,-3.49588,,-5.18055,-2.7612,fluid
776,13.3157,1.88785,,1000.49,344.768,5821.75,,4.34314,-0.422859,,-8.64716,17.0398,fluid
777,20.0767,0.844851,,1002.05,48.0213,24303.7,,1.90401,-0.0741181,,-2.47448,9.30386,fluid
778,12.2323,-86.0129,,999.917,-23.2232,-970.98,,-0.180864,-40.2445,,0.266266,-0.190939,fluid
779,14.2738,-91.0603,,1004.35,0,51920,,0.53892,-41.4125,,0,0,fluid
780,23.5498,-57.7978,,1000,-26.7624,53.4504,,-0.658205,-32.9531,,-0.0405785,0.0536935,fluid
781,13.5308,-96.2715,,1001.51,-12.914,17820.3,,-0.113676,-43.3685,,-0.57131,2.99749,fluid
782,10.9652,-88.1827,,1008.64,0,104387,,-0.443072,-41.388,,0,0,fluid
783,23.8426,-57.6559,,1000,-23.2489,45.7825,,-0.58001,-33.0116,,-0.0147272,-0.0103362,fluid
784,25.7558,-10.4954,,999.387,-31.5995,-7197.42,,-0.0558671,-12.5628,,-0.848686,-0.147998,fluid
785,25.6087,-10.1814,,999.536,-84.5942,-5451.23,,-1.8541,-12.9911,,3.19705,-6.7348,fluid
786,25.7412,-10.4934,,999.492,-20.852,-5969.48,,-0.0381798,-12.5407,,-0.316025,-0.031278,fluid
787,23.9531,-57.7493,,999.977,-30.4257,-275.564,,-0.684797,-33.2005,,-0.162794,0.126125,fluid
788,25.7406,-10.4834,,999.484,-20.684,-6067.82,,-0.0196054,-12.5608,,-0.31754,-0.3691,fluid
789,24.7372,0.0585658,,1002.12,84.6135,25126,,0.590746,-0.54321,,0.748231,7.12844,fluid
790,25.8083,-10.5917,,999.99,9.15461,-120.323,,-0.556729,-12.7629,,-0.808901,1.50698,fluid
791,24.3945,-0.602202,,998.732,-285.501,-14873.8,,0.868959,-2.22385,,6.98582,5.29878,fluid
792,25.7976,-10.5064,,999.515,-23.5499,-5705.15,,-0.235819,-12.6941,,-1.96185,0.233928,fluid
793,23.7906,0.247589,,1002.25,74.9901,26615.9,,0.657872,-0.0460669,,2.33164,9.64378,fluid
794,22.0574,1.50131,,1001.36,55.2176,16088,,1.01127,0.3515,,1.67227,14.4628,fluid
795,22.6136,1.32767,,1001.43,56.1841,16887,,0.919194,0.52766,,1.76921,12.54,fluid
796,21.3701,2.12986,,1000.73,50.3162,8654.6,,1.37416,0.411385,,1.24723,9.6513,fluid
797,20.2552,2.44492,,1001.27,158.029,15042.1,,2.22509,0.916149,,0.253953,9.96683,fluid
798,8.17851,1.15276,,1001.06,497.687,12541.8,,3.84642,-1.66102,,2.94468,6.6076,fluid
799,14.7921,2.51217,,1001.09,375.762,12840.5,,4.84757,0.015282,,-5.92679,8.99086,fluid
800,13.702,0.944756,,1001.52,253.423,17977.1,,3.08323,0.0927719,,-4.78468,20.3533,fluid
801,19.8429,0.143856,,1003.04,36.5497,36130.6,,1.56299,0.167563,,-4.02242,13.2994,fluid
802,11.7046,-80.7244,,1008.97,0,108446,,-1.39476,-38.3662,,0,0,fluid
803,23.8443,-57.6631,,1000,-23.3176,47.8454,,-0.582145,-33.0124,,-0.0155828,-0.0116309,fluid
804,19.9751,-5.05744,,1020.93,0,262359,,1.90727,-7.29738,,0,0,fluid
805,20.9578,0.218302,,1003.19,64.4647,37888.3,,1.16637,0.00205169,,-0.320118,13.7381,fluid
806,21.2136,0.256432,,1003.04,62.5606,36089.6,,1.12439,0.128452,,0.539316,13.5813,fluid
807,23.8517,-57.5602,,1000,-22.9375,15.7221,,-0.567333,-32.9919,,0.0107073,-0.0315734,fluid
808,23.5188,-57.734,,999.991,-29.6061,-110.117,,-0.689251,-32.8515,,0.0999973,0.046909,fluid
809,25.2807,-10.1466,,999.531,24.2049,-5514.58,,0.926095,-10.9789,,5.66447,-4.66381,fluid
810,25.7001,-10.4951,,999.738,2.48958,-3079.69,,-0.0777339,-12.4201,,0.651613,0.339982,fluid
811,25.7478,-10.4786,,999.511,-17.3072,-5743.99,,-0.0101986,-12.6389,,-0.596176,-0.430202,fluid
812,24.1865,0.33745,,1002.53,108.813,29979.4,,0.42552,-0.152398,,2.97437,7.2917,fluid
813,25.7398,-1.57754,,998.744,-55.7726,-14732.2,,0.495678,-0.254467,,1.73113,6.0135,fluid
814,25.7749,-1.53941,,998.583,-98.9124,-16615.1,,-0.0706545,-0.459659,,0.206084,5.63183,fluid
815,23.1623,0.623204,,1002.01,65.8501,23789.4,,0.705731,-0.0622374,,0.866175,10.8849,fluid
816,22.3259,1.61476,,1001.18,51.0711,13966.3,,0.951758,0.115786,,1.64164,13.8575,fluid
817,21.5861,2.12695,,1000.85,62.5578,9994.86,,1.33159,0.458876,,1.60311,10.022,fluid
818,18.7842,2.56886,,1000.59,168.24,6910.13,,3.49325,-0.405508,,-2.49118,13.5432,fluid
819,19.5684,2.78322,,1000.41,147.029,4859.81,,3.1831,0.898812,,0.182805,12.1571,fluid
820,17.7699,2.19241,,1001.64,242.177,19439.8,,3.46432,-0.0585098,,-1.47742,14.9449,fluid
821,10.0596,2.24486,,1001.05,611.076,12411.9,,5.14162,-0.662715,,2.69749,9.73638,fluid
822,11.496,2.81878,,999.321,376.157,-7972.04,,4.09088,-0.298327,,0.971057,-8.27294,fluid
823,14.3422,1.92557,,1000.55,264.179,6476.53,,4.11607,-0.379907,,-9.08354,14.0185,fluid
824,12.9398,1.72003,,1000.33,316.683,3835.2,,3.73044,-1.41571,,-5.83906,22.5686,fluid
825,20.798,0.391077,,1002.89,57.6672,34268.6,,1.28619,0.124576,,-0.911601,13.9298,fluid
826,20.1297,0.31404,,1003.07,62.5513,36433.8,,1.52578,0.231127,,-2.63067,14.6461,fluid
827,20.9115,-148.785,,1000,-41.1344,2.81174,,-0.864889,-53.5761,,0.0227682,-0.00981195,fluid
828,23.6907,-57.5287,,1000,-23.4215,-5.65966,,-0.570665,-32.9414,,0.0103379,-0.0166631,fluid
829,21.3792,-149.102,,999.998,-42.9658,-27.1649,,-0.919548,-53.7548,,-0.0270086,0.016332,fluid
830,23.5829,-57.5439,,1000,-24.0599,-1.04088,,-0.584782,-32.9207,,0.0349203,0.0159217,fluid
831,22.9915,0.89293,,1001.85,73.0944,21861.8,,0.843366,-0.00820275,,1.72347,10.4971,fluid
832,22.9314,1.23871,,1001.55,66.6283,18288.1,,0.839204,0.373285,,2.00606,11.652,fluid
833,25.7809,-10.7328,,999.952,-16.0962,-565.867,,-1.05459,-12.7491,,-0.528988,3.08603,fluid
834,23.5874,0.25402,,1002.23,64.867,26440.5,,0.588166,-0.113413,,0.979277,10.9372,fluid
835,25.4466,-1.50748,,998.493,-81.4126,-17660,,1.50001,-0.710336,,17.2965,2.12292,fluid
836,24.5666,0.320782,,1002.23,77.1585,26482.7,,0.0833148,-0.372209,,1.54311,7.47165,fluid
837,25.4494,-1.49456,,998.628,-116.216,-16080.9,,0.174518,-0.184653,,19.6096,0.351639,fluid
838,25.9361,-10.9265,,1000.2,20.9999,2356.37,,-0.772397,-12.8126,,-0.390395,1.02794,fluid
839,23.8949,0.660889,,1002.18,90.6653,25866.7,,0.59259,-0.230939,,0.489234,10.5194,fluid
840,4.84571,2.01826,,1000.95,9.95231,11190.3,,-0.207367,-3.18206,,-6.12841,15.5672,fluid
841,20.624,2.59769,,1001.31,172.262,15473.2,,2.32266,1.72147,,1.34411,13.219,fluid
842,8.01517,1.72139,,1003.22,611.015,38247.3,,3.35201,-1.50929,,0.576447,8.63388,fluid
843,9.00434,-1.88121,,994.651,-188.549,-61966.4,,-2.9219,-0.0431078,,-10.482,18.9247,fluid
844,5.13008,-7.2088,,1000.54,-432.37,6310.89,,-2.43663,-8.87413,,0.494624,-0.395651,fluid
845,11.2233,0.823634,,1001.6,338.083,18952.2,,2.95245,-0.069093,,-0.285461,26.3456,fluid
846,10.8321,-0.737611,,996.874,-402.005,-36456.2,,0.635411,-2.66832,,-14.3802,11.7912,fluid
847,9.24844,1.6949,,1000.12,477.45,1462.4,,4.58576,-1.23488,,6.67814,6.37731,fluid
848,13.9233,1.55954,,1001.72,358.402,20319.6,,3.55161,-0.229042,,-8.98189,19.087,fluid
849,21.2432,-113.262,,964.603,0,-374961,,2.72729,-46.697,,0,0,fluid
850,23.8412,-57.5341,,1000,-22.5858,18.8799,,-0.559637,-32.9934,,0.0166573,-0.0344612,fluid
851,21.2037,-148.702,,999.994,-36.4583,-64.8086,,-0.765833,-53.6792,,-0.0300379,-0.0460096,fluid
852,23.6206,-57.3641,,999.955,-17.6286,-535.533,,-0.318297,-32.8532,,0.0834727,-0.329753,fluid
853,21.1517,-149.324,,999.987,-54.1838,-149.534,,-1.12176,-53.7058,,0.00859437,0.146545,fluid
854,21.2871,-149.487,,999.997,-49.6196,-35.9697,,-1.05724,-53.7459,,-0.0166949,0.0606824,fluid
855,22.8139,1.46931,,1001.26,50.3095,14945.8,,0.821921,0.41612,,1.78529,13.0376,fluid
856,19.3312,2.80204,,1000.37,147.766,4347.77,,3.28149,0.450604,,-1.42086,12.5133,fluid
857,25.8709,-1.43719,,998.279,-161.479,-20153.9,,-0.591394,-1.16861,,-5.31155,2.92731,fluid
858,24.7935,0.508884,,1001.85,48.1128,21887.7,,0.0774179,-0.37524,,0.604382,7.5673,fluid
859,25.1701,-0.175403,,1003.07,233.005,36516.1,,1.63171,-1.97555,,5.23121,2.09617,fluid
860,23.5673,0.674072,,1001.91,65.2547,22637.2,,0.676605,-0.0896643,,0.0981001,11.1566,fluid
861,23.1323,1.43143,,1001.4,61.4803,16503.2,,0.674934,0.319952,,1.83192,12.3359,fluid
862,26.0045,-1.51906,,999.225,-27.6623,-9101.03,,-0.276235,-0.772047,,-7.05248,0.897937,fluid
863,23.3814,1.00981,,1001.6,57.0734,18922.6,,0.645555,0.0359049,,1.1532,11.1808,fluid
864,21.8095,2.14566,,1000.92,71.0571,10874,,1.27703,0.497046,,1.77794,10.2393,fluid
865,15.8341,2.94886,,1000.32,263.726,3814.21,,4.54304,0.020352,,-1.74721,7.47949,fluid
866,8.53244,2.78507,,997.876,432.016,-24847.7,,5.43405,-3.10881,,8.96461,4.51094,fluid
867,7.69809,0.238521,,1002.28,633.014,26975.8,,3.5917,-0.354547,,-1.22057,10.1738,fluid
868,11.8568,0.0365363,,1003.45,176.673,41049.7,,1.82457,-0.301519,,-10.2932,33.223,fluid
869,4.02536,-22.8766,,1001.4,-859.075,16520.7,,-3.76024,-19.837,,-6.57614,-1.13945,fluid
870,12.3708,3.56788e-05,,1003.58,176.091,42614.3,,2.16215,-0.332639,,-4.03716,33.1336,fluid
871,13.9984,2.28561,,999.27,143.474,-8578.25,,3.79488,-0.183921,,-7.44452,8.76816,fluid
872,8.42176,2.92022,,1000.87,732.896,10247.8,,5.34622,-4.0492,,-1.75962,14.5799,fluid
873,23.6545,-57.5607,,999.998,-24.7843,-28.7087,,-0.597143,-32.9355,,0.0277165,-0.00345614,fluid
874,21.4138,-146.43,,983.774,0,-181964,,2.17972,-52.4553,,0,0,fluid
875,21.2359,-149.06,,1000,-41.1526,12.6931,,-0.882139,-53.6915,,-0.0112135,-0.00309914,fluid
876,21.2882,-148.777,,999.997,-37.776,-38.7029,,-0.802273,-53.7109,,-0.030992,-0.0195066,fluid
877,21.1233,-148.682,,999.993,-36.2909,-83.3649,,-0.755605,-53.6388,,-0.00626628,-0.0668642,fluid
878,21.0392,-148.682,,999.997,-37.7482,-39.3985,,-0.79141,-53.5988,,0.0215192,-0.0423365,fluid
879,7.66931,2.37701,,997.644,203.302,-27537.4,,3.56811,-1.65247,,5.20376,6.8544,fluid
880,8.97981,1.96965,,1002.26,604.763,26818.5,,4.17184,-1.7834,,6.64622,6.17749,fluid
881,19.1851,2.77081,,1000.41,151.679,4878.6,,3.29877,0.166185,,-1.96569,12.8987,fluid
882,21.2248,2.42079,,1001.29,132.548,15237.3,,1.66249,1.26942,,2.29984,12.6711,fluid
883,24.0489,1.05205,,1001.52,47.7981,17953,,0.456105,-0.114944,,0.0631359,11.6953,fluid
884,23.406,1.3272,,1001.26,42.4423,14900.4,,0.567907,0.283217,,1.63181,11.6186,fluid
885,21.0698,2.4996,,1001.3,142.435,15402.8,,1.81386,1.4924,,2.1481,13.6636,fluid
886,20.1885,2.71831,,1000.37,94.8168,4317.07,,2.43373,1.76268,,0.0207607,10.5618,fluid
887,24.2974,0.876232,,1002.05,86.0789,24323.2,,0.355062,-0.292539,,1.33618,10.2631,fluid
888,24.9499,0.795086,,1001.56,32.2129,18454,,0.0618392,-0.140565,,0.116228,8.78231,fluid
889,24.1516,0.583807,,1002.44,110.549,28924.1,,0.483586,-0.318447,,2.18508,8.93231,fluid
890,22.4243,1.83764,,1000.86,34.2486,10162.4,,0.889817,0.00834062,,1.39725,12.5093,fluid
891,9.66501,2.70993,,998.01,401.99,-23284.5,,5.70885,-1.10036,,-0.943018,0.856891,fluid
892,9.51166,0.373595,,1002.03,503.048,24052,,3.64827,-0.336661,,-6.40353,16.4696,fluid
893,10.3682,0.139077,,1002.4,370.531,28475.3,,2.90433,-0.370573,,-5.73245,15.9386,fluid
894,9.10481,3.00184,,999.788,570.501,-2494.26,,5.29958,-3.27061,,4.43758,2.29022,fluid
895,5.754,2.56658,,1001.3,298.658,15336.1,,1.4381,-4.44331,,-7.08774,15.9604,fluid
896,8.21067,43.0161,,951.196,0,-496923,,0.704642,-6.15114,,0,0,fluid
897,12.2318,2.22884,,999.37,264.058,-7407.73,,3.75314,-1.53661,,3.98064,7.31613,fluid
898,21.3712,-148.979,,999.999,-40.6117,-17.5689,,-0.870538,-53.7234,,-0.0171499,-0.0128784,fluid
899,20.9294,-148.746,,1000,-40.3486,-1.26854,,-0.848489,-53.5772,,0.0239593,-0.01314,fluid
900,20.9648,-149.021,,1000,-44.6423,-2.25486,,-0.940291,-53.623,,0.0165606,0.0131211,fluid
901,20.9441,-148.748,,1000,-40.5449,8.31855,,-0.855048,-53.5878,,0.0187791,-0.00909003,fluid
902,9.25226,3.01123,,999.715,580.2,-3352.73,,5.47163,-3.05878,,2.82044,0.545512,fluid
903,12.551,2.32578,,998.677,202.572,-15513.9,,4.14995,-1.71376,,-0.496174,-0.68461,fluid
904,23.6841,1.17458,,1001.24,30.8547,14603,,0.524986,0.121262,,0.66491,11.6937,fluid
905,23.4185,1.74459,,1001.3,61.1406,15374.2,,0.407496,0.0593279,,1.24849,11.2571,fluid
906,23.7747,2.03617,,1001.11,53.9814,13116.8,,0.35649,0.206414,,0.732701,11.192,fluid
907,23.5077,2.04831,,1001.14,52.3777,13522.2,,0.293279,0.310912,,0.698114,11.9099,fluid
908,23.8395,1.33759,,1000.79,-5.4094,9315.28,,0.438204,0.301165,,0.452777,11.5474,fluid
909,24.1326,1.42417,,1000.69,-12.1188,8122.44,,0.380973,0.196338,,-0.32682,11.2781,fluid
910,24.6098,1.78653,,1000.95,21.4142,11201.7,,0.150846,0.133687,,-0.502583,10.334,fluid
911,24.8348,1.53041,,1001.23,31.6578,14524,,0.00960336,0.0800151,,-0.217448,10.7635,fluid
912,24.5934,0.924895,,1001.95,74.4623,23049.2,,0.149065,-0.163293,,1.32879,9.74571,fluid
913,7.03923,1.10605,,1001.67,454.264,19788.6,,2.81365,-1.02081,,-3.83038,7.00024,fluid
914,24.7188,1.30975,,1001.45,45.2309,17107.6,,0.0926986,-0.108231,,0.17625,10.7408,fluid
915,7.10932,0.560356,,1002.05,648.633,24297.2,,3.69537,-0.891496,,-2.31938,11.2454,fluid
916,10.0423,2.73883,,999.228,536.048,-9065.33,,5.99807,-1.05321,,-3.03408,0.969761,fluid
917,5.28336,-22.4934,,999.976,-417.104,-278.434,,-2.22,-19.6113,,0.975202,-0.497847,fluid
918,13.0578,0.516701,,1002.37,197.089,28103.3,,2.63373,-7.70609e-05,,-3.85934,28.8394,fluid
919,18.2738,2.39845,,1001.05,200.942,12386.6,,3.5415,-0.253341,,-4.20018,14.6368,fluid
920,20.3018,2.99921,,1000.23,227.318,2751.8,,5.0959,0.937433,,-3.89915,13.9822,fluid
921,20.9042,-148.859,,1000,-42.4295,5.30196,,-0.892132,-53.5816,,0.0221476,-0.00599521,fluid
922,25.7038,-1.63129,,998.922,-19.2198,-12649.1,,0.799965,-0.216387,,3.42628,6.86206,fluid
923,14.1496,2.73939,,1000.74,434.678,8769.11,,5.7096,-0.253977,,-9.12143,5.85231,fluid
924,23.9176,2.21122,,1000.79,21.7686,9304.33,,0.253458,0.384129,,0.488013,12.3764,fluid
925,22.319,2.33826,,1000.9,57.053,10592.8,,0.72816,0.881247,,1.87043,12.4378,fluid
926,20.5136,2.68858,,1000.84,132.83,9900.59,,2.39175,1.8963,,0.889968,12.4013,fluid
927,20.0028,2.82707,,1000.02,75.9923,212.149,,2.4917,1.50455,,0.216727,9.35472,fluid
928,22.494,2.42772,,1000.65,29.4852,7657.44,,0.615602,0.908845,,1.85378,12.6885,fluid
929,18.3052,2.55295,,1000.68,145.706,8016.67,,3.02185,-0.446276,,-2.80344,16.0114,fluid
930,18.5433,2.56286,,1000.65,157.405,7609.32,,3.21658,-0.525891,,-2.6933,14.8186,fluid
931,13.6509,2.18767,,999.04,164.161,-11263.8,,4.20766,0.483265,,-7.9992,8.20254,fluid
932,23.1295,2.28366,,1000.76,29.4817,8984.98,,0.515733,0.596359,,1.21782,12.461,fluid
933,24.644,2.10857,,1000.94,32.5199,11070.8,,0.187989,0.302737,,-0.073416,11.7632,fluid
934,24.459,2.06152,,1000.94,33.2426,11142.6,,0.205552,0.235967,,0.0708822,11.2376,fluid
935,22.7494,2.23679,,1000.96,53.8368,11392.8,,0.611968,0.581295,,1.28836,12.0822,fluid
936,21.9459,2.37778,,1000.81,63.0871,9510.54,,1.06284,1.0619,,2.01271,12.0477,fluid
937,24.3932,1.27576,,1001.24,29.0807,14697.6,,0.276331,0.0400655,,-0.166319,11.5031,fluid
938,11.0579,2.7907,,999.146,479.129,-10031,,5.40027,-0.228794,,2.38288,-6.0435,fluid
939,10.8801,2.76189,,999.128,481.175,-10236.3,,5.46188,-0.170035,,5.30533,-4.43288,fluid
940,6.35754,1.80852,,1002.71,460.87,32207.1,,2.14026,-1.7227,,-4.96881,6.67252,fluid
941,7.47309,2.39466,,1002.23,796.497,26432,,4.41836,-4.20595,,0.443192,19.0243,fluid
942,6.76537,3.13511,,1002,740.565,23740.6,,4.38136,-5.57392,,-0.0917955,18.5584,fluid
943,18.7904,2.75908,,1000.55,199.895,6537.71,,3.95534,-0.200387,,-3.93336,14.9457,fluid
944,16.3642,3.15956,,1000.06,300.7,669.774,,5.53535,-0.0434768,,-0.490402,8.61497,fluid
945,14.1604,3.29156,,999.482,332.789,-6090.3,,5.40237,-0.540068,,1.19221,-1.07553,fluid
946,14.4308,3.44834,,999.711,426.716,-3397.06,,6.30757,-0.304859,,-2.7953,-0.957961,fluid
947,22.9666,2.26962,,1000.84,38.4414,9867.19,,0.548417,0.609996,,1.24685,12.3624,fluid
948,22.1017,2.66604,,1000.42,18.8951,4984.5,,0.765707,1.23205,,2.58377,12.6472,fluid
949,23.2304,2.55826,,1000.42,-3.51905,4927.7,,0.420789,0.680873,,1.22293,12.6988,fluid
950,23.6204,2.47774,,1000.45,-6.87425,5351.08,,0.319568,0.549363,,0.808892,12.8922,fluid
951,24.2223,2.37041,,1000.59,-0.618476,6953.2,,0.156029,0.43113,,0.290476,12.9895,fluid
952,22.6711,2.59746,,1000.42,4.40015,4916.86,,0.512465,0.909679,,1.82659,12.6729,fluid
953,19.9552,3.04297,,1000.2,116,2302.57,,2.71223,1.23532,,-0.532863,11.2813,fluid
954,20.9781,2.78147,,1000.51,74.1921,6018.44,,2.00022,1.92038,,2.46406,13.7164,fluid
955,21.4795,2.66698,,1000.61,57.2835,7185.94,,1.36701,1.58533,,3.17165,14.0813,fluid
956,21.7632,2.59897,,1000.58,45.0905,6853.2,,1.07641,1.36704,,2.89516,13.3042,fluid
957,17.8765,2.4671,,1000.77,149.154,9084.13,,3.12052,0.112432,,-1.38475,16.5361,fluid
958,11.6718,1.57557,,1000.57,419.265,6708.85,,3.84878,-0.101674,,0.462722,17.6358,fluid
959,24.0941,2.24647,,1000.74,17.1323,8742.71,,0.22844,0.379022,,0.448529,12.4483,fluid
960,24.3792,2.32161,,1000.68,9.4305,8029.73,,0.177555,0.399909,,0.259492,12.8179,fluid
961,10.9801,1.67545,,1000.04,393.015,491.202,,3.74127,-0.1272,,2.3775,14.6506,fluid
962,12.8152,2.09628,,998,131.146,-23408.7,,4.36902,-0.438705,,-3.64198,9.58616,fluid
963,15.4601,3.27774,,1000.1,389.449,1149.24,,6.3487,-0.601138,,-4.78052,6.70635,fluid
964,15.8822,3.28682,,1000.06,342.682,677.625,,5.98628,-0.342798,,-2.26828,6.82906,fluid
965,13.8871,3.27654,,999.816,392.381,-2161.23,,5.86278,-0.586658,,-0.106663,-1.03945,fluid
966,19.3458,2.8095,,1000.79,248.854,9363.81,,4.35147,0.461347,,-3.92665,15.8152,fluid
967,14.8383,3.58644,,1000.13,417.261,1539.19,,5.80343,-0.475593,,-2.87353,2.46769,fluid
968,12.9,2.92696,,998.979,287.32,-11984.2,,5.4698,-1.90958,,-0.953647,-13.8008,fluid
