h/dp :,2
L2norm Pressure,KE,dp,Nparticles
81903.2,1.36366e+07,0.5,720

t,7.17
ID,x,y,,rho,drhodt,pressure,,u,v,,du_rdt,du_zdt,Type
0,0.25,-0.25,,1004.3,0,51263.1,,0,0,,0,0,boundary
1,0.75,-0.25,,1004.06,0,48388.3,,0,0,,0,0,boundary
2,1.25,-0.25,,1003.51,0,41800,,0,0,,0,0,boundary
3,1.75,-0.25,,1002.93,0,34842.9,,0,0,,0,0,boundary
4,2.25,-0.25,,1003.05,0,36231.3,,0,0,,0,0,boundary
5,2.75,-0.25,,1004.69,0,56004,,0,0,,0,0,boundary
6,3.25,-0.25,,1006.8,0,81711.6,,0,0,,0,0,boundary
7,3.75,-0.25,,1008.14,0,98249.2,,0,0,,0,0,boundary
8,4.25,-0.25,,1007.13,0,85726.1,,0,0,,0,0,boundary
9,4.75,-0.25,,1005.29,0,63224.3,,0,0,,0,0,boundary
10,5.25,-0.25,,1006.46,0,77487.9,,0,0,,0,0,boundary
11,5.75,-0.25,,1005.77,0,69137.6,,0,0,,0,0,boundary
12,6.25,-0.25,,1005.36,0,64069.9,,0,0,,0,0,boundary
13,6.75,-0.25,,1004.66,0,55689.6,,0,0,,0,0,boundary
14,7.25,-0.25,,1003.83,0,45651.6,,0,0,,0,0,boundary
15,7.75,-0.25,,1003.46,0,41121.5,,0,0,,0,0,boundary
16,8.25,-0.25,,1003.45,0,41094.5,,0,0,,0,0,boundary
17,8.75,-0.25,,1003.41,0,40581.9,,0,0,,0,0,boundary
18,9.25,-0.25,,1003.38,0,40174.8,,0,0,,0,0,boundary
19,9.75,-0.25,,1003.28,0,38982.9,,0,0,,0,0,boundary
20,10.25,-0.25,,1002.98,0,35402.2,,0,0,,0,0,boundary
21,10.75,-0.25,,1002.85,0,33885.6,,0,0,,0,0,boundary
22,11.25,-0.25,,1002.74,0,32556.2,,0,0,,0,0,boundary
23,11.75,-0.25,,1002.5,0,29673.5,,0,0,,0,0,boundary
24,12.25,-0.25,,1002.15,0,25420.7,,0,0,,0,0,boundary
25,12.75,-0.25,,1001.9,0,22446.5,,0,0,,0,0,boundary
26,13.25,-0.25,,1001.83,0,21691.4,,0,0,,0,0,boundary
27,13.75,-0.25,,1001.74,0,20559,,0,0,,0,0,boundary
28,14.25,-0.25,,1001.61,0,19085.7,,0,0,,0,0,boundary
29,14.75,-0.25,,1001.62,0,19217.9,,0,0,,0,0,boundary
30,15.25,-0.25,,1001.72,0,20374.5,,0,0,,0,0,boundary
31,15.75,-0.25,,1001.78,0,21098.5,,0,0,,0,0,boundary
32,16.25,-0.25,,1001.81,0,21470.6,,0,0,,0,0,boundary
33,16.75,-0.25,,1001.79,0,21216,,0,0,,0,0,boundary
34,17.25,-0.25,,1001.75,0,20654.2,,0,0,,0,0,boundary
35,17.75,-0.25,,1001.7,0,20124,,0,0,,0,0,boundary
36,18.25,-0.25,,1001.67,0,19703,,0,0,,0,0,boundary
37,18.75,-0.25,,1001.65,0,19540.9,,0,0,,0,0,boundary
38,19.25,-0.25,,1001.65,0,19512.5,,0,0,,0,0,boundary
39,19.75,-0.25,,1001.65,0,19564,,0,0,,0,0,boundary
40,20.25,-0.25,,1001.67,0,19793,,0,0,,0,0,boundary
41,20.75,-0.25,,1001.69,0,20046.2,,0,0,,0,0,boundary
42,21.25,-0.25,,1001.7,0,20157,,0,0,,0,0,boundary
43,21.75,-0.25,,1001.68,0,19876.6,,0,0,,0,0,boundary
44,22.25,-0.25,,1001.62,0,19214.9,,0,0,,0,0,boundary
45,22.75,-0.25,,1001.58,0,18701.8,,0,0,,0,0,boundary
46,23.25,-0.25,,1001.56,0,18472.1,,0,0,,0,0,boundary
47,23.75,-0.25,,1001.67,0,19746.4,,0,0,,0,0,boundary
48,24.25,-0.25,,1001.86,0,21995.7,,0,0,,0,0,boundary
49,24.75,-0.25,,1001.56,0,18392.2,,0,0,,0,0,boundary
50,0.25,-0.75,,1005.04,0,60250.1,,0,0,,0,0,boundary
51,0.75,-0.75,,1004.81,0,57446.1,,0,0,,0,0,boundary
52,1.25,-0.75,,1004.06,0,48364.4,,0,0,,0,0,boundary
53,1.75,-0.75,,1003.09,0,36659.5,,0,0,,0,0,boundary
54,2.25,-0.75,,1002.62,0,31080.4,,0,0,,0,0,boundary
55,2.75,-0.75,,1003.85,0,45810.9,,0,0,,0,0,boundary
56,3.25,-0.75,,1006.73,0,80815.3,,0,0,,0,0,boundary
57,3.75,-0.75,,1012.51,0,152908,,0,0,,0,0,boundary
58,4.25,-0.75,,1012.39,0,151403,,0,0,,0,0,boundary
59,4.75,-0.75,,1010.25,0,124443,,0,0,,0,0,boundary
60,5.25,-0.75,,1007.08,0,85085.1,,0,0,,0,0,boundary
61,5.75,-0.75,,1005.84,0,70025.2,,0,0,,0,0,boundary
62,6.25,-0.75,,1004.89,0,58388.6,,0,0,,0,0,boundary
63,6.75,-0.75,,1004,0,47659.7,,0,0,,0,0,boundary
64,7.25,-0.75,,1003.33,0,39642.2,,0,0,,0,0,boundary
65,7.75,-0.75,,1002.6,0,30881.6,,0,0,,0,0,boundary
66,8.25,-0.75,,1002.33,0,27662.3,,0,0,,0,0,boundary
67,8.75,-0.75,,1002.4,0,28455.3,,0,0,,0,0,boundary
68,9.25,-0.75,,1002.38,0,28265,,0,0,,0,0,boundary
69,9.75,-0.75,,1001.87,0,22196.2,,0,0,,0,0,boundary
70,10.25,-0.75,,1001.64,0,19381,,0,0,,0,0,boundary
71,10.75,-0.75,,1001.79,0,21200.2,,0,0,,0,0,boundary
72,11.25,-0.75,,1002.28,0,27081,,0,0,,0,0,boundary
73,11.75,-0.75,,1002.83,0,33541.4,,0,0,,0,0,boundary
74,12.25,-0.75,,1003.05,0,36175.6,,0,0,,0,0,boundary
75,12.75,-0.75,,1002.86,0,33947.8,,0,0,,0,0,boundary
76,13.25,-0.75,,1002.61,0,30973.9,,0,0,,0,0,boundary
77,13.75,-0.75,,1002.54,0,30081.8,,0,0,,0,0,boundary
78,14.25,-0.75,,1002.53,0,30025.5,,0,0,,0,0,boundary
79,14.75,-0.75,,1002.45,0,29018.6,,0,0,,0,0,boundary
80,15.25,-0.75,,1002.31,0,27398.2,,0,0,,0,0,boundary
81,15.75,-0.75,,1002.22,0,26290.5,,0,0,,0,0,boundary
82,16.25,-0.75,,1002.2,0,26096.1,,0,0,,0,0,boundary
83,16.75,-0.75,,1002.21,0,26248.1,,0,0,,0,0,boundary
84,17.25,-0.75,,1002.21,0,26196.6,,0,0,,0,0,boundary
85,17.75,-0.75,,1002.19,0,25905,,0,0,,0,0,boundary
86,18.25,-0.75,,1002.17,0,25710.5,,0,0,,0,0,boundary
87,18.75,-0.75,,1002.17,0,25755.2,,0,0,,0,0,boundary
88,19.25,-0.75,,1002.18,0,25846.3,,0,0,,0,0,boundary
89,19.75,-0.75,,1002.18,0,25797.4,,0,0,,0,0,boundary
90,20.25,-0.75,,1002.17,0,25695.2,,0,0,,0,0,boundary
91,20.75,-0.75,,1002.15,0,25469.8,,0,0,,0,0,boundary
92,21.25,-0.75,,1002.12,0,25125.4,,0,0,,0,0,boundary
93,21.75,-0.75,,1002.08,0,24678.9,,0,0,,0,0,boundary
94,22.25,-0.75,,1002.03,0,24086.2,,0,0,,0,0,boundary
95,22.75,-0.75,,1001.97,0,23273.2,,0,0,,0,0,boundary
96,23.25,-0.75,,1001.86,0,22025.2,,0,0,,0,0,boundary
97,23.75,-0.75,,1001.84,0,21794.6,,0,0,,0,0,boundary
98,24.25,-0.75,,1002,0,23739.1,,0,0,,0,0,boundary
99,24.75,-0.75,,1002.02,0,23982.5,,0,0,,0,0,boundary
100,0.25,-1.25,,1005.72,0,68442.5,,0,0,,0,0,boundary
101,0.75,-1.25,,1005.6,0,66982.7,,0,0,,0,0,boundary
102,1.25,-1.25,,1004.83,0,57739.3,,0,0,,0,0,boundary
103,1.75,-1.25,,1003.67,0,43628.2,,0,0,,0,0,boundary
104,2.25,-1.25,,1002.11,0,25054.7,,0,0,,0,0,boundary
105,2.75,-1.25,,1002.67,0,31690.3,,0,0,,0,0,boundary
106,3.25,-1.25,,1005.83,0,69883.5,,0,0,,0,0,boundary
107,3.75,-1.25,,1011.46,0,139640,,0,0,,0,0,boundary
108,4.25,-1.25,,1011.92,0,145503,,0,0,,0,0,boundary
109,4.75,-1.25,,1010,0,121342,,0,0,,0,0,boundary
110,5.25,-1.25,,1007.09,0,85299.2,,0,0,,0,0,boundary
111,5.75,-1.25,,1005.56,0,66529.1,,0,0,,0,0,boundary
112,6.25,-1.25,,1004.32,0,51490.3,,0,0,,0,0,boundary
113,6.75,-1.25,,1003.22,0,38260.7,,0,0,,0,0,boundary
114,7.25,-1.25,,1002.91,0,34514,,0,0,,0,0,boundary
115,7.75,-1.25,,1003.02,0,35848.7,,0,0,,0,0,boundary
116,8.25,-1.25,,1002.72,0,32238.1,,0,0,,0,0,boundary
117,8.75,-1.25,,1002.26,0,26784.5,,0,0,,0,0,boundary
118,9.25,-1.25,,1001.67,0,19790.3,,0,0,,0,0,boundary
119,9.75,-1.25,,1001.17,0,13768.5,,0,0,,0,0,boundary
120,10.25,-1.25,,1001.53,0,18100.1,,0,0,,0,0,boundary
121,10.75,-1.25,,1002.4,0,28436.3,,0,0,,0,0,boundary
122,11.25,-1.25,,1003.06,0,36328.2,,0,0,,0,0,boundary
123,11.75,-1.25,,1003.41,0,40560.6,,0,0,,0,0,boundary
124,12.25,-1.25,,1003.46,0,41204.1,,0,0,,0,0,boundary
125,12.75,-1.25,,1003.24,0,38480.4,,0,0,,0,0,boundary
126,13.25,-1.25,,1003,0,35580.7,,0,0,,0,0,boundary
127,13.75,-1.25,,1002.93,0,34760.3,,0,0,,0,0,boundary
128,14.25,-1.25,,1002.91,0,34612.1,,0,0,,0,0,boundary
129,14.75,-1.25,,1002.83,0,33610.6,,0,0,,0,0,boundary
130,15.25,-1.25,,1002.73,0,32434.6,,0,0,,0,0,boundary
131,15.75,-1.25,,1002.7,0,32040.2,,0,0,,0,0,boundary
132,16.25,-1.25,,1002.72,0,32257.8,,0,0,,0,0,boundary
133,16.75,-1.25,,1002.76,0,32773.9,,0,0,,0,0,boundary
134,17.25,-1.25,,1002.8,0,33194.1,,0,0,,0,0,boundary
135,17.75,-1.25,,1002.8,0,33273.8,,0,0,,0,0,boundary
136,18.25,-1.25,,1002.81,0,33324.3,,0,0,,0,0,boundary
137,18.75,-1.25,,1002.78,0,33014.4,,0,0,,0,0,boundary
138,19.25,-1.25,,1002.74,0,32510.6,,0,0,,0,0,boundary
139,19.75,-1.25,,1002.7,0,31986.8,,0,0,,0,0,boundary
140,20.25,-1.25,,1002.63,0,31206.3,,0,0,,0,0,boundary
141,20.75,-1.25,,1002.53,0,30005.9,,0,0,,0,0,boundary
142,21.25,-1.25,,1002.44,0,28901.3,,0,0,,0,0,boundary
143,21.75,-1.25,,1002.36,0,27934.8,,0,0,,0,0,boundary
144,22.25,-1.25,,1002.29,0,27181.3,,0,0,,0,0,boundary
145,22.75,-1.25,,1002.25,0,26642.2,,0,0,,0,0,boundary
146,23.25,-1.25,,1002.16,0,25553.7,,0,0,,0,0,boundary
147,23.75,-1.25,,1002.02,0,23906,,0,0,,0,0,boundary
148,24.25,-1.25,,1002,0,23669.3,,0,0,,0,0,boundary
149,24.75,-1.25,,1001.95,0,23076,,0,0,,0,0,boundary
150,25.25,-1.25,,1000,0,0,,0,0,,0,0,boundary
151,25.25,-0.75,,1000,0,0,,0,0,,0,0,boundary
152,25.25,-0.25,,1001.04,0,12284.3,,0,0,,0,0,boundary
153,25.25,0.25,,1001.03,0,12111.8,,0,0,,0,0,boundary
154,25.25,0.75,,1000.83,0,9812.23,,0,0,,0,0,boundary
155,25.25,1.25,,1000.56,0,6624.89,,0,0,,0,0,boundary
156,25.25,1.75,,1000.44,0,5179.21,,0,0,,0,0,boundary
157,25.25,2.25,,1000.43,0,5039.44,,0,0,,0,0,boundary
158,25.25,2.75,,1000.36,0,4222.38,,0,0,,0,0,boundary
159,25.25,3.25,,1000.28,0,3272.31,,0,0,,0,0,boundary
160,25.25,3.75,,1000.2,0,2306.89,,0,0,,0,0,boundary
161,25.25,4.25,,1000,0,0,,0,0,,0,0,boundary
162,25.25,4.75,,1000,0,0,,0,0,,0,0,boundary
163,25.25,5.25,,1000,0,0,,0,0,,0,0,boundary
164,25.25,5.75,,1000,0,0,,0,0,,0,0,boundary
165,25.25,6.25,,1000,0,0,,0,0,,0,0,boundary
166,25.25,6.75,,1000,0,0,,0,0,,0,0,boundary
167,25.25,7.25,,1000,0,0,,0,0,,0,0,boundary
168,25.25,7.75,,1000,0,0,,0,0,,0,0,boundary
169,25.25,8.25,,1000,0,0,,0,0,,0,0,boundary
170,25.25,8.75,,1000,0,0,,0,0,,0,0,boundary
171,25.25,9.25,,1000,0,0,,0,0,,0,0,boundary
172,25.25,9.75,,1000,0,0,,0,0,,0,0,boundary
173,25.25,10.25,,1000,0,0,,0,0,,0,0,boundary
174,25.25,10.75,,1000,0,0,,0,0,,0,0,boundary
175,25.25,11.25,,1000,0,0,,0,0,,0,0,boundary
176,25.25,11.75,,1000,0,0,,0,0,,0,0,boundary
177,25.25,12.25,,1000,0,0,,0,0,,0,0,boundary
178,25.25,12.75,,1000,0,0,,0,0,,0,0,boundary
179,25.25,13.25,,1000,0,0,,0,0,,0,0,boundary
180,25.25,13.75,,1000,0,0,,0,0,,0,0,boundary
181,25.25,14.25,,1000,0,0,,0,0,,0,0,boundary
182,25.25,14.75,,1000,0,0,,0,0,,0,0,boundary
183,25.75,-1.25,,1000,0,0,,0,0,,0,0,boundary
184,25.75,-0.75,,1000.95,0,11256.6,,0,0,,0,0,boundary
185,25.75,-0.25,,1001.32,0,15571.4,,0,0,,0,0,boundary
186,25.75,0.25,,1001.66,0,19647.5,,0,0,,0,0,boundary
187,25.75,0.75,,1001.1,0,13045.2,,0,0,,0,0,boundary
188,25.75,1.25,,1000.7,0,8290.15,,0,0,,0,0,boundary
189,25.75,1.75,,1000.48,0,5645.04,,0,0,,0,0,boundary
190,25.75,2.25,,1000.17,0,2023.11,,0,0,,0,0,boundary
191,25.75,2.75,,1000.31,0,3640.73,,0,0,,0,0,boundary
192,25.75,3.25,,1000.24,0,2821.3,,0,0,,0,0,boundary
193,25.75,3.75,,1000.19,0,2216.5,,0,0,,0,0,boundary
194,25.75,4.25,,1000,0,0,,0,0,,0,0,boundary
195,25.75,4.75,,1000,0,0,,0,0,,0,0,boundary
196,25.75,5.25,,1000,0,0,,0,0,,0,0,boundary
197,25.75,5.75,,1000,0,0,,0,0,,0,0,boundary
198,25.75,6.25,,1000,0,0,,0,0,,0,0,boundary
199,25.75,6.75,,1000,0,0,,0,0,,0,0,boundary
200,25.75,7.25,,1000,0,0,,0,0,,0,0,boundary
201,25.75,7.75,,1000,0,0,,0,0,,0,0,boundary
202,25.75,8.25,,1000,0,0,,0,0,,0,0,boundary
203,25.75,8.75,,1000,0,0,,0,0,,0,0,boundary
204,25.75,9.25,,1000,0,0,,0,0,,0,0,boundary
205,25.75,9.75,,1000,0,0,,0,0,,0,0,boundary
206,25.75,10.25,,1000,0,0,,0,0,,0,0,boundary
207,25.75,10.75,,1000,0,0,,0,0,,0,0,boundary
208,25.75,11.25,,1000,0,0,,0,0,,0,0,boundary
209,25.75,11.75,,1000,0,0,,0,0,,0,0,boundary
210,25.75,12.25,,1000,0,0,,0,0,,0,0,boundary
211,25.75,12.75,,1000,0,0,,0,0,,0,0,boundary
212,25.75,13.25,,1000,0,0,,0,0,,0,0,boundary
213,25.75,13.75,,1000,0,0,,0,0,,0,0,boundary
214,25.75,14.25,,1000,0,0,,0,0,,0,0,boundary
215,25.75,14.75,,1000,0,0,,0,0,,0,0,boundary
216,26.25,-1.25,,1000.97,0,11503.1,,0,0,,0,0,boundary
217,26.25,-0.75,,1001.4,0,16538.2,,0,0,,0,0,boundary
218,26.25,-0.25,,1001.28,0,15160.3,,0,0,,0,0,boundary
219,26.25,0.25,,1001.49,0,17643.7,,0,0,,0,0,boundary
220,26.25,0.75,,1000.94,0,11147.3,,0,0,,0,0,boundary
221,26.25,1.25,,1000.68,0,7997.67,,0,0,,0,0,boundary
222,26.25,1.75,,1000.48,0,5678.29,,0,0,,0,0,boundary
223,26.25,2.25,,1000.15,0,1730.47,,0,0,,0,0,boundary
224,26.25,2.75,,1000.28,0,3351.63,,0,0,,0,0,boundary
225,26.25,3.25,,1000.22,0,2647.39,,0,0,,0,0,boundary
226,26.25,3.75,,1000.19,0,2256.82,,0,0,,0,0,boundary
227,26.25,4.25,,1000,0,0,,0,0,,0,0,boundary
228,26.25,4.75,,1000,0,0,,0,0,,0,0,boundary
229,26.25,5.25,,1000,0,0,,0,0,,0,0,boundary
230,26.25,5.75,,1000,0,0,,0,0,,0,0,boundary
231,26.25,6.25,,1000,0,0,,0,0,,0,0,boundary
232,26.25,6.75,,1000,0,0,,0,0,,0,0,boundary
233,26.25,7.25,,1000,0,0,,0,0,,0,0,boundary
234,26.25,7.75,,1000,0,0,,0,0,,0,0,boundary
235,26.25,8.25,,1000,0,0,,0,0,,0,0,boundary
236,26.25,8.75,,1000,0,0,,0,0,,0,0,boundary
237,26.25,9.25,,1000,0,0,,0,0,,0,0,boundary
238,26.25,9.75,,1000,0,0,,0,0,,0,0,boundary
239,26.25,10.25,,1000,0,0,,0,0,,0,0,boundary
240,26.25,10.75,,1000,0,0,,0,0,,0,0,boundary
241,26.25,11.25,,1000,0,0,,0,0,,0,0,boundary
242,26.25,11.75,,1000,0,0,,0,0,,0,0,boundary
243,26.25,12.25,,1000,0,0,,0,0,,0,0,boundary
244,26.25,12.75,,1000,0,0,,0,0,,0,0,boundary
245,26.25,13.25,,1000,0,0,,0,0,,0,0,boundary
246,26.25,13.75,,1000,0,0,,0,0,,0,0,boundary
247,26.25,14.25,,1000,0,0,,0,0,,0,0,boundary
248,26.25,14.75,,1000,0,0,,0,0,,0,0,boundary
249,0.297371,1.81819,,1002.36,160.303,27955.1,,0.0568455,-0.473047,,-93.477,6.65717,fluid
250,0.297668,1.92191,,1002.28,144.8,27018.7,,0.0547602,-0.675993,,-90.1508,10.2451,fluid
251,0.25,-31.7558,,999.7,-29.0399,-3525.22,,0,-27.7644,,-0.487556,-0.191146,fluid
252,0.280199,-34.4494,,999.992,35.8935,-90.4161,,0.0112623,-28.3549,,0.225359,0.0322972,fluid
253,0.296553,-53.7672,,1000.01,-9.32367,119.905,,-0.0112196,-38.5329,,0.679775,0.250949,fluid
254,0.314451,-46.2199,,1000.05,1.29051,622.412,,-0.0035082,-31.8198,,0.00255723,-0.000934059,fluid
255,0.401242,-42.1335,,1000,10.6504,19.1519,,0.00199368,-31.6458,,-0.116894,-0.0518288,fluid
256,0.337191,-55.3789,,1000.46,-10.7719,5451.65,,0.00223265,-39.6494,,0.00579993,-0.0508658,fluid
257,0.295834,-40.6716,,1000,-18.7529,57.5233,,-0.00573994,-31.4976,,0.00546184,0.00235668,fluid
258,0.362637,-32.5276,,1000.45,-35.168,5343.43,,-0.012962,-27.9873,,0.426382,-0.838707,fluid
259,0.513617,0.462329,,1003.96,-104.372,47127.7,,-0.074518,0.494831,,-90.6759,15.4322,fluid
260,0.464464,0.216732,,1003.9,-119.186,46423.7,,-0.0494221,0.124575,,-100.472,17.1936,fluid
261,0.393059,0.756779,,1003.59,151.817,42776.7,,0.0532163,0.171099,,-107.335,12.6495,fluid
262,0.434381,1.45063,,1002.78,154.824,32958,,0.049442,-0.594901,,-75.7833,0.75557,fluid
263,0.336728,2.27258,,1002.19,151.847,25935.2,,0.127021,-0.987596,,-73.639,13.8173,fluid
264,0.279281,4.5289,,1001.3,150.065,15360.3,,0.060225,-2.31343,,-54.9131,1.55606,fluid
265,0.275001,4.78201,,1001.27,20.6094,14958.1,,0.0180176,-1.89736,,-54.917,4.44323,fluid
266,0.25,6.62258,,999.557,-165.453,-5209.13,,0,-1.30979,,-36.6713,3.68747,fluid
267,0.300637,8.04116,,1000.28,377.877,3280.82,,0.10528,-2.26281,,-10.9368,1.0955,fluid
268,0.274712,7.76702,,1000.37,288.394,4325.85,,0.0697482,-2.39321,,-15.5649,1.80495,fluid
269,0.339094,8.33447,,1000.18,306.337,2139.81,,0.0999125,-2.96205,,-6.77306,2.66925,fluid
270,0.328587,9.39194,,1000.1,209.068,1164.85,,0.0693544,-3.51879,,-3.2021,0.797509,fluid
271,0.333334,8.88913,,1000.12,305.182,1364.58,,0.105696,-3.26956,,-3.73074,1.07848,fluid
272,0.314475,8.82635,,1000.11,312.543,1278.37,,0.101924,-3.20114,,-4.08694,1.1289,fluid
273,0.569216,-34.6192,,999.983,36.1967,-198.177,,0.0196707,-27.9153,,0.202002,-0.0695216,fluid
274,0.537078,22.8477,,1000.06,-25.6135,664.698,,-0.035197,3.12783,,0.176524,0.293383,fluid
275,0.533601,-42.0824,,999.998,-3.89419,-26.3129,,-0.00180705,-31.9352,,0.0475058,0.0143343,fluid
276,0.537798,-44.3459,,1000,0.241564,25.9034,,0.000201157,-33.3334,,3.70784e-05,0.000311106,fluid
277,1.35239,0.448921,,1003.16,-133.222,37551.8,,-0.201281,-0.0527392,,-26.1623,6.08113,fluid
278,1.17429,1.48257,,1002.39,449.557,28324.9,,0.517818,0.571217,,-21.9389,7.83262,fluid
279,0.830816,-36.3309,,1000.01,-26.5618,64.6903,,-0.0220593,-28.8282,,0.00232837,0.00935268,fluid
280,1.18524,-34.6035,,999.894,-112.107,-1251.77,,-0.12984,-29.2005,,0.92095,-0.624182,fluid
281,2.04408,0.500303,,1002.2,118.184,26031.6,,0.363297,-1.51141,,-8.69525,1.97501,fluid
282,0.780218,5.14982,,1001.58,29.8479,18693.6,,-0.0050702,-2.42406,,-23.9949,3.52515,fluid
283,0.881412,6.6394,,1000.81,108.836,9553.39,,0.0982125,-1.60456,,-10.6845,3.0506,fluid
284,0.598242,3.79951,,1001.7,428.258,20132.2,,0.236902,-0.991299,,-30.8295,-0.949252,fluid
285,1.25125,-0.104148,,1003.43,-97.1311,40823,,-0.115825,0.315139,,-24.291,8.6707,fluid
286,0.719932,-6.44789,,1000.21,-0.881325,2521.33,,0.0191228,-15.2551,,0,0,fluid
287,0.782513,-8.59473,,1000.25,-0.276303,2921.58,,0.0128075,-15.9201,,0,0,fluid
288,0.807659,-13.4439,,1000.09,-102.929,1018.37,,-0.0465245,-20.6824,,-2.36878,-2.65906,fluid
289,0.970163,0.696518,,1003.78,-144.292,45006.1,,-0.203549,0.258943,,-42.8837,11.4055,fluid
290,1.07071,7.51938,,1000.79,876.965,9298.65,,0.898993,-3.6278,,-7.62771,2.43676,fluid
291,1.22289,7.71366,,1000.48,444.836,5621.45,,0.522601,-4.07394,,-2.31301,3.79484,fluid
292,0.548232,6.27262,,1001.06,-289.861,12511.2,,-0.174673,-2.02316,,-22.7542,1.78491,fluid
293,0.761995,1.71418,,1002.27,530.822,26907.6,,0.39654,0.452935,,-35.5574,5.93839,fluid
294,0.859987,1.30421,,1003.08,440.599,36586.5,,0.3313,0.501146,,-40.6036,3.34231,fluid
295,0.839548,0.40993,,1003.82,-227.043,45496.8,,-0.222854,0.576912,,-52.54,10.9325,fluid
296,0.437878,3.07659,,1001.96,-160.537,23230.1,,-0.0859153,-0.77903,,-50.5563,9.13752,fluid
297,0.68464,-50.0466,,1000.12,-29.534,1357.76,,-0.0354978,-36.6025,,0.00290946,-0.0524955,fluid
298,0.773833,-48.6095,,1000.01,-36.7699,94.5815,,-0.0258208,-35.6701,,0.00472494,0.0525162,fluid
299,1.36256,-29.7617,,1001.32,0,15640.8,,-0.174668,-26.5666,,0,0,fluid
300,0.815501,45.8434,,1038.05,90.5464,502400,,-4.10682,17.436,,0.115618,0,fluid
301,2.35891,7.25667,,1000.21,346.563,2531.14,,0.814182,-3.06939,,-0.162311,4.2498,fluid
302,2.01082,1.42732,,1002.35,-309.026,27837.3,,-0.567468,0.151981,,-13.5154,11.2674,fluid
303,2.28706,0.550168,,1002.22,161.949,26320.5,,0.561206,-1.06127,,-7.83444,1.55358,fluid
304,1.85219,0.728533,,1001.94,-128.137,23019.5,,-0.0920375,-0.811764,,-13.2285,6.71616,fluid
305,1.62809,0.588336,,1002.64,-73.2969,31351,,-0.0983615,-0.681995,,-18.6074,6.85445,fluid
306,1.9383,2.03511,,1002.13,146.896,25264,,0.314503,1.22092,,-8.43203,10.4699,fluid
307,2.3158,1.45876,,1003.33,-313.906,39561.4,,-0.73402,-0.362858,,-17.526,7.53847,fluid
308,2.37631,0.992855,,1002.27,-151.948,26935.6,,-0.122357,-1.85562,,-11.5806,3.9892,fluid
309,2.30857,0.526867,,1002.42,189.072,28680,,0.585805,-1.57998,,-6.87625,2.02732,fluid
310,2.13424,0.374749,,1002.5,249.193,29692,,0.610387,-1.47143,,-7.41602,0.489592,fluid
311,0.973726,-1.86497,,1004.9,-5488.03,58574.6,,-5.40277,-9.17384,,-9.22564,-65.6948,fluid
312,1.00007,4.57487,,1001.11,409.087,13140.3,,0.438571,-2.81818,,-13.5762,3.53432,fluid
313,1.00328,2.7655,,1002.09,312.527,24787.3,,0.275951,-1.28242,,-24.865,8.15963,fluid
314,0.961846,5.2409,,1001.31,-42.4295,15518.5,,-0.0418792,-2.34887,,-17.5764,2.58999,fluid
315,0.979404,5.73081,,1001.22,-98.967,14432.4,,-0.102166,-2.17816,,-16.3702,4.65029,fluid
316,1.01875,2.27546,,1001.85,609.017,21884.3,,0.607438,-1.29818,,-21.6796,6.86721,fluid
317,1.63459,0.352317,,1002.55,122.548,30275.1,,0.256366,0.423689,,-16.7729,-0.965374,fluid
318,0.973553,7.06697,,1000.98,889.599,11601,,0.832996,-2.12232,,-10.1178,1.43847,fluid
319,0.853757,9.86697,,1000.08,-102.233,975.798,,-0.0902105,-3.43363,,-0.799431,0.359885,fluid
320,1.2227,1.16161,,1003,109.173,35682.1,,0.0845427,0.735653,,-25.2812,6.12434,fluid
321,1.48592,-33.6507,,1000.05,-99.4697,566.898,,-0.15024,-27.5388,,0.0110486,-0.0321205,fluid
322,1.35885,-37.6115,,1000,-16.64,56.8278,,-0.0220428,-29.5347,,0.000935943,-0.00226986,fluid
323,1.81437,1.22982,,1002.09,-296.067,24733.6,,-0.458427,-0.0277108,,-14.575,9.68156,fluid
324,1.37743,2.46321,,1001.21,589.117,14259.4,,0.905191,-0.378574,,-11.4932,2.34669,fluid
325,1.96801,7.43211,,999.964,319.34,-423.451,,0.67775,-3.87698,,-0.687739,3.60004,fluid
326,1.24274,8.4252,,1000.11,27.6434,1331.67,,0.0372488,-4.08428,,0.142157,2.4269,fluid
327,1.24593,6.2515,,1000.91,184.417,10785.2,,0.244954,-2.61151,,-5.19507,4.58651,fluid
328,1.59414,5.46539,,1001.39,46.1316,16455.1,,0.0806498,-1.94712,,-11.38,8.34389,fluid
329,1.98656,2.30463,,1002.28,247.53,27002.2,,0.526465,1.94077,,-6.4709,6.84717,fluid
330,2.50532,6.81283,,1000.85,833.686,10003.4,,1.97218,-2.82885,,-0.154505,0.7268,fluid
331,2.61671,7.04468,,1000.44,602.714,5229.42,,1.53824,-2.46832,,1.17699,2.80698,fluid
332,2.65948,7.42108,,1000.2,313.354,2322.73,,0.827527,-2.87699,,0.227574,4.76692,fluid
333,2.70263,7.38259,,1000.25,344.23,2930.4,,0.912227,-2.89464,,0.768854,5.11291,fluid
334,1.95695,7.36784,,999.836,276.834,-1931.99,,0.61769,-3.88536,,-0.297545,3.46984,fluid
335,1.0302,10.0579,,1000.04,-69.1597,518.664,,-0.0715723,-3.55844,,-0.112295,0.426192,fluid
336,1.37277,8.07974,,1000.14,142.136,1685.42,,0.201896,-4.1989,,0.807597,3.37186,fluid
337,1.60767,7.68807,,1000.21,369.494,2454.29,,0.599539,-4.22064,,0.552423,4.27556,fluid
338,1.25087,8.5375,,1000.1,-11.5464,1179.32,,-0.0121975,-3.99578,,0.243226,2.29901,fluid
339,0.930707,4.1502,,1001.21,576.978,14257.9,,0.561422,-1.42381,,-15.2271,-0.947465,fluid
340,2.24146,7.31776,,1000.06,304.066,718.451,,0.710009,-3.36955,,-0.755091,3.93045,fluid
341,0.724313,16.4625,,1000,-3.45049,30.1549,,-0.00253785,0.486956,,-0.000341297,0.00178351,fluid
342,2.39119,7.04458,,1000.69,583.345,8089.34,,1.29841,-2.73052,,-0.423552,1.34437,fluid
343,1.4943,6.61481,,1001.19,288.988,14109.4,,0.371283,-3.32307,,-1.12446,2.76974,fluid
344,1.61923,7.61177,,1000.19,387.969,2269.02,,0.639828,-4.21828,,0.286061,4.06672,fluid
345,1.52213,-53.3525,,999.8,-1.70971,-2347.19,,-0.0146692,-38.3648,,-0.0749721,-0.0252786,fluid
346,1.99846,5.14177,,1002.05,405.75,24223.3,,0.834055,0.274848,,-10.1027,8.47757,fluid
347,1.60562,3.99714,,1002.53,4.38929,29958.5,,0.0152695,0.229336,,-16.4003,1.40502,fluid
348,1.28313,3.12806,,1002.03,227.7,24062.3,,0.295432,-1.48322,,-18.387,10.9836,fluid
349,1.48619,-12.6825,,1001.24,-63.2787,14642.2,,0.0243691,-19.6574,,0.786412,0.882437,fluid
350,2.62632,-24.0134,,1002.91,0,34595.3,,-0.864872,-21.4073,,0,0,fluid
351,7.16399,-15.7113,,1000.25,-322.509,2969.97,,-2.31089,-17.0048,,4.01457,-0.440966,fluid
352,8.74183,-14.1204,,1000.04,-267.966,436.031,,-2.39408,-15.9974,,0.0696688,0.789452,fluid
353,4.82915,0.583656,,1005.24,479.593,62630.7,,2.23946,0.717674,,-18.3785,1.66693,fluid
354,2.50734,4.38259,,1006.68,129.316,80244.8,,0.0577105,1.00008,,-31.1295,-3.98065,fluid
355,2.87736,0.610905,,1005.59,241.197,66877.3,,0.5284,-0.268524,,-21.9025,5.90136,fluid
356,2.12,3.19429,,1005.03,372.876,60084.7,,0.597401,-2.04827,,-12.7535,-0.526792,fluid
357,2.65188,1.61313,,1006.59,-189.758,79188.9,,-0.964122,-0.634359,,-30.3973,2.5194,fluid
358,2.60851,0.976277,,1003.6,17.222,42883.4,,0.110656,-3.46422,,-10.7929,4.73227,fluid
359,1.97355,4.9722,,1002.3,268.069,27239.2,,0.572309,-0.594814,,-16.0071,3.55967,fluid
360,2.11208,5.71424,,1001.73,200.401,20427.8,,0.273193,0.559204,,-1.43696,8.36841,fluid
361,2.38489,6.4396,,1000.8,924.78,9492.86,,2.18495,-3.03857,,-2.71302,3.43896,fluid
362,1.34327,8.63446,,1000.03,6.57784,387.647,,0.0171593,-4.12001,,0.667822,1.98508,fluid
363,1.71989,10.5516,,999.96,-23.4089,-475.325,,-0.0375546,-4.26868,,0.693199,0.254074,fluid
364,1.56664,10.4625,,1000,-22.0957,56.5931,,-0.0371918,-4.13514,,0.46884,0.32745,fluid
365,0.957222,11.188,,1000.03,-241.968,365.299,,-0.232542,-3.28968,,0.000677997,0.190598,fluid
366,1.03613,9.50835,,1000.07,-87.6186,838.888,,-0.0916563,-4.04325,,0.319919,0.322231,fluid
367,0.943225,21.3641,,999.983,-19.5895,-197.404,,0.012962,2.04893,,0.000888504,-0.00324556,fluid
368,1.40958,14.7843,,1000.05,-5.62264,583.019,,0.000159762,-1.93476,,0.000567132,-0.0013889,fluid
369,2.5647,-26.632,,1006.1,29.849,73163.5,,-0.681543,-24.2895,,-0.304569,6.29344,fluid
370,1.58795,1.92002,,1001.29,406.82,15201.4,,0.758379,-0.288893,,-10.3578,8.87581,fluid
371,2.6249,-27.876,,1004.51,30.5738,53868.2,,-0.816575,-23.6889,,0.304809,-6.29841,fluid
372,8.38115,-13.9948,,999.685,-353.796,-3704.9,,-2.7302,-16.2498,,1.36081,-0.621722,fluid
373,8.75193,-14.3185,,1000.08,-259.643,891.764,,-2.3375,-16.184,,0.73896,0.703818,fluid
374,8.69625,-14.455,,1000.02,-289.944,208.981,,-2.51751,-16.315,,0.736599,1.00528,fluid
375,7.61131,0.820392,,1002.86,110.108,33955,,0.886816,-1.22162,,-1.30869,9.41251,fluid
376,11.0654,0.0652592,,1002.71,36.8841,32138.6,,0.702178,-0.294964,,-1.87003,13.3974,fluid
377,8.75839,-14.1131,,1000.05,-262.357,573.336,,-2.36229,-16.0342,,0.12212,0.796982,fluid
378,8.25993,-14.6255,,1000.03,-363.218,315.104,,-2.91516,-15.8212,,1.35414,0.838766,fluid
379,10.1239,-3.55468,,1000.64,-375.425,7559.22,,-4.51753,-5.63839,,-4.4418,-3.40643,fluid
380,9.90716,-3.61734,,999.176,-703.803,-9676.76,,-6.18405,-4.16301,,6.26637,4.6536,fluid
381,10.9697,-0.259057,,1003.82,81.2907,45547.6,,-0.0780566,-1.94578,,-3.07792,3.33531,fluid
382,10.9526,0.0363392,,1003.2,61.7058,38002.4,,0.466476,-0.491039,,-2.69972,13.4418,fluid
383,10.4385,-1.57322,,995.377,-1229.86,-53677,,-9.06898,-3.91199,,-15.6325,30.3203,fluid
384,10.362,-3.39836,,999.661,-457.511,-3990.73,,-4.64559,-5.22331,,-3.77138,-0.711629,fluid
385,8.57793,1.23581,,1002.9,50.9737,34423.9,,0.231306,-0.085183,,0.879849,8.25128,fluid
386,5.05408,0.675896,,1004.88,253.316,58262.3,,1.13078,0.540525,,-20.3104,7.13745,fluid
387,3.60697,6.34437,,1000.63,636.883,7384.42,,2.54518,0.914427,,-2.14478,-0.729833,fluid
388,2.87764,7.53739,,999.8,-102.952,-2349.96,,-0.140802,-1.23516,,-3.73857,-0.670132,fluid
389,2.63848,6.22781,,998.54,729.73,-17110.9,,2.51858,-1.94218,,-7.78186,7.69794,fluid
390,2.79138,7.19924,,1000.35,435.762,4130.36,,1.18819,-2.49588,,1.94451,4.33136,fluid
391,1.47399,24.4644,,984.783,0.136437,-171164,,-2.30268,4.13874,,-0.0452261,-0.078041,fluid
392,2.94934,6.06645,,1001.67,1010.81,19781.3,,2.71859,2.39088,,4.75885,-2.4624,fluid
393,2.37239,5.7509,,1000.53,65.8709,6254.71,,0.203965,-1.45133,,1.79219,10.0337,fluid
394,2.18072,-43.0757,,999.09,0.0165509,-10681.5,,-0.442572,-32.365,,-0.000968976,0.000584354,fluid
395,7.08481,-14.0862,,999.901,-496.227,-1169.8,,-3.59696,-14.3573,,-0.453691,0.102583,fluid
396,9.9559,-1.51266,,995.707,-852.577,-49888.7,,-5.87077,-0.232227,,30.8045,17.2113,fluid
397,7.01589,-14.5307,,998.832,-614.195,-13696.5,,-3.63291,-15.3084,,1.15123,2.06958,fluid
398,10.3792,-3.38142,,1000.13,-417.327,1554.09,,-4.66526,-5.79822,,-1.41694,-0.285376,fluid
399,10.3495,-3.3884,,1000.4,-399.337,4722.05,,-4.7345,-5.65321,,-0.579738,-0.143736,fluid
400,8.75999,-14.1041,,1000.04,-263.253,526.762,,-2.36809,-16.027,,0.0871545,0.77991,fluid
401,10.974,0.574869,,1001.47,7.30354,17338.5,,1.49924,0.363813,,-1.86368,8.74476,fluid
402,10.3565,-3.36218,,999.726,-452.869,-3225.5,,-4.67932,-5.2825,,-3.46963,-0.919926,fluid
403,10.3606,-3.40927,,998.737,-528.671,-14812.1,,-4.43439,-4.84315,,-7.95487,-0.601626,fluid
404,11.0168,0.600735,,1001.53,3.68107,18105.6,,1.37121,0.451651,,-1.77341,8.51939,fluid
405,9.30656,1.06954,,1001.74,63.0109,20625.4,,1.30857,-0.273212,,-1.75086,9.46679,fluid
406,4.06403,4.3766,,1000.8,-478.329,9385.38,,-1.85743,-0.325416,,3.60874,0.275916,fluid
407,4.83203,1.11024,,1003.85,118.812,45888.3,,0.58469,-0.389541,,-4.82715,7.02666,fluid
408,6.78946,0.591105,,1002.67,155.446,31741.1,,1.37651,-0.447867,,-7.39279,10.3118,fluid
409,6.3027,0.558231,,1002.46,136.143,29143.1,,1.5456,-0.981396,,-2.55628,12.3079,fluid
410,9.57659,0.92563,,1001.74,7.85568,20583.3,,0.939442,0.460002,,-0.93621,7.84415,fluid
411,10.2197,0.393694,,1002.49,36.2267,29485.7,,0.957183,-0.204136,,-1.93872,12.0797,fluid
412,10.8503,0.615151,,1001.42,-15.7575,16792,,1.33671,0.421007,,-1.49019,8.21229,fluid
413,9.91695,-3.60887,,999.073,-715.558,-10885,,-6.20009,-4.14829,,6.85134,4.94608,fluid
414,3.23013,5.94495,,1001.64,913.302,19342.1,,2.79208,4.1358,,3.92884,-1.6282,fluid
415,2.50245,3.23537,,1007.62,763.979,91747.1,,1.06402,-1.67842,,-15.0745,-9.94197,fluid
416,9.47678,1.04725,,1001.76,20.4417,20790.4,,1.02051,0.26225,,-1.47254,8.13601,fluid
417,2.51127,-35.3569,,997.355,6.64598,-30896.4,,-0.155362,-27.757,,-0.244126,0.137805,fluid
418,8.39799,-14.5957,,999.97,-357.824,-351.058,,-2.90569,-15.989,,1.42753,1.27608,fluid
419,7.53391,-14.6681,,1001.72,-325.25,20294.5,,-3.66774,-15.9624,,-0.422673,-2.94641,fluid
420,8.46489,-14.6005,,999.981,-344.067,-221.803,,-2.83342,-16.0902,,1.32058,1.25048,fluid
421,7.22008,-15.648,,1000.37,-290.755,4336.65,,-2.19712,-16.7765,,4.16827,-0.0963208,fluid
422,12.0502,0.807452,,1002.14,-7.04609,25386.5,,0.141796,0.221069,,0.0659447,8.70664,fluid
423,12.2489,-1.31727,,995.601,-803.917,-51111.7,,-1.49397,-1.16056,,6.58019,18.0885,fluid
424,8.67218,-14.4761,,999.977,-308.68,-271.517,,-2.63081,-16.3795,,0.661986,1.30854,fluid
425,12.5908,-0.661189,,997.31,-482.737,-31414.6,,0.316067,-2.51542,,0.23925,4.95182,fluid
426,8.389,-14.7217,,1000.01,-308.897,162.933,,-2.50482,-16.0197,,1.22568,0.365709,fluid
427,7.04935,-5.4488,,979.015,0,-232017,,-4.44106,-9.48757,,0,0,fluid
428,10.3371,-3.44877,,999.572,-465.062,-5030.27,,-4.59246,-5.43737,,-3.73504,-0.217741,fluid
429,12.1294,0.0460317,,1002.45,38.3668,29091.4,,0.582855,-0.0474294,,-0.813526,7.92927,fluid
430,11.8186,0.503987,,1002.27,9.86147,26962.2,,0.459816,0.397369,,-1.46981,7.99438,fluid
431,10.782,0.451123,,1001.65,-7.29072,19470.5,,1.26278,0.108139,,-1.8009,10.3916,fluid
432,4.70152,1.55079,,1001.95,-180.268,23065,,-0.362827,-1.33031,,0.258806,10.1531,fluid
433,3.74474,3.36215,,1001.79,-310.849,21221.3,,-1.2834,-0.550488,,-0.72651,6.7373,fluid
434,3.37637,3.38699,,1001.84,-721.029,21790.2,,-2.46743,-1.4134,,-6.66153,3.8444,fluid
435,4.20147,3.1389,,1001.13,-243.81,13288.6,,-0.84839,0.137092,,1.3925,8.40129,fluid
436,8.4957,-0.269448,,1004.25,296.365,50679.1,,1.77072,-1.55229,,-4.6804,1.95897,fluid
437,6.34192,0.244843,,1005.25,270.499,62831.5,,1.08386,-0.130885,,-4.01837,14.9374,fluid
438,8.09444,1.27853,,1003.36,35.9802,39908.3,,-0.0272522,-0.224784,,-1.53458,6.89816,fluid
439,10.3472,0.275,,1002.87,66.767,34103.2,,0.953905,-0.442216,,-2.97454,13.6739,fluid
440,8.42146,0.301065,,1002.36,143.017,27983.7,,1.76934,0.0226289,,-1.32892,11.3606,fluid
441,2.58861,-32.1577,,1001.6,-0.938824,18921.3,,-0.0211682,-25.597,,0.00654041,0.00885536,fluid
442,8.33918,-14.5969,,999.999,-356.26,-14.0784,,-2.88564,-15.8969,,1.41881,1.07224,fluid
443,8.77642,-14.2737,,1000.06,-257.452,718.682,,-2.31688,-16.2545,,0.628167,0.85845,fluid
444,8.74015,-14.3218,,1000.09,-258.23,1014.96,,-2.33048,-16.1199,,0.756853,0.608345,fluid
445,8.39473,-13.8898,,999.818,-319.036,-2136.52,,-2.58431,-16.1711,,0.527565,-0.557996,fluid
446,8.62577,-13.8986,,999.946,-287.243,-632.649,,-2.48627,-16.1127,,-0.308052,0.159393,fluid
447,6.95286,-15.0945,,998.761,-207.412,-14528.7,,-0.746147,-14.5034,,0.361047,4.15743,fluid
448,8.804,-13.8987,,999.87,-203.226,-1524.08,,-1.70442,-16.5676,,-1.08903,0.0318621,fluid
449,12.695,0.150696,,1002.17,1.26521,25716.6,,0.0766994,-0.0883797,,-0.0484795,7.23334,fluid
450,12.9872,0.290575,,1001.97,5.07822,23287.7,,0.203981,-0.181369,,0.0500962,7.89723,fluid
451,13.0187,-0.132805,,1001.83,8.67474,21633.8,,0.446271,-0.595141,,-1.43994,6.02921,fluid
452,10.2334,-3.29698,,1001.07,-369.48,12591,,-5.08886,-5.41764,,-2.81686,4.49505,fluid
453,12.5067,0.0780409,,1002.25,-5.6207,26640.4,,0.0129619,-0.00271357,,-0.00134561,6.75178,fluid
454,12.2208,0.783969,,1002.07,2.35412,24517.3,,0.25114,0.0331413,,0.15169,8.77127,fluid
455,11.8127,0.809135,,1002.36,-21.315,28016.5,,-0.148687,0.451013,,-0.229658,8.58008,fluid
456,11.9222,0.107594,,1002.44,19.4223,28876.9,,0.493373,-0.031234,,-0.985557,8.74989,fluid
457,10.2507,-0.232841,,1005.4,379.364,64641,,1.5259,-1.95111,,-5.5789,6.11275,fluid
458,8.06253,0.633697,,1001.77,92.5842,20961.6,,1.60854,-0.448508,,-1.51305,10.056,fluid
459,8.15724,0.0766853,,1004.29,315.602,51182.4,,1.72722,-1.38767,,-5.7611,14.0483,fluid
460,4.51925,2.01082,,1001.33,-301.305,15685,,-0.779192,0.335612,,0.825616,11.6502,fluid
461,3.997,3.3264,,1000.55,-300.789,6470.71,,-0.870307,0.10187,,0.825058,7.88785,fluid
462,3.34679,3.3895,,1001.52,-678.908,17989.4,,-2.18672,-2.06053,,-5.76467,4.37756,fluid
463,4.30106,2.65765,,1001.97,-173.61,23363.6,,-0.645361,0.706574,,3.02328,7.79249,fluid
464,2.81217,4.4482,,1007.67,491.219,92383.9,,0.637111,1.83735,,-17.26,11.1287,fluid
465,3.81136,-44.6217,,977.469,0,-247967,,7.25642,-31.8059,,0,0,fluid
466,8.69689,-14.4611,,1000.05,-266,561.22,,-2.33782,-16.1005,,0.761537,0.48665,fluid
467,7.97002,-14.862,,1000.5,-483.46,5886.42,,-4.08015,-16.0435,,1.08061,-3.47876,fluid
468,8.89956,-13.9471,,999.972,-217.828,-325.39,,-1.95133,-16.5137,,-0.435309,0.464811,fluid
469,10.3033,-3.19603,,999.615,-596.615,-4522.91,,-5.94972,-4.63599,,-2.67442,-2.60571,fluid
470,12.6501,1.03721,,1001.44,-29.6942,17026.1,,0.104005,-0.0669782,,0.826498,8.97873,fluid
471,12.801,-1.20671,,995.739,-826.003,-49521,,-2.32274,-1.37677,,-0.423663,18.0661,fluid
472,8.80164,-13.9628,,999.949,-225.279,-605.819,,-1.97145,-16.4253,,-0.524057,0.636508,fluid
473,12.9,0.795279,,1001.72,-2.39969,20369.3,,0.189997,-0.355085,,0.896493,8.74559,fluid
474,13.9063,-0.071633,,1002.14,60.8921,25397.4,,0.422324,-0.195424,,0.568485,5.83776,fluid
475,13.5178,0.190381,,1001.93,39.9594,22893,,0.518052,-0.325004,,-0.221814,8.01171,fluid
476,13.1456,0.262381,,1001.86,7.3791,21990.2,,0.306392,-0.222311,,-0.00293754,7.8995,fluid
477,13.5006,-0.0634805,,1002.12,50.6197,25072.8,,0.453479,-0.394551,,-0.378172,6.89574,fluid
478,12.57,0.91214,,1001.68,-20.641,19891.5,,0.0902789,-0.177246,,0.7357,9.0737,fluid
479,12.8742,0.444073,,1002.08,10.9936,24585.7,,0.155119,-0.152402,,0.38796,8.32096,fluid
480,12.3194,1.22412,,1001.18,-42.1271,13986.2,,0.283435,-0.0874536,,1.18848,8.92202,fluid
481,12.5627,0.563141,,1002.35,39.5901,27911.8,,0.300437,-0.279388,,0.0685292,8.71263,fluid
482,12.4431,0.521978,,1002.56,49.3057,30355.1,,0.266157,-0.328641,,-0.416319,8.71398,fluid
483,12.1888,0.409729,,1002.68,62.8314,31790.6,,0.493338,-0.156759,,-1.32441,8.47968,fluid
484,11.3652,-0.0660239,,1003.04,52.3779,36167.6,,0.433944,-0.444328,,-0.112872,11.0767,fluid
485,4.06124,3.69181,,1001.13,-381.657,13396,,-1.55189,-0.1978,,1.99088,9.21049,fluid
486,4.20216,2.96191,,1001.38,-196.402,16314.1,,-0.648879,0.219167,,1.81417,8.60899,fluid
487,3.82531,4.55343,,999.528,-366.034,-5548.99,,-0.706989,0.04334,,6.94716,-1.38187,fluid
488,4.55681,1.00141,,1003.77,86.3072,44862.8,,0.826725,-1.09871,,-0.326141,6.13786,fluid
489,5.21254,-47.5873,,1011.13,0,135464,,-3.46434,-30.3653,,0,0,fluid
490,7.22806,-14.0258,,999.723,-492.886,-3261.79,,-3.5046,-14.4256,,-1.42033,0.17304,fluid
491,8.15816,-13.9501,,999.594,-386.625,-4775.84,,-2.85185,-16.2594,,2.21292,-0.99155,fluid
492,6.88222,-14.5744,,998.181,-595.965,-21299.2,,-3.13755,-15.2318,,8.78428,1.61218,fluid
493,9.82121,-3.29127,,999.694,-460.819,-3599.28,,-4.45791,-3.66169,,1.21293,0.728162,fluid
494,12.6804,1.71742,,1001.13,-5.77831,13330.5,,0.0642683,0.0634252,,0.772707,7.53374,fluid
495,7.13224,-13.8573,,999.68,-436.562,-3763.54,,-3.07575,-14.2325,,0.384664,-0.69158,fluid
496,7.52412,-14.5253,,1000.96,-342.683,11372.8,,-3.2251,-15.2213,,-2.46818,1.49853,fluid
497,14.8731,-0.554233,,999.706,-226.475,-3461.82,,0.175784,-1.5223,,-2.33034,5.93031,fluid
498,14.4469,0.139602,,1002.04,53.6283,24137.3,,0.345872,-0.234002,,0.195335,5.97141,fluid
499,13.0636,0.942309,,1001.51,-20.2848,17907.2,,0.0191305,-0.199723,,1.09224,8.36601,fluid
500,13.3469,0.592628,,1001.54,-23.2445,18221.6,,0.0994305,-0.0653489,,0.407887,8.44157,fluid
501,14.0134,0.241716,,1002.13,56.7554,25176.7,,0.346297,-0.31147,,0.119511,7.30011,fluid
502,13.3412,0.44311,,1001.71,-3.03205,20229.3,,0.223811,-0.219775,,0.280848,8.28865,fluid
503,12.8427,1.25872,,1001.25,-23.432,14784.6,,0.0941167,-0.0363591,,0.713015,8.30682,fluid
504,12.4377,1.49418,,1000.99,-37.9468,11648.6,,0.207212,0.00189512,,1.18173,8.14184,fluid
505,12.0875,1.81236,,1001.51,3.56216,17912.4,,0.0123386,0.288227,,0.791489,7.07875,fluid
506,10.8777,2.74985,,1000.46,-118.264,5381.76,,-0.581561,0.610731,,1.4062,8.66193,fluid
507,11.6094,2.18958,,1001.2,-31.2422,14211.1,,-0.195291,0.108665,,-0.264909,8.20209,fluid
508,11.9374,1.13453,,1001.67,-55.3465,19739,,-0.0470079,0.138022,,1.07632,9.1956,fluid
509,11.7625,0.305038,,1002.21,0.436937,26243.1,,0.524206,0.183674,,-1.65135,8.81603,fluid
510,11.4423,0.392346,,1001.9,-38.2386,22449.4,,0.487378,0.456679,,-1.68436,9.28562,fluid
511,3.42738,3.96325,,1000.96,-225.413,11293.6,,-0.375884,-0.554917,,5.84015,2.77224,fluid
512,6.61673,0.752939,,1001.92,28.1252,22740,,0.896768,-0.729485,,-4.66923,10.4343,fluid
513,5.58044,-52.9229,,1011.26,0,137125,,1.2316,-31.246,,0,0,fluid
514,6.99477,-14.9071,,999.871,-180.249,-1517.24,,-1.41593,-14.6035,,-3.98347,2.59387,fluid
515,7.14338,-14.1098,,999.824,-532.596,-2066.64,,-3.81626,-14.3735,,-0.956732,0.20809,fluid
516,6.8112,-15.7073,,1000.42,-157.772,5001,,-1.12982,-16.0226,,2.03906,1.95079,fluid
517,6.65328,-14.0742,,1000.79,-337.364,9346.39,,-2.92287,-13.5258,,-5.07127,1.09297,fluid
518,12.8715,2.64359,,1000.41,-17.1623,4884.81,,-0.092703,0.13541,,2.60638,8.02877,fluid
519,10.1732,-4.09163,,997.863,-1107.02,-24995.9,,-9.19135,-6.51617,,1.06752,22.0425,fluid
520,12.7223,1.9723,,1000.87,-5.10587,10310,,0.111566,-0.118058,,1.13826,7.37768,fluid
521,9.65896,-4.04518,,1000.83,-450.327,9811.34,,-5.25131,-6.06668,,-4.37046,-3.97276,fluid
522,14.2584,0.310519,,1002.06,56.2476,24366.5,,0.365683,-0.498864,,0.204463,7.57206,fluid
523,13.0273,1.61406,,1001.21,0.970444,14342.4,,0.0200944,-0.0307399,,0.709043,7.56411,fluid
524,9.68678,-2.79882,,996.598,-361.057,-39641.3,,-1.13102,-1.87493,,21.2805,-17.8368,fluid
525,10.1431,-2.00563,,1001.64,636.852,19395.1,,0.469123,1.61392,,-1.75609,-11.7956,fluid
526,13.7035,0.498636,,1001.7,7.25139,20115.2,,0.237642,-0.307134,,0.119686,8.45145,fluid
527,13.5703,0.781841,,1001.38,-25.3587,16301.9,,0.0791747,-0.119917,,0.506341,8.50771,fluid
528,13.1933,1.08245,,1001.39,-19.2441,16395.2,,0.0181464,-0.0656461,,0.962983,8.02925,fluid
529,12.7865,1.51293,,1001.13,-16.5122,13374.4,,0.0896323,-0.045763,,0.621209,7.9024,fluid
530,12.2781,1.72892,,1001.23,-8.95118,14496.5,,0.141864,0.211705,,1.35261,7.33379,fluid
531,11.516,2.54257,,999.808,-149.225,-2264.43,,-0.383732,0.205221,,2.48196,7.92514,fluid
532,11.6337,2.29562,,1000.81,-57.4328,9552.1,,-0.222693,0.11249,,0.470071,8.10019,fluid
533,10.5993,2.83445,,1001.45,-60.7065,17182.1,,-1.00685,0.892431,,-1.41952,7.96974,fluid
534,6.18057,1.21478,,1002.41,17.7628,28542.8,,0.48422,-0.684286,,0.829763,7.00683,fluid
535,9.02672,0.308841,,1002.68,163.728,31847.8,,1.66542,0.159028,,-5.06594,9.99976,fluid
536,5.55964,7.71311,,999.991,260.04,-111.02,,1.583,-3.09967,,-2.18238,6.22491,fluid
537,5.25289,-56.8659,,996.01,-2.14246,-46410.9,,0.7151,-32.1333,,0.0139829,-0.16736,fluid
538,14.0641,-0.721478,,997.004,-543.057,-34952.4,,-0.360518,-1.95249,,0.177438,12.2628,fluid
539,7.20671,-13.0473,,997.855,-54.7271,-25091.6,,0.0468471,-14.3931,,0.0370218,-9.41249,fluid
540,6.64675,-15.7544,,1001.51,-46.8975,17797.6,,-0.935214,-16.4154,,-1.82968,1.55381,fluid
541,13.2647,2.15216,,1000.65,-6.41029,7712.74,,-0.00303862,-0.046156,,1.11975,7.21157,fluid
542,13.5354,2.4337,,1000.35,-25.1512,4068.95,,-0.166189,0.012107,,1.74251,7.78792,fluid
543,7.40492,-10.2506,,999.77,290.299,-2704.62,,1.05577,-10.1298,,0.840061,-0.175691,fluid
544,12.1762,2.90152,,1000.39,-14.2397,4623.39,,-0.00382426,-0.101682,,3.07471,7.55233,fluid
545,13.8898,1.99555,,1000.49,-17.3405,5796.58,,-0.00854581,-0.133026,,1.35429,7.15527,fluid
546,13.5844,2.14339,,1000.5,-13.4284,5914.6,,0.000500033,-0.0594686,,1.29728,7.18524,fluid
547,13.1791,1.80302,,1001.11,6.46311,13060.7,,-0.023026,-0.00785446,,0.841984,7.41418,fluid
548,13.6947,1.03592,,1001.32,-23.1073,15618.5,,-0.0822155,-0.105135,,0.93847,8.10028,fluid
549,13.6794,1.67971,,1000.95,-4.79369,11249.2,,-0.0349002,-0.125797,,1.24762,7.28712,fluid
550,12.8171,2.68096,,1000.36,-23.949,4216.86,,-0.11275,0.158419,,2.65854,7.94793,fluid
551,11.9351,2.98722,,1000.55,-14.568,6483.05,,-0.172649,-0.107604,,3.26154,7.88411,fluid
552,11.6275,3.07147,,1000.74,3.48896,8725.61,,-0.10449,-0.15007,,2.38515,7.63652,fluid
553,12.2076,2.81742,,1000.53,-2.11115,6215.74,,0.0192588,-0.159158,,2.83462,7.4869,fluid
554,10.8972,3.42181,,1000.9,-32.3555,10630.6,,-0.725335,0.897011,,-2.76787,8.53457,fluid
555,12.7705,2.55003,,1000.57,-4.16055,6666.33,,-0.0412313,0.121062,,2.17293,7.37524,fluid
556,12.5635,2.1738,,1000.77,-15.9688,9142.36,,-0.0356807,-0.167869,,1.64281,6.95102,fluid
557,12.1401,2.12229,,1001.23,14.1454,14539,,0.0588423,-0.0930552,,0.999479,7.02029,fluid
558,9.9018,3.1084,,1000.77,-126.891,9097.07,,-1.14854,0.802918,,3.65369,9.59353,fluid
559,12.0452,1.38654,,1001.14,-70.8074,13485.1,,0.0657337,0.173401,,1.69235,8.62353,fluid
560,10.3512,-1.35478,,992.982,-929.137,-80892,,-3.79382,-2.05939,,-16.2442,22.5573,fluid
561,5.17082,-92.4234,,983.585,0,-183982,,-1.20059,-43.7773,,0,0,fluid
562,5.47781,-16.2882,,1018.53,-167.563,230684,,-2.43733,-19.7964,,-18.0864,-6.47886,fluid
563,7.12166,-15.6214,,1000.42,-271.834,5009.36,,-2.07837,-16.1858,,3.51431,0.884238,fluid
564,13.9214,0.482035,,1001.74,13.8198,20606,,0.229345,-0.265548,,0.146503,8.39428,fluid
565,13.4088,1.59228,,1001.19,3.56022,14114.7,,-0.0302399,-0.0795188,,1.04605,7.34963,fluid
566,14.6897,0.245892,,1001.92,37.5219,22684.2,,0.231247,-0.288654,,0.447041,6.69684,fluid
567,7.44201,-10.7129,,1002.63,295.386,31183.6,,-0.799261,-10.2213,,1.4383,-10.5865,fluid
568,14.584,2.27037,,1000.31,-18.6038,3595.43,,-0.143583,-0.158932,,1.31912,7.37007,fluid
569,15.1639,1.93294,,1000.36,-19.3028,4255.44,,-0.0861878,-0.0982825,,1.00215,7.14555,fluid
570,13.667,2.4185,,1000.29,-29.3683,3464.88,,-0.182355,-0.00522692,,1.77641,7.59282,fluid
571,12.6967,2.72112,,1000.37,-24.9715,4351.34,,-0.12894,0.167559,,2.76518,7.96302,fluid
572,14.8371,1.90567,,1000.46,-12.1014,5378.3,,-0.047858,-0.168575,,0.921006,7.06519,fluid
573,14.1738,2.30749,,1000.33,-20.9178,3833.32,,-0.162278,-0.120205,,1.46528,7.41183,fluid
574,13.8248,2.43865,,1000.25,-30.0548,2986.06,,-0.189729,-0.0331605,,1.77054,7.46612,fluid
575,11.6246,3.08097,,1000.74,3.94265,8703.98,,-0.0983551,-0.128319,,2.43633,7.76842,fluid
576,7.7645,2.66279,,1000.31,-375.136,3622.83,,-2.21032,-0.224178,,2.81694,13.5533,fluid
577,8.17087,2.53862,,1000.84,-287.465,9862.99,,-2.12021,-1.19029,,0.193188,14.6111,fluid
578,8.54007,2.54216,,1000.92,-290.524,10804.2,,-2.42497,-1.68405,,0.559089,13.3943,fluid
579,11.0925,3.33814,,1000.95,17.1502,11270.9,,-0.192968,0.554475,,-0.838756,8.46053,fluid
580,9.61044,3.31184,,1000.33,-111.923,3846.8,,-0.85193,-1.43602,,3.59712,6.60654,fluid
581,9.46422,3.2257,,1000.76,-78.0853,8929.8,,-0.754575,-1.57409,,1.21326,6.87968,fluid
582,12.1071,2.43051,,1000.53,-31.3797,6226.62,,0.0141843,-0.194927,,1.60439,6.97601,fluid
583,9.63003,3.2957,,999.527,-234.648,-5558.51,,-1.28403,-1.09468,,4.68622,4.19514,fluid
584,7.24951,1.94085,,1003.74,-84.5185,44522.2,,-1.58317,-0.244435,,-3.39359,11.7818,fluid
585,4.65212,-75.9035,,996.783,0,-37504.5,,0.178548,-38.5805,,0,0,fluid
586,7.31408,-9.93287,,1001.82,503.465,21588,,1.13525,-12.3026,,-2.05921,9.98797,fluid
587,13.3717,1.30781,,1001.34,-5.10212,15808.7,,-0.0150232,-0.0699695,,0.941003,7.5091,fluid
588,6.90458,-16.1056,,999.436,-444.441,-6629.41,,-2.42933,-16.9748,,6.01645,1.64581,fluid
589,13.7755,1.29353,,1001.22,-12.5828,14464.9,,-0.112276,-0.0869803,,1.21297,7.56458,fluid
590,14.4482,2.08896,,1000.43,-12.1804,5051.99,,-0.0918412,-0.21098,,1.19824,7.12775,fluid
591,14.2956,1.82973,,1000.55,-14.1751,6525.35,,-0.0251413,-0.190518,,1.04123,7.05768,fluid
592,15.2049,2.06831,,1000.27,-24.4212,3188.49,,-0.138966,-0.164319,,1.2092,7.26269,fluid
593,15.7433,1.8501,,1000.34,-18.3967,4025.28,,-0.0700454,-0.114555,,0.804743,7.06073,fluid
594,15.0597,1.61769,,1000.75,-2.8295,8833.52,,-0.0776931,-0.150777,,0.762387,7.06586,fluid
595,14.6284,1.58504,,1000.74,-11.6986,8767.89,,-0.0815293,-0.181832,,0.91782,7.17832,fluid
596,14.704,1.3229,,1000.93,-18.3718,10931.8,,-0.136571,-0.188283,,0.98621,7.5998,fluid
597,15.4847,1.70535,,1000.68,0.932568,8020.37,,-0.0911802,-0.125643,,0.800548,7.15802,fluid
598,14.6827,2.31314,,1000.27,-20.4573,3144.92,,-0.147439,-0.161752,,1.37314,7.3416,fluid
599,13.2033,2.55789,,1000.42,-16.4362,4933.2,,-0.131229,0.0744491,,2.25554,8.04375,fluid
600,5.73901,4.09378,,1000.91,-162.317,10761.9,,-0.747904,-0.380542,,6.19587,1.38319,fluid
601,4.60538,4.73114,,1000.78,-163.043,9179.5,,-0.656484,0.713055,,-1.84564,1.73473,fluid
602,4.93112,3.11853,,1001.68,-179.969,19870.1,,-0.865468,-0.980915,,-2.6378,7.69765,fluid
603,5.97315,4.26732,,1000.55,-108.831,6491.07,,-0.458249,0.166024,,3.93981,2.00379,fluid
604,6.72798,1.61215,,1002.39,-78.5221,28291.2,,-0.396286,-0.0467978,,-1.23192,13.3508,fluid
605,7.0475,1.51864,,1002.62,-55.6703,31135.3,,-0.314619,-0.376634,,-0.0703781,10.5729,fluid
606,8.74109,2.59522,,1000.38,-341.595,4494.03,,-2.54375,-1.98937,,-0.402125,11.0545,fluid
607,7.96106,2.59196,,1000.6,-347.555,7098.8,,-2.33094,-0.702102,,1.3915,14.5629,fluid
608,11.5353,0.744794,,1002.77,126.633,32872.1,,1.24722,0.280415,,-5.45323,8.22621,fluid
609,5.34516,-68.4392,,1000.15,0,1718.98,,-0.0587948,-35.8669,,0,0,fluid
610,14.28,0.578088,,1001.58,3.28029,18654,,0.175394,-0.187198,,0.2868,8.61847,fluid
611,13.9788,1.61072,,1000.87,-13.0486,10240.9,,-0.0880701,-0.150626,,1.32668,7.26245,fluid
612,15.1199,0.165793,,1001.73,29.5754,20458.5,,0.369792,-0.112954,,-0.0950495,6.88656,fluid
613,14.2453,1.45712,,1000.89,-14.8479,10534.7,,-0.0724976,-0.147159,,1.06703,7.42307,fluid
614,14.591,0.543252,,1001.63,6.14324,19268.3,,0.0850889,-0.24023,,0.723102,8.40827,fluid
615,15.5636,-0.0252847,,1001.88,28.4304,22215.7,,0.262137,-0.0746124,,-0.620286,7.69069,fluid
616,16.2655,1.91919,,1000.16,-27.2797,1899.95,,-0.0886375,-0.328842,,0.813627,6.85281,fluid
617,16.4963,1.7129,,1000.26,-15.364,3046.3,,0.120816,-0.212844,,0.553161,7.1107,fluid
618,15.2664,1.1869,,1001.02,-9.45724,12002.4,,-0.0755806,-0.143094,,0.703659,7.58892,fluid
619,15.118,1.37381,,1000.92,-9.71468,10890.7,,-0.150972,-0.172613,,0.718045,7.31603,fluid
620,15.6484,1.36505,,1000.9,-3.03696,10609,,-0.0977718,-0.181473,,0.693283,7.3915,fluid
621,15.9583,1.55355,,1000.66,3.34194,7781.4,,0.0675791,-0.199522,,0.630906,7.23809,fluid
622,15.767,2.01702,,1000.2,-26.4458,2406.86,,-0.130841,-0.232277,,1.01641,7.12172,fluid
623,14.8599,2.30076,,1000.25,-19.247,2966.28,,-0.120459,-0.189832,,1.41024,7.30124,fluid
624,12.0415,2.98191,,1000.44,-20.4243,5142.37,,-0.132456,-0.0706308,,3.41622,7.86988,fluid
625,8.28133,2.52198,,1000.94,-279.087,11072.8,,-2.18661,-1.36543,,0.375833,14.4205,fluid
626,7.10911,0.930979,,1001.95,25.3089,23083.5,,0.832773,-0.496474,,-2.68233,10.2425,fluid
627,8.28016,1.31713,,1003.22,56.1914,38293.3,,0.175176,0.0114197,,0.55977,7.79196,fluid
628,10.6915,0.359302,,1002.2,27.5883,26023.2,,1.1265,-0.183871,,-2.88283,12.0283,fluid
629,7.69136,1.17034,,1003.21,46.27,38182.5,,0.204771,-0.987128,,-2.84345,9.28902,fluid
630,5.53627,1.46189,,1004.83,46.3638,57630.3,,-0.556042,-0.0892291,,-6.36464,15.7873,fluid
631,9.00246,1.26897,,1002.15,49.8563,25418.5,,0.817761,-0.118118,,-0.132171,8.71848,fluid
632,9.53572,2.43247,,1001.95,-153.873,23049.3,,-1.52716,-1.01512,,-4.72012,5.96815,fluid
633,5.40236,-58.6548,,997.151,-1.66926,-33250.1,,0.79685,-33.1655,,-0.0105931,0.126788,fluid
634,8.53982,-19.5537,,972.365,0,-299559,,1.44762,-18.8959,,0,0,fluid
635,8.53046,-22.2846,,996.742,-68.5223,-37980.7,,0.153691,-19.557,,5.88286,0.0564868,fluid
636,9.06251,-15.6965,,1000.3,20.5541,3498.47,,-0.0883573,-14.6098,,0.432865,-0.858713,fluid
637,15.6516,0.851795,,1001.26,-7.0358,14832.6,,-0.0796885,-0.0991168,,0.507108,7.80104,fluid
638,15.8626,0.154762,,1001.39,11.5892,16395.5,,0.591089,-0.0707359,,-0.309386,7.93334,fluid
639,15.6798,1.14411,,1001.05,-8.17714,12346.2,,-0.120601,-0.191021,,0.654149,7.62858,fluid
640,16.9362,1.3251,,1000.89,30.3221,10548.6,,0.276617,-0.207711,,0.400102,7.46033,fluid
641,17.2457,1.67739,,1000.04,-19.2524,429.502,,0.362534,-0.148606,,0.352851,6.83647,fluid
642,16.6038,1.05555,,1001.13,11.8511,13300.3,,0.0345417,-0.151247,,0.432494,7.76125,fluid
643,15.322,0.556735,,1001.41,3.01584,16641.5,,0.17598,-0.248977,,0.752704,8.29421,fluid
644,16.2213,1.12201,,1001.02,1.31142,11985.9,,0.0120231,-0.182016,,0.470593,7.66623,fluid
645,16.2907,1.32288,,1000.91,10.9507,10781.5,,0.0353066,-0.19292,,0.561104,7.49303,fluid
646,16.6952,1.54687,,1000.53,10.7999,6269.88,,0.272501,-0.223091,,0.434235,7.32706,fluid
647,17.0913,1.86732,,1000.13,-12.2175,1555.15,,0.136323,-0.506245,,0.781834,7.00468,fluid
648,16.3727,2.04474,,1000.22,-12.4182,2616.76,,-0.0454205,-0.449431,,0.850484,7.13427,fluid
649,14.391,2.47038,,1000.23,-25.7775,2669,,-0.199241,-0.111665,,1.45663,7.41362,fluid
650,11.5636,3.15774,,1000.69,3.16093,8097.68,,-0.0444014,0.0169979,,2.44735,8.31436,fluid
651,6.06068,2.41931,,1001.55,-212.668,18356.8,,-1.01799,-0.701577,,2.75752,10.6546,fluid
652,5.09971,5.45813,,1001.81,148.483,21472.7,,0.0980776,-0.0683083,,2.098,9.61445,fluid
653,5.72739,1.11682,,1002.73,51.1156,32378.9,,0.768558,-0.123474,,-1.81966,8.55812,fluid
654,11.0041,1.13048,,1003.14,23.8601,37320,,0.0834799,0.51126,,-1.86645,6.00866,fluid
655,11.4049,1.55524,,1002.27,-23.6731,26867.3,,-0.0927123,0.795924,,0.230828,9.25895,fluid
656,9.2345,2.70779,,1000.3,-280.801,3542.51,,-1.82873,-0.248866,,-4.87196,5.95943,fluid
657,8.76102,-96.2412,,1003.49,0,41463.5,,0.948734,-44.85,,0,0,fluid
658,14.0566,0.957018,,1001.25,-25.7756,14745.5,,-0.0600845,-0.193966,,0.794238,8.37596,fluid
659,14.6186,1.06061,,1001.14,-21.5521,13481.2,,-0.13855,-0.163918,,0.964048,8.17314,fluid
660,16.6022,0.0652462,,1001.72,30.3378,20329.7,,0.413665,0.00110147,,-0.498653,8.08441,fluid
661,16.0266,0.950423,,1001.15,-6.25402,13568.1,,-0.0718673,-0.151158,,0.362205,7.81753,fluid
662,14.2758,1.15897,,1001.05,-24.4887,12378.2,,-0.0687089,-0.198084,,0.957748,8.06446,fluid
663,14.862,0.733304,,1001.26,-19.8571,14923.7,,0.00900142,-0.112549,,0.72821,8.57323,fluid
664,18.2732,0.9581,,1001.13,36.0705,13307,,0.416058,-0.094662,,0.118713,7.74744,fluid
665,17.5525,0.940852,,1001.1,20.2553,12989.4,,0.268435,-0.165393,,0.265137,7.94118,fluid
666,17.3285,0.767449,,1001.23,13.1344,14515.7,,0.165696,-0.162122,,0.20365,7.99844,fluid
667,16.6958,0.812482,,1001.18,5.17866,13982.8,,0.131185,-0.123028,,0.308477,7.92192,fluid
668,17.0326,0.918865,,1001.13,13.0688,13291.4,,0.185028,-0.180643,,0.308693,7.86786,fluid
669,17.6465,1.16476,,1001.01,35.9351,11971.2,,0.34325,-0.152239,,0.251424,7.81979,fluid
670,17.1743,1.22956,,1000.96,36.1324,11334.2,,0.379945,-0.164618,,0.443379,7.63298,fluid
671,17.5609,1.57316,,1000.35,9.77092,4147.59,,0.429118,-0.0712916,,0.278315,7.40062,fluid
672,17.9877,1.7318,,999.855,-26.8239,-1706.12,,0.423961,-0.173917,,0.289475,6.21764,fluid
673,17.488,1.86953,,1000.1,-11.2969,1210.73,,0.167233,-0.478092,,0.593349,6.94518,fluid
674,16.8169,2.02384,,1000.23,-0.937232,2652.44,,0.10381,-0.578033,,0.862193,7.25234,fluid
675,12.6072,2.88698,,1000.18,-36.7033,2152.85,,-0.0930952,0.13368,,2.86071,7.50896,fluid
676,13.1101,2.70282,,1000.23,-30.9505,2726.35,,-0.130608,0.123244,,2.3727,7.66911,fluid
677,4.59516,5.25753,,1000.21,-99.1153,2453.6,,-0.265662,-1.02197,,-1.19502,9.14908,fluid
678,6.61113,6.48588,,1001.57,358.167,18570.2,,2.02271,-3.26362,,-2.38269,-5.28751,fluid
679,11.7223,1.83638,,1002.1,18.6881,24918.4,,-0.187764,0.548667,,-0.797435,7.77641,fluid
680,9.72677,1.5445,,1004.14,189.351,49301.2,,1.17187,-0.795984,,-4.77831,13.2099,fluid
681,8.75333,-84.9812,,1003.24,0,38527.6,,0.811896,-39.7454,,0,0,fluid
682,15.0059,0.37778,,1001.59,19.6271,18826.2,,0.329359,-0.416461,,0.379613,7.88488,fluid
683,16.3039,0.234764,,1001.6,26.416,18919.5,,0.39371,-0.118867,,-0.28712,8.19763,fluid
684,7.42095,-23.0704,,1016.56,-7.54053,204875,,0.211772,-21.2952,,-7.6286,-2.73812,fluid
685,17.6436,0.529757,,1001.24,17.1092,14674.7,,0.42037,-0.152383,,-0.00545794,8.04892,fluid
686,8.91647,-23.0905,,1000.58,-49.0264,6853.08,,-1.00775,-20.4267,,2.40267,2.88726,fluid
687,16.6927,0.562778,,1001.32,8.01507,15556.5,,0.220869,-0.133444,,0.119726,8.02286,fluid
688,18.8687,0.787519,,1001.14,36.7695,13494.6,,0.56115,-0.0833223,,0.0556428,7.88192,fluid
689,19.5301,0.733329,,1001.14,39.9326,13411.2,,0.641174,-0.105777,,-0.34775,7.95347,fluid
690,18.6432,0.694496,,1001.2,27.2887,14143.4,,0.42246,-0.0805153,,-0.036102,7.84625,fluid
691,17.1805,0.470996,,1001.33,16.5021,15679.9,,0.371658,-0.131404,,-0.0311537,8.04171,fluid
692,17.8652,0.760765,,1001.18,19.8197,13928.1,,0.32642,-0.123357,,0.194787,7.99014,fluid
693,18.7563,1.05047,,1001.01,45.3153,11921.7,,0.592002,-0.129302,,0.120529,7.8155,fluid
694,18.1576,1.15436,,1001.08,48.5382,12726.5,,0.432137,-0.114248,,0.126486,7.64207,fluid
695,17.8759,1.398,,1000.78,46.4635,9147.45,,0.558357,-0.101391,,0.0702139,7.60288,fluid
696,18.6492,1.29667,,1000.82,51.3651,9668.57,,0.661187,-0.130485,,0.111533,7.69375,fluid
697,19.1095,1.51364,,1000.19,12.7399,2235.25,,0.750302,-0.0156511,,0.113095,7.33511,fluid
698,18.5157,1.56535,,1000.27,17.703,3233.86,,0.656893,-0.0403789,,0.177182,7.26667,fluid
699,16.9145,2.08464,,1000.24,4.24583,2792.4,,0.13266,-0.595338,,0.855483,7.33952,fluid
700,15.9776,2.1434,,1000.21,-13.1276,2456.17,,-0.038285,-0.351958,,0.889158,7.1777,fluid
701,5.74038,2.33612,,1002,-156.52,23657.9,,-0.815967,-0.945343,,2.25257,9.31902,fluid
702,6.36283,1.51494,,1002.88,-4.97029,34237.8,,-0.134211,-0.394491,,-1.46785,14.1909,fluid
703,11.505,1.13359,,1002.19,-50.2114,25964,,-0.189582,0.460881,,-0.502807,7.61727,fluid
704,7.88988,1.64816,,1002.97,29.601,35251.1,,0.105069,-1.35288,,-4.02466,12.4937,fluid
705,8.28548,-67.6238,,1017.78,0,220802,,2.87612,-35.3786,,0,0,fluid
706,15.6651,0.389938,,1001.49,5.5704,17628.1,,0.159507,0.0186702,,0.0481598,7.98683,fluid
707,17.6642,0.157327,,1001.51,33.3939,17865.5,,0.560684,-0.0161851,,-0.381552,7.97942,fluid
708,15.987,0.500255,,1001.27,2.59828,14981.5,,0.333324,-0.0874983,,0.01518,8.01458,fluid
709,21.8786,0.147287,,1001.38,13.0594,16319.5,,0.416726,0.109936,,-1.17613,7.87646,fluid
710,13.4038,-9.35917,,980.955,0,-211790,,-5.00914,-12.4434,,0,0,fluid
711,16.2675,0.671129,,1001.2,0.737564,14132.1,,0.236218,-0.122671,,0.227048,7.96525,fluid
712,20.3376,0.982375,,1000.92,51.8614,10880.6,,0.858764,-0.0803581,,-0.378754,8.03443,fluid
713,20.6869,0.321896,,1001.28,29.0578,15182.7,,0.631625,0.0236064,,-0.91517,7.80697,fluid
714,21.6023,0.360876,,1001.31,31.064,15465.6,,0.63898,0.001479,,-1.10192,8.07693,fluid
715,20.2893,0.478921,,1001.25,35.2624,14805.9,,0.609777,-0.0375031,,-0.588263,7.9289,fluid
716,19.9456,0.600405,,1001.26,39.1823,14920.3,,0.525535,-0.0874426,,-0.393387,7.88941,fluid
717,19.8816,0.837882,,1001.12,47.621,13204,,0.647632,-0.0817657,,-0.254302,7.96276,fluid
718,20.7974,0.588661,,1001.2,38.447,14169.8,,0.636955,-0.0617806,,-0.605133,8.04249,fluid
719,19.3933,0.938847,,1001.01,38.5495,11912.1,,0.565504,-0.148393,,-0.274432,7.95569,fluid
720,19.5731,1.16607,,1000.82,56.4662,9669.43,,0.887477,-0.0402648,,-0.163279,7.84469,fluid
721,20.1117,1.13771,,1000.81,49.54,9573.4,,0.777612,-0.11025,,-0.217982,7.97485,fluid
722,19.2041,1.23046,,1000.79,44.3009,9335.54,,0.6257,-0.141901,,0.00655941,7.84267,fluid
723,18.8613,1.73734,,1000.09,9.24092,1086.01,,0.600861,-0.298013,,0.336714,6.94653,fluid
724,18.2212,1.81121,,1000.13,9.24763,1519.43,,0.486544,-0.384463,,0.360177,6.85741,fluid
725,15.859,2.25323,,1000.2,-10.8021,2352.35,,-0.0196331,-0.342711,,0.920293,7.24605,fluid
726,10.3236,3.47346,,998.75,-236.814,-14657.4,,-1.03165,-0.169264,,3.40942,3.65849,fluid
727,4.44964,1.74072,,1002.45,-169.362,29095.1,,-0.480216,-0.662068,,0.317041,9.12123,fluid
728,9.09908,1.70041,,1001.35,-42.8087,15998.8,,0.746262,-0.520194,,-0.0977614,9.08501,fluid
729,13.3777,-75.9071,,1014.85,0,182849,,4.16388,-38.0999,,0,0,fluid
730,15.1546,0.898378,,1001.13,-18.2093,13325,,-0.00838778,-0.116542,,0.755334,8.11853,fluid
731,16.8626,0.234262,,1001.41,19.7557,16641.4,,0.548614,-0.0377823,,-0.248892,8.11167,fluid
732,17.9593,0.308781,,1001.31,26.1291,15459.2,,0.613302,-0.0118546,,-0.449634,7.89838,fluid
733,19.1837,0.57299,,1001.3,32.6459,15342.1,,0.409759,-0.0437574,,-0.162398,7.85367,fluid
734,17.3011,0.149743,,1001.49,30.2493,17604,,0.607818,-0.0166526,,-0.567922,8.01376,fluid
735,21.3974,0.169052,,1001.39,20.5254,16408,,0.517226,0.0702755,,-1.11975,7.83268,fluid
736,25.1843,-1.34862,,998.42,89.9189,-18512.5,,4.97253,-4.36984,,16.905,-0.9836,fluid
737,23.3897,0.205402,,1001.12,-6.61025,13250,,0.523574,0.164251,,-0.933467,8.24885,fluid
738,23.6114,-0.212516,,1001.64,8.29192,19420.4,,0.457735,-0.644753,,-2.2736,6.54578,fluid
739,21.0206,0.193492,,1001.34,20.5875,15792.5,,0.555688,-0.0281597,,-1.13382,7.96579,fluid
740,22.2087,0.0923569,,1001.31,5.02684,15481.8,,0.463176,0.0634627,,-1.26923,8.04662,fluid
741,22.67,0.0548317,,1001.34,6.48963,15801.2,,0.4757,0.0458939,,-1.02823,8.3795,fluid
742,21.1109,0.420088,,1001.24,29.9288,14626.9,,0.64046,-0.0425033,,-0.87484,8.14964,fluid
743,21.5799,0.569851,,1001.18,37.7123,13957.8,,0.734995,-0.00450911,,-0.839724,8.29482,fluid
744,20.4847,0.748804,,1001.12,47.1961,13210.4,,0.742076,-0.062101,,-0.523293,8.01605,fluid
745,21.4176,0.753366,,1001.06,44.0115,12459.2,,0.831562,0.0324374,,-0.687089,8.2332,fluid
746,20.8789,0.940643,,1000.86,40.0962,10148,,0.809724,-0.119238,,-0.493011,8.12933,fluid
747,20.2629,1.42196,,1000.29,25.1615,3422.36,,0.891237,-0.0668582,,-0.22193,7.62271,fluid
748,17.3563,1.99929,,1000.21,3.19011,2508.82,,0.15777,-0.567051,,0.649427,7.26044,fluid
749,19.4298,1.6803,,1000.17,19.8913,2028.43,,0.703211,-0.274728,,0.121865,7.21017,fluid
750,12.2335,3.07761,,1000.25,-24.0235,2998.79,,-0.0015133,-0.0173043,,3.60146,8.21386,fluid
751,5.66172,8.92653,,1000.86,427.477,10128.1,,2.01792,-2.18251,,-1.68559,-2.86533,fluid
752,10.1672,1.92742,,1003.52,-101.496,41873,,-0.809749,0.212463,,-3.22245,9.70007,fluid
753,13.7365,-41.8244,,998.535,30.3919,-17169.1,,0.116583,-28.2032,,0.189482,2.13962,fluid
754,8.75755,-24.5181,,1000.02,-38.6604,292.604,,-0.192817,-22.1806,,-0.01815,-0.169584,fluid
755,18.9279,0.31654,,1001.38,31.0825,16321.7,,0.479609,-0.103558,,-0.497468,7.92952,fluid
756,20.4793,0.155246,,1001.36,19.8648,16029.6,,0.506391,0.0830926,,-0.903183,7.79456,fluid
757,19.1177,0.122419,,1001.36,25.8909,16084.6,,0.603929,0.0638411,,-0.713698,7.84498,fluid
758,12.5966,-35.3346,,1000.31,-28.0246,3683.85,,-0.998695,-24.9886,,0.186917,-0.167715,fluid
759,25.2998,-1.98213,,1000.4,219.495,4703.13,,0.886678,-0.933153,,6.54336,-1.96399,fluid
760,24.689,-18.6236,,1000.02,-20.8273,225.759,,-0.616176,-17.8896,,-0.02714,-0.0185981,fluid
761,24.5791,-18.3094,,999.917,-19.7986,-980.128,,-0.332805,-17.7435,,0.127155,-0.447866,fluid
762,25.5426,-1.94033,,999.15,115.219,-9977.69,,1.40696,-1.32023,,3.08758,6.05811,fluid
763,24.8956,-18.3974,,999.898,-25.734,-1205.55,,-0.422438,-18.3232,,-0.846319,-0.148479,fluid
764,24.2157,0.188788,,1001.76,49.7442,20795.9,,0.796881,-0.586755,,-1.30104,8.46525,fluid
765,22.5172,0.302084,,1001.3,26.7466,15363.6,,0.67416,0.227322,,-0.9356,8.21234,fluid
766,22.9586,-0.0226818,,1001.37,3.28699,16209.1,,0.4419,-0.0833,,-0.877283,8.36799,fluid
767,25.5193,-1.20773,,989.296,-958.913,-122031,,2.22464,-5.54781,,-3.47155,5.56859,fluid
768,25.5229,-1.97404,,997.997,-83.1457,-23442,,-0.729731,-1.15609,,8.45613,16.8911,fluid
769,22.1043,0.432607,,1001.29,34.4474,15215.4,,0.669591,-0.0345156,,-1.0204,8.37794,fluid
770,21.1566,0.842658,,1000.93,40.5069,10997,,0.848656,-0.0568851,,-0.610414,8.20223,fluid
771,20.835,1.18226,,1000.64,40.5232,7527.81,,0.87635,-0.0704195,,-0.414813,7.98843,fluid
772,19.0127,1.85047,,1000.17,25.0665,2001.77,,0.659622,-0.370578,,0.273571,7.14186,fluid
773,19.8407,1.52398,,1000.17,16.9854,1985.73,,0.826067,-0.107758,,-0.024847,7.26948,fluid
774,13.9222,2.63425,,1000.21,-25.6443,2468.66,,-0.173585,-0.0438821,,1.67882,7.49879,fluid
775,3.44414,10.8072,,996.985,407.816,-35173.1,,0.767402,-1.15666,,7.05972,7.90716,fluid
776,10.6876,2.17265,,1001.94,-109.486,22958.7,,-0.494056,1.2163,,2.00084,9.5556,fluid
777,18.256,0.655027,,1001.25,22.2572,14715.4,,0.327311,-0.034043,,-0.0207163,7.72855,fluid
778,12.3157,-35.6461,,999.186,-95.0178,-9563.49,,-0.419579,-25.6328,,2.89767,1.54585,fluid
779,14.3544,-38.9177,,998.713,0,-15093.1,,0.703338,-26.3051,,0,0,fluid
780,24.4881,-18.6191,,1000,-19.8977,48.6716,,-0.5529,-17.9499,,-0.0592002,0.150175,fluid
781,13.8052,-41.0479,,999.593,29.2327,-4790.36,,-0.399344,-28.4586,,-0.181348,-2.04776,fluid
782,11.282,-36.0791,,1004.48,-90.6216,53512.7,,-1.66817,-25.9079,,-3.08088,-1.38804,fluid
783,24.7211,-18.4789,,1000.02,-18.5543,277.211,,-0.571146,-17.8588,,0.0109151,-0.0156423,fluid
784,25.5737,-1.91559,,998.502,-7.71389,-17561,,-0.0209465,-1.43898,,2.34622,9.3256,fluid
785,26.0671,-0.349373,,998.428,-237.895,-18413.3,,0.0485731,-4.26835,,-8.02957,-2.46291,fluid
786,25.5656,-1.93449,,998.426,-22.2328,-18440,,-0.212082,-1.40375,,3.33381,11.0805,fluid
787,24.6967,-18.2624,,999.916,-16.8863,-984.865,,-0.260329,-17.9263,,-0.191609,-0.468462,fluid
788,25.5487,-1.93414,,998.038,-69.0311,-22964.1,,-0.39384,-1.37653,,5.40893,13.6774,fluid
789,23.9842,0.420769,,1000.93,-23.0885,10953.9,,0.453748,-0.109426,,-1.38554,8.88329,fluid
790,25.8547,-1.76907,,1000.91,260.626,10701.1,,0.657323,-1.16722,,-2.70756,-8.66067,fluid
791,23.8522,0.240585,,1001.21,-5.02454,14333.3,,0.496402,-0.210604,,-1.69361,8.83578,fluid
792,25.6597,-1.97553,,996.958,-40.1513,-35490.6,,2.92541,-0.834612,,-10.4396,22.5044,fluid
793,23.1654,0.42452,,1001.25,26.1571,14817.5,,0.630338,0.108176,,-0.627233,7.73698,fluid
794,20.8225,1.43208,,1000.31,24.0975,3705.71,,0.843139,-0.0981533,,-0.28553,7.68476,fluid
795,21.4455,1.16701,,1000.59,35.8545,6914.8,,0.964411,-0.0402471,,-0.596237,8.03099,fluid
796,19.9216,1.6909,,1000.19,24.076,2260.24,,0.746423,-0.227242,,0.164917,7.32331,fluid
797,18.2999,1.94325,,1000.19,24.7409,2277.11,,0.555272,-0.453172,,0.40966,7.0752,fluid
798,5.59437,3.23435,,1001.34,-353.396,15787.7,,-1.83391,1.07699,,7.68317,6.27903,fluid
799,11.0869,2.36185,,1001,-86.8254,11864.6,,-0.369095,0.610312,,2.23973,8.58178,fluid
800,10.331,0.849302,,1002.94,115.816,34861.3,,1.40531,-0.114071,,-2.59871,7.35513,fluid
801,18.2859,0.135444,,1001.48,29.7487,17442.5,,0.497703,0.0383107,,-0.487779,7.90357,fluid
802,11.9634,-33.2732,,987.141,0,-145658,,-0.983653,-23.2588,,0,0,fluid
803,24.7245,-18.4886,,1000.02,-18.4359,285.692,,-0.570099,-17.8525,,0.00467286,-0.0287315,fluid
804,22.2468,-1.54202,,996.264,-529.769,-43490.9,,-0.619383,-0.677855,,0.366147,14.6816,fluid
805,19.7515,0.174643,,1001.3,21.601,15357.9,,0.584212,0.165667,,-0.853159,7.59251,fluid
806,20.0667,0.2776,,1001.29,26.1759,15229.6,,0.589955,-0.0193118,,-0.813472,7.8048,fluid
807,24.7421,-18.4277,,999.998,-21.7723,-18.2621,,-0.591287,-17.8097,,0.00502197,-0.0955946,fluid
808,24.6851,-18.6577,,999.967,-34.5331,-387.68,,-0.819625,-17.9559,,0.0366142,0.315158,fluid
809,25.9079,-2.63555,,999.147,224.416,-10014.9,,4.11216,0.649802,,-4.4536,13.5112,fluid
810,25.6301,-1.91336,,998.613,-20.3663,-16265.7,,-0.399786,-1.8127,,-1.83306,8.71902,fluid
811,25.45,-2.07886,,999.966,220.12,-402.267,,1.81422,-1.40823,,4.81274,3.47315,fluid
812,23.5544,0.526415,,1001.04,6.88451,12327.3,,0.549601,0.0749013,,-0.504086,7.86895,fluid
813,24.8649,0.0323332,,1002.34,103.705,27782.3,,0.443772,-1.22576,,1.64864,5.36263,fluid
814,24.5047,0.295394,,1002,80.0939,23719.1,,0.788709,-0.664307,,-0.245412,7.91901,fluid
815,22.1271,0.63882,,1001.09,36.2971,12912,,0.816426,-0.0361566,,-0.80757,8.57599,fluid
816,21.1622,1.53463,,1000.35,30.6098,4076,,0.83604,-0.137845,,-0.359714,7.76417,fluid
817,20.23,1.6739,,1000.23,25.5378,2663.53,,0.743459,-0.210054,,0.0273303,7.49291,fluid
818,15.5612,2.3345,,1000.21,-11.3261,2435.59,,-0.0332929,-0.302704,,1.10269,7.29138,fluid
819,17.009,2.15054,,1000.24,8.20384,2859.47,,0.15862,-0.60707,,0.851111,7.42199,fluid
820,14.1919,2.58447,,1000.22,-20.9828,2545.54,,-0.135843,-0.0996398,,1.46226,7.48054,fluid
821,6.33522,5.08477,,999.848,-94.6874,-1793.26,,-0.230683,0.0067256,,-1.70119,0.0674126,fluid
822,6.28089,6.67535,,1000.74,274.691,8725.57,,1.56127,-2.82878,,-8.43294,-0.133395,fluid
823,11.0157,1.61176,,1002.58,-33.4933,30569.7,,0.0341921,0.882696,,-0.619337,10.0362,fluid
824,10.0607,2.48036,,1003.34,7.02434,39700.4,,-0.87929,0.27941,,0.337257,6.47407,fluid
825,19.4781,0.359133,,1001.3,29.004,15319.1,,0.539905,-0.0286553,,-0.499391,7.71987,fluid
826,18.5444,0.309631,,1001.25,25.724,14804.5,,0.647009,-0.0664069,,-0.519413,7.85946,fluid
827,22.2979,-77.9431,,1000,-43.0578,16.3618,,-0.974097,-38.5018,,0.202671,0.113006,fluid
828,24.6027,-18.4378,,999.962,-27.3613,-443.569,,-0.63565,-17.8293,,0.125292,-0.0243286,fluid
829,22.7863,-77.9258,,999.965,-42.31,-416.423,,-0.930983,-38.7756,,-0.0486576,0.374428,fluid
830,24.5137,-18.4462,,1000.01,-21.4662,159.566,,-0.617302,-17.8888,,0.0153514,0.158639,fluid
831,21.954,0.813851,,1000.94,34.787,11058.6,,0.819223,-0.0143813,,-0.73913,8.45358,fluid
832,21.8623,1.04798,,1000.72,34.8983,8550.21,,0.879915,0.027529,,-0.500765,8.16403,fluid
833,26.0439,-1.27387,,999.444,-29.3792,-6539.86,,-0.956738,-6.22318,,-10.5171,-4.51057,fluid
834,22.8151,0.535084,,1001.25,38.4679,14801.6,,0.742014,-0.0953722,,-0.860718,8.15117,fluid
835,25.0329,0.834761,,1000.77,-18.7254,9102.29,,0.0716492,-0.393667,,0.140505,7.99181,fluid
836,24.063,0.663534,,1000.6,-37.1798,7069.82,,0.413334,0.222524,,-0.831112,8.57687,fluid
837,24.6459,0.613076,,1001.42,36.5553,16825.2,,0.478636,-0.214754,,-0.560515,8.39755,fluid
838,26.1417,-2.38654,,998.311,147.707,-19785.1,,4.35817,2.28751,,-17.2822,13.3946,fluid
839,23.154,0.771495,,1001.1,37.952,12949.1,,0.783301,-0.0019786,,-0.91329,7.99576,fluid
840,3.74896,5.01446,,1001.94,-491.146,22947.9,,-2.0542,0.585192,,-1.02909,13.0724,fluid
841,18.8078,1.95267,,1000.2,28.801,2405.21,,0.603528,-0.401811,,0.398475,7.2644,fluid
842,6.48067,2.6448,,1001.66,-217.007,19646.7,,-1.23574,0.356495,,-1.11777,11.1612,fluid
843,9.53167,0.0643727,,1003.27,153.98,38920.6,,1.37961,-0.315836,,-2.80887,11.4289,fluid
844,10.229,-1.48481,,996.679,-315.889,-38711.8,,-1.59968,-0.879084,,-2.50494,11.8464,fluid
845,8.79536,1.94012,,1003.08,-37.3084,36535.2,,-1.0951,-1.54517,,3.11543,11.471,fluid
846,7.87012,0.388882,,1002.53,175.761,30020.5,,1.77957,-0.585511,,-4.99894,10.795,fluid
847,7.56957,2.4549,,1001.55,-367.483,18326.2,,-2.79778,-0.0827395,,-0.0198663,14.3545,fluid
848,10.3331,1.33429,,1004.39,146.579,52413.7,,0.934056,-0.0304738,,-3.29696,9.27633,fluid
849,19.8352,-52.9817,,1033.07,0,430158,,2.94684,-31.5896,,0,0,fluid
850,24.7313,-18.3969,,1000,-21.8052,17.9393,,-0.601504,-17.8228,,0.0293887,-0.0988,fluid
851,22.4067,-77.7448,,999.998,-36.9877,-21.7187,,-0.849162,-38.4995,,0.294119,0.0966378,fluid
852,24.4766,-18.6675,,999.909,-46.063,-1069.78,,-0.942285,-17.6244,,0.576784,0.554912,fluid
853,22.8258,-78.0836,,999.99,-45.3219,-116.088,,-1.05383,-38.8484,,0.098874,0.406245,fluid
854,22.8874,-78.2963,,1000.01,-42.3924,98.0792,,-1.02659,-38.7167,,0.150423,0.0684382,fluid
855,21.7588,1.41684,,1000.45,34.1749,5320.58,,0.898729,-0.0194521,,-0.385808,7.81825,fluid
856,16.5358,2.24846,,1000.23,-3.47268,2752.32,,-0.0202178,-0.512071,,0.944464,7.32277,fluid
857,24.4273,0.516264,,1001.21,13.9256,14341.4,,0.652084,-0.209668,,-1.15075,8.7441,fluid
858,24.3092,0.760472,,1000.54,-35.458,6376.93,,0.473685,0.224504,,-1.02852,8.6998,fluid
859,24.8223,0.846434,,1000.94,-4.23422,11067,,0.0885014,-0.34175,,-0.0720549,8.56098,fluid
860,22.6581,0.724527,,1001.04,31.0296,12248.4,,0.753614,-0.10518,,-1.05322,8.50424,fluid
861,22.1138,1.43844,,1000.49,38.3045,5781.18,,0.91662,0.0059962,,-0.357017,7.90233,fluid
862,25.6615,0.913542,,999.139,-152.736,-10109.6,,0.467044,-0.96255,,-1.64182,7.66308,fluid
863,22.433,0.918194,,1000.77,21.2668,9054.28,,0.776139,-0.0590538,,-0.787794,8.5556,fluid
864,20.5501,1.68047,,1000.26,30.1503,3013.11,,0.801385,-0.206304,,-0.131231,7.62417,fluid
865,11.2638,3.46981,,1000.55,13.3376,6533.12,,0.145666,0.669978,,1.91863,8.58727,fluid
866,4.78626,6.17185,,999.344,160.158,-7702.91,,1.06299,-1.15527,,0.935827,-1.54299,fluid
867,3.79653,0.708651,,1008.93,227.196,108034,,0.616519,-0.221354,,-23.009,13.0282,fluid
868,8.58234,0.704046,,1001.6,54.7171,18919.3,,1.29022,-0.165132,,-1.23432,8.10556,fluid
869,10.3134,-3.41191,,1000.14,-429.57,1614.12,,-4.69076,-6.08162,,-1.88328,-0.418775,fluid
870,9.1502,0.735551,,1002.23,116.677,26396.5,,1.27284,-0.657528,,-1.85761,10.5945,fluid
871,10.8764,3.21575,,1000.5,-106.532,5911.5,,-0.981438,0.17691,,-2.70198,7.79547,fluid
872,4.18604,11.6256,,998.619,422.665,-16185.2,,-0.237908,-2.89229,,-6.06006,-6.68538,fluid
873,24.6076,-18.4725,,1000,-24.4285,4.61539,,-0.654619,-17.8375,,0.0525716,0.0484165,fluid
874,23.3652,-77.1297,,999.435,-122.081,-6635.86,,-2.32371,-36.7909,,-2.04354,-2.03062,fluid
875,22.6006,-78.0331,,1000,-38.1689,56.5623,,-0.900581,-38.5835,,0.0853218,0.144536,fluid
876,22.4882,-77.7316,,999.956,-35.6036,-514.489,,-0.728315,-38.5514,,0.218471,-0.135023,fluid
877,22.3361,-77.8006,,1000,-38.3703,54.4031,,-0.884525,-38.4657,,0.23741,0.124105,fluid
878,22.3101,-77.8333,,1000.01,-39.7598,83.5509,,-0.917779,-38.4732,,0.203257,0.125318,fluid
879,5.71351,5.04628,,1000.88,25.2706,10408.5,,0.0745995,-0.346164,,0.175884,5.96818,fluid
880,6.28334,4.18304,,1000.56,-126.435,6644.92,,-0.706129,0.059784,,2.1902,0.391853,fluid
881,16.3089,2.27533,,1000.23,-9.11107,2671.61,,-0.0929039,-0.440003,,0.899722,7.31908,fluid
882,19.6874,1.83501,,1000.22,35.2135,2574.28,,0.795546,-0.308599,,0.139016,7.36162,fluid
883,23.4427,0.975914,,1000.93,31.9439,10987.8,,0.738026,0.0474337,,-0.483846,8.14496,fluid
884,22.4274,1.25027,,1000.44,17.6588,5218.96,,0.877892,0.0354018,,-0.667362,8.05005,fluid
885,19.5008,1.88659,,1000.24,36.3075,2779.34,,0.744407,-0.336726,,0.205826,7.36897,fluid
886,18.1735,2.0286,,1000.23,27.8165,2656.95,,0.516809,-0.482646,,0.488846,7.23017,fluid
887,23.8451,0.917911,,1000.76,2.40868,8967.33,,0.482175,0.139404,,-0.0158222,7.98127,fluid
888,24.6538,1.24213,,1000.5,-15.4711,5883.28,,0.251436,-0.157743,,-0.523443,6.77479,fluid
889,23.5429,0.785111,,1000.99,23.3458,11713.1,,0.663764,0.0944074,,-0.284654,7.80066,fluid
890,21.3067,1.61913,,1000.3,31.3749,3548.4,,0.882804,-0.11809,,-0.405373,7.67689,fluid
891,5.26895,7.03523,,1001.71,212.228,20263.7,,0.585434,-1.87691,,2.9223,6.34556,fluid
892,5.51265,0.441103,,1004.78,215.046,57081.7,,1.18506,-0.618274,,-8.71398,15.0104,fluid
893,7.05942,0.404334,,1003.44,210.826,40863.2,,1.41815,-0.089092,,-2.5179,7.28274,fluid
894,4.1925,6.79862,,1001.85,697.464,21937,,2.57775,1.44596,,-7.27289,1.92464,fluid
895,3.9347,13.6473,,979.912,-5.70925,-222693,,0.36384,-2.78305,,1.21179,0.609338,fluid
896,7.51837,40.8561,,1038.79,0,513319,,3.0813,8.95626,,0,0,fluid
897,6.93677,2.9566,,1002.09,-274.539,24816.7,,-2.08715,1.89543,,3.45563,15.2729,fluid
898,22.7239,-77.8796,,999.952,-42.2635,-568.545,,-0.893718,-38.7187,,-0.0826211,0.251044,fluid
899,22.2873,-77.9173,,1000,-42.6608,10.0581,,-0.963732,-38.4804,,0.209783,0.107474,fluid
900,22.4197,-78.0543,,1000,-40.8811,24.0567,,-0.935042,-38.5999,,0.106021,0.146361,fluid
901,22.3012,-77.8955,,1000.01,-41.6261,76.6727,,-0.95527,-38.4986,,0.185859,0.115072,fluid
902,4.50826,7.68412,,998.414,170.172,-18579.9,,1.112,0.460107,,1.20935,1.16619,fluid
903,6.5595,5.40377,,1001.12,329.715,13268.6,,1.80303,-0.354196,,0.460919,2.00466,fluid
904,22.8697,0.997217,,1000.72,18.3132,8482.17,,0.802457,-0.00173866,,-1.08093,8.45408,fluid
905,22.759,1.5939,,1000.41,24.2837,4871.43,,0.732219,0.167125,,-0.733245,8.04431,fluid
906,23.3441,1.71486,,1000.33,8.87909,3916.1,,0.602542,0.279004,,-1.00954,7.91664,fluid
907,23.0858,1.67717,,1000.33,11.5085,3944.11,,0.630043,0.2445,,-0.934658,7.94164,fluid
908,23.1211,1.15936,,1000.7,25.8147,8298.81,,0.821187,-0.0151871,,-1.07711,8.41135,fluid
909,23.5576,1.50026,,1000.89,55.1889,10475.5,,0.676196,0.021333,,-0.927363,8.36167,fluid
910,24.5204,1.70984,,1000.56,12.0096,6619.78,,0.30843,0.412061,,-0.756676,7.51383,fluid
911,24.8817,1.60448,,1000.71,17.3239,8423.68,,0.179344,0.368397,,-0.45263,6.8555,fluid
912,24.1933,1.12232,,1000.51,-15.8557,6007.44,,0.319665,-0.133417,,-0.115679,7.66797,fluid
913,5.10979,2.37492,,1002.48,-92.7016,29406.9,,-0.642416,-0.627114,,-4.18134,8.80347,fluid
914,24.6513,1.57018,,1000.73,23.558,8639.66,,0.305168,0.263208,,-0.761356,6.99561,fluid
915,3.38548,2.04993,,1008.17,5.07661,98626.1,,-0.296237,-1.22074,,-25.2808,9.85806,fluid
916,5.46457,9.44885,,999.422,300.68,-6788.95,,1.77506,-2.36941,,3.75645,1.743,fluid
917,10.3501,-3.38411,,1000.45,-395.253,5253.8,,-4.73863,-5.63615,,-0.392848,-0.0141922,fluid
918,9.73248,0.603875,,1001.49,6.09692,17607.1,,1.27819,0.191052,,-0.854506,9.53947,fluid
919,9.76172,7.8155,,998.664,237.53,-15669.5,,2.03104,-9.30411,,-0.180334,-1.41693,fluid
920,10.3531,4.67976,,1001.53,330.811,18101.3,,3.08206,-1.47759,,2.63942,10.9968,fluid
921,22.326,-77.9791,,1000,-42.9172,32.4356,,-0.975603,-38.5438,,0.186463,0.120448,fluid
922,25.2514,-0.223628,,1000.05,-84.3362,534.647,,0.891954,-2.72151,,4.88141,-3.62945,fluid
923,6.73352,9.28533,,999.701,115.611,-3520.63,,0.748163,-4.53009,,-2.07568,1.45323,fluid
924,23.5991,1.839,,1000.24,1.75782,2824.09,,0.56695,0.330302,,-0.930474,7.61689,fluid
925,21.41,1.77532,,1000.25,32.0699,2908.65,,0.906732,-0.0981485,,-0.418237,7.58145,fluid
926,18.656,1.99786,,1000.22,31.1255,2577.34,,0.596626,-0.426573,,0.377789,7.32463,fluid
927,17.8904,2.09508,,1000.27,30.1993,3129.68,,0.475163,-0.546887,,0.42673,7.40057,fluid
928,21.7419,1.83432,,1000.26,32.124,3067.62,,0.887747,-0.0129306,,-0.441096,7.65759,fluid
929,14.8836,2.556,,1000.21,-24.2056,2492.7,,-0.229878,-0.162022,,1.51148,7.30345,fluid
930,15.3495,2.397,,1000.21,-18.06,2485.61,,-0.139102,-0.251462,,1.26617,7.31018,fluid
931,10.4366,3.72275,,999.714,-73.9134,-3362.46,,-0.490186,-0.0032798,,1.59618,-0.709309,fluid
932,22.6171,1.77783,,1000.28,19.7068,3357.5,,0.70665,0.202836,,-0.422611,7.84699,fluid
933,24.5084,1.87412,,1000.27,-11.507,3166.38,,0.31996,0.53473,,-0.801808,6.98904,fluid
934,24.2904,1.83652,,1000.35,0.0580168,4146.9,,0.366368,0.445911,,-0.842301,7.52493,fluid
935,22.0263,1.75243,,1000.3,30.889,3508.07,,0.862219,0.0662717,,-0.338583,7.73995,fluid
936,20.7846,1.77568,,1000.24,34.489,2795.23,,0.889386,-0.20234,,-0.198567,7.62567,fluid
937,23.9671,1.48587,,1000.9,48.4495,10658.8,,0.498515,-0.101644,,-0.348245,7.73211,fluid
938,5.96339,6.45025,,999.498,262.142,-5897.09,,1.87363,-1.4984,,-5.94725,-3.04887,fluid
939,6.05079,9.6056,,999.573,177.275,-5020.09,,1.09829,-2.2866,,-0.308178,-0.733737,fluid
940,5.06007,3.98629,,1002.56,-165.331,30319.2,,-1.19913,0.754724,,-5.24529,4.75249,fluid
941,3.81529,8.38914,,1001.84,45.2556,21771.5,,0.0289295,-0.845456,,0.884577,2.17552,fluid
942,5.55455,14.4618,,982.828,-7.49096,-192028,,2.39801,-2.02461,,-1.12629,-0.566342,fluid
943,10.945,4.09718,,999.75,365.066,-2937.92,,4.57692,-1.63938,,-1.29367,3.57913,fluid
944,9.81892,7.71832,,999.782,233.685,-2566.43,,0.944927,-8.75575,,0.943347,1.98852,fluid
945,7.96375,4.71182,,1000.37,65.7778,4310.54,,0.59761,-1.67398,,6.04762,8.51172,fluid
946,8.63285,3.95648,,1005.33,228.92,63746.3,,0.705103,-1.14859,,-11.8785,5.3111,fluid
947,22.368,1.76614,,1000.3,27.0508,3583.37,,0.793494,0.154231,,-0.332445,7.84628,fluid
948,21.2739,1.99006,,1000.26,35.9861,3023.83,,0.841044,-0.130555,,-0.376954,7.69176,fluid
949,22.8538,2.01383,,1000.26,19.7767,3016.91,,0.657796,0.241654,,-0.66213,7.81185,fluid
950,23.3064,2.01542,,1000.2,6.88387,2342.37,,0.58467,0.305451,,-0.946347,7.49591,fluid
951,24.048,2.02059,,1000.18,-5.78463,2151.67,,0.436751,0.431633,,-0.960286,7.19757,fluid
952,22.0733,1.98332,,1000.27,33.3119,3143.9,,0.860494,0.0770936,,-0.347181,7.82574,fluid
953,17.6448,2.29897,,1000.3,33.9235,3568.02,,0.422598,-0.611517,,0.45071,7.51811,fluid
954,19.3727,2.089,,1000.27,44.7093,3147.68,,0.749526,-0.378554,,0.193566,7.56658,fluid
955,20.1706,1.98396,,1000.26,41.0698,3066.38,,0.798715,-0.277119,,0.0663723,7.69298,fluid
956,20.6011,1.92454,,1000.25,41.2871,2960.76,,0.898893,-0.239924,,-0.157906,7.75411,fluid
957,13.4596,2.91174,,1000.23,-19.2573,2698.9,,-0.122549,0.0449232,,1.98159,7.7029,fluid
958,7.05454,3.92057,,1001.66,106.265,19652.9,,0.551852,0.321156,,5.01967,-2.11441,fluid
959,23.8395,1.89908,,1000.23,-1.17306,2744.75,,0.486119,0.369392,,-0.839842,7.52483,fluid
960,24.1914,2.00212,,1000.19,-7.46278,2214.59,,0.431275,0.467933,,-1.01762,7.12162,fluid
961,9.30506,3.11265,,1000.75,-140.556,8860.81,,-1.18189,-1.92034,,-1.41161,6.11431,fluid
962,7.3985,4.80392,,1001.73,225.364,20474.3,,1.10902,-0.840661,,3.66984,5.47982,fluid
963,7.3483,6.20666,,1001.37,324.424,16246.5,,2.69117,-5.43552,,12.4416,-4.72587,fluid
964,9.06521,4.80643,,997.195,322.568,-32748.5,,3.38375,-3.44443,,-0.56269,3.08491,fluid
965,7.18819,7.42307,,1005.31,650.8,63460.7,,1.86243,-6.4634,,10.9232,20.7179,fluid
966,9.75079,4.1887,,1001.85,379.181,21860.4,,2.35839,-0.359374,,-2.1741,11.6054,fluid
967,9.40149,7.25779,,1000.8,253.34,9479.36,,0.636323,-7.63558,,-0.742882,-0.59945,fluid
968,10.5117,19.9578,,905.233,0,-844040,,12.1992,-6.80116,,0,0,fluid
