h/dp :,2
L2norm Pressure,KE,dp,Nparticles
79813.8,1.68477e+07,0.5,720

t,9.64
ID,x,y,,rho,drhodt,pressure,,u,v,,du_rdt,du_zdt,Type
0,0.25,-0.25,,1005.07,0,60582.7,,0,0,,0,0,boundary
1,0.75,-0.25,,1005.22,0,62427.6,,0,0,,0,0,boundary
2,1.25,-0.25,,1005.07,0,60586.8,,0,0,,0,0,boundary
3,1.75,-0.25,,1004.15,0,49479.8,,0,0,,0,0,boundary
4,2.25,-0.25,,1002.73,0,32450.7,,0,0,,0,0,boundary
5,2.75,-0.25,,1001.7,0,20098.3,,0,0,,0,0,boundary
6,3.25,-0.25,,1001.29,0,15188.5,,0,0,,0,0,boundary
7,3.75,-0.25,,1001.12,0,13187.3,,0,0,,0,0,boundary
8,4.25,-0.25,,1001.12,0,13220.7,,0,0,,0,0,boundary
9,4.75,-0.25,,1001.13,0,13346.4,,0,0,,0,0,boundary
10,5.25,-0.25,,1001.08,0,12700.5,,0,0,,0,0,boundary
11,5.75,-0.25,,1000.97,0,11504.1,,0,0,,0,0,boundary
12,6.25,-0.25,,1000.89,0,10462.7,,0,0,,0,0,boundary
13,6.75,-0.25,,1000.82,0,9640.45,,0,0,,0,0,boundary
14,7.25,-0.25,,1000.78,0,9144.7,,0,0,,0,0,boundary
15,7.75,-0.25,,1000.78,0,9261.03,,0,0,,0,0,boundary
16,8.25,-0.25,,1000.86,0,10136,,0,0,,0,0,boundary
17,8.75,-0.25,,1000.96,0,11337.5,,0,0,,0,0,boundary
18,9.25,-0.25,,1001.07,0,12675.1,,0,0,,0,0,boundary
19,9.75,-0.25,,1001.19,0,14002.6,,0,0,,0,0,boundary
20,10.25,-0.25,,1001.3,0,15387.5,,0,0,,0,0,boundary
21,10.75,-0.25,,1001.44,0,17004.2,,0,0,,0,0,boundary
22,11.25,-0.25,,1001.55,0,18304.4,,0,0,,0,0,boundary
23,11.75,-0.25,,1001.59,0,18815.9,,0,0,,0,0,boundary
24,12.25,-0.25,,1001.61,0,19098.8,,0,0,,0,0,boundary
25,12.75,-0.25,,1001.69,0,19939.6,,0,0,,0,0,boundary
26,13.25,-0.25,,1001.76,0,20836.9,,0,0,,0,0,boundary
27,13.75,-0.25,,1001.82,0,21563.2,,0,0,,0,0,boundary
28,14.25,-0.25,,1001.85,0,21857.8,,0,0,,0,0,boundary
29,14.75,-0.25,,1001.8,0,21319.6,,0,0,,0,0,boundary
30,15.25,-0.25,,1001.72,0,20382.5,,0,0,,0,0,boundary
31,15.75,-0.25,,1001.67,0,19701.7,,0,0,,0,0,boundary
32,16.25,-0.25,,1001.7,0,20123.8,,0,0,,0,0,boundary
33,16.75,-0.25,,1001.8,0,21292.4,,0,0,,0,0,boundary
34,17.25,-0.25,,1001.87,0,22083.6,,0,0,,0,0,boundary
35,17.75,-0.25,,1001.92,0,22745.5,,0,0,,0,0,boundary
36,18.25,-0.25,,1002.05,0,24328.2,,0,0,,0,0,boundary
37,18.75,-0.25,,1002.22,0,26263,,0,0,,0,0,boundary
38,19.25,-0.25,,1002.34,0,27793.6,,0,0,,0,0,boundary
39,19.75,-0.25,,1002.48,0,29445.4,,0,0,,0,0,boundary
40,20.25,-0.25,,1002.67,0,31686.2,,0,0,,0,0,boundary
41,20.75,-0.25,,1002.9,0,34476.7,,0,0,,0,0,boundary
42,21.25,-0.25,,1003.16,0,37568.2,,0,0,,0,0,boundary
43,21.75,-0.25,,1003.41,0,40584.1,,0,0,,0,0,boundary
44,22.25,-0.25,,1003.6,0,42853,,0,0,,0,0,boundary
45,22.75,-0.25,,1003.67,0,43680.9,,0,0,,0,0,boundary
46,23.25,-0.25,,1003.62,0,43119.1,,0,0,,0,0,boundary
47,23.75,-0.25,,1003.58,0,42639.4,,0,0,,0,0,boundary
48,24.25,-0.25,,1003.59,0,42729.7,,0,0,,0,0,boundary
49,24.75,-0.25,,1003.38,0,40234,,0,0,,0,0,boundary
50,0.25,-0.75,,1005.43,0,65030.8,,0,0,,0,0,boundary
51,0.75,-0.75,,1005.6,0,67035,,0,0,,0,0,boundary
52,1.25,-0.75,,1005.66,0,67816.9,,0,0,,0,0,boundary
53,1.75,-0.75,,1005.36,0,64070.6,,0,0,,0,0,boundary
54,2.25,-0.75,,1004.33,0,51640.3,,0,0,,0,0,boundary
55,2.75,-0.75,,1003.01,0,35815,,0,0,,0,0,boundary
56,3.25,-0.75,,1002.01,0,23833.1,,0,0,,0,0,boundary
57,3.75,-0.75,,1001.42,0,16751.3,,0,0,,0,0,boundary
58,4.25,-0.75,,1001.35,0,15988.4,,0,0,,0,0,boundary
59,4.75,-0.75,,1001.42,0,16746.1,,0,0,,0,0,boundary
60,5.25,-0.75,,1001.4,0,16514.5,,0,0,,0,0,boundary
61,5.75,-0.75,,1001.27,0,15015.8,,0,0,,0,0,boundary
62,6.25,-0.75,,1001.09,0,12927,,0,0,,0,0,boundary
63,6.75,-0.75,,1000.98,0,11512.4,,0,0,,0,0,boundary
64,7.25,-0.75,,1000.93,0,11029.1,,0,0,,0,0,boundary
65,7.75,-0.75,,1000.96,0,11340.5,,0,0,,0,0,boundary
66,8.25,-0.75,,1001.08,0,12741.5,,0,0,,0,0,boundary
67,8.75,-0.75,,1001.23,0,14497,,0,0,,0,0,boundary
68,9.25,-0.75,,1001.37,0,16243.2,,0,0,,0,0,boundary
69,9.75,-0.75,,1001.45,0,17157,,0,0,,0,0,boundary
70,10.25,-0.75,,1001.6,0,18889.4,,0,0,,0,0,boundary
71,10.75,-0.75,,1001.79,0,21164.2,,0,0,,0,0,boundary
72,11.25,-0.75,,1001.94,0,22955.5,,0,0,,0,0,boundary
73,11.75,-0.75,,1002,0,23693.7,,0,0,,0,0,boundary
74,12.25,-0.75,,1002.04,0,24107.3,,0,0,,0,0,boundary
75,12.75,-0.75,,1002.11,0,24966.4,,0,0,,0,0,boundary
76,13.25,-0.75,,1002.21,0,26216.3,,0,0,,0,0,boundary
77,13.75,-0.75,,1002.34,0,27684.4,,0,0,,0,0,boundary
78,14.25,-0.75,,1002.42,0,28648.1,,0,0,,0,0,boundary
79,14.75,-0.75,,1002.38,0,28170,,0,0,,0,0,boundary
80,15.25,-0.75,,1002.21,0,26247.8,,0,0,,0,0,boundary
81,15.75,-0.75,,1002.09,0,24723.2,,0,0,,0,0,boundary
82,16.25,-0.75,,1002.07,0,24509.7,,0,0,,0,0,boundary
83,16.75,-0.75,,1002.15,0,25488,,0,0,,0,0,boundary
84,17.25,-0.75,,1002.24,0,26579.2,,0,0,,0,0,boundary
85,17.75,-0.75,,1002.35,0,27804.6,,0,0,,0,0,boundary
86,18.25,-0.75,,1002.46,0,29117.8,,0,0,,0,0,boundary
87,18.75,-0.75,,1002.55,0,30292.9,,0,0,,0,0,boundary
88,19.25,-0.75,,1002.66,0,31567.6,,0,0,,0,0,boundary
89,19.75,-0.75,,1002.8,0,33284.1,,0,0,,0,0,boundary
90,20.25,-0.75,,1002.99,0,35489.4,,0,0,,0,0,boundary
91,20.75,-0.75,,1003.22,0,38258.5,,0,0,,0,0,boundary
92,21.25,-0.75,,1003.5,0,41658.4,,0,0,,0,0,boundary
93,21.75,-0.75,,1003.8,0,45220.3,,0,0,,0,0,boundary
94,22.25,-0.75,,1004.03,0,47963.1,,0,0,,0,0,boundary
95,22.75,-0.75,,1004.11,0,49025.3,,0,0,,0,0,boundary
96,23.25,-0.75,,1004.09,0,48750.1,,0,0,,0,0,boundary
97,23.75,-0.75,,1004.07,0,48458.9,,0,0,,0,0,boundary
98,24.25,-0.75,,1004.11,0,49038.9,,0,0,,0,0,boundary
99,24.75,-0.75,,1004.17,0,49690,,0,0,,0,0,boundary
100,0.25,-1.25,,1004.89,0,58472,,0,0,,0,0,boundary
101,0.75,-1.25,,1004.65,0,55553.4,,0,0,,0,0,boundary
102,1.25,-1.25,,1004.84,0,57828.1,,0,0,,0,0,boundary
103,1.75,-1.25,,1005.2,0,62201.3,,0,0,,0,0,boundary
104,2.25,-1.25,,1005.22,0,62452.1,,0,0,,0,0,boundary
105,2.75,-1.25,,1004.48,0,53496.4,,0,0,,0,0,boundary
106,3.25,-1.25,,1003.28,0,38935,,0,0,,0,0,boundary
107,3.75,-1.25,,1001.99,0,23513.8,,0,0,,0,0,boundary
108,4.25,-1.25,,1001.8,0,21259.4,,0,0,,0,0,boundary
109,4.75,-1.25,,1001.78,0,21102.4,,0,0,,0,0,boundary
110,5.25,-1.25,,1001.76,0,20808.1,,0,0,,0,0,boundary
111,5.75,-1.25,,1001.61,0,18997.3,,0,0,,0,0,boundary
112,6.25,-1.25,,1001.24,0,14673.1,,0,0,,0,0,boundary
113,6.75,-1.25,,1001.1,0,12985.3,,0,0,,0,0,boundary
114,7.25,-1.25,,1001.06,0,12570.5,,0,0,,0,0,boundary
115,7.75,-1.25,,1001.11,0,13082.9,,0,0,,0,0,boundary
116,8.25,-1.25,,1001.3,0,15361,,0,0,,0,0,boundary
117,8.75,-1.25,,1001.51,0,17861.3,,0,0,,0,0,boundary
118,9.25,-1.25,,1001.65,0,19476.6,,0,0,,0,0,boundary
119,9.75,-1.25,,1001.71,0,20246.8,,0,0,,0,0,boundary
120,10.25,-1.25,,1001.88,0,22297.7,,0,0,,0,0,boundary
121,10.75,-1.25,,1002.12,0,25160.6,,0,0,,0,0,boundary
122,11.25,-1.25,,1002.35,0,27809.5,,0,0,,0,0,boundary
123,11.75,-1.25,,1002.46,0,29165.4,,0,0,,0,0,boundary
124,12.25,-1.25,,1002.52,0,29895.3,,0,0,,0,0,boundary
125,12.75,-1.25,,1002.61,0,30929.2,,0,0,,0,0,boundary
126,13.25,-1.25,,1002.78,0,32954.3,,0,0,,0,0,boundary
127,13.75,-1.25,,1003.03,0,35975.1,,0,0,,0,0,boundary
128,14.25,-1.25,,1003.28,0,39018.6,,0,0,,0,0,boundary
129,14.75,-1.25,,1003.38,0,40200.8,,0,0,,0,0,boundary
130,15.25,-1.25,,1003.27,0,38853,,0,0,,0,0,boundary
131,15.75,-1.25,,1003.08,0,36642.7,,0,0,,0,0,boundary
132,16.25,-1.25,,1002.92,0,34672.5,,0,0,,0,0,boundary
133,16.75,-1.25,,1002.78,0,32978.5,,0,0,,0,0,boundary
134,17.25,-1.25,,1002.7,0,32072.6,,0,0,,0,0,boundary
135,17.75,-1.25,,1002.7,0,32102.7,,0,0,,0,0,boundary
136,18.25,-1.25,,1002.77,0,32881.8,,0,0,,0,0,boundary
137,18.75,-1.25,,1002.88,0,34202.9,,0,0,,0,0,boundary
138,19.25,-1.25,,1003.03,0,35963.7,,0,0,,0,0,boundary
139,19.75,-1.25,,1003.18,0,37742.4,,0,0,,0,0,boundary
140,20.25,-1.25,,1003.3,0,39219.5,,0,0,,0,0,boundary
141,20.75,-1.25,,1003.44,0,40971.9,,0,0,,0,0,boundary
142,21.25,-1.25,,1003.69,0,43955.6,,0,0,,0,0,boundary
143,21.75,-1.25,,1004.02,0,47849.4,,0,0,,0,0,boundary
144,22.25,-1.25,,1004.3,0,51230.4,,0,0,,0,0,boundary
145,22.75,-1.25,,1004.45,0,53083.4,,0,0,,0,0,boundary
146,23.25,-1.25,,1004.49,0,53517.8,,0,0,,0,0,boundary
147,23.75,-1.25,,1004.51,0,53862.7,,0,0,,0,0,boundary
148,24.25,-1.25,,1004.63,0,55218.5,,0,0,,0,0,boundary
149,24.75,-1.25,,1004.82,0,57598,,0,0,,0,0,boundary
150,25.25,-1.25,,1000.21,0,2438.57,,0,0,,0,0,boundary
151,25.25,-0.75,,1002.49,0,29519.6,,0,0,,0,0,boundary
152,25.25,-0.25,,1003.2,0,38032.1,,0,0,,0,0,boundary
153,25.25,0.25,,1003.31,0,39399.1,,0,0,,0,0,boundary
154,25.25,0.75,,1003.47,0,41272.6,,0,0,,0,0,boundary
155,25.25,1.25,,1003.17,0,37710.9,,0,0,,0,0,boundary
156,25.25,1.75,,1002.8,0,33267.8,,0,0,,0,0,boundary
157,25.25,2.25,,1002.5,0,29629.6,,0,0,,0,0,boundary
158,25.25,2.75,,1002.24,0,26569.8,,0,0,,0,0,boundary
159,25.25,3.25,,1001.9,0,22459.5,,0,0,,0,0,boundary
160,25.25,3.75,,1001.45,0,17178.4,,0,0,,0,0,boundary
161,25.25,4.25,,1000.91,0,10703.6,,0,0,,0,0,boundary
162,25.25,4.75,,1000.79,0,9325.72,,0,0,,0,0,boundary
163,25.25,5.25,,1000.73,0,8662.57,,0,0,,0,0,boundary
164,25.25,5.75,,1000.69,0,8173.74,,0,0,,0,0,boundary
165,25.25,6.25,,1000,0,0,,0,0,,0,0,boundary
166,25.25,6.75,,1000,0,0,,0,0,,0,0,boundary
167,25.25,7.25,,1000,0,0,,0,0,,0,0,boundary
168,25.25,7.75,,1000,0,0,,0,0,,0,0,boundary
169,25.25,8.25,,1000,0,0,,0,0,,0,0,boundary
170,25.25,8.75,,1000,0,0,,0,0,,0,0,boundary
171,25.25,9.25,,1000,0,0,,0,0,,0,0,boundary
172,25.25,9.75,,1000,0,0,,0,0,,0,0,boundary
173,25.25,10.25,,1000,0,0,,0,0,,0,0,boundary
174,25.25,10.75,,1000,0,0,,0,0,,0,0,boundary
175,25.25,11.25,,1000,0,0,,0,0,,0,0,boundary
176,25.25,11.75,,1000,0,0,,0,0,,0,0,boundary
177,25.25,12.25,,1000,0,0,,0,0,,0,0,boundary
178,25.25,12.75,,1000,0,0,,0,0,,0,0,boundary
179,25.25,13.25,,1000,0,0,,0,0,,0,0,boundary
180,25.25,13.75,,1000,0,0,,0,0,,0,0,boundary
181,25.25,14.25,,1000,0,0,,0,0,,0,0,boundary
182,25.25,14.75,,1000,0,0,,0,0,,0,0,boundary
183,25.75,-1.25,,1002.38,0,28183.5,,0,0,,0,0,boundary
184,25.75,-0.75,,1003.05,0,36176.1,,0,0,,0,0,boundary
185,25.75,-0.25,,1003.25,0,38612.1,,0,0,,0,0,boundary
186,25.75,0.25,,1003.68,0,43769,,0,0,,0,0,boundary
187,25.75,0.75,,1003.58,0,42612.9,,0,0,,0,0,boundary
188,25.75,1.25,,1003.26,0,38786.4,,0,0,,0,0,boundary
189,25.75,1.75,,1002.9,0,34434.9,,0,0,,0,0,boundary
190,25.75,2.25,,1002.62,0,31051.3,,0,0,,0,0,boundary
191,25.75,2.75,,1002.37,0,28137.5,,0,0,,0,0,boundary
192,25.75,3.25,,1002.03,0,24014.6,,0,0,,0,0,boundary
193,25.75,3.75,,1001.59,0,18857.5,,0,0,,0,0,boundary
194,25.75,4.25,,1001.14,0,13474,,0,0,,0,0,boundary
195,25.75,4.75,,1000.73,0,8578.77,,0,0,,0,0,boundary
196,25.75,5.25,,1000.68,0,8032.93,,0,0,,0,0,boundary
197,25.75,5.75,,1000.65,0,7703.06,,0,0,,0,0,boundary
198,25.75,6.25,,1000.62,0,7295.83,,0,0,,0,0,boundary
199,25.75,6.75,,1000,0,0,,0,0,,0,0,boundary
200,25.75,7.25,,1000,0,0,,0,0,,0,0,boundary
201,25.75,7.75,,1000,0,0,,0,0,,0,0,boundary
202,25.75,8.25,,1000,0,0,,0,0,,0,0,boundary
203,25.75,8.75,,1000,0,0,,0,0,,0,0,boundary
204,25.75,9.25,,1000,0,0,,0,0,,0,0,boundary
205,25.75,9.75,,1000,0,0,,0,0,,0,0,boundary
206,25.75,10.25,,1000,0,0,,0,0,,0,0,boundary
207,25.75,10.75,,1000,0,0,,0,0,,0,0,boundary
208,25.75,11.25,,1000,0,0,,0,0,,0,0,boundary
209,25.75,11.75,,1000,0,0,,0,0,,0,0,boundary
210,25.75,12.25,,1000,0,0,,0,0,,0,0,boundary
211,25.75,12.75,,1000,0,0,,0,0,,0,0,boundary
212,25.75,13.25,,1000,0,0,,0,0,,0,0,boundary
213,25.75,13.75,,1000,0,0,,0,0,,0,0,boundary
214,25.75,14.25,,1000,0,0,,0,0,,0,0,boundary
215,25.75,14.75,,1000,0,0,,0,0,,0,0,boundary
216,26.25,-1.25,,1002.49,0,29518.8,,0,0,,0,0,boundary
217,26.25,-0.75,,1003.02,0,35861.6,,0,0,,0,0,boundary
218,26.25,-0.25,,1003.48,0,41396.2,,0,0,,0,0,boundary
219,26.25,0.25,,1003.68,0,43759.5,,0,0,,0,0,boundary
220,26.25,0.75,,1003.52,0,41864.2,,0,0,,0,0,boundary
221,26.25,1.25,,1003.24,0,38501.5,,0,0,,0,0,boundary
222,26.25,1.75,,1002.92,0,34680.2,,0,0,,0,0,boundary
223,26.25,2.25,,1002.69,0,31965.4,,0,0,,0,0,boundary
224,26.25,2.75,,1002.5,0,29692.9,,0,0,,0,0,boundary
225,26.25,3.25,,1002.16,0,25553.7,,0,0,,0,0,boundary
226,26.25,3.75,,1001.71,0,20199.5,,0,0,,0,0,boundary
227,26.25,4.25,,1001.25,0,14797.7,,0,0,,0,0,boundary
228,26.25,4.75,,1000.66,0,7790.48,,0,0,,0,0,boundary
229,26.25,5.25,,1000.63,0,7408.83,,0,0,,0,0,boundary
230,26.25,5.75,,1000.61,0,7182.55,,0,0,,0,0,boundary
231,26.25,6.25,,1000,0,0,,0,0,,0,0,boundary
232,26.25,6.75,,1000,0,0,,0,0,,0,0,boundary
233,26.25,7.25,,1000,0,0,,0,0,,0,0,boundary
234,26.25,7.75,,1000,0,0,,0,0,,0,0,boundary
235,26.25,8.25,,1000,0,0,,0,0,,0,0,boundary
236,26.25,8.75,,1000,0,0,,0,0,,0,0,boundary
237,26.25,9.25,,1000,0,0,,0,0,,0,0,boundary
238,26.25,9.75,,1000,0,0,,0,0,,0,0,boundary
239,26.25,10.25,,1000,0,0,,0,0,,0,0,boundary
240,26.25,10.75,,1000,0,0,,0,0,,0,0,boundary
241,26.25,11.25,,1000,0,0,,0,0,,0,0,boundary
242,26.25,11.75,,1000,0,0,,0,0,,0,0,boundary
243,26.25,12.25,,1000,0,0,,0,0,,0,0,boundary
244,26.25,12.75,,1000,0,0,,0,0,,0,0,boundary
245,26.25,13.25,,1000,0,0,,0,0,,0,0,boundary
246,26.25,13.75,,1000,0,0,,0,0,,0,0,boundary
247,26.25,14.25,,1000,0,0,,0,0,,0,0,boundary
248,26.25,14.75,,1000,0,0,,0,0,,0,0,boundary
249,0.28126,0.730636,,1001.92,368.276,22692.3,,0.142465,1.48381,,-72.7122,27.8354,fluid
250,0.34714,1.46308,,1000.36,1093.85,4278.5,,0.343813,0.234946,,-16.1274,4.96807,fluid
251,0.250162,-130.577,,999.983,6.93992,-203.417,,-0.00027731,-52.1412,,0.0410892,-0.0477998,fluid
252,0.25,-134.239,,999.979,-2.88916,-243.754,,0,-52.2125,,0.0293503,0.086039,fluid
253,0.294198,-178.873,,999.961,-5.33209,-456.901,,0.0125863,-62.7652,,0.0705405,0.0482343,fluid
254,0.35803,-155.767,,999.998,-123.529,-19.1362,,-0.0431166,-56.7244,,0.0272336,-0.0071175,fluid
255,0.358272,-150.237,,1000,-66.595,-1.41786,,-0.0240046,-55.8846,,0.0137324,-0.000120522,fluid
256,0.335177,-183.238,,1006.36,-252.505,76366.8,,1.22582,-63.8801,,0,0,fluid
257,0.293628,-148.396,,999.831,24.6723,-1984.6,,-0.10019,-55.7285,,0.0888944,-0.000908641,fluid
258,0.36339,-131.438,,999.939,17.7634,-720.383,,-0.0876828,-52.1393,,0.0829978,0.11341,fluid
259,0.877855,1.69057,,1000.07,926.706,876.324,,0.754236,-1.12303,,5.133,-1.96807,fluid
260,0.50692,1.01321,,1000.83,1674.8,9815.86,,0.916062,1.59829,,-22.7795,16.9659,fluid
261,0.813434,1.90785,,1000.47,1239.89,5582.87,,0.810303,-3.38182,,2.61374,6.94338,fluid
262,0.425362,0.512007,,1002.81,-125.089,33387.8,,-0.0506363,1.19233,,-66.4294,31.6871,fluid
263,0.741685,1.99293,,1000.65,1809.6,7618.22,,1.37183,-4.32633,,-1.7111,11.4321,fluid
264,0.626863,1.90515,,1000.57,1280.92,6759.54,,0.751171,-3.47208,,-3.22822,8.56614,fluid
265,0.634524,2.01666,,1000.72,1992.31,8527.64,,1.22983,-4.65139,,-5.10103,13.1105,fluid
266,0.730506,1.9811,,1000.63,1822.48,7476.8,,1.346,-4.33289,,-1.97522,11.2343,fluid
267,0.634275,1.55358,,1000.17,1426.9,1988.19,,0.910255,-0.38975,,-4.11576,-0.382674,fluid
268,0.712599,1.29731,,1000.09,2245.38,1014.32,,1.69363,1.51138,,-5.18774,2.59632,fluid
269,0.821849,1.75233,,1000.22,1076.03,2618.17,,0.842084,-2.21399,,3.43122,1.2852,fluid
270,0.923238,1.76132,,1000.14,1473.98,1612.17,,1.2313,-4.09509,,4.25074,5.94628,fluid
271,0.886647,1.91839,,1000.44,1976.09,5148.85,,1.68348,-4.86532,,2.40159,9.42148,fluid
272,0.804092,1.96851,,1000.58,2208.57,6782.41,,1.80277,-4.96263,,-0.497483,11.6747,fluid
273,0.50668,-133.544,,999.991,-1.41354,-110.338,,-0.00211698,-52.2003,,-0.00863515,-0.0275307,fluid
274,1.29381,1.16063,,999.619,574.005,-4474.68,,0.591425,-15.1312,,-2.91737,34.5712,fluid
275,0.507082,-150.882,,1000,-29.626,-3.15489,,-0.0150446,-56.1626,,0.00786603,0.000459188,fluid
276,0.576717,-156.268,,999.999,-64.6197,-13.813,,-0.0372382,-57.3441,,0.00996054,0.00246897,fluid
277,2.02905,0.309762,,1002.13,545.494,25218.8,,1.03233,0.697912,,-1.2836,25.5358,fluid
278,2.65611,0.240987,,1001.08,212.739,12796.7,,0.552268,0.200611,,2.26084,16.9743,fluid
279,0.846876,-137.505,,1000,19.3525,7.28835,,0.0163834,-53.1176,,-0.0106729,-0.049542,fluid
280,1.03751,-136.62,,999.999,23.8701,-7.17896,,0.0247824,-53.3842,,0.0106772,0.0495618,fluid
281,1.05792,-30.7622,,1001.57,0,18542.3,,0.194706,-28.1816,,0,0,fluid
282,1.73053,0.863611,,1000.62,1347.48,7293.99,,2.45038,-0.0755209,,0.561192,22.3445,fluid
283,2.32587,0.331035,,1001.51,550.918,17876.6,,1.19477,-0.80988,,-2.24545,24.113,fluid
284,1.61061,0.959165,,1000.26,1307.82,3100.92,,2.386,0.455441,,2.2337,19.3303,fluid
285,0.6362,-24.1583,,1000.03,-1.54329,341.674,,0.0152717,-24.6845,,0,0,fluid
286,0.720289,-74.0528,,999.699,0.484023,-3542.37,,-0.0105425,-39.4858,,0.000725818,0,fluid
287,0.78263,-77.8423,,1000.09,-0.669336,1111.17,,0.0310762,-40.1508,,0,0,fluid
288,0.778237,-94.4145,,1000,0.000112628,0.434175,,-4.92649e-06,-44.8984,,1.56376e-07,0,fluid
289,1.36825,0.222768,,1003.58,69.7568,42569.7,,0.252043,1.60743,,-15.2909,35.6644,fluid
290,3.03779,-1.72628,,998.838,-1948.05,-13635,,-5.8211,-3.33343,,5.01147,-13.433,fluid
291,5.25937,-0.967517,,1001.42,-208.99,16842.9,,-0.206322,-0.391865,,-3.05514,-17.1009,fluid
292,0.97471,0.323824,,1003.51,79.0496,41788,,0.175372,1.43131,,-30.2357,35.7285,fluid
293,1.11717,1.46726,,999.515,854.535,-5696.99,,0.772281,0.277839,,6.70356,1.715,fluid
294,1.39748,1.89825,,999.805,39.4821,-2296.67,,0.116175,-1.64508,,6.2115,-2.03193,fluid
295,0.853555,0.507164,,1002.73,630.26,32429.8,,0.580755,1.5805,,-29.7755,33.3839,fluid
296,1.13046,1.99507,,1000.36,843.634,4195.02,,0.61211,-3.18778,,6.94739,4.73708,fluid
297,0.681177,-170.382,,1000.14,-1.53127,1606.37,,0.0134432,-60.8342,,0,0,fluid
298,0.769247,-166.637,,1000,0.0608341,6.41992,,-0.00140921,-59.8998,,8.54427e-05,0,fluid
299,1.38793,-125.292,,1000.48,5.88345,5639.95,,0.0255632,-50.7806,,-2.20081,0.0333028,fluid
300,0.886144,58.9855,,954.574,-21.1133,-467149,,4.07472,-6.79466,,0,0,fluid
301,3.68738,0.414611,,1000.88,351.348,10415.5,,1.03599,-0.247701,,-0.465719,9.27992,fluid
302,6.74276,-0.152949,,1000.78,249.446,9178.31,,1.51197,-0.84815,,-1.49246,7.4265,fluid
303,7.09832,-0.0793576,,1000.73,302.109,8620.03,,1.74044,-0.555868,,-2.76486,7.80099,fluid
304,5.82739,-0.0634091,,1000.86,188.979,10174.5,,0.881938,-0.42616,,-1.57415,13.2673,fluid
305,3.1096,-1.48405,,999.965,-1324.85,-411.046,,-3.50097,-2.33172,,6.75401,-27.4386,fluid
306,7.12872,0.118519,,1000.68,257.637,8040.27,,1.77715,-0.380841,,-1.62012,8.5638,fluid
307,2.28407,-2.65618,,1007.19,-976.04,86499.1,,-3.00478,-7.7274,,-4.90527,-16.0998,fluid
308,7.68884,-0.109002,,1000.72,316.197,8532.97,,1.702,-0.580556,,-4.39631,7.26661,fluid
309,6.56054,-0.222654,,1000.81,173.893,9597.72,,1.21108,-1.16671,,-1.73437,6.62781,fluid
310,1.09502,-36.6944,,1001.49,0,17566.1,,0.0803698,-28.8423,,0,0,fluid
311,0.771213,-60.8442,,1000.01,-0.819684,71.6227,,0.0195833,-36.0199,,0,0,fluid
312,5.92253,-0.341791,,1000.89,107.679,10548.8,,0.930339,-1.28601,,0.261557,9.1272,fluid
313,2.90402,0.623923,,1000.76,588.332,9010.84,,1.48343,-0.670749,,-0.747,14.4109,fluid
314,2.74707,0.344285,,1000.96,412.325,11307.2,,0.89287,-0.278626,,1.73537,16.5834,fluid
315,2.58184,0.317762,,1001.14,411.037,13472.4,,0.894137,-0.494735,,0.0265953,19.5999,fluid
316,1.64203,0.269483,,1002.99,488.122,35522.1,,1.02352,0.230279,,-6.17124,32.8815,fluid
317,0.917792,-27.5095,,1000.71,-0.330444,8403.48,,0.170589,-26.4687,,0,0,fluid
318,3.01628,-1.6248,,999.346,-1128.82,-7681.4,,-2.99651,-2.0452,,4.36942,-22.28,fluid
319,1.64244,1.51627,,998.982,510.584,-11943,,0.482716,-2.3047,,1.46676,2.38169,fluid
320,2.85838,0.171185,,1000.88,79.065,10381.7,,0.299598,0.71319,,4.64277,13.944,fluid
321,1.46302,-131.578,,999.997,0.439489,-37.0448,,0.00634344,-51.7634,,-0.00984309,0.00113555,fluid
322,1.35305,-140.488,,1000,0,45.1976,,-0.000325431,-53.7659,,0,0,fluid
323,1.84795,-4.77502,,1003.03,-141.048,35964,,-0.192345,-12.7062,,5.5285,1.20366,fluid
324,6.08519,-0.0434537,,1000.8,197.399,9421.74,,1.05754,-0.515265,,-1.22429,11.8253,fluid
325,4.26674,-0.801178,,1001.52,-501.633,18025.6,,-0.963852,-1.4358,,-2.87975,-5.24499,fluid
326,3.055,-1.50462,,999.886,-1531.43,-1339.98,,-3.93976,-2.66514,,6.83098,-27.3488,fluid
327,2.79228,-1.83695,,998.947,-1111.02,-12359.8,,-2.67563,-2.19583,,4.88696,-14.9765,fluid
328,6.81769,-0.0790508,,1000.75,273.384,8847.47,,1.707,-0.703207,,-1.71686,7.74598,fluid
329,7.16291,-0.431539,,1000.78,78.9206,9157.48,,1.302,-1.84096,,-3.36233,3.79987,fluid
330,3.58274,0.625444,,1000.87,415.539,10231.9,,1.31739,-0.875204,,-0.165055,11.3665,fluid
331,5.42327,-0.370297,,1001.02,292.452,12063.4,,1.39951,-1.02356,,-5.95007,12.515,fluid
332,5.47629,-0.123695,,1000.98,345.452,11606.1,,1.58504,-0.43054,,-5.93721,15.9717,fluid
333,4.43694,0.415006,,1000.89,383.652,10499,,1.55019,-0.25972,,-1.34977,9.20207,fluid
334,3.04393,0.751089,,1000.68,543.349,8027.72,,1.55284,-0.894096,,-1.67993,13.3431,fluid
335,1.81531,0.792758,,1000.85,1373.45,10045.1,,2.55894,-0.585241,,-0.429922,24.2454,fluid
336,5.74494,-0.836935,,1001.12,-293.907,13212.6,,-0.522326,-0.969353,,4.63175,-9.5521,fluid
337,5.70562,-0.792052,,1001.09,-277.261,12905.1,,-0.314507,-0.974542,,3.35554,-6.89937,fluid
338,2.48399,1.09705,,999.717,483.281,-3326.39,,1.49403,-0.51471,,-3.57435,10.9318,fluid
339,5.3815,-0.795439,,1001.21,-157.481,14259.2,,0.256569,-0.523722,,-2.98032,-6.67112,fluid
340,3.55297,0.431581,,1000.87,385.652,10268.3,,1.03589,-0.307252,,-0.525336,9.1003,fluid
341,0.805752,-5.00193,,999.725,-56.5651,-3234.38,,-0.150497,-16.9364,,-5.56164,-1.21245,fluid
342,3.30231,0.810542,,1000.72,472.909,8521.94,,1.51786,-1.14888,,-1.09711,12.511,fluid
343,6.83903,0.126628,,1000.68,283.841,8045.02,,1.90158,-0.505848,,-1.29235,9.13462,fluid
344,5.55707,-0.734889,,1001.09,-177.36,12926.9,,0.286186,-0.773167,,-0.965346,-3.31607,fluid
345,1.5151,-178.038,,999.956,-1.27183,-519.293,,-0.00480419,-62.5953,,-0.00782545,-0.00535092,fluid
346,5.62797,0.0880951,,1000.9,309.894,10620.1,,1.54292,-0.192287,,-3.84012,14.9905,fluid
347,7.53898,0.0784573,,1000.69,284.512,8179.71,,1.94445,-0.476226,,-3.69348,8.22403,fluid
348,6.75517,0.3107,,1000.61,300.693,7251.95,,2.04226,-0.491409,,-1.10928,9.78283,fluid
349,1.4541,-91.1743,,999.925,0,-879.866,,-0.0897504,-43.893,,0,0,fluid
350,2.61186,-106.814,,1008.47,0,102252,,0.0262583,-45.638,,0,0,fluid
351,4.064,-88.3602,,999.757,-131.702,-2854.22,,-0.645611,-42.7101,,1.04521,0.395036,fluid
352,3.67957,-83.6039,,1000.06,-414.647,687.149,,-1.58369,-40.2362,,1.01044,-0.0172753,fluid
353,10.886,0.0355283,,1001.28,17.6018,15081.5,,0.436116,0.41947,,-1.84016,9.92626,fluid
354,5.27266,0.28853,,1000.96,392.243,11355.4,,1.31882,-0.0792245,,-2.46081,12.2027,fluid
355,8.48736,-0.770341,,1000.96,-646.909,11370.1,,-0.995646,-2.17747,,-0.507888,-3.09932,fluid
356,7.77761,0.17427,,1000.69,265.751,8082.91,,2.03879,-0.412003,,-3.24357,8.06236,fluid
357,7.75911,-0.406629,,1000.73,134.849,8594.58,,1.22097,-1.78818,,-4.7225,4.65329,fluid
358,8.51425,0.170258,,1000.75,238.498,8896.19,,1.917,-0.172882,,-2.79237,8.45298,fluid
359,5.98733,0.132057,,1000.77,241.396,9038.72,,1.31287,-0.310937,,-1.81895,12.2445,fluid
360,3.15943,1.07906,,1000.39,336.477,4547.11,,1.14936,-1.01355,,-2.03192,12.3539,fluid
361,4.33913,0.217714,,1000.92,374.551,10832.7,,1.36197,-0.30721,,-2.37537,11.3168,fluid
362,4.60409,-0.896949,,1001.54,-396.857,18229.5,,-1.06155,-0.73614,,-2.66936,-11.946,fluid
363,3.98132,-0.336639,,1001.11,220.887,13089.4,,0.602925,-0.724975,,-4.2083,12.2231,fluid
364,2.30409,1.55012,,998.661,470.049,-15700,,0.706214,-1.5017,,-5.60318,-5.65758,fluid
365,2.13897,1.16201,,999.406,816.874,-6982.33,,2.17293,-1.4211,,-2.11151,12.2125,fluid
366,2.52761,0.661681,,1000.78,912.053,9255.98,,2.12625,-0.938015,,-3.71821,20.5265,fluid
367,2.7695,-0.680375,,1001.57,14.9561,18538.6,,3.04372,-7.33824,,-1.29424,22.6083,fluid
368,3.84158,-0.101515,,1000.94,228.792,11068.6,,0.727852,-0.144009,,-3.37319,13.8956,fluid
369,2.56163,-115.614,,997.612,-2.15104,-27913.6,,-0.944871,-48.0752,,0.0292379,-0.733668,fluid
370,6.38821,-0.0468294,,1000.76,215.855,9013.34,,1.29332,-0.643746,,-1.2145,9.67192,fluid
371,2.62687,-117.251,,993.736,-2.20757,-72365.3,,-0.636188,-48.365,,-0.029261,0.734247,fluid
372,3.46836,-83.0636,,1000.09,-362.19,1048.28,,-1.26465,-39.7024,,0.653121,1.47554,fluid
373,3.99563,-84.0712,,1000.04,-409.791,415.855,,-1.66639,-40.3402,,0.398562,-0.266368,fluid
374,3.94022,-84.6215,,1000.02,-384.019,244.754,,-1.52302,-40.5222,,0.00743764,-0.462085,fluid
375,12.8,0.0272314,,1001.47,63.0695,17325.3,,0.877867,-0.181938,,-3.34045,11.5769,fluid
376,7.10918,-3.01018,,1020.99,-91.5557,263183,,-3.23918,-5.58835,,-6.72376,-9.8402,fluid
377,3.72849,-83.5715,,1000.06,-419.983,723.54,,-1.57336,-40.1629,,1.04391,0.12427,fluid
378,2.05334,-83.9995,,1003.55,-1196.13,42288.8,,-2.86904,-41.988,,-15.6746,-9.87975,fluid
379,4.6411,-45.292,,999.969,72.215,-368.623,,0.32233,-28.2191,,0.266737,-1.46915,fluid
380,3.98017,-46.9815,,999.935,-135.042,-769.738,,-0.561679,-30.3378,,-0.0191939,0.954221,fluid
381,3.79987,-17.6047,,999.325,-3.68943,-7925.71,,-0.0455517,-15.1457,,0.00238051,-0.0131292,fluid
382,3.87953,-7.14522,,1035.68,37.2905,467709,,1.82418,-7.83166,,-34.7592,11.1808,fluid
383,2.99886,-23.138,,999.904,-0.84442,-1133.75,,0.0113155,-21.8316,,-0.114368,0.347034,fluid
384,4.54832,-44.7532,,1000.03,98.9206,370.45,,0.47601,-29.2126,,1.69012,0.392699,fluid
385,14.2147,0.558821,,1001.61,125.25,18990.5,,1.73482,-0.116497,,-2.63399,11.2684,fluid
386,11.4454,0.130762,,1001.39,65.2578,16375.8,,0.779938,-0.11159,,-4.77754,11.3367,fluid
387,13.0601,1.344,,1000.72,181.859,8467.18,,2.52673,-0.0377174,,-3.46245,11.8187,fluid
388,3.38746,1.07194,,1000.56,537.686,6579.77,,1.92337,-1.74287,,-0.747444,13.9719,fluid
389,3.90756,0.866093,,1000.82,533.146,9658.98,,2.08243,-1.73018,,-1.18149,14.1888,fluid
390,4.9042,0.137968,,1001.04,542.542,12249.3,,2.09687,-0.482862,,-4.14773,14.7295,fluid
391,1.41537,4.76981,,1025.63,0,325894,,0.534302,-20.0888,,0,0,fluid
392,4.38605,0.856258,,1000.76,746.174,9015.9,,3.17508,-1.52811,,-4.19523,14.4832,fluid
393,4.68884,0.657781,,1000.8,314.03,9427.53,,1.62254,-0.195692,,0.156402,9.04995,fluid
394,2.18313,-152.013,,998.584,0,-16595.7,,0.44729,-55.9707,,0,0,fluid
395,3.12203,-76.5203,,1000.03,-73.9718,330.012,,-0.192663,-36.1441,,0.134706,0.323145,fluid
396,3.74188,-21.8361,,1000.07,-156.056,809.022,,-0.597629,-19.493,,0.0606861,-0.157693,fluid
397,3.51052,-80.4845,,999.999,-111.218,-15.2603,,-0.397443,-38.5507,,0.0301065,-0.216939,fluid
398,4.64857,-45.1521,,999.976,37.5317,-281.367,,0.191854,-28.0223,,0.925791,-1.98967,fluid
399,4.35103,-45.4576,,999.946,42.4999,-630.541,,0.104594,-28.8443,,-0.0794002,-0.904894,fluid
400,3.73015,-83.5441,,1000.06,-421.019,743.358,,-1.56867,-40.1382,,1.07501,0.203382,fluid
401,15.8604,0.607888,,1001.6,121.982,18913.2,,1.25305,-0.240931,,-1.73968,9.8587,fluid
402,4.16504,-44.6856,,1000.23,7.53523,2713.68,,-0.00581939,-29.1455,,1.96669,-0.550072,fluid
403,4.62421,-45.374,,999.964,-21.675,-420.445,,-0.126641,-29.3203,,0.570247,-0.0743361,fluid
404,16.5071,1.06872,,1001.37,98.4822,16236.9,,2.29382,0.276192,,-1.69715,9.96874,fluid
405,15.459,0.847558,,1001.63,125.73,19311.2,,2.35629,-0.0877819,,-2.91681,12.5879,fluid
406,8.33114,0.375215,,1000.66,313.705,7749.02,,2.55055,-0.467399,,-3.80643,10.2011,fluid
407,10.7917,0.134384,,1001.17,64.7654,13824.1,,1.02436,0.340347,,-2.70242,10.6515,fluid
408,12.3268,0.253513,,1001.28,111.69,15098.6,,1.6047,0.016988,,-2.36262,13.6647,fluid
409,8.4566,-1.70573,,1000.05,-927.209,561.45,,-6.55101,-1.78624,,-0.702345,-13.9782,fluid
410,15.7764,0.880114,,1001.59,140.926,18749.2,,2.02372,-0.403223,,-3.32958,11.1821,fluid
411,14.3624,0.0367107,,1001.73,-3.27413,20501.4,,0.512404,0.239159,,-1.64255,13.5157,fluid
412,16.4969,1.1489,,1001.36,99.064,16017.2,,2.46559,0.375888,,-1.59241,10.3317,fluid
413,4.08217,-46.859,,999.928,-90.0231,-846.458,,-0.420842,-30.351,,-0.225651,0.739469,fluid
414,4.36987,0.698717,,1000.81,514.786,9601.67,,2.20746,-1.04406,,-2.81514,11.9897,fluid
415,7.65253,-1.09922,,1000.44,-471.098,5173.45,,-0.793318,-1.70358,,-2.52343,-8.82461,fluid
416,15.6816,1.08875,,1001.58,127.811,18635.4,,2.36462,-0.34109,,-3.71491,10.9192,fluid
417,2.49665,-133.849,,1001.71,0,20290.2,,-0.181847,-51.9903,,0,0,fluid
418,2.92341,-83.0042,,1000.08,-388.081,989.41,,-1.29513,-39.2166,,0.657562,3.1648,fluid
419,2.87695,-88.3032,,1000.13,-33.3188,1540.87,,-0.102655,-44.2329,,-0.218477,-0.362258,fluid
420,2.89214,-83.6786,,1000.24,-379.272,2852.29,,-1.09576,-39.5628,,2.59793,-0.529142,fluid
421,4.20408,-88.224,,999.75,-216.248,-2944.05,,-0.77288,-43.0285,,0.742344,-0.0613332,fluid
422,16.5173,0.834919,,1001.44,98.3397,17075.5,,1.66191,0.0489621,,-1.76871,8.80952,fluid
423,7.56837,-25.7104,,990.689,0,-106597,,-1.45122,-23.2366,,0,0,fluid
424,3.82586,-84.5298,,1000.03,-394.592,314.83,,-1.51881,-40.5614,,-0.11102,-0.492462,fluid
425,7.60287,-15.1331,,989.663,-5.91639e-06,-117977,,1.36462,-15.5414,,6.90625e-07,-1.07766e-06,fluid
426,4.00568,-85.1632,,1000.01,-296.068,165.958,,-1.20287,-40.7858,,0.129743,-0.270439,fluid
427,6.65643,-59.3764,,1025,-7.07892,317358,,-1.28231,-35.2209,,0.799874,-5.89462,fluid
428,4.25927,-45.3684,,999.952,111.891,-561.299,,0.586844,-28.8708,,-0.527419,-1.5247,fluid
429,10.133,-2.13753,,997.962,-645.079,-23846,,-5.67343,-1.54722,,-1.0927,1.20933,fluid
430,15.5919,0.432611,,1001.62,95.5256,19137,,1.37942,0.0417488,,-0.932096,9.97696,fluid
431,15.6191,0.654609,,1001.61,113.654,19072.3,,1.74883,-0.0778644,,-1.8701,11.0982,fluid
432,10.0882,0.0118689,,1001.12,111.218,13190.4,,0.629651,0.166232,,-3.97485,7.46792,fluid
433,8.20679,0.0862348,,1000.75,278.954,8796.95,,1.96682,-0.306822,,-3.81764,8.15547,fluid
434,6.63739,0.260436,,1000.63,308.287,7480.24,,2.0388,-0.500271,,-1.43666,10.0479,fluid
435,6.27991,0.681001,,1000.47,359.073,5512.77,,2.26017,-0.483933,,-0.713073,9.20695,fluid
436,3.85604,-22.8602,,999.97,-102.361,-354.826,,-0.390606,-19.9343,,-0.139023,0.320416,fluid
437,10.5698,-0.854056,,1001.82,-532.916,21598.7,,-1.82412,-0.93239,,-2.38394,-11.6093,fluid
438,14.0773,0.560638,,1001.55,133.732,18294.6,,2.12503,-0.42095,,-3.54382,11.988,fluid
439,9.91191,-2.03238,,998.596,-849.053,-16454.1,,-6.23412,-1.51276,,3.13053,-3.96209,fluid
440,4.38421,-5.49568,,1013.57,-798.681,166337,,-5.62486,-4.53233,,-17.0893,21.2804,fluid
441,2.61569,-125.311,,1000.97,3.25858,11413.1,,-0.0330088,-49.8325,,0.646786,-0.00978721,fluid
442,2.5405,-83.4571,,1000.44,-756.32,5193.61,,-1.66061,-39.1512,,0.353502,4.6871,fluid
443,4.08131,-84.0973,,1000.03,-394.323,374.506,,-1.60891,-40.3516,,0.46348,-0.196299,fluid
444,3.81436,-83.9762,,1000.04,-497.732,484.478,,-1.88825,-40.4469,,0.426255,-0.453354,fluid
445,3.42293,-82.613,,1000.06,-414.254,754.845,,-1.44203,-38.941,,0.318165,1.47129,fluid
446,3.68489,-83.0658,,1000.09,-398.943,1050.83,,-1.43358,-39.701,,1.32911,1.24644,fluid
447,3.86339,-81.46,,999.937,-165.191,-743.708,,-0.685815,-39.0838,,-0.352997,0.103239,fluid
448,4.58711,-84.7651,,1000,-275.98,3.26917,,-1.26873,-40.6957,,0.213985,0.0591936,fluid
449,13.4288,-1.71006,,998.862,-618.567,-13348.8,,-4.91934,-1.13623,,-0.239207,-13.9321,fluid
450,13.2742,-1.63813,,999.172,-418.683,-9721.5,,-1.62544,-0.677838,,-1.32999,-16.8637,fluid
451,8.23748,-7.42515,,1002.36,-67.4567,27986.4,,-1.25702,-10.084,,1.43219,-4.77662,fluid
452,4.2282,-45.8902,,999.904,80.3673,-1135.31,,0.279828,-28.8275,,-0.187661,-0.029708,fluid
453,10.2104,-2.14031,,998.026,-517.301,-23096.1,,-4.091,-1.05659,,-3.19031,0.850996,fluid
454,15.94,0.419506,,1001.63,99.8564,19257.9,,0.767653,-0.102369,,-1.03565,8.90576,fluid
455,16.7439,1.19819,,1001.29,98.7701,15221.9,,2.09815,0.333697,,-1.17812,10.3783,fluid
456,13.4037,-1.53776,,999.612,-805.667,-4561.06,,-4.65698,-1.30876,,0.485081,-22.6396,fluid
457,3.50747,-21.1492,,1000.04,-72.3995,495.869,,-0.233318,-18.7488,,-0.0495849,0.149368,fluid
458,13.3992,0.359961,,1001.45,92.8341,17097.8,,1.36825,0.172811,,-3.09785,12.5015,fluid
459,5.03383,-31.9778,,1013.99,0,171813,,1.98224,-26.3639,,0,0,fluid
460,9.14327,0.454477,,1000.62,229.408,7310.77,,2.00811,-0.0981864,,-3.08426,7.97451,fluid
461,7.64674,0.273561,,1000.66,294.103,7743.03,,2.16935,-0.654386,,-3.33935,9.30517,fluid
462,8.89764,0.083282,,1000.86,182.936,10140,,1.53743,-0.327842,,-1.46648,7.59942,fluid
463,8.56147,0.351551,,1000.67,253.276,7920.41,,2.29668,-0.233384,,-3.11452,9.63865,fluid
464,4.95846,0.906832,,1000.6,256.995,7129.17,,1.29774,-0.89044,,-0.163084,10.0212,fluid
465,3.77945,-154.067,,1015.17,0,186918,,2.48024,-56.7155,,0,0,fluid
466,4.14375,-84.5551,,1000.01,-379.452,165.911,,-1.53916,-40.5471,,0.218253,-0.346517,fluid
467,4.47196,-88.084,,999.737,-132.276,-3094.82,,-0.600717,-41.6141,,-0.807378,-0.812652,fluid
468,4.64613,-84.491,,1000,-287.52,32.3588,,-1.33696,-40.5894,,0.278861,-0.0562934,fluid
469,4.122,-46.6173,,999.907,41.2387,-1099.74,,0.123706,-29.7376,,-0.139213,0.26911,fluid
470,16.5016,0.561235,,1001.57,79.4315,18565.9,,0.979884,-0.0742614,,-1.88412,8.19122,fluid
471,8.67995,-16.8137,,990.869,-5.32828e-06,-104591,,1.31484,-16.9023,,-5.44794e-07,8.50101e-07,fluid
472,4.36966,-84.0524,,1000.02,-350.817,262.795,,-1.52682,-40.3628,,0.629203,0.0234403,fluid
473,15.8581,0.083483,,1001.64,49.9255,19436.7,,0.241334,0.0119032,,-0.244132,10.5028,fluid
474,7.47663,-5.9629,,1008.36,-162.709,100873,,-2.02117,-6.46364,,-3.47212,5.16658,fluid
475,13.4266,-1.73632,,998.748,-332.453,-14681.2,,-2.10779,-0.427121,,-2.78783,-11.254,fluid
476,13.2403,-1.72994,,998.797,-327.478,-14111,,-2.02964,-0.593871,,0.503596,-11.456,fluid
477,8.07015,-6.83079,,1002.04,-189.417,24207.3,,-0.786855,-9.58436,,2.23232,-1.07182,fluid
478,16.0881,0.370221,,1001.64,76.5477,19458.6,,0.65957,-0.059498,,-1.23084,8.81812,fluid
479,15.5291,-0.395742,,1001.56,101.264,18429.1,,0.396843,-1.55744,,-2.22643,9.29565,fluid
480,16.6644,0.826017,,1001.43,95.1122,16867,,1.48106,0.0559592,,-1.34998,8.86332,fluid
481,15.5397,0.0914067,,1001.63,36.6834,19278.1,,0.679053,0.106976,,-0.506535,10.8485,fluid
482,15.1907,-0.165776,,1001.7,61.7446,20111,,0.282775,-0.428257,,-2.36041,11.214,fluid
483,15.0269,-0.0247109,,1001.71,17.799,20222.6,,0.270675,-0.0888491,,-2.31664,11.8878,fluid
484,4.26735,-9.54481,,1021.3,-233.393,267365,,-1.05163,-18.8477,,-3.27091,-12.3299,fluid
485,7.30633,0.406852,,1000.61,276.517,7159.73,,2.00545,-0.725884,,-1.99109,9.90102,fluid
486,8.69311,-0.138688,,1000.94,190.015,11060.4,,1.17669,-0.788131,,-2.89221,7.24933,fluid
487,6.61825,0.713583,,1000.46,278.716,5448.1,,1.86261,-0.3963,,0.129196,9.71731,fluid
488,10.6933,0.045916,,1001.2,25.7218,14141.6,,0.52264,0.462183,,-2.74225,9.79651,fluid
489,5.11213,-152.221,,988.236,0,-133696,,-2.03599,-54.3686,,0,0,fluid
490,2.9733,-76.8771,,1000.09,-49.1998,1113.57,,-0.163222,-36.4746,,-0.0838349,-0.192307,fluid
491,4.06974,-81.1949,,1000,-109.7,0.882743,,-0.448912,-38.7637,,-0.333411,-0.339277,fluid
492,2.55511,-85.3584,,1000.45,7.54352,5311.57,,0.031185,-41.8668,,0.0380521,-1.18816,fluid
493,3.33628,-44.0385,,1004.37,-313.547,52128.8,,-1.27628,-27.9261,,-7.84957,6.33987,fluid
494,17.6052,1.04581,,1001.28,78.8829,15074.1,,1.36451,-0.0873383,,-2.42516,10.2879,fluid
495,3.0839,-78.648,,1000.12,-5.88096,1359.21,,-0.0135661,-38.3126,,0.000378838,-0.00725877,fluid
496,3.58976,-80.5106,,1000,-45.3045,3.74123,,-0.148935,-38.606,,-0.0377833,-0.116304,fluid
497,8.61746,-8.93469,,995.58,212.264,-51348.7,,-1.05993,-13.3113,,-14.3209,-7.23448,fluid
498,13.6084,-1.82716,,998.638,-207.205,-15967.2,,-1.57846,-0.0243322,,-6.84447,-7.8411,fluid
499,16.3458,0.291146,,1001.69,45.0121,19962.8,,0.485497,-0.0487218,,-1.66433,9.08036,fluid
500,16.1735,0.0552768,,1001.69,34.763,20026.3,,0.106499,-0.131117,,-1.34797,10.8156,fluid
501,12.8051,-1.66348,,1000.13,-502.379,1487.02,,-3.20924,-0.534981,,1.8883,-23.0604,fluid
502,15.6732,-1.14867,,1000.84,-238.401,9885.04,,1.14934,-1.48744,,-6.06982,-18.18,fluid
503,16.8099,0.63442,,1001.51,65.4642,17906.4,,0.947233,-0.0448756,,-1.62871,8.63573,fluid
504,17.0009,0.944999,,1001.34,83.1966,15836.6,,1.4379,0.064015,,-1.51062,9.64015,fluid
505,17.6194,1.29518,,1001.15,112.173,13638.6,,1.75076,-0.0640135,,-2.34138,10.312,fluid
506,18.5854,2.35654,,1000.52,180.42,6162.75,,3.41803,-0.482801,,-3.09966,11.2994,fluid
507,18.1179,1.73724,,1000.86,125.337,10145.1,,2.20367,-0.481979,,-3.07879,8.79324,fluid
508,16.924,1.18408,,1001.26,100.908,14919.3,,1.94273,0.24306,,-1.2813,10.3148,fluid
509,15.176,0.234845,,1001.65,34.0133,19515,,0.859428,0.0415573,,-2.1159,10.8447,fluid
510,15.3499,0.422973,,1001.63,87.335,19249.7,,1.47717,-0.000607339,,-1.81917,10.5593,fluid
511,6.22437,0.751252,,1000.44,362.246,5200.22,,2.27976,-0.552889,,-0.634941,9.43923,fluid
512,13.0731,0.609832,,1001.3,202.361,15376.5,,1.96042,0.210703,,-4.07293,11.5964,fluid
513,5.68783,-160.025,,992.167,0,-90069.9,,-1.51746,-55.4767,,0,0,fluid
514,3.84704,-81.0971,,999.988,-137.376,-146.318,,-0.537436,-38.6169,,-0.188904,-0.5808,fluid
515,3.37454,-81.8894,,999.756,39.4389,-2870.61,,0.217937,-39.5379,,0.754068,0.760137,fluid
516,4.61523,-85.3179,,999.994,-166.751,-66.0587,,-0.766047,-40.478,,0.0337466,-0.183859,fluid
517,3.73737,-71.0153,,1003.14,0,37305.3,,0.905938,-34.1097,,0,0,fluid
518,19.836,2.21187,,1000.78,127.434,9195.39,,2.51581,-0.0156823,,-3.70876,8.11536,fluid
519,5.41301,-34.5725,,1011.99,0,146365,,-1.07924,-23.2831,,0,0,fluid
520,18.0902,1.15257,,1001.22,101.529,14370.6,,1.44639,-0.434103,,-3.0078,10.4256,fluid
521,6.45283,-57.876,,1011.67,-4.47187,142243,,-0.367039,-34.5694,,-0.521238,3.84123,fluid
522,16.2715,-1.26137,,1000.31,-316.903,3661.41,,-0.994676,-0.635052,,2.20847,-21.6066,fluid
523,17.4584,0.832006,,1001.39,56.0839,16448.3,,1.00804,-0.176523,,-2.45684,9.64401,fluid
524,6.43972,-52.7286,,1009.8,0,118832,,-1.76803,-32.5009,,0,0,fluid
525,3.95846,-24.1944,,1000.68,-230.13,8041.52,,-0.93191,-20.9219,,0.439408,1.36262,fluid
526,16.111,-0.625182,,1001.23,-166.582,14511.8,,-0.0875282,-2.91915,,-1.40244,6.28756,fluid
527,16.6295,0.124599,,1001.77,17.5266,20961.2,,0.196886,-0.166469,,-2.60587,10.6449,fluid
528,16.7472,0.404062,,1001.66,40.0974,19582.9,,0.527003,-0.0997351,,-2.28367,8.97428,fluid
529,17.1532,0.845569,,1001.38,66.8806,16320.5,,1.20462,-0.0260151,,-1.8062,9.4443,fluid
530,17.4424,1.13744,,1001.24,92.0972,14600,,1.51397,0.00166865,,-2.04595,10.3134,fluid
531,19.1952,2.17914,,1000.65,139.15,7625.74,,3.17609,-0.295911,,-4.12911,9.48073,fluid
532,18.7624,1.93989,,1000.76,124.071,8918.04,,2.69806,-0.247464,,-2.93854,8.58606,fluid
533,17.6652,2.52214,,1000.35,187.368,4136.08,,3.57866,-0.317704,,-1.36975,9.02333,fluid
534,12.8135,0.290435,,1001.39,155.472,16372.6,,1.57899,-0.417899,,-5.04637,11.9988,fluid
535,4.62321,-8.20335,,1008.69,-266.07,104980,,-0.646101,-11.9527,,10.4125,-0.936922,fluid
536,15.6204,2.48296,,1000.01,255.763,166.03,,3.73719,-0.308918,,-1.26284,6.2572,fluid
537,5.27239,-166.196,,992.219,0,-89488.5,,0.0693447,-56.3787,,0,0,fluid
538,7.92906,-9.2904,,989.001,178.249,-125288,,1.86078,-13.8467,,11.967,6.19343,fluid
539,6.36401,-80.9352,,999.674,0,-3833.52,,0.00967659,-39.4545,,0,0,fluid
540,3.79102,-87.293,,1000.52,-164.683,6189.34,,-0.675117,-41.8086,,-0.0742843,0.712625,fluid
541,18.5136,1.33132,,1001.14,76.8406,13441.8,,1.37244,-0.610332,,-3.75701,9.33283,fluid
542,19.8791,2.01447,,1000.94,114.507,11085.1,,2.28106,-0.265646,,-4.07225,7.51597,fluid
543,8.00376,-67.1516,,999.558,3.02797,-5197.07,,0.116818,-35.224,,-0.93736,-1.0108,fluid
544,19.5618,2.17827,,1000.71,115.848,8407.93,,2.62279,-0.136333,,-3.70242,8.1943,fluid
545,18.8573,1.47161,,1001.12,102.109,13192,,1.77467,-0.299449,,-3.32917,8.69475,fluid
546,18.6571,1.33492,,1001.16,78.5887,13703.1,,1.42415,-0.582764,,-3.87221,9.04728,fluid
547,18.0205,1.01107,,1001.3,81.6999,15327.8,,1.2417,-0.339483,,-2.8474,10.5222,fluid
548,17.014,0.282805,,1001.73,13.3563,20502.8,,0.254015,-0.146926,,-2.71136,10.2296,fluid
549,17.9703,0.837836,,1001.41,56.3392,16623.2,,0.95509,-0.286619,,-2.89775,10.2006,fluid
550,20.0717,2.4755,,1000.72,121.399,8459.03,,2.85216,0.170752,,-3.62283,10.1083,fluid
551,19.3259,2.29978,,1000.6,158.005,7045.45,,3.10053,-0.313202,,-4.46547,10.0393,fluid
552,19.0076,2.34885,,1000.55,176.387,6460.34,,3.20562,-0.463303,,-3.72179,11.1171,fluid
553,19.1989,1.82133,,1000.91,106.094,10761.5,,2.55389,-0.0285772,,-3.28888,8.31079,fluid
554,18.1817,2.20118,,1000.57,182.769,6697.48,,3.08429,-0.518623,,-2.95663,9.26013,fluid
555,18.7696,1.59816,,1001.01,104.576,11875.1,,1.93877,-0.242428,,-3.35602,8.52174,fluid
556,18.1829,1.32577,,1001.12,109.15,13217.6,,1.63163,-0.483915,,-3.21919,9.95258,fluid
557,18.0731,1.4333,,1001.06,113.681,12476.7,,1.75371,-0.405962,,-2.95382,9.79818,fluid
558,15.3426,1.07857,,1001.61,193.211,19061.3,,3.02351,-0.317082,,-3.94637,12.6623,fluid
559,17.2001,1.25898,,1001.2,107.171,14222.3,,1.90409,0.208031,,-1.64596,10.3508,fluid
560,3.79021,-25.2075,,1000.45,-201.053,5304.51,,-0.759941,-22.6461,,-0.269548,-1.623,fluid
561,4.9891,-230.478,,1019.41,0,242285,,-0.290843,-68.008,,0,0,fluid
562,5.60886,-95.3083,,977.868,0,-243859,,0.904237,-44.0464,,0,0,fluid
563,4.21431,-85.4857,,1000,-164.644,19.5376,,-0.689601,-40.7866,,0.0539401,-0.172862,fluid
564,16.6014,-0.225494,,1001.74,71.4663,20534.5,,0.0455631,-1.06473,,-2.80755,10.075,fluid
565,17.6409,0.752816,,1001.45,42.3779,17157,,0.876689,-0.249535,,-2.83065,9.60987,fluid
566,16.158,-1.33934,,1000.15,-384.806,1745.38,,-2.7947,-0.859952,,3.93562,-23.7437,fluid
567,7.85149,-67.1359,,999.552,-3.6366,-5269.06,,0.175942,-35.0817,,1.09667,-1.18208,fluid
568,19.4866,1.67203,,1001.11,98.9883,13165.8,,1.85803,-0.38613,,-2.8657,8.40013,fluid
569,19.2078,1.23318,,1001.39,118.493,16443.1,,1.46994,-0.386988,,-3.2654,9.44049,fluid
570,20.0708,2.13115,,1000.94,138.117,11148.3,,2.5596,0.0180891,,-3.78183,7.97837,fluid
571,19.964,2.47721,,1000.67,123.183,7923.79,,2.86314,0.118066,,-3.87943,10.0913,fluid
572,18.9882,1.21782,,1001.32,103.215,15635.1,,1.43771,-0.494245,,-3.59448,9.1441,fluid
573,19.3667,1.71338,,1001.05,107.657,12353.6,,1.88473,-0.360323,,-2.75393,8.30361,fluid
574,20.3903,2.42838,,1000.91,135.302,10701.4,,2.73322,0.304473,,-2.78648,9.7016,fluid
575,18.9851,2.35215,,1000.55,176.075,6430.6,,3.20681,-0.467395,,-3.66847,11.1628,fluid
576,15.8579,2.41695,,1000.07,205.618,804.083,,3.52637,0.0878578,,-0.821014,6.84336,fluid
577,13.9034,2.03773,,1000.3,211.469,3577.06,,2.85673,-1.04322,,-2.14384,9.59244,fluid
578,14.2046,2.08607,,1000.25,210.071,2949.35,,2.97398,-1.03917,,-0.537464,8.9037,fluid
579,18.7104,2.35417,,1000.53,177.59,6259.76,,3.33557,-0.480947,,-3.18878,11.3414,fluid
580,14.6959,0.747848,,1001.71,155.51,20272.8,,2.01084,0.0979231,,-2.19075,12.2912,fluid
581,14.3983,0.660807,,1001.66,153.383,19660.7,,1.94999,-0.0221452,,-2.44838,11.4727,fluid
582,18.662,1.75043,,1000.88,115.32,10363.6,,2.14661,-0.298709,,-3.41742,8.29124,fluid
583,14.6131,1.10911,,1001.51,290.814,17886.2,,2.91813,0.199465,,-1.3335,10.7437,fluid
584,13.8499,1.22146,,1000.98,252.549,11563.6,,3.01285,-0.179987,,-2.4032,7.95978,fluid
585,4.6493,-201.122,,997.388,0,-30509.5,,-0.270703,-62.8112,,0,0,fluid
586,7.9537,-67.3999,,999.569,-6.33134,-5066.96,,0.0151863,-35.2053,,-0.212546,1.96802,fluid
587,17.1718,0.577819,,1001.55,23.8773,18310.3,,0.767078,-0.0963362,,-2.05145,9.26948,fluid
588,4.48764,-90.0718,,999.562,0.000936206,-5145.15,,-0.035156,-42.6386,,-0.00248562,0.0109751,fluid
589,17.5716,0.511712,,1001.62,16.6139,19158.2,,0.591037,-0.284055,,-3.20258,9.47477,fluid
590,18.9727,1.41199,,1001.19,106.161,14073,,1.75187,-0.301536,,-3.129,8.84354,fluid
591,18.5837,1.03456,,1001.32,71.5816,15571.8,,1.08092,-0.610697,,-3.60472,9.74875,fluid
592,19.4992,1.47943,,1001.29,106.925,15278.6,,1.64545,-0.332492,,-3.02595,8.86678,fluid
593,19.6414,1.24512,,1001.52,110.681,17925.8,,1.41846,-0.290926,,-3.50852,10.0156,fluid
594,18.9667,0.902633,,1001.48,65.3316,17522.3,,1.06732,-0.349298,,-3.6966,9.39234,fluid
595,18.5552,0.794385,,1001.46,39.4234,17237.1,,0.886394,-0.289003,,-3.20241,9.58324,fluid
596,18.5814,0.600698,,1001.6,14.2972,18944,,0.815011,-0.162001,,-3.12435,9.50545,fluid
597,19.3655,1.08098,,1001.54,118.454,18176.7,,1.27852,-0.357657,,-3.63684,9.84124,fluid
598,20.3198,2.1573,,1001.07,145.287,12635.4,,2.72452,0.267088,,-3.67876,8.86358,fluid
599,20.24,2.44822,,1000.81,130.859,9602.88,,2.78481,0.20741,,-3.15091,9.92805,fluid
600,10.0978,0.823744,,1000.56,135.634,6627.23,,1.64649,-0.049418,,-1.62802,12.0695,fluid
601,7.83428,0.740497,,1000.53,232.882,6276.71,,1.90137,-0.823149,,-1.91229,11.6648,fluid
602,8.75757,0.590467,,1000.55,242.109,6442.31,,2.20208,-0.165665,,-3.41383,10.0947,fluid
603,9.41604,0.955094,,1000.37,186.143,4394.54,,1.80767,-0.117261,,-1.79638,11.9195,fluid
604,13.7202,1.52224,,1000.64,192.952,7562.05,,2.88888,0.0123036,,-2.94491,7.03602,fluid
605,13.7603,0.917246,,1001.22,175.065,14365.9,,2.55371,-0.135257,,-2.98835,9.66533,fluid
606,15.3272,2.23488,,1000.21,155.899,2520.08,,3.48968,-0.54412,,-1.07561,8.60382,fluid
607,15.1033,2.27447,,1000.14,217.894,1683.6,,3.45953,-0.874859,,-0.985732,8.20038,fluid
608,16.1536,0.656689,,1001.56,94.0541,18457.3,,1.34122,-0.209363,,-2.46508,8.84211,fluid
609,5.34555,-186.955,,1000.07,0,863.51,,-0.0603715,-60.0976,,0,0,fluid
610,17.2292,-0.0690775,,1001.81,107.943,21377.9,,0.046854,-0.663428,,-3.5391,11.4117,fluid
611,18.0434,0.715812,,1001.5,45.963,17690.1,,0.868289,-0.293794,,-2.98005,9.93732,fluid
612,17.567,-0.88901,,1000.93,-685.936,11008.4,,-0.722166,-1.90793,,-3.30323,-10.8009,fluid
613,18.1874,0.611706,,1001.58,32.0632,18706.4,,0.860852,-0.228471,,-2.83813,9.87111,fluid
614,17.5628,-0.0561527,,1001.8,115.855,21319.7,,0.238382,-0.636229,,-3.67227,11.7009,fluid
615,16.0385,-1.57203,,999.819,-324.22,-2131.11,,-3.27588,-0.667771,,2.72626,-23.9684,fluid
616,20.137,1.4825,,1001.45,65.9663,17111.4,,1.51052,-0.225315,,-4.46512,8.85711,fluid
617,20.362,1.4142,,1001.55,54.73,18360.1,,1.43292,-0.249685,,-4.84769,9.57592,fluid
618,19.2391,0.685383,,1001.68,37.4144,19935.3,,0.991378,-0.104579,,-3.91717,8.79162,fluid
619,18.9339,0.664613,,1001.61,21.6485,18993.2,,0.90379,-0.145684,,-3.57742,9.1476,fluid
620,19.6292,0.951808,,1001.69,96.7583,19986.7,,1.21268,-0.149018,,-3.93504,10.1271,fluid
621,19.9187,1.29225,,1001.54,86.6959,18209,,1.36942,-0.292068,,-4.18229,10.0314,fluid
622,20.0835,1.76585,,1001.22,91.3167,14414.1,,2.02378,-0.0584924,,-3.9539,7.34879,fluid
623,20.0124,1.80712,,1001.16,87.5987,13683.9,,2.12423,-0.230968,,-4.37342,7.57631,fluid
624,19.603,2.43481,,1000.58,143.633,6870.22,,2.92424,-0.140891,,-4.43388,10.272,fluid
625,14.2478,2.00891,,1000.29,233.699,3461.17,,3.6727,-1.04646,,-1.6643,8.91576,fluid
626,13.35,0.584729,,1001.34,121.624,15794.3,,1.89337,0.278794,,-2.69964,12.4261,fluid
627,13.279,0.343168,,1001.44,123.482,17059.9,,1.1808,0.027765,,-4.29724,11.6013,fluid
628,14.5504,-0.200094,,1001.85,77.6452,21878.2,,0.484392,-0.414787,,-2.816,11.2389,fluid
629,13.9207,0.700181,,1001.43,132.505,16848.8,,2.23754,-0.265458,,-3.04903,11.1187,fluid
630,11.9458,0.542013,,1001.15,263.612,13581.4,,2.11555,0.0427666,,-3.55745,10.5645,fluid
631,14.8408,0.50803,,1001.7,103.482,20126.3,,1.5357,-0.0647591,,-3.06656,11.7755,fluid
632,14.4385,0.393725,,1001.68,76.0535,19883.9,,1.25728,-0.0331969,,-2.31781,11.6039,fluid
633,5.38052,-170.471,,1001.11,0,13151.7,,0.852474,-57.385,,0,0,fluid
634,8.55669,-96.1516,,970.447,0,-318527,,-0.916313,-43.1266,,0,0,fluid
635,8.26224,-100.32,,998.703,0,-15205,,-0.100195,-43.6565,,0,0,fluid
636,8.66344,-81.1256,,1002.19,0,25965.6,,-0.0851344,-38.5707,,0,0,fluid
637,19.3812,0.530184,,1001.82,22.0613,21555.9,,0.857388,-0.195775,,-4.21795,8.27507,fluid
638,18.0576,-1.12253,,1000.97,-494.144,11426.3,,-2.35706,-1.06446,,2.33612,-23.6558,fluid
639,19.5995,0.74782,,1001.78,64.9461,21064.1,,1.03789,-0.0878086,,-4.28116,9.03518,fluid
640,20.766,1.31728,,1001.71,45.3039,20269.5,,1.30749,-0.29872,,-5.26563,10.3259,fluid
641,21.049,1.6301,,1001.64,42.6954,19436.4,,1.49537,-0.143269,,-5.2003,9.35627,fluid
642,20.4893,0.965578,,1001.87,63.1163,22161.2,,1.15829,-0.0180298,,-4.99174,10.1895,fluid
643,18.5787,-0.0214799,,1002.07,69.3083,24552.4,,0.116108,-0.734923,,-3.38658,10.7772,fluid
644,20.0921,0.815218,,1001.88,62.561,22233.5,,1.11983,0.0278403,,-4.57853,9.73494,fluid
645,20.1508,1.07602,,1001.73,75.88,20448.8,,1.20343,-0.193008,,-4.6942,10.7367,fluid
646,20.5722,1.40218,,1001.62,43.7019,19116.4,,1.3928,-0.251885,,-5.11444,9.94814,fluid
647,20.9103,1.79506,,1001.56,87.7475,18414.1,,1.56323,0.178787,,-4.41546,9.16991,fluid
648,20.6415,1.89079,,1001.42,135.39,16789.2,,1.91467,0.423104,,-3.83622,8.32074,fluid
649,20.83,3.15764,,1000.5,127.821,5940.56,,2.83109,0.685119,,-4.25649,7.50848,fluid
650,18.919,2.38115,,1000.53,175.032,6259.9,,3.23167,-0.4724,,-3.53647,11.472,fluid
651,11.8859,0.842131,,1000.9,276.421,10572.2,,2.86801,-0.0392157,,-3.53232,8.72625,fluid
652,11.564,1.35697,,1000.42,230.622,4914.94,,2.78159,-0.594939,,-3.21022,11.2242,fluid
653,12.8184,0.531643,,1001.31,216.492,15424.7,,1.98723,-0.0706802,,-4.87748,11.1044,fluid
654,16.874,1.4872,,1001.15,152.523,13636.2,,2.47258,0.459263,,-1.29146,10.0457,fluid
655,17.6891,1.85443,,1000.8,143.364,9423.01,,2.50323,-0.0568757,,-1.93343,8.4439,fluid
656,15.8793,2.4307,,1000.06,205.567,663.917,,3.4833,0.110405,,-0.759667,6.69803,fluid
657,8.71205,-236.946,,1009.13,0,110427,,0.238388,-69.0807,,0,0,fluid
658,17.1928,0.184287,,1001.78,16.3687,21108.4,,0.226718,-0.173481,,-2.6913,11.2048,fluid
659,18.1641,0.336811,,1001.8,33.3879,21302.9,,0.386023,-0.380676,,-3.57099,10.4124,fluid
660,19.5077,-0.17626,,1002.35,50.7794,27841.2,,0.39278,-0.809461,,-3.5532,7.58347,fluid
661,19.8372,0.677145,,1001.89,57.4619,22370.6,,1.07743,-0.063434,,-4.53836,8.71108,fluid
662,17.8141,0.34488,,1001.76,30.5167,20781.4,,0.35854,-0.415623,,-3.77977,10.2548,fluid
663,18.4344,0.25579,,1001.88,25.3311,22294,,0.490463,-0.294536,,-3.18968,10.8255,fluid
664,21.8258,1.33522,,1002.01,38.5552,23816.5,,1.19762,0.0538976,,-4.81687,9.46815,fluid
665,21.2807,1.09614,,1002.02,59.9973,23915.1,,1.13535,0.00222457,,-5.03611,9.52982,fluid
666,20.9871,0.846634,,1002.12,72.0125,25140.5,,1.12925,0.129547,,-4.92651,9.0864,fluid
667,20.5177,0.755363,,1002.03,61.1071,24040.1,,1.11235,0.00734241,,-4.89366,9.0542,fluid
668,20.8131,0.94265,,1001.98,65.7839,23476.4,,1.12646,0.0967063,,-4.98399,9.60554,fluid
669,21.4236,1.41793,,1001.82,23.8992,21580,,1.31602,-0.169822,,-5.14498,9.71242,fluid
670,21.087,1.30622,,1001.8,40.6592,21353.8,,1.27057,-0.277131,,-5.45843,10.2286,fluid
671,21.3348,1.89853,,1001.6,73.491,18896.2,,1.55826,0.253642,,-4.86823,9.78941,fluid
672,21.6623,2.20254,,1001.48,80.04,17553.2,,1.57356,0.466035,,-4.8647,10.2877,fluid
673,21.5292,2.17294,,1001.49,96.2915,17669,,1.58821,0.421256,,-5.07882,10.6187,fluid
674,20.9565,1.94201,,1001.52,117.283,17923,,1.74918,0.508594,,-4.00108,9.93255,fluid
675,20.6408,3.03697,,1000.53,129.536,6292.16,,2.78172,0.321042,,-4.7482,7.75809,fluid
676,20.6877,2.98975,,1000.57,128.78,6780.39,,2.80688,0.298126,,-4.41772,7.41226,fluid
677,8.85552,0.808193,,1000.44,198.401,5167.33,,1.86542,-0.179536,,-2.89742,11.3635,fluid
678,17.145,2.508,,1000.26,178.111,3055.31,,3.404,0.262261,,-1.23575,7.1248,fluid
679,17.7913,1.51308,,1001.02,131.233,12087.8,,2.00747,-0.217396,,-2.62816,9.75222,fluid
680,16.5478,1.69874,,1001.03,283.291,12193.4,,3.01322,1.13255,,-1.15446,9.00473,fluid
681,8.71294,-213.077,,1007.89,0,95140.5,,0.214257,-63.9761,,0,0,fluid
682,18.1143,-0.0661198,,1001.93,102.469,22875.9,,-0.0287268,-0.812531,,-3.85347,11.1728,fluid
683,19.2601,0.0446128,,1002.15,42.1623,25433.8,,0.369273,-0.14947,,-2.91554,10.2892,fluid
684,7.68224,-104.975,,1000,-9.05026,13.9308,,-0.0704701,-45.2317,,0.00459917,0.00459654,fluid
685,21.1338,0.723667,,1002.29,73.4166,27122.9,,1.15402,0.164479,,-4.85361,8.48376,fluid
686,8.49344,-104.164,,999.992,-10.0139,-99.0736,,-0.0868688,-45.0271,,-0.00460283,-0.00460019,fluid
687,20.3395,0.548957,,1002.12,48.717,25130.5,,1.04383,-0.0556225,,-4.99398,7.89445,fluid
688,22.1095,1.18658,,1002.25,46.3497,26657.1,,1.12882,0.285789,,-4.80286,9.35797,fluid
689,22.4501,1.09893,,1002.45,34.5874,29005.5,,1.06753,0.191078,,-4.9834,9.19703,fluid
690,21.8558,0.961173,,1002.37,62.811,28128.4,,1.0624,0.0562524,,-4.85643,9.06871,fluid
691,20.6897,0.543982,,1002.25,53.6253,26697.6,,1.01674,-0.0627959,,-5.0313,7.86137,fluid
692,21.5052,1.07545,,1002.12,59.436,25134.1,,1.13298,0.10897,,-4.87285,9.3575,fluid
693,22.1278,1.48892,,1001.99,59.4746,23618,,1.29519,0.177865,,-4.55122,9.69669,fluid
694,21.7815,1.66303,,1001.76,42.5507,20886.6,,1.46515,0.026721,,-4.64377,9.16853,fluid
695,21.5729,1.74879,,1001.68,40.8923,19884.4,,1.49701,0.0593355,,-4.90028,9.22855,fluid
696,22.0609,1.89676,,1001.69,81.7024,20047.8,,1.48164,0.114351,,-4.01498,8.98605,fluid
697,22.343,2.15895,,1001.58,89.609,18741.2,,1.43711,0.239698,,-3.12308,8.84032,fluid
698,21.9702,2.16912,,1001.52,73.5506,17968.6,,1.52413,0.395051,,-3.99218,9.25458,fluid
699,21.9702,2.51971,,1001.29,98.3315,15289.6,,1.9888,0.0388505,,-5.74666,12.0794,fluid
700,20.4852,1.97627,,1001.29,156.172,15271.1,,2.20116,0.517096,,-3.4913,7.9296,fluid
701,11.3734,0.212664,,1001.31,122.462,15513.5,,1.01487,-0.0417499,,-4.43329,11.1804,fluid
702,12.5269,0.875565,,1001.01,265.018,11966.5,,2.79263,0.37762,,-3.20337,8.52719,fluid
703,17.3376,1.60021,,1001.02,160.203,12051.2,,2.3945,0.183818,,-1.81527,9.36461,fluid
704,14.4742,1.77536,,1000.53,163.84,6222.04,,3.51064,0.221397,,-0.999028,6.27892,fluid
705,8.35721,-184.934,,1009.04,0,109394,,3.32718,-59.6093,,0,0,fluid
706,18.9167,0.0716828,,1002.07,40.4505,24543.4,,0.416607,-0.334287,,-3.34941,10.6306,fluid
707,20.5841,0.201288,,1002.48,41.2192,29402.9,,0.616527,0.0303939,,-5.13908,7.70228,fluid
708,19.6357,0.447686,,1001.96,24.564,23160.2,,0.871948,-0.197739,,-4.56117,7.85481,fluid
709,23.1138,0.11831,,1003.42,35.6823,40647.3,,0.462028,0.194578,,-5.95514,14.6239,fluid
710,12.5966,-70.0192,,1043.81,0,588732,,-2.45117,-36.6741,,0,0,fluid
711,20.0951,0.590764,,1002.02,49.8589,23880.8,,0.998813,-0.123909,,-4.85427,8.14194,fluid
712,23.0417,1.39938,,1002.33,32.988,27639.6,,1.06216,0.276512,,-4.73277,11.1828,fluid
713,22.7315,0.521157,,1003.08,79.9559,36564.6,,0.833838,-0.0619354,,-5.39002,9.60649,fluid
714,23.3684,0.503971,,1003.11,49.3214,36959.4,,0.668096,-0.166335,,-4.53912,9.67195,fluid
715,22.7164,0.821152,,1002.78,38.2386,33027.4,,0.978349,-0.198313,,-5.28332,8.24052,fluid
716,22.506,0.848039,,1002.71,38.4452,32105.3,,0.939269,-0.21085,,-5.31874,8.4056,fluid
717,22.713,1.28641,,1002.35,31.9073,27864.1,,1.06575,0.351254,,-4.95281,9.97794,fluid
718,23.0773,0.825554,,1002.84,35.7924,33713.9,,0.956709,-0.257046,,-5.29201,7.85957,fluid
719,22.4178,1.3772,,1002.19,51.8494,25895,,1.18385,0.375815,,-4.67629,9.90219,fluid
720,22.638,1.77256,,1001.93,84.9808,22863.5,,1.21222,0.054081,,-3.82891,10.2789,fluid
721,22.8763,1.5604,,1002.15,49.6563,25528.3,,1.07339,0.225197,,-4.21338,11.1064,fluid
722,22.3859,1.80457,,1001.84,95.6942,21802.1,,1.32186,0.047053,,-3.90627,9.67527,fluid
723,22.2662,2.48285,,1001.35,27.8051,15899.1,,1.46672,0.592959,,-3.65616,9.95123,fluid
724,21.9033,2.35639,,1001.4,51.8473,16560.3,,1.57576,0.536346,,-4.50536,10.5525,fluid
725,21.2917,2.03241,,1001.54,117.033,18232.1,,1.79705,0.351995,,-5.34286,10.7305,fluid
726,15.0599,0.996109,,1001.65,192.978,19569.5,,2.44628,-0.040388,,-3.05446,12.7832,fluid
727,10.5573,0.378255,,1000.94,140.997,11124.1,,1.46858,0.415079,,-3.06856,10.453,fluid
728,15.7912,1.573,,1001.25,330.778,14728.3,,3.62216,0.585987,,-2.70023,8.48714,fluid
729,13.8236,-199.939,,982.118,0,-199546,,4.03,-62.3306,,0,0,fluid
730,18.9282,0.435299,,1001.77,4.48515,20968.5,,0.776475,-0.133222,,-3.40685,9.43115,fluid
731,19.9389,0.167973,,1002.25,35.0886,26645.4,,0.462645,-0.164833,,-4.61946,8.12149,fluid
732,21.0516,0.458768,,1002.48,51.8961,29416.7,,0.831267,-0.0861329,,-5.29036,7.68516,fluid
733,22.1639,0.904662,,1002.54,53.1791,30179.9,,1.07782,-0.038991,,-5.0862,8.73837,fluid
734,20.2459,0.0967225,,1002.42,37.0258,28640,,0.445929,-0.186846,,-4.92986,7.94712,fluid
735,22.8883,0.184403,,1003.39,42.9745,40322.1,,0.554325,0.355137,,-5.81748,13.2186,fluid
736,25.1971,-26.3672,,999.94,-17.6577,-710.219,,-0.255569,-21.2365,,0.3581,-0.302302,fluid
737,23.9665,-1.15359,,1002.45,-686.113,29048,,-1.09458,-1.28853,,6.36205,-46.6804,fluid
738,21.1784,-2.47007,,994.689,-130.639,-61537.9,,-2.80661,-1.23773,,2.12618,4.65506,fluid
739,22.6131,0.084497,,1003.45,13.2762,41053.7,,0.471335,0.258949,,-6.34967,12.289,fluid
740,23.3747,-0.0820965,,1003.44,54.9565,40967.1,,0.503472,-0.354612,,-6.76407,15.0384,fluid
741,23.4824,-1.33038,,1002.23,-498.596,26375.6,,0.8795,-0.83378,,-6.64697,-58.0119,fluid
742,23.1794,0.638943,,1003.01,55.7506,35708.6,,0.806166,-0.271677,,-5.04543,8.32651,fluid
743,23.5685,0.707287,,1002.97,24.8183,35218.5,,0.737971,-0.200643,,-4.32092,7.59772,fluid
744,22.9651,1.07753,,1002.6,24.2799,30828.9,,1.00524,0.11621,,-5.32716,8.91953,fluid
745,23.6293,1.1231,,1002.69,80.7497,31933,,1.07439,0.126143,,-4.51749,9.14422,fluid
746,23.2693,1.17144,,1002.58,49.3755,30642.5,,1.04906,0.155453,,-5.25429,9.6974,fluid
747,23.0506,1.99065,,1001.85,40.2828,21958.1,,1.05083,0.0199729,,-3.9774,9.76366,fluid
748,22.2187,2.61124,,1001.25,55.3456,14750.7,,1.80461,0.0695731,,-5.1643,11.7076,fluid
749,22.5527,2.42269,,1001.46,67.8752,17233.6,,1.42275,0.472779,,-2.86927,8.95104,fluid
750,20.653,3.13455,,1000.48,131.832,5650.36,,2.80573,0.458924,,-5.00231,8.06357,fluid
751,15.7615,2.37007,,1000.11,200.081,1310.41,,3.61884,-0.0244349,,-0.894562,7.34624,fluid
752,16.1285,1.26764,,1001.42,143.151,16773.4,,2.80942,0.218647,,-2.75412,9.97476,fluid
753,13.5899,-141.835,,1000.74,7.25992,8672.17,,-0.197908,-52.5182,,0.201354,-1.17994,fluid
754,8.74001,-109.315,,998.607,0,-16332.1,,0.154616,-46.4473,,0,0,fluid
755,21.6158,0.466109,,1002.74,64.5456,32530.4,,0.969535,0.202222,,-5.31114,8.50328,fluid
756,22.3399,0.184251,,1003.3,22.6532,39207.7,,0.548566,0.260942,,-5.90771,11.134,fluid
757,21.5017,0.0327168,,1003.05,-6.62391,36199.4,,0.341497,0.0646303,,-6.37222,9.46414,fluid
758,11.3826,-127.239,,1000.2,-19.6765,2372.71,,-0.278605,-49.2677,,-0.194825,0.137733,fluid
759,25.3668,-26.3648,,999.939,-14.6898,-719.978,,-0.300241,-21.622,,0.0613191,-0.316502,fluid
760,23.0735,-92.738,,999.996,-29.1402,-52.5323,,-0.680976,-42.0931,,0.00566845,0.0603148,fluid
761,23.3814,-92.6479,,999.995,-27.8341,-53.1169,,-0.644183,-42.25,,-0.0550628,0.0294028,fluid
762,25.3295,-26.326,,999.94,-9.39173,-704.894,,-0.434914,-21.6867,,0.416522,-0.410977,fluid
763,22.915,-92.7845,,999.995,-34.7488,-53.4738,,-0.779397,-41.959,,0.0604771,0.0341244,fluid
764,25.7162,-1.99012,,998.658,-3.26531,-15731.1,,-0.605499,-0.608711,,4.68728,-3.02642,fluid
765,23.832,0.00578099,,1003.4,45.2175,40388,,0.490811,-0.542751,,-3.97637,16.8832,fluid
766,21.2536,-2.39974,,995.235,-367.477,-55294.1,,-3.70424,-2.28243,,-2.55946,-0.129102,fluid
767,25.3846,-26.4114,,999.937,-15.4247,-739.785,,-0.408679,-21.5906,,0.0604653,-0.172893,fluid
768,25.4494,-26.3809,,999.937,-7.51884,-741.13,,-0.354794,-21.7431,,-0.251577,-0.202414,fluid
769,23.6111,0.199478,,1003.3,4.24149,39235,,0.405159,-0.127296,,-4.80929,15.8263,fluid
770,23.4628,1.13383,,1002.65,69.7934,31470.2,,1.06721,0.0915945,,-4.99979,9.23105,fluid
771,23.3117,1.51962,,1002.28,43.9579,27011.3,,1.0221,0.13508,,-4.59802,11.8909,fluid
772,22.6683,2.74188,,1001.29,46.472,15216.9,,1.5853,0.449464,,-3.78483,10.6482,fluid
773,22.7759,2.03463,,1001.77,73.8948,20989.1,,1.18408,0.0516855,,-3.50687,9.67065,fluid
774,20.992,2.84318,,1000.79,108.378,9336.73,,2.83621,0.431405,,-3.56625,6.97324,fluid
775,5.33836,1.13652,,1000.37,403.25,4349.44,,2.1852,-1.38387,,-0.677169,8.66163,fluid
776,16.8189,2.36154,,1000.29,159.705,3446.8,,3.09136,1.06144,,-1.11999,6.57034,fluid
777,21.6186,0.875193,,1002.36,74.8865,27962.4,,1.0315,-0.0352298,,-5.07959,8.77922,fluid
778,12.064,-127.721,,999.987,-19.8961,-157.847,,-0.181417,-49.4453,,0.185871,-0.131403,fluid
779,14.3396,-133.816,,999.744,0,-3016.25,,0.716517,-50.5358,,0,0,fluid
780,22.9304,-92.6647,,999.996,-28.5226,-52.3601,,-0.664918,-42.0327,,0.0577,0.055019,fluid
781,13.4236,-140.86,,1000.6,6.86325,7132.03,,-0.154972,-52.6087,,-0.192709,1.12929,fluid
782,11.1407,-130.916,,992.754,0,-83462.7,,0.682062,-50.5113,,0,0,fluid
783,23.2983,-92.6034,,999.996,-24.8491,-52.6065,,-0.590701,-42.1446,,-0.0377419,-0.00417377,fluid
784,25.4031,-26.3513,,999.939,-8.02553,-720.269,,-0.400199,-21.6588,,0.0691526,-0.388704,fluid
785,25.3806,-26.8214,,999.919,15.687,-955.016,,0.478672,-21.6777,,-0.566396,1.18471,fluid
786,25.4186,-26.3602,,999.938,-7.44114,-726.116,,-0.38711,-21.6691,,-0.0282456,-0.346045,fluid
787,23.2666,-92.8085,,999.995,-33.6603,-53.2754,,-0.768612,-42.1965,,0.00326893,0.0608832,fluid
788,25.4302,-26.3741,,999.938,-7.94925,-733.821,,-0.38704,-21.6738,,-0.10751,-0.280777,fluid
789,25.7267,-2.01133,,998.67,64.3553,-15600,,0.0486673,-0.596091,,3.39681,-0.840751,fluid
790,25.3029,-26.4136,,999.938,-22.7425,-729.319,,-0.384268,-21.5023,,0.283058,-0.181719,fluid
791,25.515,-1.96632,,998.78,68.2354,-14315.2,,-0.363817,-0.184832,,18.4821,-6.31233,fluid
792,25.3801,-26.3477,,999.939,-12.2376,-715.85,,-0.431848,-21.6469,,0.200042,-0.402327,fluid
793,24.3989,0.0632271,,1003.54,81.9947,42101.5,,1.14825,-0.821972,,-0.89889,13.576,fluid
794,23.2502,2.03005,,1001.86,17.9319,22058.8,,0.956289,0.104305,,-4.23219,9.47219,fluid
795,23.615,1.68873,,1002.17,26.7408,25755.4,,0.826647,-0.0448918,,-4.19273,11.0914,fluid
796,22.8407,2.58178,,1001.47,67.8609,17428.2,,1.41346,0.680633,,-2.94261,9.57314,fluid
797,22.4561,2.74611,,1001.2,28.284,14223.4,,1.61507,0.159933,,-4.31078,11.1708,fluid
798,10.9308,0.647328,,1000.85,193.687,10060.8,,1.90801,-0.0880877,,-3.53978,9.45613,fluid
799,18.4906,2.08183,,1000.65,165.845,7649.69,,2.8908,-0.477251,,-3.24412,9.1392,fluid
800,16.1955,0.963499,,1001.48,105.114,17450.2,,2.12201,-0.135566,,-3.20494,9.60991,fluid
801,20.9007,0.050459,,1002.74,27.478,32544.9,,0.434103,-0.0253156,,-5.46033,8.33049,fluid
802,11.773,-120.647,,1003.11,0,36914.3,,1.66849,-47.4895,,0,0,fluid
803,23.2976,-92.6116,,999.996,-24.9402,-52.5774,,-0.593463,-42.1455,,-0.0387669,-0.000258578,fluid
804,19.9918,-16.0863,,1020.08,0,251068,,-2.01403,-16.4207,,0,0,fluid
805,21.909,0.139184,,1003.16,-1.21019,37527.3,,0.508498,0.211108,,-5.9784,10.197,fluid
806,22.2422,0.402306,,1003.07,65.1467,36447.2,,0.786337,0.264499,,-5.22575,10.1349,fluid
807,23.3269,-92.4996,,999.995,-23.6266,-53.7892,,-0.564531,-42.1468,,-0.0433088,-0.0483291,fluid
808,22.9177,-92.5189,,999.996,-26.6329,-52.0617,,-0.606449,-41.9649,,0.0599865,-0.0154886,fluid
809,25.8136,-26.8463,,999.877,-80.9707,-1441.9,,-1.50511,-23.1206,,-0.647566,1.23349,fluid
810,25.4602,-26.3949,,999.936,-8.58729,-750.219,,-0.363658,-21.7683,,-0.324391,-0.112519,fluid
811,25.4312,-26.3831,,999.937,-9.05662,-737.68,,-0.396401,-21.6582,,-0.116868,-0.246804,fluid
812,24.7987,-0.0944459,,1003.32,200.775,39527.8,,1.98511,-1.72001,,2.3518,7.62933,fluid
813,25.7985,-1.97229,,998.613,51.8171,-16254.3,,-0.145953,-0.673769,,-2.72649,-4.6474,fluid
814,25.832,-1.96089,,998.593,77.5783,-16492.2,,0.17118,-0.515069,,-5.88261,-5.89594,fluid
815,23.9037,0.524752,,1003.12,-40.7026,37084.3,,0.469537,-0.231807,,-4.06956,9.54629,fluid
816,23.4813,2.09642,,1001.87,3.73509,22099.4,,0.914399,0.230729,,-4.57214,9.25771,fluid
817,23.0318,2.54129,,1001.59,76.1641,18765.8,,1.41275,0.65805,,-3.30662,9.83512,fluid
818,21.6176,2.5403,,1001.26,128.007,14871.7,,2.22201,0.184749,,-5.8455,11.6226,fluid
819,22.0306,3.42324,,1000.73,115.614,8572.89,,1.85543,0.709322,,-3.6699,8.37515,fluid
820,20.7996,2.21754,,1001.3,164.776,15341.9,,2.63544,0.54097,,-4.24975,10.3508,fluid
821,14.0254,2.01974,,1000.3,230.945,3550.58,,3.20346,-0.971733,,-1.75736,8.91611,fluid
822,15.4433,2.36184,,1000.11,227.621,1251.32,,3.64841,-0.533903,,-0.844864,7.59226,fluid
823,17.4414,2.04319,,1000.66,159.317,7747.71,,2.84652,0.389277,,-1.13845,7.54074,fluid
824,16.1131,1.51463,,1001.27,245.553,15017.4,,3.33653,0.745143,,-1.50625,10.0656,fluid
825,21.9745,0.601141,,1002.78,75.4446,32967.8,,0.87993,-0.004588,,-5.23521,8.92656,fluid
826,21.3502,0.42646,,1002.65,56.1725,31429.8,,0.818323,0.05413,,-5.27807,8.19639,fluid
827,20.1157,-202.859,,999.999,-42.0265,-16.5247,,-0.847994,-62.7109,,0.0200711,-0.018508,fluid
828,23.1641,-92.4143,,999.995,-23.8763,-53.7528,,-0.561627,-42.0816,,0.00792639,-0.0419704,fluid
829,20.5128,-203.329,,999.998,-45.9174,-22.5463,,-0.942729,-62.8623,,-0.0206011,0.0239529,fluid
830,23.0542,-92.4002,,999.995,-23.67,-53.1605,,-0.553389,-42.0447,,0.0392951,-0.0398205,fluid
831,23.8281,0.948497,,1002.85,51.9348,33808.6,,0.778669,-0.0417488,,-3.81348,7.52083,fluid
832,23.7919,1.4022,,1002.48,86.8491,29470,,0.880781,-0.0240793,,-3.7037,11.5551,fluid
833,25.2205,-26.2488,,999.942,-7.39772,-686.028,,-0.00107375,-21.2952,,0.315804,-0.50937,fluid
834,24.0882,0.0240579,,1003.46,47.069,41156,,0.744283,-0.633242,,-2.42647,16.1175,fluid
835,25.8782,-1.94281,,998.563,98.274,-16838.1,,-0.0838341,-0.656352,,-9.67276,-7.47828,fluid
836,25.8205,-1.54559,,998.335,-1015.65,-19507.2,,3.07269,-6.60188,,-1.90192,-14.6722,fluid
837,25.9115,-1.92439,,998.537,119.068,-17141.7,,0.286272,-0.230662,,-12.3704,-9.35438,fluid
838,25.2432,-26.8605,,999.925,-17.2921,-885.209,,-0.650461,-21.5762,,0.315784,1.27255,fluid
839,24.3984,0.535515,,1003.33,-51.6074,39629.2,,0.449501,-0.467969,,-2.80661,9.10879,fluid
840,5.86983,0.870234,,1000.42,402.278,4992.22,,2.33657,-0.883811,,-1.16455,9.0787,fluid
841,22.7457,3.60339,,1000.69,78.5724,8156.83,,1.9646,0.571915,,-2.43374,9.72727,fluid
842,11.4481,1.21251,,1000.49,224.887,5823.08,,2.79265,-0.612002,,-3.44457,10.5312,fluid
843,5.18175,-6.41467,,1004.15,-247.539,49420.8,,-1.18164,-9.42453,,9.42802,-3.798,fluid
844,4.13087,-19.4303,,999.902,-1.93292,-1148.57,,0.0117053,-17.7154,,-0.00077809,0.0022881,fluid
845,14.3083,0.989736,,1001.48,263.204,17528.8,,2.66934,0.0938183,,-1.80057,10.503,fluid
846,7.93985,-1.91288,,999.166,-806.057,-9795.6,,-5.85013,-1.61457,,1.47772,-0.747698,fluid
847,12.9159,1.17963,,1000.83,170.294,9812.93,,2.3876,0.310444,,-2.94091,10.4998,fluid
848,16.9194,1.8567,,1000.86,254.722,10091.1,,2.88829,0.55174,,-1.26534,8.60484,fluid
849,20.1588,-160.933,,1016.49,0,204024,,4.31507,-55.8203,,0,0,fluid
850,23.3245,-92.4759,,999.995,-23.3002,-54.1563,,-0.555962,-42.1498,,-0.0427456,-0.0535748,fluid
851,20.4773,-202.882,,999.998,-38.9669,-19.0966,,-0.795823,-62.8333,,-0.021652,-0.0153745,fluid
852,23.3086,-92.2784,,999.995,-17.9462,-58.8881,,-0.38197,-42.2006,,-0.0403239,0.0246808,fluid
853,20.1193,-203.458,,999.998,-54.6275,-27.4424,,-1.09004,-62.7191,,0.0235864,0.0199096,fluid
854,20.2982,-203.688,,999.997,-52.5831,-30.9805,,-1.0673,-62.8169,,0.000930584,0.0506501,fluid
855,23.7741,2.21612,,1001.88,1.5917,22279.3,,0.835759,0.636563,,-4.0347,9.82303,fluid
856,21.7711,3.40804,,1000.7,103.816,8226.13,,1.82789,1.1605,,-2.8123,8.87637,fluid
857,25.8347,-1.97216,,998.602,66.7183,-16388.5,,0.699857,-0.277098,,-6.29582,-4.8339,fluid
858,25.5248,-0.62301,,1000.5,-605.589,5916.3,,2.71617,-5.42284,,2.29865,-9.79114,fluid
859,25.6639,-1.99796,,998.688,-63.6483,-15380.1,,-1.14455,-0.347665,,9.38376,-2.61229,fluid
860,24.1733,0.643914,,1003.14,-54.4589,37293,,0.379958,-0.195869,,-3.17868,8.53681,fluid
861,23.9453,2.00642,,1002,-19.4891,23647.1,,0.679937,0.262092,,-3.69352,9.04913,fluid
862,25.6278,-2.00905,,998.715,-4.72915,-15067.6,,-0.931528,-0.209837,,11.9472,-1.79221,fluid
863,24.0587,1.02385,,1002.86,46.4952,33957,,0.64573,-4.09645e-05,,-2.49543,8.70051,fluid
864,23.2327,2.54235,,1001.68,79.8638,19818.6,,1.42853,0.752597,,-3.84429,10.56,fluid
865,19.7644,2.61165,,1000.55,145.438,6455.1,,3.07633,0.0025498,,-4.85719,11.4525,fluid
866,12.3572,1.30702,,1000.59,205.89,6991.4,,2.86667,-0.0886505,,-2.02166,11.9572,fluid
867,9.92274,0.329803,,1000.84,170.279,9925.67,,1.55944,0.465845,,-2.38191,8.02974,fluid
868,13.5125,0.219821,,1001.52,58.8946,17931,,1.09531,0.200854,,-2.54463,12.1799,fluid
869,3.47204,-46.09,,999.83,383.608,-1999.77,,1.42343,-29.7451,,0.552621,0.0652659,fluid
870,13.8547,-0.168297,,1001.76,49.6446,20884.8,,0.579662,-0.15879,,-3.19747,11.3989,fluid
871,17.241,2.50874,,1000.28,175.192,3273.06,,3.33313,0.171036,,-0.749181,7.39122,fluid
872,12.0929,1.37743,,1000.47,210.658,5573.17,,2.78049,-0.270535,,-2.56076,11.8664,fluid
873,23.1102,-92.4351,,999.995,-24.3895,-53.0107,,-0.574513,-42.0645,,0.0272596,-0.0347725,fluid
874,20.6749,-199.456,,1018.93,0,235920,,1.88262,-61.5786,,0,0,fluid
875,20.4109,-203.237,,999.998,-43.4676,-21.5781,,-0.892045,-62.8173,,-0.018709,0.0196402,fluid
876,20.5292,-202.978,,999.998,-40.3861,-19.6517,,-0.829026,-62.8477,,-0.0245844,-0.0091348,fluid
877,20.4126,-202.833,,999.998,-38.1976,-18.5458,,-0.775542,-62.8103,,-0.0163822,-0.0195623,fluid
878,20.3085,-202.79,,999.999,-38.6524,-17.5708,,-0.783107,-62.7603,,-0.00164942,-0.0272021,fluid
879,10.9569,1.10676,,1000.53,217.871,6228.24,,2.51619,-0.662944,,-4.84963,11.4816,fluid
880,12.1103,1.32433,,1000.51,176.069,6049.87,,2.49421,-0.177886,,-1.98194,11.1719,fluid
881,21.6433,3.35664,,1000.69,114.967,8096.24,,1.85914,1.30317,,-2.42097,8.26871,fluid
882,22.9566,3.08786,,1001.18,63.92,13913.2,,1.43437,0.344619,,-2.68953,9.69083,fluid
883,24.4165,1.09065,,1002.97,21.9401,35259.5,,0.323946,0.117004,,-1.10126,10.0596,fluid
884,24.0959,1.66323,,1002.3,28.7988,27315.7,,0.563644,-0.0708246,,-2.7314,10.3087,fluid
885,22.9737,3.58367,,1000.76,49.497,8945.14,,1.75309,0.580903,,-1.52474,9.42553,fluid
886,22.44,3.57818,,1000.67,96.1078,7929.17,,2.06722,0.632209,,-3.42004,9.64201,fluid
887,24.622,0.738428,,1003.35,-20.5152,39848.7,,0.331193,-0.342019,,-2.28087,9.14412,fluid
888,24.937,0.616027,,1003.57,81.7757,42516.6,,0.354749,-0.850522,,-2.04193,8.6018,fluid
889,24.713,0.257618,,1003.56,128.79,42303.6,,1.25088,-1.16344,,-1.38,10.5757,fluid
890,23.5736,2.41497,,1001.81,39.6271,21439.1,,1.05537,0.881518,,-4.00152,10.9556,fluid
891,13.627,1.77194,,1000.45,191.229,5343.29,,2.84034,-0.649074,,-3.9693,10.3928,fluid
892,11.9705,0.203538,,1001.31,124.445,15501.4,,1.33998,0.0361814,,-5.20587,13.1835,fluid
893,12.2762,-0.101741,,1001.42,-47.9224,16846.7,,0.844208,0.432488,,-2.5931,10.2621,fluid
894,13.0778,1.34466,,1000.72,186.696,8475.28,,2.56628,-0.0455882,,-3.51566,11.6446,fluid
895,7.07975,0.90214,,1000.47,231.896,5485.92,,1.63209,-0.716615,,0.0335422,10.7501,fluid
896,8.21145,33.0532,,951.106,0,-497710,,-0.630487,-15.2744,,0,0,fluid
897,16.1993,2.29053,,1000.21,175.861,2500.13,,3.85277,1.1791,,-2.47753,6.81545,fluid
898,20.5538,-203.188,,999.998,-43.0603,-20.9124,,-0.887,-62.8513,,-0.0242528,0.00800139,fluid
899,20.1492,-202.822,,999.999,-41.1491,-16.4657,,-0.831021,-62.7154,,0.0160905,-0.02244,fluid
900,20.0965,-203.128,,999.998,-45.9975,-19.9782,,-0.927552,-62.7359,,0.0242116,0.0229916,fluid
901,20.156,-202.832,,999.999,-41.5864,-16.5846,,-0.841236,-62.7219,,0.0155719,-0.0215778,fluid
902,13.3991,1.52354,,1000.61,191.379,7165.31,,2.67669,-0.395718,,-4.07821,10.5515,fluid
903,16.3428,2.49162,,1000.05,185.362,624.952,,3.36638,0.69198,,-1.1068,6.42704,fluid
904,24.2192,1.28939,,1002.71,67.7741,32174.8,,0.502677,0.0512597,,-1.68632,10.9156,fluid
905,24.1215,2.3421,,1001.96,6.23027,23200.3,,0.716868,0.91746,,-2.83493,11.002,fluid
906,24.3641,2.57003,,1002.04,37.8066,24141.5,,0.630777,1.14157,,-2.24088,12.9513,fluid
907,24.0717,2.70662,,1001.91,61.6599,22636.3,,0.745895,1.27494,,-2.4105,13.3227,fluid
908,24.3475,1.914,,1002.19,-20.938,25957.9,,0.386524,0.26593,,-1.92627,8.94478,fluid
909,24.4986,2.0548,,1002.19,-29.8163,25919.7,,0.324801,0.581119,,-1.32833,9.52621,fluid
910,24.6813,2.3751,,1002.2,-3.65409,26123.8,,0.136373,1.07656,,-1.17431,11.1698,fluid
911,24.7917,2.03567,,1002.36,-15.2904,28001.5,,-0.000568654,0.512493,,-1.39619,9.36251,fluid
912,24.7641,0.988058,,1003.26,-8.71989,38782.3,,0.199713,0.220393,,-1.68019,10.4909,fluid
913,9.29021,0.855915,,1000.4,176.222,4742.17,,1.7242,-0.0621246,,-2.27807,11.1708,fluid
914,24.8029,1.43596,,1002.86,19.1326,33974.9,,0.0061892,0.00741349,,-1.44739,10.6687,fluid
915,9.60576,0.496295,,1000.65,152.609,7613.03,,1.63198,0.391611,,-2.03833,8.07549,fluid
916,13.9624,2.04441,,1000.29,227.876,3474.94,,3.10162,-0.976069,,-2.07085,9.15183,fluid
917,4.38066,-44.8954,,1000.03,-12.9224,406.632,,-0.0622672,-28.8304,,1.6165,-1.47743,fluid
918,15.2649,0.574295,,1001.64,94.6158,19442.5,,1.75219,0.00630733,,-2.77781,11.9113,fluid
919,21.2304,2.61809,,1001.1,134.516,12999.5,,2.51361,0.149091,,-4.524,9.20522,fluid
920,23.538,3.9725,,1000.63,113.707,7395.27,,2.15585,1.49785,,-4.44377,10.9025,fluid
921,20.0827,-202.935,,999.999,-43.4546,-17.1077,,-0.875729,-62.7118,,0.024394,-0.00774279,fluid
922,25.8195,-1.9702,,998.605,65.948,-16353.8,,-0.153167,-0.67743,,-4.65425,-4.80537,fluid
923,17.9994,2.22708,,1000.54,174.771,6416.34,,3.09497,-0.454316,,-2.67848,9.10685,fluid
924,24.3803,3.35986,,1001.48,-3.49928,17503.1,,0.402101,1.30946,,-0.911008,9.25707,fluid
925,23.4974,3.07487,,1001.5,92.4771,17709.1,,1.35442,0.726008,,-2.64744,11.0738,fluid
926,22.6377,3.6761,,1000.64,78.3854,7543.63,,1.97602,0.687612,,-2.91098,10.7032,fluid
927,22.2455,3.62267,,1000.65,77.2052,7664.76,,1.953,0.79825,,-3.80104,10.7605,fluid
928,23.7898,3.81924,,1000.78,58.6357,9202.42,,1.59846,1.89371,,-2.87395,9.23551,fluid
929,21.0517,3.48843,,1000.41,86.4847,4855.36,,2.30778,1.08311,,-3.09625,9.26654,fluid
930,21.3654,3.22695,,1000.65,134.07,7703.3,,2.44598,1.4098,,-3.40615,6.59837,fluid
931,17.1653,2.583,,1000.22,190.095,2628.73,,3.42425,0.186804,,-0.995588,7.18459,fluid
932,24.113,3.49436,,1001.2,9.94529,14228.6,,0.973027,1.58107,,-2.42089,9.01373,fluid
933,24.6596,3.02004,,1001.98,20.632,23458.9,,-0.464886,1.24561,,-1.66617,12.6229,fluid
934,24.6386,2.73516,,1002.13,42.3208,25191.9,,0.0448548,1.18853,,-1.55346,13.4381,fluid
935,23.7111,2.79582,,1001.78,120.769,21067.7,,1.17495,0.933816,,-3.24649,12.3673,fluid
936,23.2815,3.11901,,1001.34,85.8612,15876.4,,1.35102,0.60929,,-2.43122,10.2609,fluid
937,24.607,1.56959,,1002.62,18.709,31079.3,,0.115583,0.040041,,-1.07128,10.3781,fluid
938,15.0692,2.20418,,1000.2,192.854,2371.6,,3.43967,-0.858855,,-1.13971,8.66317,fluid
939,14.7245,2.1522,,1000.2,200.58,2397.59,,3.18008,-1.01201,,-0.80827,8.88795,fluid
940,8.00374,0.751035,,1000.53,244.507,6220.22,,2.05336,-0.750083,,-1.21964,11.8485,fluid
941,11.1803,1.09604,,1000.54,233.231,6423.67,,2.82407,-0.605222,,-4.22324,10.2365,fluid
942,10.2182,1.09057,,1000.47,262.171,5563.66,,2.69311,-0.482989,,-2.70257,12.509,fluid
943,21.5037,3.51787,,1000.57,45.3844,6742.88,,1.89672,1.40981,,-2.5113,10.5557,fluid
944,20.8988,3.52526,,1000.36,144.6,4228.62,,3.08279,1.02997,,-5.63115,9.56428,fluid
945,18.374,2.41731,,1000.48,184.031,5708.81,,3.49565,-0.499003,,-2.75136,11.2965,fluid
946,19.3314,2.58968,,1000.49,199.069,5746.23,,3.70147,-0.166458,,-5.88069,12.1536,fluid
947,23.9497,3.23163,,1001.47,29.3056,17395.2,,0.992292,1.0774,,-2.75062,10.015,fluid
948,23.5812,4.1407,,1000.55,56.8088,6490.06,,1.51562,1.7658,,-3.78718,12.1541,fluid
949,24.1897,4.26143,,1000.62,8.92168,7295.83,,0.871379,2.90715,,-2.93564,13.0161,fluid
950,24.3195,4.22511,,1000.69,-9.48934,8119.5,,0.572952,3.10465,,-2.0171,12.6591,fluid
951,24.4851,4.11028,,1000.84,-5.49653,9907.8,,0.112154,3.26266,,-1.02015,11.2405,fluid
952,23.9126,4.18745,,1000.58,45.7664,6812.1,,1.34575,2.40325,,-3.62414,12.2594,fluid
953,22.1428,3.80367,,1000.59,56.2403,6922.84,,1.78159,0.870627,,-3.93977,13.1919,fluid
954,22.8761,3.93804,,1000.55,58.6303,6427.05,,1.66448,0.842621,,-2.90047,12.3545,fluid
955,23.1736,3.97477,,1000.57,50.6653,6671.41,,1.48421,1.04314,,-3.11767,11.6244,fluid
956,23.3581,3.96498,,1000.6,49.1572,7083.91,,1.48308,1.257,,-3.36048,11.0052,fluid
957,20.8855,3.4884,,1000.37,105.419,4333.07,,2.45371,0.847962,,-4.50706,9.18511,fluid
958,15.4621,1.68619,,1001.04,324.231,12304.6,,3.75841,0.170678,,-3.01341,7.42789,fluid
959,24.5206,3.55057,,1001.34,-15.2313,15867.7,,0.349083,1.73647,,-1.00665,9.18454,fluid
960,24.6063,3.95784,,1001.02,44.3803,12034.3,,0.0163865,2.99776,,-1.78773,9.83406,fluid
961,14.8847,1.71649,,1000.76,267.308,8908.14,,3.61063,0.0247279,,-1.74081,6.36308,fluid
962,16.4879,2.52754,,1000.07,183.45,785.767,,3.24898,0.698251,,-0.934528,6.23505,fluid
963,20.2303,2.9727,,1000.5,153.739,5893.35,,3.16211,0.33627,,-6.16221,9.79339,fluid
964,20.4729,3.26605,,1000.4,140.796,4666.51,,2.89688,0.479571,,-6.32375,8.87309,fluid
965,18.037,2.53067,,1000.41,187.173,4778.02,,3.4563,-0.467922,,-1.89595,10.2912,fluid
966,22.1892,3.47397,,1000.71,109.965,8393.6,,2.04247,0.650359,,-3.90948,8.58075,fluid
967,19.6863,2.83971,,1000.46,189.482,5455.26,,3.66835,0.131535,,-6.02473,12.1084,fluid
968,16.9628,2.87186,,1000.08,234.027,914.334,,3.60103,0.218039,,-1.07266,5.22699,fluid
