h/dp :,2
L2norm Pressure,KE,dp,Nparticles
81971.7,5.46461e+07,0.25,2048

t,5.31048
ID,r,z,,rho,drhodt,pressure,,u_r,u_z,velocity,,pairAr,pairAz,totalAr,totalAz,Type
0,0.125,-0.125,,1000.19,0,2940.32,,0,0,0,,0,0,23.5182,-9.81,boundary
1,0.375,-0.125,,1000.17,0,2741.35,,0,0,0,,0,0,7.309,-9.81,boundary
2,0.625,-0.125,,1000.19,0,2967.58,,0,0,0,,0,0,4.74723,-9.81,boundary
3,0.875,-0.125,,1000.35,0,5558.51,,0,0,0,,0,0,6.35034,-9.81,boundary
4,1.125,-0.125,,1000.82,0,12918,,0,0,0,,0,0,11.4733,-9.81,boundary
5,1.375,-0.125,,1000,0,0,,0,0,0,,0,0,0,-9.81,boundary
6,1.625,-0.125,,1000,0,0,,0,0,0,,0,0,0,-9.81,boundary
7,1.875,-0.125,,1000,0,0,,0,0,0,,0,0,0,-9.81,boundary
8,2.125,-0.125,,1000,0,0,,0,0,0,,0,0,0,-9.81,boundary
9,2.375,-0.125,,1000,0,0,,0,0,0,,0,0,0,-9.81,boundary
10,2.625,-0.125,,1000,0,0,,0,0,0,,0,0,0,-9.81,boundary
11,2.875,-0.125,,1000,0,0,,0,0,0,,0,0,0,-9.81,boundary
12,3.125,-0.125,,1000,0,0,,0,0,0,,0,0,0,-9.81,boundary
13,3.375,-0.125,,1000,0,0,,0,0,0,,0,0,0,-9.81,boundary
14,3.625,-0.125,,1000,0,0,,0,0,0,,0,0,0,-9.81,boundary
15,3.875,-0.125,,1000,0,0,,0,0,0,,0,0,0,-9.81,boundary
16,4.125,-0.125,,1000,0,0,,0,0,0,,0,0,0,-9.81,boundary
17,4.375,-0.125,,1000,0,0,,0,0,0,,0,0,0,-9.81,boundary
18,4.625,-0.125,,1000,0,0,,0,0,0,,0,0,0,-9.81,boundary
19,4.875,-0.125,,1000,0,0,,0,0,0,,0,0,0,-9.81,boundary
20,5.125,-0.125,,1000,0,0,,0,0,0,,0,0,0,-9.81,boundary
21,5.375,-0.125,,1000,0,0,,0,0,0,,0,0,0,-9.81,boundary
22,5.625,-0.125,,1000,0,0,,0,0,0,,0,0,0,-9.81,boundary
23,5.875,-0.125,,1000,0,0,,0,0,0,,0,0,0,-9.81,boundary
24,6.125,-0.125,,1000,0,0,,0,0,0,,0,0,0,-9.81,boundary
25,6.375,-0.125,,1000,0,0,,0,0,0,,0,0,0,-9.81,boundary
26,6.625,-0.125,,1000,0,0,,0,0,0,,0,0,0,-9.81,boundary
27,6.875,-0.125,,1000,0,0,,0,0,0,,0,0,0,-9.81,boundary
28,7.125,-0.125,,1000,0,0,,0,0,0,,0,0,0,-9.81,boundary
29,7.375,-0.125,,1000,0,0,,0,0,0,,0,0,0,-9.81,boundary
30,7.625,-0.125,,1000,0,0,,0,0,0,,0,0,0,-9.81,boundary
31,7.875,-0.125,,1000.18,0,2775.23,,0,0,0,,0,0,0.352347,-9.81,boundary
32,8.125,-0.125,,1000.02,0,319.334,,0,0,0,,0,0,0.0393018,-9.81,boundary
33,8.375,-0.125,,1000,0,0,,0,0,0,,0,0,0,-9.81,boundary
34,8.625,-0.125,,1000,0,0,,0,0,0,,0,0,0,-9.81,boundary
35,8.875,-0.125,,1000,0,0,,0,0,0,,0,0,0,-9.81,boundary
36,9.125,-0.125,,1000,0,0,,0,0,0,,0,0,0,-9.81,boundary
37,9.375,-0.125,,1000,0,0,,0,0,0,,0,0,0,-9.81,boundary
38,9.625,-0.125,,1000,0,0,,0,0,0,,0,0,0,-9.81,boundary
39,9.875,-0.125,,1000.22,0,3445.07,,0,0,0,,0,0,0.348791,-9.81,boundary
40,10.125,-0.125,,1000,0,0,,0,0,0,,0,0,0,-9.81,boundary
41,10.375,-0.125,,1000,0,0,,0,0,0,,0,0,0,-9.81,boundary
42,10.625,-0.125,,1000,0,0,,0,0,0,,0,0,0,-9.81,boundary
43,10.875,-0.125,,1000,0,0,,0,0,0,,0,0,0,-9.81,boundary
44,11.125,-0.125,,1000,0,0,,0,0,0,,0,0,0,-9.81,boundary
45,11.375,-0.125,,1000,0,0,,0,0,0,,0,0,0,-9.81,boundary
46,11.625,-0.125,,1000,0,0,,0,0,0,,0,0,0,-9.81,boundary
47,11.875,-0.125,,1000,0,0,,0,0,0,,0,0,0,-9.81,boundary
48,12.125,-0.125,,1000,0,0,,0,0,0,,0,0,0,-9.81,boundary
49,12.375,-0.125,,1000,0,0,,0,0,0,,0,0,0,-9.81,boundary
50,12.625,-0.125,,1000,0,0,,0,0,0,,0,0,0,-9.81,boundary
51,12.875,-0.125,,1000,0,0,,0,0,0,,0,0,0,-9.81,boundary
52,13.125,-0.125,,1000,0,0,,0,0,0,,0,0,0,-9.81,boundary
53,13.375,-0.125,,1000,0,0,,0,0,0,,0,0,0,-9.81,boundary
54,13.625,-0.125,,1000,0,0,,0,0,0,,0,0,0,-9.81,boundary
55,13.875,-0.125,,1000,0,0,,0,0,0,,0,0,0,-9.81,boundary
56,14.125,-0.125,,1000,0,0,,0,0,0,,0,0,0,-9.81,boundary
57,14.375,-0.125,,1000,0,0,,0,0,0,,0,0,0,-9.81,boundary
58,14.625,-0.125,,1000,0,0,,0,0,0,,0,0,0,-9.81,boundary
59,14.875,-0.125,,1000,0,0,,0,0,0,,0,0,0,-9.81,boundary
60,15.125,-0.125,,1000,0,0,,0,0,0,,0,0,0,-9.81,boundary
61,15.375,-0.125,,1000,0,0,,0,0,0,,0,0,0,-9.81,boundary
62,15.625,-0.125,,1000,0,0,,0,0,0,,0,0,0,-9.81,boundary
63,15.875,-0.125,,1000,0,0,,0,0,0,,0,0,0,-9.81,boundary
64,16.125,-0.125,,1000,0,0,,0,0,0,,0,0,0,-9.81,boundary
65,16.375,-0.125,,1000,0,0,,0,0,0,,0,0,0,-9.81,boundary
66,16.625,-0.125,,1000,0,0,,0,0,0,,0,0,0,-9.81,boundary
67,16.875,-0.125,,1000,0,0,,0,0,0,,0,0,0,-9.81,boundary
68,17.125,-0.125,,1000,0,0,,0,0,0,,0,0,0,-9.81,boundary
69,17.375,-0.125,,1000,0,0,,0,0,0,,0,0,0,-9.81,boundary
70,17.625,-0.125,,1000,0,0,,0,0,0,,0,0,0,-9.81,boundary
71,17.875,-0.125,,1000,0,0,,0,0,0,,0,0,0,-9.81,boundary
72,18.125,-0.125,,1000,0,0,,0,0,0,,0,0,0,-9.81,boundary
73,18.375,-0.125,,1000,0,0,,0,0,0,,0,0,0,-9.81,boundary
74,18.625,-0.125,,1000,0,0,,0,0,0,,0,0,0,-9.81,boundary
75,18.875,-0.125,,1000,0,0,,0,0,0,,0,0,0,-9.81,boundary
76,19.125,-0.125,,1000,0,0,,0,0,0,,0,0,0,-9.81,boundary
77,19.375,-0.125,,1000,0,0,,0,0,0,,0,0,0,-9.81,boundary
78,19.625,-0.125,,1000,0,0,,0,0,0,,0,0,0,-9.81,boundary
79,19.875,-0.125,,1000,0,0,,0,0,0,,0,0,0,-9.81,boundary
80,20.125,-0.125,,1000,0,0,,0,0,0,,0,0,0,-9.81,boundary
81,20.375,-0.125,,1000,0,0,,0,0,0,,0,0,0,-9.81,boundary
82,20.625,-0.125,,1000,0,0,,0,0,0,,0,0,0,-9.81,boundary
83,20.875,-0.125,,1000,0,0,,0,0,0,,0,0,0,-9.81,boundary
84,21.125,-0.125,,1000,0,0,,0,0,0,,0,0,0,-9.81,boundary
85,21.375,-0.125,,1000,0,0,,0,0,0,,0,0,0,-9.81,boundary
86,21.625,-0.125,,1000,0,0,,0,0,0,,0,0,0,-9.81,boundary
87,21.875,-0.125,,1000,0,0,,0,0,0,,0,0,0,-9.81,boundary
88,22.125,-0.125,,1000,0,0,,0,0,0,,0,0,0,-9.81,boundary
89,22.375,-0.125,,1000.19,0,3007.92,,0,0,0,,0,0,0.134406,-9.81,boundary
90,22.625,-0.125,,1000.81,0,12775.1,,0,0,0,,0,0,0.564189,-9.81,boundary
91,22.875,-0.125,,1001.46,0,22937.7,,0,0,0,,0,0,1.00129,-9.81,boundary
92,23.125,-0.125,,1001.91,0,30081.9,,0,0,0,,0,0,1.29837,-9.81,boundary
93,23.375,-0.125,,1001.9,0,30002.7,,0,0,0,,0,0,1.2811,-9.81,boundary
94,23.625,-0.125,,1002.19,0,34534,,0,0,0,,0,0,1.45857,-9.81,boundary
95,23.875,-0.125,,1002.13,0,33704,,0,0,0,,0,0,1.40868,-9.81,boundary
96,24.125,-0.125,,1000.84,0,13233.4,,0,0,0,,0,0,0.548073,-9.81,boundary
97,24.375,-0.125,,1000,0,0,,0,0,0,,0,0,0,-9.81,boundary
98,24.625,-0.125,,1000.59,0,9335.91,,0,0,0,,0,0,0.378898,-9.81,boundary
99,24.875,-0.125,,1002.05,0,32397.1,,0,0,0,,0,0,1.29973,-9.81,boundary
100,25.125,-0.125,,1002.13,0,33599.6,,0,0,0,,0,0,1.33446,-9.81,boundary
101,25.375,-0.125,,1002.02,0,31958.3,,0,0,0,,0,0,1.2569,-9.81,boundary
102,25.625,-0.125,,1003.64,0,57782,,0,0,0,,0,0,2.24673,-9.81,boundary
103,25.875,-0.125,,1005.53,0,88233.2,,0,0,0,,0,0,3.39123,-9.81,boundary
104,26.125,-0.125,,1006.27,0,100260,,0,0,0,,0,0,3.81379,-9.81,boundary
105,26.375,-0.125,,1006.2,0,99221.2,,0,0,0,,0,0,3.73874,-9.81,boundary
106,26.625,-0.125,,1005.13,0,81840.8,,0,0,0,,0,0,3.05813,-9.81,boundary
107,26.875,-0.125,,1003.34,0,52934.7,,0,0,0,,0,0,1.96311,-9.81,boundary
108,27.125,-0.125,,1001.7,0,26819.9,,0,0,0,,0,0,0.987074,-9.81,boundary
109,27.375,-0.125,,1003.89,0,61729.6,,0,0,0,,0,0,2.24623,-9.81,boundary
110,27.625,-0.125,,1001.34,0,21064.1,,0,0,0,,0,0,0.761485,-9.81,boundary
111,27.875,-0.125,,1002.21,0,34914.2,,0,0,0,,0,0,1.24977,-9.81,boundary
112,28.125,-0.125,,1004.08,0,64895.4,,0,0,0,,0,0,2.29801,-9.81,boundary
113,28.375,-0.125,,1005.71,0,91154.1,,0,0,0,,0,0,3.19425,-9.81,boundary
114,28.625,-0.125,,1006.18,0,98887.6,,0,0,0,,0,0,3.43336,-9.81,boundary
115,28.875,-0.125,,1006,0,95949,,0,0,0,,0,0,3.30308,-9.81,boundary
116,29.125,-0.125,,1006,0,95951.8,,0,0,0,,0,0,3.27482,-9.81,boundary
117,29.375,-0.125,,1006.01,0,96094.2,,0,0,0,,0,0,3.25174,-9.81,boundary
118,29.625,-0.125,,1005.74,0,91646,,0,0,0,,0,0,3.07588,-9.81,boundary
119,29.875,-0.125,,1005.35,0,85413.9,,0,0,0,,0,0,2.84381,-9.81,boundary
120,30.125,-0.125,,1004.99,0,79563.3,,0,0,0,,0,0,2.62798,-9.81,boundary
121,30.375,-0.125,,1004.6,0,73227.9,,0,0,0,,0,0,2.39975,-9.81,boundary
122,30.625,-0.125,,1004.23,0,67209.4,,0,0,0,,0,0,2.18535,-9.81,boundary
123,30.875,-0.125,,1003.89,0,61715.1,,0,0,0,,0,0,1.99113,-9.81,boundary
124,31.125,-0.125,,1005.03,0,80148.2,,0,0,0,,0,0,2.56215,-9.81,boundary
125,31.375,-0.125,,1004.24,0,67335.1,,0,0,0,,0,0,2.13709,-9.81,boundary
126,31.625,-0.125,,1003.73,0,59148,,0,0,0,,0,0,1.86335,-9.81,boundary
127,31.875,-0.125,,1002.75,0,43582.7,,0,0,0,,0,0,1.36355,-9.81,boundary
128,32.125,-0.125,,1002.75,0,43582.7,,0,0,0,,0,0,1.35293,-9.81,boundary
129,32.375,-0.125,,1003.06,0,48408.6,,0,0,0,,0,0,1.49069,-9.81,boundary
130,32.625,-0.125,,1002.54,0,40156,,0,0,0,,0,0,1.22772,-9.81,boundary
131,32.875,-0.125,,1001.94,0,30656.4,,0,0,0,,0,0,0.930707,-9.81,boundary
132,0.125,-0.375,,1000.23,0,3553.97,,0,0,0,,0,0,28.4253,-9.81,boundary
133,0.375,-0.375,,1000.23,0,3614.16,,0,0,0,,0,0,9.63555,-9.81,boundary
134,0.625,-0.375,,1000.22,0,3432.94,,0,0,0,,0,0,5.49151,-9.81,boundary
135,0.875,-0.375,,1000.03,0,469.643,,0,0,0,,0,0,0.536719,-9.81,boundary
136,1.125,-0.375,,1001.14,0,17918.3,,0,0,0,,0,0,15.9093,-9.81,boundary
137,1.375,-0.375,,1002.85,0,45134.3,,0,0,0,,0,0,32.7316,-9.81,boundary
138,1.625,-0.375,,1001.59,0,25071,,0,0,0,,0,0,15.4038,-9.81,boundary
139,1.875,-0.375,,1000.25,0,3851.64,,0,0,0,,0,0,2.0537,-9.81,boundary
140,2.125,-0.375,,1001.21,0,19003.2,,0,0,0,,0,0,8.9319,-9.81,boundary
141,2.375,-0.375,,1001.45,0,22883.6,,0,0,0,,0,0,9.62125,-9.81,boundary
142,2.625,-0.375,,1001.27,0,20056.5,,0,0,0,,0,0,7.63086,-9.81,boundary
143,2.875,-0.375,,1001.07,0,16854.5,,0,0,0,,0,0,5.85617,-9.81,boundary
144,3.125,-0.375,,1001.25,0,19674.4,,0,0,0,,0,0,6.28794,-9.81,boundary
145,3.375,-0.375,,1001.22,0,19230,,0,0,0,,0,0,5.69082,-9.81,boundary
146,3.625,-0.375,,1001.29,0,20274.5,,0,0,0,,0,0,5.58578,-9.81,boundary
147,3.875,-0.375,,1001.35,0,21268.4,,0,0,0,,0,0,5.48121,-9.81,boundary
148,4.125,-0.375,,1001.38,0,21729.3,,0,0,0,,0,0,5.26046,-9.81,boundary
149,4.375,-0.375,,1001.6,0,25208,,0,0,0,,0,0,5.75263,-9.81,boundary
150,4.625,-0.375,,1001.53,0,24171.5,,0,0,0,,0,0,5.21826,-9.81,boundary
151,4.875,-0.375,,1001.08,0,17001,,0,0,0,,0,0,3.48363,-9.81,boundary
152,5.125,-0.375,,1001.26,0,19893.1,,0,0,0,,0,0,3.87668,-9.81,boundary
153,5.375,-0.375,,1001.61,0,25436.1,,0,0,0,,0,0,4.72468,-9.81,boundary
154,5.625,-0.375,,1002.35,0,37068.6,,0,0,0,,0,0,6.57456,-9.81,boundary
155,5.875,-0.375,,1002.66,0,42145.8,,0,0,0,,0,0,7.15469,-9.81,boundary
156,6.125,-0.375,,1005.38,0,85849.4,,0,0,0,,0,0,13.9412,-9.81,boundary
157,6.375,-0.375,,1000,0,0,,0,0,0,,0,0,0,-9.81,boundary
158,6.625,-0.375,,1000,0,0,,0,0,0,,0,0,0,-9.81,boundary
159,6.875,-0.375,,1000.62,0,9745.31,,0,0,0,,0,0,1.41662,-9.81,boundary
160,7.125,-0.375,,1000.88,0,13874.5,,0,0,0,,0,0,1.94558,-9.81,boundary
161,7.375,-0.375,,1001.11,0,17477.7,,0,0,0,,0,0,2.36723,-9.81,boundary
162,7.625,-0.375,,1001.12,0,17632.1,,0,0,0,,0,0,2.30982,-9.81,boundary
163,7.875,-0.375,,1001.3,0,20421.7,,0,0,0,,0,0,2.58987,-9.81,boundary
164,8.125,-0.375,,1002.14,0,33824,,0,0,0,,0,0,4.15406,-9.81,boundary
165,8.375,-0.375,,1001.78,0,28129.9,,0,0,0,,0,0,3.35282,-9.81,boundary
166,8.625,-0.375,,1004.59,0,72965.8,,0,0,0,,0,0,8.4212,-9.81,boundary
167,8.875,-0.375,,1015.3,0,251475,,0,0,0,,0,0,27.9082,-9.81,boundary
168,9.125,-0.375,,1004.12,0,65414.3,,0,0,0,,0,0,7.13931,-9.81,boundary
169,9.375,-0.375,,1000,0,0,,0,0,0,,0,0,0,-9.81,boundary
170,9.625,-0.375,,1000,0,0,,0,0,0,,0,0,0,-9.81,boundary
171,9.875,-0.375,,1000,0,0,,0,0,0,,0,0,0,-9.81,boundary
172,10.125,-0.375,,1001.01,0,15835.8,,0,0,0,,0,0,1.56246,-9.81,boundary
173,10.375,-0.375,,1001.1,0,17332.3,,0,0,0,,0,0,1.66875,-9.81,boundary
174,10.625,-0.375,,1002.53,0,39982.2,,0,0,0,,0,0,3.75354,-9.81,boundary
175,10.875,-0.375,,1008.42,0,135541,,0,0,0,,0,0,12.3595,-9.81,boundary
176,11.125,-0.375,,1006.68,0,106914,,0,0,0,,0,0,9.54654,-9.81,boundary
177,11.375,-0.375,,1000.11,0,1669.41,,0,0,0,,0,0,0.146746,-9.81,boundary
178,11.625,-0.375,,1002.1,0,33099.6,,0,0,0,,0,0,2.84132,-9.81,boundary
179,11.875,-0.375,,1000,0,0,,0,0,0,,0,0,0,-9.81,boundary
180,12.125,-0.375,,1000,0,0,,0,0,0,,0,0,0,-9.81,boundary
181,12.375,-0.375,,1000,0,0,,0,0,0,,0,0,0,-9.81,boundary
182,12.625,-0.375,,1000,0,0,,0,0,0,,0,0,0,-9.81,boundary
183,12.875,-0.375,,1000,0,0,,0,0,0,,0,0,0,-9.81,boundary
184,13.125,-0.375,,1000,0,0,,0,0,0,,0,0,0,-9.81,boundary
185,13.375,-0.375,,1000,0,0,,0,0,0,,0,0,0,-9.81,boundary
186,13.625,-0.375,,1000.34,0,5402.35,,0,0,0,,0,0,0.396366,-9.81,boundary
187,13.875,-0.375,,1000.33,0,5169.89,,0,0,0,,0,0,0.372482,-9.81,boundary
188,14.125,-0.375,,1002.41,0,38085,,0,0,0,,0,0,2.6898,-9.81,boundary
189,14.375,-0.375,,1001.56,0,24589.8,,0,0,0,,0,0,1.70793,-9.81,boundary
190,14.625,-0.375,,1000.51,0,7971.33,,0,0,0,,0,0,0.544772,-9.81,boundary
191,14.875,-0.375,,1001.16,0,18244.2,,0,0,0,,0,0,1.22508,-9.81,boundary
192,15.125,-0.375,,1004.06,0,64439.3,,0,0,0,,0,0,4.24324,-9.81,boundary
193,15.375,-0.375,,1006.27,0,100290,,0,0,0,,0,0,6.48231,-9.81,boundary
194,15.625,-0.375,,1000,0,0,,0,0,0,,0,0,0,-9.81,boundary
195,15.875,-0.375,,1000,0,0,,0,0,0,,0,0,0,-9.81,boundary
196,16.125,-0.375,,1000,0,0,,0,0,0,,0,0,0,-9.81,boundary
197,16.375,-0.375,,1001,0,15732,,0,0,0,,0,0,0.959772,-9.81,boundary
198,16.625,-0.375,,1000.39,0,6129.54,,0,0,0,,0,0,0.36855,-9.81,boundary
199,16.875,-0.375,,1000.31,0,4858.13,,0,0,0,,0,0,0.2878,-9.81,boundary
200,17.125,-0.375,,1000,0,0,,0,0,0,,0,0,0,-9.81,boundary
201,17.375,-0.375,,1000,0,0,,0,0,0,,0,0,0,-9.81,boundary
202,17.625,-0.375,,1000,0,0,,0,0,0,,0,0,0,-9.81,boundary
203,17.875,-0.375,,1000,0,0,,0,0,0,,0,0,0,-9.81,boundary
204,18.125,-0.375,,1001.99,0,31434.3,,0,0,0,,0,0,1.73086,-9.81,boundary
205,18.375,-0.375,,1013.11,0,214013,,0,0,0,,0,0,11.4963,-9.81,boundary
206,18.625,-0.375,,1000,0,0,,0,0,0,,0,0,0,-9.81,boundary
207,18.875,-0.375,,1000,0,0,,0,0,0,,0,0,0,-9.81,boundary
208,19.125,-0.375,,1000,0,0,,0,0,0,,0,0,0,-9.81,boundary
209,19.375,-0.375,,1000,0,0,,0,0,0,,0,0,0,-9.81,boundary
210,19.625,-0.375,,1000.8,0,12640.6,,0,0,0,,0,0,0.643589,-9.81,boundary
211,19.875,-0.375,,1001.81,0,28486.2,,0,0,0,,0,0,1.43069,-9.81,boundary
212,20.125,-0.375,,1000,0,0,,0,0,0,,0,0,0,-9.81,boundary
213,20.375,-0.375,,1000,0,0,,0,0,0,,0,0,0,-9.81,boundary
214,20.625,-0.375,,1000,0,0,,0,0,0,,0,0,0,-9.81,boundary
215,20.875,-0.375,,1000,0,0,,0,0,0,,0,0,0,-9.81,boundary
216,21.125,-0.375,,1000,0,0,,0,0,0,,0,0,0,-9.81,boundary
217,21.375,-0.375,,1000,0,0,,0,0,0,,0,0,0,-9.81,boundary
218,21.625,-0.375,,1000,0,0,,0,0,0,,0,0,0,-9.81,boundary
219,21.875,-0.375,,1000,0,0,,0,0,0,,0,0,0,-9.81,boundary
220,22.125,-0.375,,1000,0,0,,0,0,0,,0,0,0,-9.81,boundary
221,22.375,-0.375,,1000,0,0,,0,0,0,,0,0,0,-9.81,boundary
222,22.625,-0.375,,1000,0,0,,0,0,0,,0,0,0,-9.81,boundary
223,22.875,-0.375,,1000,0,0,,0,0,0,,0,0,0,-9.81,boundary
224,23.125,-0.375,,1000,0,0,,0,0,0,,0,0,0,-9.81,boundary
225,23.375,-0.375,,1000,0,0,,0,0,0,,0,0,0,-9.81,boundary
226,23.625,-0.375,,1000,0,0,,0,0,0,,0,0,0,-9.81,boundary
227,23.875,-0.375,,1000,0,0,,0,0,0,,0,0,0,-9.81,boundary
228,24.125,-0.375,,1000,0,0,,0,0,0,,0,0,0,-9.81,boundary
229,24.375,-0.375,,1001.64,0,25800.1,,0,0,0,,0,0,1.05674,-9.81,boundary
230,24.625,-0.375,,1005.53,0,88279.6,,0,0,0,,0,0,3.56524,-9.81,boundary
231,24.875,-0.375,,1006.85,0,109681,,0,0,0,,0,0,4.37932,-9.81,boundary
232,25.125,-0.375,,1004.17,0,66313,,0,0,0,,0,0,2.62836,-9.81,boundary
233,25.375,-0.375,,1006.98,0,111895,,0,0,0,,0,0,4.37909,-9.81,boundary
234,25.625,-0.375,,1009.63,0,155593,,0,0,0,,0,0,6.014,-9.81,boundary
235,25.875,-0.375,,1011.88,0,193292,,0,0,0,,0,0,7.38249,-9.81,boundary
236,26.125,-0.375,,1005.71,0,91111.2,,0,0,0,,0,0,3.46772,-9.81,boundary
237,26.375,-0.375,,1015.45,0,254087,,0,0,0,,0,0,9.48703,-9.81,boundary
238,26.625,-0.375,,1014.64,0,240077,,0,0,0,,0,0,8.88691,-9.81,boundary
239,26.875,-0.375,,1011.3,0,183524,,0,0,0,,0,0,6.75247,-9.81,boundary
240,27.125,-0.375,,1007.55,0,121258,,0,0,0,,0,0,4.43684,-9.81,boundary
241,27.375,-0.375,,1003.3,0,52379.9,,0,0,0,,0,0,1.90712,-9.81,boundary
242,27.625,-0.375,,1000,0,0,,0,0,0,,0,0,0,-9.81,boundary
243,27.875,-0.375,,1000,0,0,,0,0,0,,0,0,0,-9.81,boundary
244,28.125,-0.375,,1005.2,0,82972.3,,0,0,0,,0,0,2.93485,-9.81,boundary
245,28.375,-0.375,,1008.16,0,131269,,0,0,0,,0,0,4.58877,-9.81,boundary
246,28.625,-0.375,,1009.01,0,145343,,0,0,0,,0,0,5.03215,-9.81,boundary
247,28.875,-0.375,,1009.03,0,145654,,0,0,0,,0,0,4.99913,-9.81,boundary
248,29.125,-0.375,,1009.87,0,159535,,0,0,0,,0,0,5.42407,-9.81,boundary
249,29.375,-0.375,,1010.66,0,172838,,0,0,0,,0,0,5.82177,-9.81,boundary
250,29.625,-0.375,,1010.19,0,164901,,0,0,0,,0,0,5.51013,-9.81,boundary
251,29.875,-0.375,,1009.29,0,149956,,0,0,0,,0,0,4.97326,-9.81,boundary
252,30.125,-0.375,,1008.63,0,138959,,0,0,0,,0,0,4.57329,-9.81,boundary
253,30.375,-0.375,,1007.88,0,126588,,0,0,0,,0,0,4.13493,-9.81,boundary
254,30.625,-0.375,,1007.03,0,112736,,0,0,0,,0,0,3.65546,-9.81,boundary
255,30.875,-0.375,,1006.29,0,100600,,0,0,0,,0,0,3.23793,-9.81,boundary
256,31.125,-0.375,,1005.45,0,86977.8,,0,0,0,,0,0,2.77931,-9.81,boundary
257,31.375,-0.375,,1004.55,0,72418.1,,0,0,0,,0,0,2.29769,-9.81,boundary
258,31.625,-0.375,,1004.06,0,64496.7,,0,0,0,,0,0,2.03118,-9.81,boundary
259,31.875,-0.375,,1003.85,0,61070.4,,0,0,0,,0,0,1.90859,-9.81,boundary
260,32.125,-0.375,,1003.66,0,58137,,0,0,0,,0,0,1.80311,-9.81,boundary
261,32.375,-0.375,,1003.47,0,54989.4,,0,0,0,,0,0,1.69264,-9.81,boundary
262,32.625,-0.375,,1003.24,0,51385.1,,0,0,0,,0,0,1.56993,-9.81,boundary
263,32.875,-0.375,,1002.99,0,47389.6,,0,0,0,,0,0,1.43721,-9.81,boundary
264,0.125,-0.625,,1000.26,0,4106.33,,0,0,0,,0,0,32.8421,-9.81,boundary
265,0.375,-0.625,,1000.28,0,4363.01,,0,0,0,,0,0,11.6315,-9.81,boundary
266,0.625,-0.625,,1000.11,0,1785.65,,0,0,0,,0,0,2.85671,-9.81,boundary
267,0.875,-0.625,,1000,0,0,,0,0,0,,0,0,0,-9.81,boundary
268,1.125,-0.625,,1001.4,0,22019.5,,0,0,0,,0,0,19.5456,-9.81,boundary
269,1.375,-0.625,,1000,0,0,,0,0,0,,0,0,0,-9.81,boundary
270,1.625,-0.625,,1000,0,0,,0,0,0,,0,0,0,-9.81,boundary
271,1.875,-0.625,,1000,0,0,,0,0,0,,0,0,0,-9.81,boundary
272,2.125,-0.625,,1000,0,0,,0,0,0,,0,0,0,-9.81,boundary
273,2.375,-0.625,,1000,0,0,,0,0,0,,0,0,0,-9.81,boundary
274,2.625,-0.625,,1003.15,0,49984.2,,0,0,0,,0,0,18.9817,-9.81,boundary
275,2.875,-0.625,,1003.33,0,52763.7,,0,0,0,,0,0,18.2917,-9.81,boundary
276,3.125,-0.625,,1003.67,0,58212.9,,0,0,0,,0,0,18.56,-9.81,boundary
277,3.375,-0.625,,1003.83,0,60847.8,,0,0,0,,0,0,17.9602,-9.81,boundary
278,3.625,-0.625,,1003.79,0,60206.6,,0,0,0,,0,0,16.546,-9.81,boundary
279,3.875,-0.625,,1000,0,0,,0,0,0,,0,0,0,-9.81,boundary
280,4.125,-0.625,,1000,0,0,,0,0,0,,0,0,0,-9.81,boundary
281,4.375,-0.625,,1000,0,0,,0,0,0,,0,0,0,-9.81,boundary
282,4.625,-0.625,,1000,0,0,,0,0,0,,0,0,0,-9.81,boundary
283,4.875,-0.625,,1000,0,0,,0,0,0,,0,0,0,-9.81,boundary
284,5.125,-0.625,,1000,0,0,,0,0,0,,0,0,0,-9.81,boundary
285,5.375,-0.625,,1000,0,0,,0,0,0,,0,0,0,-9.81,boundary
286,5.625,-0.625,,1000,0,0,,0,0,0,,0,0,0,-9.81,boundary
287,5.875,-0.625,,1000,0,0,,0,0,0,,0,0,0,-9.81,boundary
288,6.125,-0.625,,1000,0,0,,0,0,0,,0,0,0,-9.81,boundary
289,6.375,-0.625,,1000,0,0,,0,0,0,,0,0,0,-9.81,boundary
290,6.625,-0.625,,1000,0,0,,0,0,0,,0,0,0,-9.81,boundary
291,6.875,-0.625,,1000,0,0,,0,0,0,,0,0,0,-9.81,boundary
292,7.125,-0.625,,1000,0,0,,0,0,0,,0,0,0,-9.81,boundary
293,7.375,-0.625,,1000,0,0,,0,0,0,,0,0,0,-9.81,boundary
294,7.625,-0.625,,1000,0,0,,0,0,0,,0,0,0,-9.81,boundary
295,7.875,-0.625,,1000,0,0,,0,0,0,,0,0,0,-9.81,boundary
296,8.125,-0.625,,1000,0,0,,0,0,0,,0,0,0,-9.81,boundary
297,8.375,-0.625,,1000,0,0,,0,0,0,,0,0,0,-9.81,boundary
298,8.625,-0.625,,1000,0,0,,0,0,0,,0,0,0,-9.81,boundary
299,8.875,-0.625,,1000,0,0,,0,0,0,,0,0,0,-9.81,boundary
300,9.125,-0.625,,1000,0,0,,0,0,0,,0,0,0,-9.81,boundary
301,9.375,-0.625,,1000,0,0,,0,0,0,,0,0,0,-9.81,boundary
302,9.625,-0.625,,1000,0,0,,0,0,0,,0,0,0,-9.81,boundary
303,9.875,-0.625,,1000,0,0,,0,0,0,,0,0,0,-9.81,boundary
304,10.125,-0.625,,1000,0,0,,0,0,0,,0,0,0,-9.81,boundary
305,10.375,-0.625,,1003.24,0,51427.5,,0,0,0,,0,0,4.94084,-9.81,boundary
306,10.625,-0.625,,1006.95,0,111320,,0,0,0,,0,0,10.4049,-9.81,boundary
307,10.875,-0.625,,1000,0,0,,0,0,0,,0,0,0,-9.81,boundary
308,11.125,-0.625,,1000,0,0,,0,0,0,,0,0,0,-9.81,boundary
309,11.375,-0.625,,1000,0,0,,0,0,0,,0,0,0,-9.81,boundary
310,11.625,-0.625,,1000,0,0,,0,0,0,,0,0,0,-9.81,boundary
311,11.875,-0.625,,1000,0,0,,0,0,0,,0,0,0,-9.81,boundary
312,12.125,-0.625,,1000,0,0,,0,0,0,,0,0,0,-9.81,boundary
313,12.375,-0.625,,1000,0,0,,0,0,0,,0,0,0,-9.81,boundary
314,12.625,-0.625,,1000,0,0,,0,0,0,,0,0,0,-9.81,boundary
315,12.875,-0.625,,1000,0,0,,0,0,0,,0,0,0,-9.81,boundary
316,13.125,-0.625,,1000,0,0,,0,0,0,,0,0,0,-9.81,boundary
317,13.375,-0.625,,1000,0,0,,0,0,0,,0,0,0,-9.81,boundary
318,13.625,-0.625,,1000,0,0,,0,0,0,,0,0,0,-9.81,boundary
319,13.875,-0.625,,1000,0,0,,0,0,0,,0,0,0,-9.81,boundary
320,14.125,-0.625,,1000,0,0,,0,0,0,,0,0,0,-9.81,boundary
321,14.375,-0.625,,1000,0,0,,0,0,0,,0,0,0,-9.81,boundary
322,14.625,-0.625,,1000,0,0,,0,0,0,,0,0,0,-9.81,boundary
323,14.875,-0.625,,1000,0,0,,0,0,0,,0,0,0,-9.81,boundary
324,15.125,-0.625,,1000,0,0,,0,0,0,,0,0,0,-9.81,boundary
325,15.375,-0.625,,1000,0,0,,0,0,0,,0,0,0,-9.81,boundary
326,15.625,-0.625,,1000,0,0,,0,0,0,,0,0,0,-9.81,boundary
327,15.875,-0.625,,1000,0,0,,0,0,0,,0,0,0,-9.81,boundary
328,16.125,-0.625,,1000,0,0,,0,0,0,,0,0,0,-9.81,boundary
329,16.375,-0.625,,1000,0,0,,0,0,0,,0,0,0,-9.81,boundary
330,16.625,-0.625,,1000,0,0,,0,0,0,,0,0,0,-9.81,boundary
331,16.875,-0.625,,1000,0,0,,0,0,0,,0,0,0,-9.81,boundary
332,17.125,-0.625,,1000,0,0,,0,0,0,,0,0,0,-9.81,boundary
333,17.375,-0.625,,1000,0,0,,0,0,0,,0,0,0,-9.81,boundary
334,17.625,-0.625,,1000,0,0,,0,0,0,,0,0,0,-9.81,boundary
335,17.875,-0.625,,1000,0,0,,0,0,0,,0,0,0,-9.81,boundary
336,18.125,-0.625,,1000,0,0,,0,0,0,,0,0,0,-9.81,boundary
337,18.375,-0.625,,1000,0,0,,0,0,0,,0,0,0,-9.81,boundary
338,18.625,-0.625,,1000,0,0,,0,0,0,,0,0,0,-9.81,boundary
339,18.875,-0.625,,1000,0,0,,0,0,0,,0,0,0,-9.81,boundary
340,19.125,-0.625,,1000,0,0,,0,0,0,,0,0,0,-9.81,boundary
341,19.375,-0.625,,1000,0,0,,0,0,0,,0,0,0,-9.81,boundary
342,19.625,-0.625,,1000,0,0,,0,0,0,,0,0,0,-9.81,boundary
343,19.875,-0.625,,1000,0,0,,0,0,0,,0,0,0,-9.81,boundary
344,20.125,-0.625,,1000,0,0,,0,0,0,,0,0,0,-9.81,boundary
345,20.375,-0.625,,1000,0,0,,0,0,0,,0,0,0,-9.81,boundary
346,20.625,-0.625,,1000,0,0,,0,0,0,,0,0,0,-9.81,boundary
347,20.875,-0.625,,1000,0,0,,0,0,0,,0,0,0,-9.81,boundary
348,21.125,-0.625,,1000,0,0,,0,0,0,,0,0,0,-9.81,boundary
349,21.375,-0.625,,1000,0,0,,0,0,0,,0,0,0,-9.81,boundary
350,21.625,-0.625,,1000,0,0,,0,0,0,,0,0,0,-9.81,boundary
351,21.875,-0.625,,1000,0,0,,0,0,0,,0,0,0,-9.81,boundary
352,22.125,-0.625,,1000,0,0,,0,0,0,,0,0,0,-9.81,boundary
353,22.375,-0.625,,1000.59,0,9345.08,,0,0,0,,0,0,0.417409,-9.81,boundary
354,22.625,-0.625,,1001.71,0,26907.5,,0,0,0,,0,0,1.18726,-9.81,boundary
355,22.875,-0.625,,1003.18,0,50417.8,,0,0,0,,0,0,2.19706,-9.81,boundary
356,23.125,-0.625,,1004.2,0,66696.9,,0,0,0,,0,0,2.87214,-9.81,boundary
357,23.375,-0.625,,1004.23,0,67169.7,,0,0,0,,0,0,2.86148,-9.81,boundary
358,23.625,-0.625,,1004.13,0,65712.7,,0,0,0,,0,0,2.77003,-9.81,boundary
359,23.875,-0.625,,1003.4,0,53915.9,,0,0,0,,0,0,2.25061,-9.81,boundary
360,24.125,-0.625,,1003,0,47572.5,,0,0,0,,0,0,1.96601,-9.81,boundary
361,24.375,-0.625,,1000.79,0,12358.2,,0,0,0,,0,0,0.506604,-9.81,boundary
362,24.625,-0.625,,1000.09,0,1460.37,,0,0,0,,0,0,0.0592989,-9.81,boundary
363,24.875,-0.625,,1008.53,0,137367,,0,0,0,,0,0,5.47558,-9.81,boundary
364,25.125,-0.625,,1004.36,0,69321.4,,0,0,0,,0,0,2.74708,-9.81,boundary
365,25.375,-0.625,,1003.99,0,63330.4,,0,0,0,,0,0,2.48587,-9.81,boundary
366,25.625,-0.625,,1006.63,0,106161,,0,0,0,,0,0,4.11558,-9.81,boundary
367,25.875,-0.625,,1008.84,0,142523,,0,0,0,,0,0,5.45985,-9.81,boundary
368,26.125,-0.625,,1012.48,0,203441,,0,0,0,,0,0,7.69118,-9.81,boundary
369,26.375,-0.625,,1015.77,0,259592,,0,0,0,,0,0,9.68951,-9.81,boundary
370,26.625,-0.625,,1015.68,0,257942,,0,0,0,,0,0,9.53844,-9.81,boundary
371,26.875,-0.625,,1011.19,0,181713,,0,0,0,,0,0,6.68655,-9.81,boundary
372,27.125,-0.625,,1004.79,0,76230.3,,0,0,0,,0,0,2.79694,-9.81,boundary
373,27.375,-0.625,,1000,0,0,,0,0,0,,0,0,0,-9.81,boundary
374,27.625,-0.625,,1000,0,0,,0,0,0,,0,0,0,-9.81,boundary
375,27.875,-0.625,,1000,0,0,,0,0,0,,0,0,0,-9.81,boundary
376,28.125,-0.625,,1003.97,0,63114.2,,0,0,0,,0,0,2.23518,-9.81,boundary
377,28.375,-0.625,,1009.2,0,148436,,0,0,0,,0,0,5.18353,-9.81,boundary
378,28.625,-0.625,,1010.62,0,172170,,0,0,0,,0,0,5.95144,-9.81,boundary
379,28.875,-0.625,,1010.09,0,163264,,0,0,0,,0,0,5.59768,-9.81,boundary
380,29.125,-0.625,,1010.09,0,163224,,0,0,0,,0,0,5.54829,-9.81,boundary
381,29.375,-0.625,,1010.13,0,163933,,0,0,0,,0,0,5.52474,-9.81,boundary
382,29.625,-0.625,,1008.34,0,134203,,0,0,0,,0,0,4.49259,-9.81,boundary
383,29.875,-0.625,,1006.01,0,96082.7,,0,0,0,,0,0,3.19694,-9.81,boundary
384,30.125,-0.625,,1004.97,0,79204.8,,0,0,0,,0,0,2.6162,-9.81,boundary
385,30.375,-0.625,,1004.51,0,71821.5,,0,0,0,,0,0,2.35387,-9.81,boundary
386,30.625,-0.625,,1004.27,0,67904.1,,0,0,0,,0,0,2.20785,-9.81,boundary
387,30.875,-0.625,,1004.22,0,67058.8,,0,0,0,,0,0,2.16282,-9.81,boundary
388,31.125,-0.625,,1004.15,0,65962.6,,0,0,0,,0,0,2.11052,-9.81,boundary
389,31.375,-0.625,,1003.96,0,62978.1,,0,0,0,,0,0,1.99934,-9.81,boundary
390,31.625,-0.625,,1003.84,0,60971.7,,0,0,0,,0,0,1.92058,-9.81,boundary
391,31.875,-0.625,,1003.8,0,60281.8,,0,0,0,,0,0,1.88404,-9.81,boundary
392,32.125,-0.625,,1003.59,0,56975.8,,0,0,0,,0,0,1.76722,-9.81,boundary
393,32.375,-0.625,,1003.28,0,51974.8,,0,0,0,,0,0,1.60015,-9.81,boundary
394,32.625,-0.625,,1002.98,0,47121.9,,0,0,0,,0,0,1.44007,-9.81,boundary
395,32.875,-0.625,,1002.13,0,33683.8,,0,0,0,,0,0,1.02242,-9.81,boundary
396,0.125,-0.875,,1000.08,0,1290.5,,0,0,0,,0,0,10.3231,-9.81,boundary
397,0.375,-0.875,,1000.06,0,975.319,,0,0,0,,0,0,2.60069,-9.81,boundary
398,0.625,-0.875,,1000.03,0,486.106,,0,0,0,,0,0,0.777745,-9.81,boundary
399,0.875,-0.875,,1000,0,0,,0,0,0,,0,0,0,-9.81,boundary
400,1.125,-0.875,,1000,0,0,,0,0,0,,0,0,0,-9.81,boundary
401,1.375,-0.875,,1000,0,0,,0,0,0,,0,0,0,-9.81,boundary
402,1.625,-0.875,,1000,0,0,,0,0,0,,0,0,0,-9.81,boundary
403,1.875,-0.875,,1000,0,0,,0,0,0,,0,0,0,-9.81,boundary
404,2.125,-0.875,,1000,0,0,,0,0,0,,0,0,0,-9.81,boundary
405,2.375,-0.875,,1000,0,0,,0,0,0,,0,0,0,-9.81,boundary
406,2.625,-0.875,,1000,0,0,,0,0,0,,0,0,0,-9.81,boundary
407,2.875,-0.875,,1000,0,0,,0,0,0,,0,0,0,-9.81,boundary
408,3.125,-0.875,,1000,0,0,,0,0,0,,0,0,0,-9.81,boundary
409,3.375,-0.875,,1000,0,0,,0,0,0,,0,0,0,-9.81,boundary
410,3.625,-0.875,,1000,0,0,,0,0,0,,0,0,0,-9.81,boundary
411,3.875,-0.875,,1000,0,0,,0,0,0,,0,0,0,-9.81,boundary
412,4.125,-0.875,,1000,0,0,,0,0,0,,0,0,0,-9.81,boundary
413,4.375,-0.875,,1000,0,0,,0,0,0,,0,0,0,-9.81,boundary
414,4.625,-0.875,,1000,0,0,,0,0,0,,0,0,0,-9.81,boundary
415,4.875,-0.875,,1000,0,0,,0,0,0,,0,0,0,-9.81,boundary
416,5.125,-0.875,,1000,0,0,,0,0,0,,0,0,0,-9.81,boundary
417,5.375,-0.875,,1000,0,0,,0,0,0,,0,0,0,-9.81,boundary
418,5.625,-0.875,,1000,0,0,,0,0,0,,0,0,0,-9.81,boundary
419,5.875,-0.875,,1000,0,0,,0,0,0,,0,0,0,-9.81,boundary
420,6.125,-0.875,,1000,0,0,,0,0,0,,0,0,0,-9.81,boundary
421,6.375,-0.875,,1000,0,0,,0,0,0,,0,0,0,-9.81,boundary
422,6.625,-0.875,,1000,0,0,,0,0,0,,0,0,0,-9.81,boundary
423,6.875,-0.875,,1000,0,0,,0,0,0,,0,0,0,-9.81,boundary
424,7.125,-0.875,,1000,0,0,,0,0,0,,0,0,0,-9.81,boundary
425,7.375,-0.875,,1000,0,0,,0,0,0,,0,0,0,-9.81,boundary
426,7.625,-0.875,,1000,0,0,,0,0,0,,0,0,0,-9.81,boundary
427,7.875,-0.875,,1000,0,0,,0,0,0,,0,0,0,-9.81,boundary
428,8.125,-0.875,,1000,0,0,,0,0,0,,0,0,0,-9.81,boundary
429,8.375,-0.875,,1000,0,0,,0,0,0,,0,0,0,-9.81,boundary
430,8.625,-0.875,,1000,0,0,,0,0,0,,0,0,0,-9.81,boundary
431,8.875,-0.875,,1000,0,0,,0,0,0,,0,0,0,-9.81,boundary
432,9.125,-0.875,,1000,0,0,,0,0,0,,0,0,0,-9.81,boundary
433,9.375,-0.875,,1000,0,0,,0,0,0,,0,0,0,-9.81,boundary
434,9.625,-0.875,,1000,0,0,,0,0,0,,0,0,0,-9.81,boundary
435,9.875,-0.875,,1000,0,0,,0,0,0,,0,0,0,-9.81,boundary
436,10.125,-0.875,,1000,0,0,,0,0,0,,0,0,0,-9.81,boundary
437,10.375,-0.875,,1000,0,0,,0,0,0,,0,0,0,-9.81,boundary
438,10.625,-0.875,,1000,0,0,,0,0,0,,0,0,0,-9.81,boundary
439,10.875,-0.875,,1000,0,0,,0,0,0,,0,0,0,-9.81,boundary
440,11.125,-0.875,,1000,0,0,,0,0,0,,0,0,0,-9.81,boundary
441,11.375,-0.875,,1000,0,0,,0,0,0,,0,0,0,-9.81,boundary
442,11.625,-0.875,,1000,0,0,,0,0,0,,0,0,0,-9.81,boundary
443,11.875,-0.875,,1000,0,0,,0,0,0,,0,0,0,-9.81,boundary
444,12.125,-0.875,,1000,0,0,,0,0,0,,0,0,0,-9.81,boundary
445,12.375,-0.875,,1000,0,0,,0,0,0,,0,0,0,-9.81,boundary
446,12.625,-0.875,,1000,0,0,,0,0,0,,0,0,0,-9.81,boundary
447,12.875,-0.875,,1000,0,0,,0,0,0,,0,0,0,-9.81,boundary
448,13.125,-0.875,,1000,0,0,,0,0,0,,0,0,0,-9.81,boundary
449,13.375,-0.875,,1000,0,0,,0,0,0,,0,0,0,-9.81,boundary
450,13.625,-0.875,,1000,0,0,,0,0,0,,0,0,0,-9.81,boundary
451,13.875,-0.875,,1000,0,0,,0,0,0,,0,0,0,-9.81,boundary
452,14.125,-0.875,,1000,0,0,,0,0,0,,0,0,0,-9.81,boundary
453,14.375,-0.875,,1000,0,0,,0,0,0,,0,0,0,-9.81,boundary
454,14.625,-0.875,,1000,0,0,,0,0,0,,0,0,0,-9.81,boundary
455,14.875,-0.875,,1000,0,0,,0,0,0,,0,0,0,-9.81,boundary
456,15.125,-0.875,,1000,0,0,,0,0,0,,0,0,0,-9.81,boundary
457,15.375,-0.875,,1000,0,0,,0,0,0,,0,0,0,-9.81,boundary
458,15.625,-0.875,,1000,0,0,,0,0,0,,0,0,0,-9.81,boundary
459,15.875,-0.875,,1000,0,0,,0,0,0,,0,0,0,-9.81,boundary
460,16.125,-0.875,,1000,0,0,,0,0,0,,0,0,0,-9.81,boundary
461,16.375,-0.875,,1000,0,0,,0,0,0,,0,0,0,-9.81,boundary
462,16.625,-0.875,,1000,0,0,,0,0,0,,0,0,0,-9.81,boundary
463,16.875,-0.875,,1000,0,0,,0,0,0,,0,0,0,-9.81,boundary
464,17.125,-0.875,,1000,0,0,,0,0,0,,0,0,0,-9.81,boundary
465,17.375,-0.875,,1000,0,0,,0,0,0,,0,0,0,-9.81,boundary
466,17.625,-0.875,,1000,0,0,,0,0,0,,0,0,0,-9.81,boundary
467,17.875,-0.875,,1000,0,0,,0,0,0,,0,0,0,-9.81,boundary
468,18.125,-0.875,,1000,0,0,,0,0,0,,0,0,0,-9.81,boundary
469,18.375,-0.875,,1000,0,0,,0,0,0,,0,0,0,-9.81,boundary
470,18.625,-0.875,,1000,0,0,,0,0,0,,0,0,0,-9.81,boundary
471,18.875,-0.875,,1000,0,0,,0,0,0,,0,0,0,-9.81,boundary
472,19.125,-0.875,,1000,0,0,,0,0,0,,0,0,0,-9.81,boundary
473,19.375,-0.875,,1000,0,0,,0,0,0,,0,0,0,-9.81,boundary
474,19.625,-0.875,,1000,0,0,,0,0,0,,0,0,0,-9.81,boundary
475,19.875,-0.875,,1000,0,0,,0,0,0,,0,0,0,-9.81,boundary
476,20.125,-0.875,,1000,0,0,,0,0,0,,0,0,0,-9.81,boundary
477,20.375,-0.875,,1000,0,0,,0,0,0,,0,0,0,-9.81,boundary
478,20.625,-0.875,,1000,0,0,,0,0,0,,0,0,0,-9.81,boundary
479,20.875,-0.875,,1000,0,0,,0,0,0,,0,0,0,-9.81,boundary
480,21.125,-0.875,,1000,0,0,,0,0,0,,0,0,0,-9.81,boundary
481,21.375,-0.875,,1002.75,0,43517,,0,0,0,,0,0,2.0303,-9.81,boundary
482,21.625,-0.875,,1002.87,0,45509.1,,0,0,0,,0,0,2.09843,-9.81,boundary
483,21.875,-0.875,,1002.3,0,36383.2,,0,0,0,,0,0,1.65941,-9.81,boundary
484,22.125,-0.875,,1001.95,0,30741.6,,0,0,0,,0,0,1.38675,-9.81,boundary
485,22.375,-0.875,,1002.81,0,44549.5,,0,0,0,,0,0,1.98545,-9.81,boundary
486,22.625,-0.875,,1004.84,0,77004,,0,0,0,,0,0,3.38712,-9.81,boundary
487,22.875,-0.875,,1006.47,0,103562,,0,0,0,,0,0,4.4982,-9.81,boundary
488,23.125,-0.875,,1006.17,0,98660.9,,0,0,0,,0,0,4.24025,-9.81,boundary
489,23.375,-0.875,,1004.57,0,72674.8,,0,0,0,,0,0,3.09495,-9.81,boundary
490,23.625,-0.875,,1003.29,0,52186.1,,0,0,0,,0,0,2.20169,-9.81,boundary
491,23.875,-0.875,,1020.67,0,345295,,0,0,0,,0,0,14.1697,-9.81,boundary
492,24.125,-0.875,,1015.04,0,247013,,0,0,0,,0,0,10.0872,-9.81,boundary
493,24.375,-0.875,,1000,0,0,,0,0,0,,0,0,0,-9.81,boundary
494,24.625,-0.875,,1000,0,0,,0,0,0,,0,0,0,-9.81,boundary
495,24.875,-0.875,,1000.6,0,9369.71,,0,0,0,,0,0,0.376447,-9.81,boundary
496,25.125,-0.875,,1001.35,0,21323.6,,0,0,0,,0,0,0.847553,-9.81,boundary
497,25.375,-0.875,,1002.4,0,37866.6,,0,0,0,,0,0,1.48872,-9.81,boundary
498,25.625,-0.875,,1003.53,0,55984.7,,0,0,0,,0,0,2.17708,-9.81,boundary
499,25.875,-0.875,,1008.1,0,130288,,0,0,0,,0,0,4.99482,-9.81,boundary
500,26.125,-0.875,,1012.36,0,201310,,0,0,0,,0,0,7.61158,-9.81,boundary
501,26.375,-0.875,,1013.62,0,222783,,0,0,0,,0,0,8.33323,-9.81,boundary
502,26.625,-0.875,,1010.83,0,175586,,0,0,0,,0,0,6.52414,-9.81,boundary
503,26.875,-0.875,,1004.27,0,67851.5,,0,0,0,,0,0,2.51398,-9.81,boundary
504,27.125,-0.875,,1000,0,0,,0,0,0,,0,0,0,-9.81,boundary
505,27.375,-0.875,,1000,0,0,,0,0,0,,0,0,0,-9.81,boundary
506,27.625,-0.875,,1000,0,0,,0,0,0,,0,0,0,-9.81,boundary
507,27.875,-0.875,,1000,0,0,,0,0,0,,0,0,0,-9.81,boundary
508,28.125,-0.875,,1004.59,0,73010.5,,0,0,0,,0,0,2.58407,-9.81,boundary
509,28.375,-0.875,,1010.76,0,174479,,0,0,0,,0,0,6.08356,-9.81,boundary
510,28.625,-0.875,,1011.89,0,193446,,0,0,0,,0,0,6.6785,-9.81,boundary
511,28.875,-0.875,,1009.56,0,154396,,0,0,0,,0,0,5.29641,-9.81,boundary
512,29.125,-0.875,,1007.72,0,123964,,0,0,0,,0,0,4.22369,-9.81,boundary
513,29.375,-0.875,,1006.5,0,104051,,0,0,0,,0,0,3.51928,-9.81,boundary
514,29.625,-0.875,,1004.65,0,73975.3,,0,0,0,,0,0,2.4855,-9.81,boundary
515,29.875,-0.875,,1003.17,0,50175,,0,0,0,,0,0,1.6742,-9.81,boundary
516,30.125,-0.875,,1002.07,0,32671.3,,0,0,0,,0,0,1.08228,-9.81,boundary
517,30.375,-0.875,,1000.3,0,4675.59,,0,0,0,,0,0,0.153883,-9.81,boundary
518,30.625,-0.875,,1000,0,0,,0,0,0,,0,0,0,-9.81,boundary
519,30.875,-0.875,,1000,0,0,,0,0,0,,0,0,0,-9.81,boundary
520,31.125,-0.875,,1000,0,0,,0,0,0,,0,0,0,-9.81,boundary
521,31.375,-0.875,,1000.08,0,1329.29,,0,0,0,,0,0,0.0423641,-9.81,boundary
522,31.625,-0.875,,1001.67,0,26280.7,,0,0,0,,0,0,0.829628,-9.81,boundary
523,31.875,-0.875,,1002.71,0,42950.6,,0,0,0,,0,0,1.34382,-9.81,boundary
524,32.125,-0.875,,1002.31,0,36469.8,,0,0,0,,0,0,1.13263,-9.81,boundary
525,32.375,-0.875,,1000.61,0,9578.85,,0,0,0,,0,0,0.295692,-9.81,boundary
526,32.625,-0.875,,1000,0,0,,0,0,0,,0,0,0,-9.81,boundary
527,32.875,-0.875,,1000,0,0,,0,0,0,,0,0,0,-9.81,boundary
528,32.125,0.125,,1002.75,0,43582.7,,0,0,0,,0,0,1.35293,-9.81,boundary
529,32.125,0.375,,1002.44,0,38532.3,,0,0,0,,0,0,1.19653,-9.81,boundary
530,32.125,0.625,,1002.02,0,31861.7,,0,0,0,,0,0,0.989807,-9.81,boundary
531,32.125,0.875,,1001.47,0,23198.6,,0,0,0,,0,0,0.721075,-9.81,boundary
532,32.125,1.125,,1000.62,0,9800.98,,0,0,0,,0,0,0.304899,-9.81,boundary
533,32.125,1.375,,1000.04,0,569.573,,0,0,0,,0,0,0.0177293,-9.81,boundary
534,32.125,1.625,,1003.05,0,48349.6,,0,0,0,,0,0,1.50046,-9.81,boundary
535,32.125,1.875,,1002.82,0,44579.6,,0,0,0,,0,0,1.38379,-9.81,boundary
536,32.125,2.125,,1001.06,0,16636.2,,0,0,0,,0,0,0.517313,-9.81,boundary
537,32.125,2.375,,1000,0,0,,0,0,0,,0,0,0,-9.81,boundary
538,32.125,2.625,,1000,0,0,,0,0,0,,0,0,0,-9.81,boundary
539,32.125,2.875,,1000,0,0,,0,0,0,,0,0,0,-9.81,boundary
540,32.125,3.125,,1000,0,0,,0,0,0,,0,0,0,-9.81,boundary
541,32.125,3.375,,1001.69,0,26658.3,,0,0,0,,0,0,0.828429,-9.81,boundary
542,32.125,3.625,,1002.45,0,38703.4,,0,0,0,,0,0,1.20183,-9.81,boundary
543,32.125,3.875,,1001.32,0,20815.1,,0,0,0,,0,0,0.647085,-9.81,boundary
544,32.125,4.125,,1000.04,0,688.039,,0,0,0,,0,0,0.0214166,-9.81,boundary
545,32.125,4.375,,1000,0,0,,0,0,0,,0,0,0,-9.81,boundary
546,32.125,4.625,,1000,0,0,,0,0,0,,0,0,0,-9.81,boundary
547,32.125,4.875,,1000,0,0,,0,0,0,,0,0,0,-9.81,boundary
548,32.125,5.125,,1000,0,0,,0,0,0,,0,0,0,-9.81,boundary
549,32.125,5.375,,1000,0,0,,0,0,0,,0,0,0,-9.81,boundary
550,32.125,5.625,,1000,0,0,,0,0,0,,0,0,0,-9.81,boundary
551,32.125,5.875,,1000,0,0,,0,0,0,,0,0,0,-9.81,boundary
552,32.125,6.125,,1000,0,0,,0,0,0,,0,0,0,-9.81,boundary
553,32.125,6.375,,1000,0,0,,0,0,0,,0,0,0,-9.81,boundary
554,32.125,6.625,,1000,0,0,,0,0,0,,0,0,0,-9.81,boundary
555,32.125,6.875,,1000,0,0,,0,0,0,,0,0,0,-9.81,boundary
556,32.125,7.125,,1000,0,0,,0,0,0,,0,0,0,-9.81,boundary
557,32.125,7.375,,1000,0,0,,0,0,0,,0,0,0,-9.81,boundary
558,32.125,7.625,,1000,0,0,,0,0,0,,0,0,0,-9.81,boundary
559,32.125,7.875,,1000,0,0,,0,0,0,,0,0,0,-9.81,boundary
560,32.125,8.125,,1000,0,0,,0,0,0,,0,0,0,-9.81,boundary
561,32.125,8.375,,1000,0,0,,0,0,0,,0,0,0,-9.81,boundary
562,32.125,8.625,,1000,0,0,,0,0,0,,0,0,0,-9.81,boundary
563,32.125,8.875,,1000,0,0,,0,0,0,,0,0,0,-9.81,boundary
564,32.125,9.125,,1000,0,0,,0,0,0,,0,0,0,-9.81,boundary
565,32.125,9.375,,1000,0,0,,0,0,0,,0,0,0,-9.81,boundary
566,32.125,9.625,,1000,0,0,,0,0,0,,0,0,0,-9.81,boundary
567,32.125,9.875,,1000,0,0,,0,0,0,,0,0,0,-9.81,boundary
568,32.125,10.125,,1000,0,0,,0,0,0,,0,0,0,-9.81,boundary
569,32.125,10.375,,1000,0,0,,0,0,0,,0,0,0,-9.81,boundary
570,32.125,10.625,,1000,0,0,,0,0,0,,0,0,0,-9.81,boundary
571,32.125,10.875,,1000,0,0,,0,0,0,,0,0,0,-9.81,boundary
572,32.125,11.125,,1000,0,0,,0,0,0,,0,0,0,-9.81,boundary
573,32.125,11.375,,1000,0,0,,0,0,0,,0,0,0,-9.81,boundary
574,32.125,11.625,,1000,0,0,,0,0,0,,0,0,0,-9.81,boundary
575,32.125,11.875,,1000,0,0,,0,0,0,,0,0,0,-9.81,boundary
576,32.125,12.125,,1000,0,0,,0,0,0,,0,0,0,-9.81,boundary
577,32.125,12.375,,1000,0,0,,0,0,0,,0,0,0,-9.81,boundary
578,32.125,12.625,,1000,0,0,,0,0,0,,0,0,0,-9.81,boundary
579,32.125,12.875,,1000,0,0,,0,0,0,,0,0,0,-9.81,boundary
580,32.125,13.125,,1000,0,0,,0,0,0,,0,0,0,-9.81,boundary
581,32.125,13.375,,1000,0,0,,0,0,0,,0,0,0,-9.81,boundary
582,32.125,13.625,,1000,0,0,,0,0,0,,0,0,0,-9.81,boundary
583,32.125,13.875,,1000,0,0,,0,0,0,,0,0,0,-9.81,boundary
584,32.125,14.125,,1000,0,0,,0,0,0,,0,0,0,-9.81,boundary
585,32.125,14.375,,1000,0,0,,0,0,0,,0,0,0,-9.81,boundary
586,32.125,14.625,,1000,0,0,,0,0,0,,0,0,0,-9.81,boundary
587,32.125,14.875,,1000,0,0,,0,0,0,,0,0,0,-9.81,boundary
588,32.125,15.125,,1000,0,0,,0,0,0,,0,0,0,-9.81,boundary
589,32.125,15.375,,1000,0,0,,0,0,0,,0,0,0,-9.81,boundary
590,32.125,15.625,,1000,0,0,,0,0,0,,0,0,0,-9.81,boundary
591,32.125,15.875,,1000,0,0,,0,0,0,,0,0,0,-9.81,boundary
592,32.125,16.125,,1000,0,0,,0,0,0,,0,0,0,-9.81,boundary
593,32.125,16.375,,1000,0,0,,0,0,0,,0,0,0,-9.81,boundary
594,32.125,16.625,,1000,0,0,,0,0,0,,0,0,0,-9.81,boundary
595,32.125,16.875,,1000,0,0,,0,0,0,,0,0,0,-9.81,boundary
596,32.125,17.125,,1000,0,0,,0,0,0,,0,0,0,-9.81,boundary
597,32.125,17.375,,1000,0,0,,0,0,0,,0,0,0,-9.81,boundary
598,32.125,17.625,,1000,0,0,,0,0,0,,0,0,0,-9.81,boundary
599,32.125,17.875,,1000,0,0,,0,0,0,,0,0,0,-9.81,boundary
600,32.125,18.125,,1000,0,0,,0,0,0,,0,0,0,-9.81,boundary
601,32.125,18.375,,1000,0,0,,0,0,0,,0,0,0,-9.81,boundary
602,32.125,18.625,,1000,0,0,,0,0,0,,0,0,0,-9.81,boundary
603,32.125,18.875,,1000,0,0,,0,0,0,,0,0,0,-9.81,boundary
604,32.125,19.125,,1000,0,0,,0,0,0,,0,0,0,-9.81,boundary
605,32.125,19.375,,1000,0,0,,0,0,0,,0,0,0,-9.81,boundary
606,32.125,19.625,,1000,0,0,,0,0,0,,0,0,0,-9.81,boundary
607,32.125,19.875,,1000,0,0,,0,0,0,,0,0,0,-9.81,boundary
608,32.125,20.125,,1000,0,0,,0,0,0,,0,0,0,-9.81,boundary
609,32.125,20.375,,1000,0,0,,0,0,0,,0,0,0,-9.81,boundary
610,32.125,20.625,,1000,0,0,,0,0,0,,0,0,0,-9.81,boundary
611,32.125,20.875,,1000,0,0,,0,0,0,,0,0,0,-9.81,boundary
612,32.125,21.125,,1000,0,0,,0,0,0,,0,0,0,-9.81,boundary
613,32.125,21.375,,1000,0,0,,0,0,0,,0,0,0,-9.81,boundary
614,32.125,21.625,,1000,0,0,,0,0,0,,0,0,0,-9.81,boundary
615,32.125,21.875,,1000,0,0,,0,0,0,,0,0,0,-9.81,boundary
616,32.375,0.125,,1002.6,0,41085.4,,0,0,0,,0,0,1.26576,-9.81,boundary
617,32.375,0.375,,1002.21,0,34982.6,,0,0,0,,0,0,1.07816,-9.81,boundary
618,32.375,0.625,,1001.86,0,29399,,0,0,0,,0,0,0.90639,-9.81,boundary
619,32.375,0.875,,1001.23,0,19353.4,,0,0,0,,0,0,0.597055,-9.81,boundary
620,32.375,1.125,,1000.08,0,1263.87,,0,0,0,,0,0,0.0390354,-9.81,boundary
621,32.375,1.375,,1000,0,0,,0,0,0,,0,0,0,-9.81,boundary
622,32.375,1.625,,1001.35,0,21244.4,,0,0,0,,0,0,0.655313,-9.81,boundary
623,32.375,1.875,,1005.3,0,84577.8,,0,0,0,,0,0,2.59866,-9.81,boundary
624,32.375,2.125,,1007.22,0,115755,,0,0,0,,0,0,3.54984,-9.81,boundary
625,32.375,2.375,,1006.49,0,103858,,0,0,0,,0,0,3.18727,-9.81,boundary
626,32.375,2.625,,1002.88,0,45657.9,,0,0,0,,0,0,1.40623,-9.81,boundary
627,32.375,2.875,,1000,0,0,,0,0,0,,0,0,0,-9.81,boundary
628,32.375,3.125,,1000,0,0,,0,0,0,,0,0,0,-9.81,boundary
629,32.375,3.375,,1002.02,0,31920.3,,0,0,0,,0,0,0.983967,-9.81,boundary
630,32.375,3.625,,1002.72,0,43025,,0,0,0,,0,0,1.32535,-9.81,boundary
631,32.375,3.875,,1001.61,0,25428.7,,0,0,0,,0,0,0.784179,-9.81,boundary
632,32.375,4.125,,1000.34,0,5394.88,,0,0,0,,0,0,0.16658,-9.81,boundary
633,32.375,4.375,,1000,0,0,,0,0,0,,0,0,0,-9.81,boundary
634,32.375,4.625,,1000,0,0,,0,0,0,,0,0,0,-9.81,boundary
635,32.375,4.875,,1000,0,0,,0,0,0,,0,0,0,-9.81,boundary
636,32.375,5.125,,1000,0,0,,0,0,0,,0,0,0,-9.81,boundary
637,32.375,5.375,,1000,0,0,,0,0,0,,0,0,0,-9.81,boundary
638,32.375,5.625,,1000,0,0,,0,0,0,,0,0,0,-9.81,boundary
639,32.375,5.875,,1000,0,0,,0,0,0,,0,0,0,-9.81,boundary
640,32.375,6.125,,1000,0,0,,0,0,0,,0,0,0,-9.81,boundary
641,32.375,6.375,,1000,0,0,,0,0,0,,0,0,0,-9.81,boundary
642,32.375,6.625,,1000,0,0,,0,0,0,,0,0,0,-9.81,boundary
643,32.375,6.875,,1000,0,0,,0,0,0,,0,0,0,-9.81,boundary
644,32.375,7.125,,1000,0,0,,0,0,0,,0,0,0,-9.81,boundary
645,32.375,7.375,,1000,0,0,,0,0,0,,0,0,0,-9.81,boundary
646,32.375,7.625,,1000,0,0,,0,0,0,,0,0,0,-9.81,boundary
647,32.375,7.875,,1000,0,0,,0,0,0,,0,0,0,-9.81,boundary
648,32.375,8.125,,1000,0,0,,0,0,0,,0,0,0,-9.81,boundary
649,32.375,8.375,,1000,0,0,,0,0,0,,0,0,0,-9.81,boundary
650,32.375,8.625,,1000,0,0,,0,0,0,,0,0,0,-9.81,boundary
651,32.375,8.875,,1000,0,0,,0,0,0,,0,0,0,-9.81,boundary
652,32.375,9.125,,1000,0,0,,0,0,0,,0,0,0,-9.81,boundary
653,32.375,9.375,,1000,0,0,,0,0,0,,0,0,0,-9.81,boundary
654,32.375,9.625,,1000,0,0,,0,0,0,,0,0,0,-9.81,boundary
655,32.375,9.875,,1000,0,0,,0,0,0,,0,0,0,-9.81,boundary
656,32.375,10.125,,1000,0,0,,0,0,0,,0,0,0,-9.81,boundary
657,32.375,10.375,,1000,0,0,,0,0,0,,0,0,0,-9.81,boundary
658,32.375,10.625,,1000,0,0,,0,0,0,,0,0,0,-9.81,boundary
659,32.375,10.875,,1000,0,0,,0,0,0,,0,0,0,-9.81,boundary
660,32.375,11.125,,1000,0,0,,0,0,0,,0,0,0,-9.81,boundary
661,32.375,11.375,,1000,0,0,,0,0,0,,0,0,0,-9.81,boundary
662,32.375,11.625,,1000,0,0,,0,0,0,,0,0,0,-9.81,boundary
663,32.375,11.875,,1000,0,0,,0,0,0,,0,0,0,-9.81,boundary
664,32.375,12.125,,1000,0,0,,0,0,0,,0,0,0,-9.81,boundary
665,32.375,12.375,,1000,0,0,,0,0,0,,0,0,0,-9.81,boundary
666,32.375,12.625,,1000,0,0,,0,0,0,,0,0,0,-9.81,boundary
667,32.375,12.875,,1000,0,0,,0,0,0,,0,0,0,-9.81,boundary
668,32.375,13.125,,1000,0,0,,0,0,0,,0,0,0,-9.81,boundary
669,32.375,13.375,,1000,0,0,,0,0,0,,0,0,0,-9.81,boundary
670,32.375,13.625,,1000,0,0,,0,0,0,,0,0,0,-9.81,boundary
671,32.375,13.875,,1000,0,0,,0,0,0,,0,0,0,-9.81,boundary
672,32.375,14.125,,1000,0,0,,0,0,0,,0,0,0,-9.81,boundary
673,32.375,14.375,,1000,0,0,,0,0,0,,0,0,0,-9.81,boundary
674,32.375,14.625,,1000,0,0,,0,0,0,,0,0,0,-9.81,boundary
675,32.375,14.875,,1000,0,0,,0,0,0,,0,0,0,-9.81,boundary
676,32.375,15.125,,1000,0,0,,0,0,0,,0,0,0,-9.81,boundary
677,32.375,15.375,,1000,0,0,,0,0,0,,0,0,0,-9.81,boundary
678,32.375,15.625,,1000,0,0,,0,0,0,,0,0,0,-9.81,boundary
679,32.375,15.875,,1000,0,0,,0,0,0,,0,0,0,-9.81,boundary
680,32.375,16.125,,1000,0,0,,0,0,0,,0,0,0,-9.81,boundary
681,32.375,16.375,,1000,0,0,,0,0,0,,0,0,0,-9.81,boundary
682,32.375,16.625,,1000,0,0,,0,0,0,,0,0,0,-9.81,boundary
683,32.375,16.875,,1000,0,0,,0,0,0,,0,0,0,-9.81,boundary
684,32.375,17.125,,1000,0,0,,0,0,0,,0,0,0,-9.81,boundary
685,32.375,17.375,,1000,0,0,,0,0,0,,0,0,0,-9.81,boundary
686,32.375,17.625,,1000,0,0,,0,0,0,,0,0,0,-9.81,boundary
687,32.375,17.875,,1000,0,0,,0,0,0,,0,0,0,-9.81,boundary
688,32.375,18.125,,1000,0,0,,0,0,0,,0,0,0,-9.81,boundary
689,32.375,18.375,,1000,0,0,,0,0,0,,0,0,0,-9.81,boundary
690,32.375,18.625,,1000,0,0,,0,0,0,,0,0,0,-9.81,boundary
691,32.375,18.875,,1000,0,0,,0,0,0,,0,0,0,-9.81,boundary
692,32.375,19.125,,1000,0,0,,0,0,0,,0,0,0,-9.81,boundary
693,32.375,19.375,,1000,0,0,,0,0,0,,0,0,0,-9.81,boundary
694,32.375,19.625,,1000,0,0,,0,0,0,,0,0,0,-9.81,boundary
695,32.375,19.875,,1000,0,0,,0,0,0,,0,0,0,-9.81,boundary
696,32.375,20.125,,1000,0,0,,0,0,0,,0,0,0,-9.81,boundary
697,32.375,20.375,,1000,0,0,,0,0,0,,0,0,0,-9.81,boundary
698,32.375,20.625,,1000,0,0,,0,0,0,,0,0,0,-9.81,boundary
699,32.375,20.875,,1000,0,0,,0,0,0,,0,0,0,-9.81,boundary
700,32.375,21.125,,1000,0,0,,0,0,0,,0,0,0,-9.81,boundary
701,32.375,21.375,,1000,0,0,,0,0,0,,0,0,0,-9.81,boundary
702,32.375,21.625,,1000,0,0,,0,0,0,,0,0,0,-9.81,boundary
703,32.375,21.875,,1000,0,0,,0,0,0,,0,0,0,-9.81,boundary
704,32.625,0.125,,1001.96,0,30895.3,,0,0,0,,0,0,0.945133,-9.81,boundary
705,32.625,0.375,,1001.75,0,27578.5,,0,0,0,,0,0,0.843843,-9.81,boundary
706,32.625,0.625,,1001.62,0,25572,,0,0,0,,0,0,0.782547,-9.81,boundary
707,32.625,0.875,,1000.9,0,14211.3,,0,0,0,,0,0,0.435204,-9.81,boundary
708,32.625,1.125,,1000.1,0,1494.14,,0,0,0,,0,0,0.045793,-9.81,boundary
709,32.625,1.375,,1001.11,0,17450.9,,0,0,0,,0,0,0.534302,-9.81,boundary
710,32.625,1.625,,1004.29,0,68161.6,,0,0,0,,0,0,2.08033,-9.81,boundary
711,32.625,1.875,,1005.23,0,83444.1,,0,0,0,,0,0,2.54436,-9.81,boundary
712,32.625,2.125,,1002.44,0,38582.3,,0,0,0,,0,0,1.17972,-9.81,boundary
713,32.625,2.375,,1000,0,0,,0,0,0,,0,0,0,-9.81,boundary
714,32.625,2.625,,1000,0,0,,0,0,0,,0,0,0,-9.81,boundary
715,32.625,2.875,,1000,0,0,,0,0,0,,0,0,0,-9.81,boundary
716,32.625,3.125,,1000,0,0,,0,0,0,,0,0,0,-9.81,boundary
717,32.625,3.375,,1002.4,0,37885.7,,0,0,0,,0,0,1.15847,-9.81,boundary
718,32.625,3.625,,1003.11,0,49232.6,,0,0,0,,0,0,1.50437,-9.81,boundary
719,32.625,3.875,,1001.99,0,31455.1,,0,0,0,,0,0,0.962224,-9.81,boundary
720,32.625,4.125,,1000.54,0,8444.08,,0,0,0,,0,0,0.258683,-9.81,boundary
721,32.625,4.375,,1000,0,0,,0,0,0,,0,0,0,-9.81,boundary
722,32.625,4.625,,1000,0,0,,0,0,0,,0,0,0,-9.81,boundary
723,32.625,4.875,,1000,0,0,,0,0,0,,0,0,0,-9.81,boundary
724,32.625,5.125,,1000,0,0,,0,0,0,,0,0,0,-9.81,boundary
725,32.625,5.375,,1000,0,0,,0,0,0,,0,0,0,-9.81,boundary
726,32.625,5.625,,1000,0,0,,0,0,0,,0,0,0,-9.81,boundary
727,32.625,5.875,,1000,0,0,,0,0,0,,0,0,0,-9.81,boundary
728,32.625,6.125,,1000,0,0,,0,0,0,,0,0,0,-9.81,boundary
729,32.625,6.375,,1000,0,0,,0,0,0,,0,0,0,-9.81,boundary
730,32.625,6.625,,1000,0,0,,0,0,0,,0,0,0,-9.81,boundary
731,32.625,6.875,,1000,0,0,,0,0,0,,0,0,0,-9.81,boundary
732,32.625,7.125,,1000,0,0,,0,0,0,,0,0,0,-9.81,boundary
733,32.625,7.375,,1000,0,0,,0,0,0,,0,0,0,-9.81,boundary
734,32.625,7.625,,1000,0,0,,0,0,0,,0,0,0,-9.81,boundary
735,32.625,7.875,,1000,0,0,,0,0,0,,0,0,0,-9.81,boundary
736,32.625,8.125,,1000,0,0,,0,0,0,,0,0,0,-9.81,boundary
737,32.625,8.375,,1000,0,0,,0,0,0,,0,0,0,-9.81,boundary
738,32.625,8.625,,1000,0,0,,0,0,0,,0,0,0,-9.81,boundary
739,32.625,8.875,,1000,0,0,,0,0,0,,0,0,0,-9.81,boundary
740,32.625,9.125,,1000,0,0,,0,0,0,,0,0,0,-9.81,boundary
741,32.625,9.375,,1000,0,0,,0,0,0,,0,0,0,-9.81,boundary
742,32.625,9.625,,1000,0,0,,0,0,0,,0,0,0,-9.81,boundary
743,32.625,9.875,,1000,0,0,,0,0,0,,0,0,0,-9.81,boundary
744,32.625,10.125,,1000,0,0,,0,0,0,,0,0,0,-9.81,boundary
745,32.625,10.375,,1000,0,0,,0,0,0,,0,0,0,-9.81,boundary
746,32.625,10.625,,1000,0,0,,0,0,0,,0,0,0,-9.81,boundary
747,32.625,10.875,,1000,0,0,,0,0,0,,0,0,0,-9.81,boundary
748,32.625,11.125,,1000,0,0,,0,0,0,,0,0,0,-9.81,boundary
749,32.625,11.375,,1000,0,0,,0,0,0,,0,0,0,-9.81,boundary
750,32.625,11.625,,1000,0,0,,0,0,0,,0,0,0,-9.81,boundary
751,32.625,11.875,,1000,0,0,,0,0,0,,0,0,0,-9.81,boundary
752,32.625,12.125,,1000,0,0,,0,0,0,,0,0,0,-9.81,boundary
753,32.625,12.375,,1000,0,0,,0,0,0,,0,0,0,-9.81,boundary
754,32.625,12.625,,1000,0,0,,0,0,0,,0,0,0,-9.81,boundary
755,32.625,12.875,,1000,0,0,,0,0,0,,0,0,0,-9.81,boundary
756,32.625,13.125,,1000,0,0,,0,0,0,,0,0,0,-9.81,boundary
757,32.625,13.375,,1000,0,0,,0,0,0,,0,0,0,-9.81,boundary
758,32.625,13.625,,1000,0,0,,0,0,0,,0,0,0,-9.81,boundary
759,32.625,13.875,,1000,0,0,,0,0,0,,0,0,0,-9.81,boundary
760,32.625,14.125,,1000,0,0,,0,0,0,,0,0,0,-9.81,boundary
761,32.625,14.375,,1000,0,0,,0,0,0,,0,0,0,-9.81,boundary
762,32.625,14.625,,1000,0,0,,0,0,0,,0,0,0,-9.81,boundary
763,32.625,14.875,,1000,0,0,,0,0,0,,0,0,0,-9.81,boundary
764,32.625,15.125,,1000,0,0,,0,0,0,,0,0,0,-9.81,boundary
765,32.625,15.375,,1000,0,0,,0,0,0,,0,0,0,-9.81,boundary
766,32.625,15.625,,1000,0,0,,0,0,0,,0,0,0,-9.81,boundary
767,32.625,15.875,,1000,0,0,,0,0,0,,0,0,0,-9.81,boundary
768,32.625,16.125,,1000,0,0,,0,0,0,,0,0,0,-9.81,boundary
769,32.625,16.375,,1000,0,0,,0,0,0,,0,0,0,-9.81,boundary
770,32.625,16.625,,1000,0,0,,0,0,0,,0,0,0,-9.81,boundary
771,32.625,16.875,,1000,0,0,,0,0,0,,0,0,0,-9.81,boundary
772,32.625,17.125,,1000,0,0,,0,0,0,,0,0,0,-9.81,boundary
773,32.625,17.375,,1000,0,0,,0,0,0,,0,0,0,-9.81,boundary
774,32.625,17.625,,1000,0,0,,0,0,0,,0,0,0,-9.81,boundary
775,32.625,17.875,,1000,0,0,,0,0,0,,0,0,0,-9.81,boundary
776,32.625,18.125,,1000,0,0,,0,0,0,,0,0,0,-9.81,boundary
777,32.625,18.375,,1000,0,0,,0,0,0,,0,0,0,-9.81,boundary
778,32.625,18.625,,1000,0,0,,0,0,0,,0,0,0,-9.81,boundary
779,32.625,18.875,,1000,0,0,,0,0,0,,0,0,0,-9.81,boundary
780,32.625,19.125,,1000,0,0,,0,0,0,,0,0,0,-9.81,boundary
781,32.625,19.375,,1000,0,0,,0,0,0,,0,0,0,-9.81,boundary
782,32.625,19.625,,1000,0,0,,0,0,0,,0,0,0,-9.81,boundary
783,32.625,19.875,,1000,0,0,,0,0,0,,0,0,0,-9.81,boundary
784,32.625,20.125,,1000,0,0,,0,0,0,,0,0,0,-9.81,boundary
785,32.625,20.375,,1000,0,0,,0,0,0,,0,0,0,-9.81,boundary
786,32.625,20.625,,1000,0,0,,0,0,0,,0,0,0,-9.81,boundary
787,32.625,20.875,,1000,0,0,,0,0,0,,0,0,0,-9.81,boundary
788,32.625,21.125,,1000,0,0,,0,0,0,,0,0,0,-9.81,boundary
789,32.625,21.375,,1000,0,0,,0,0,0,,0,0,0,-9.81,boundary
790,32.625,21.625,,1000,0,0,,0,0,0,,0,0,0,-9.81,boundary
791,32.625,21.875,,1000,0,0,,0,0,0,,0,0,0,-9.81,boundary
792,32.875,0.125,,1001.16,0,18246.7,,0,0,0,,0,0,0.554391,-9.81,boundary
793,32.875,0.375,,1000.98,0,15394.2,,0,0,0,,0,0,0.467808,-9.81,boundary
794,32.875,0.625,,1000.84,0,13193.3,,0,0,0,,0,0,0.400982,-9.81,boundary
795,32.875,0.875,,1000.19,0,3058.74,,0,0,0,,0,0,0.0930233,-9.81,boundary
796,32.875,1.125,,1000.78,0,12241.5,,0,0,0,,0,0,0.372077,-9.81,boundary
797,32.875,1.375,,1004.13,0,65682.5,,0,0,0,,0,0,1.98972,-9.81,boundary
798,32.875,1.625,,1006.55,0,104838,,0,0,0,,0,0,3.16823,-9.81,boundary
799,32.875,1.875,,1003.84,0,61042.5,,0,0,0,,0,0,1.84969,-9.81,boundary
800,32.875,2.125,,1000,0,0,,0,0,0,,0,0,0,-9.81,boundary
801,32.875,2.375,,1000,0,0,,0,0,0,,0,0,0,-9.81,boundary
802,32.875,2.625,,1000,0,0,,0,0,0,,0,0,0,-9.81,boundary
803,32.875,2.875,,1000,0,0,,0,0,0,,0,0,0,-9.81,boundary
804,32.875,3.125,,1000.86,0,13586.8,,0,0,0,,0,0,0.41293,-9.81,boundary
805,32.875,3.375,,1002.95,0,46701,,0,0,0,,0,0,1.41639,-9.81,boundary
806,32.875,3.625,,1003.39,0,53737.4,,0,0,0,,0,0,1.62908,-9.81,boundary
807,32.875,3.875,,1000.97,0,15301.2,,0,0,0,,0,0,0.464985,-9.81,boundary
808,32.875,4.125,,1000,0,0,,0,0,0,,0,0,0,-9.81,boundary
809,32.875,4.375,,1000,0,0,,0,0,0,,0,0,0,-9.81,boundary
810,32.875,4.625,,1000,0,0,,0,0,0,,0,0,0,-9.81,boundary
811,32.875,4.875,,1000,0,0,,0,0,0,,0,0,0,-9.81,boundary
812,32.875,5.125,,1000,0,0,,0,0,0,,0,0,0,-9.81,boundary
813,32.875,5.375,,1000,0,0,,0,0,0,,0,0,0,-9.81,boundary
814,32.875,5.625,,1000,0,0,,0,0,0,,0,0,0,-9.81,boundary
815,32.875,5.875,,1000,0,0,,0,0,0,,0,0,0,-9.81,boundary
816,32.875,6.125,,1000,0,0,,0,0,0,,0,0,0,-9.81,boundary
817,32.875,6.375,,1000,0,0,,0,0,0,,0,0,0,-9.81,boundary
818,32.875,6.625,,1000,0,0,,0,0,0,,0,0,0,-9.81,boundary
819,32.875,6.875,,1000,0,0,,0,0,0,,0,0,0,-9.81,boundary
820,32.875,7.125,,1000,0,0,,0,0,0,,0,0,0,-9.81,boundary
821,32.875,7.375,,1000,0,0,,0,0,0,,0,0,0,-9.81,boundary
822,32.875,7.625,,1000,0,0,,0,0,0,,0,0,0,-9.81,boundary
823,32.875,7.875,,1000,0,0,,0,0,0,,0,0,0,-9.81,boundary
824,32.875,8.125,,1000,0,0,,0,0,0,,0,0,0,-9.81,boundary
825,32.875,8.375,,1000,0,0,,0,0,0,,0,0,0,-9.81,boundary
826,32.875,8.625,,1000,0,0,,0,0,0,,0,0,0,-9.81,boundary
827,32.875,8.875,,1000,0,0,,0,0,0,,0,0,0,-9.81,boundary
828,32.875,9.125,,1000,0,0,,0,0,0,,0,0,0,-9.81,boundary
829,32.875,9.375,,1000,0,0,,0,0,0,,0,0,0,-9.81,boundary
830,32.875,9.625,,1000,0,0,,0,0,0,,0,0,0,-9.81,boundary
831,32.875,9.875,,1000,0,0,,0,0,0,,0,0,0,-9.81,boundary
832,32.875,10.125,,1000,0,0,,0,0,0,,0,0,0,-9.81,boundary
833,32.875,10.375,,1000,0,0,,0,0,0,,0,0,0,-9.81,boundary
834,32.875,10.625,,1000,0,0,,0,0,0,,0,0,0,-9.81,boundary
835,32.875,10.875,,1000,0,0,,0,0,0,,0,0,0,-9.81,boundary
836,32.875,11.125,,1000,0,0,,0,0,0,,0,0,0,-9.81,boundary
837,32.875,11.375,,1000,0,0,,0,0,0,,0,0,0,-9.81,boundary
838,32.875,11.625,,1000,0,0,,0,0,0,,0,0,0,-9.81,boundary
839,32.875,11.875,,1000,0,0,,0,0,0,,0,0,0,-9.81,boundary
840,32.875,12.125,,1000,0,0,,0,0,0,,0,0,0,-9.81,boundary
841,32.875,12.375,,1000,0,0,,0,0,0,,0,0,0,-9.81,boundary
842,32.875,12.625,,1000,0,0,,0,0,0,,0,0,0,-9.81,boundary
843,32.875,12.875,,1000,0,0,,0,0,0,,0,0,0,-9.81,boundary
844,32.875,13.125,,1000,0,0,,0,0,0,,0,0,0,-9.81,boundary
845,32.875,13.375,,1000,0,0,,0,0,0,,0,0,0,-9.81,boundary
846,32.875,13.625,,1000,0,0,,0,0,0,,0,0,0,-9.81,boundary
847,32.875,13.875,,1000,0,0,,0,0,0,,0,0,0,-9.81,boundary
848,32.875,14.125,,1000,0,0,,0,0,0,,0,0,0,-9.81,boundary
849,32.875,14.375,,1000,0,0,,0,0,0,,0,0,0,-9.81,boundary
850,32.875,14.625,,1000,0,0,,0,0,0,,0,0,0,-9.81,boundary
851,32.875,14.875,,1000,0,0,,0,0,0,,0,0,0,-9.81,boundary
852,32.875,15.125,,1000,0,0,,0,0,0,,0,0,0,-9.81,boundary
853,32.875,15.375,,1000,0,0,,0,0,0,,0,0,0,-9.81,boundary
854,32.875,15.625,,1000,0,0,,0,0,0,,0,0,0,-9.81,boundary
855,32.875,15.875,,1000,0,0,,0,0,0,,0,0,0,-9.81,boundary
856,32.875,16.125,,1000,0,0,,0,0,0,,0,0,0,-9.81,boundary
857,32.875,16.375,,1000,0,0,,0,0,0,,0,0,0,-9.81,boundary
858,32.875,16.625,,1000,0,0,,0,0,0,,0,0,0,-9.81,boundary
859,32.875,16.875,,1000,0,0,,0,0,0,,0,0,0,-9.81,boundary
860,32.875,17.125,,1000,0,0,,0,0,0,,0,0,0,-9.81,boundary
861,32.875,17.375,,1000,0,0,,0,0,0,,0,0,0,-9.81,boundary
862,32.875,17.625,,1000,0,0,,0,0,0,,0,0,0,-9.81,boundary
863,32.875,17.875,,1000,0,0,,0,0,0,,0,0,0,-9.81,boundary
864,32.875,18.125,,1000,0,0,,0,0,0,,0,0,0,-9.81,boundary
865,32.875,18.375,,1000,0,0,,0,0,0,,0,0,0,-9.81,boundary
866,32.875,18.625,,1000,0,0,,0,0,0,,0,0,0,-9.81,boundary
867,32.875,18.875,,1000,0,0,,0,0,0,,0,0,0,-9.81,boundary
868,32.875,19.125,,1000,0,0,,0,0,0,,0,0,0,-9.81,boundary
869,32.875,19.375,,1000,0,0,,0,0,0,,0,0,0,-9.81,boundary
870,32.875,19.625,,1000,0,0,,0,0,0,,0,0,0,-9.81,boundary
871,32.875,19.875,,1000,0,0,,0,0,0,,0,0,0,-9.81,boundary
872,32.875,20.125,,1000,0,0,,0,0,0,,0,0,0,-9.81,boundary
873,32.875,20.375,,1000,0,0,,0,0,0,,0,0,0,-9.81,boundary
874,32.875,20.625,,1000,0,0,,0,0,0,,0,0,0,-9.81,boundary
875,32.875,20.875,,1000,0,0,,0,0,0,,0,0,0,-9.81,boundary
876,32.875,21.125,,1000,0,0,,0,0,0,,0,0,0,-9.81,boundary
877,32.875,21.375,,1000,0,0,,0,0,0,,0,0,0,-9.81,boundary
878,32.875,21.625,,1000,0,0,,0,0,0,,0,0,0,-9.81,boundary
879,32.875,21.875,,1000,0,0,,0,0,0,,0,0,0,-9.81,boundary
880,0.202925,0.281474,,1000.13,33.1673,2104.13,,0.00861583,-0.0260912,0.027477,,-9.49332,9.44021,0.874297,-0.369792,fluid
881,0.159638,0.185868,,1000.13,55.5982,1990.58,,0.0101035,-0.0201326,0.0225256,,-14.7124,9.44175,-2.24463,-0.368254,fluid
882,0.261821,0.364989,,1000.12,14.1076,1915.2,,0.00263547,-0.0348654,0.0349649,,-5.41156,10.1301,1.90247,0.320056,fluid
883,0.311237,0.436234,,1000.09,16.9791,1467.85,,-0.000548921,-0.0509052,0.0509082,,-3.17456,11.0655,1.54118,1.2555,fluid
884,0.371644,0.431691,,1000.05,26.1626,771.112,,-0.000586208,-0.0516107,0.051614,,-2.30103,10.6657,-0.226267,0.855662,fluid
885,0.465329,0.413231,,1000.01,31.8489,216.642,,0.00306462,-0.0467706,0.0468709,,-1.80181,10.3488,-1.33625,0.538762,fluid
886,0.49121,0.455179,,999.994,46.4383,0,,0.011292,-0.0611808,0.0622142,,-1.45283,10.1339,-1.45283,0.323924,fluid
887,0.864271,0.404717,,1000.04,31.4999,665.55,,0.0225507,-0.040415,0.0462807,,-0.25744,11.0396,0.512598,1.22964,fluid
888,1.05499,0.422079,,999.991,-10.7299,0,,-0.0242555,-0.0457559,0.0517874,,0.130179,10.7731,0.130179,0.963077,fluid
889,0.8821,0.456151,,1000.03,37.9256,516.009,,0.0281255,-0.060374,0.0666038,,-0.0898969,11.1306,0.495062,1.32059,fluid
890,0.949115,0.434872,,1000.03,21.8144,441.257,,0.013408,-0.051001,0.052734,,0.0544585,11.0755,0.51936,1.26552,fluid
891,1.34657,0.422542,,997.172,-17.2595,0,,0.0205075,-0.0482949,0.0524686,,0.474026,10.4554,0.474026,0.645396,fluid
892,1.75363,0.40942,,995.813,45.7767,0,,0.129584,-0.0515111,0.139447,,-0.0997992,9.95632,-0.0997992,0.146324,fluid
893,1.9252,0.421568,,996.117,64.4352,0,,0.147101,-0.0574499,0.157921,,-0.289296,9.91106,-0.289296,0.101058,fluid
894,2.06736,0.348092,,996.593,67.2673,0,,0.147583,-0.0343722,0.151532,,-0.495833,10.0206,-0.495833,0.210616,fluid
895,2.58172,0.38802,,994.897,80.9557,0,,0.287339,-0.0433933,0.290597,,-0.316191,10.0509,-0.316191,0.240907,fluid
896,2.71041,0.388754,,994.124,74.8658,0,,0.317816,-0.0441768,0.320871,,-0.309391,10.0494,-0.309391,0.239444,fluid
897,2.8395,0.390555,,993.445,74.7218,0,,0.357518,-0.0450241,0.360341,,-0.290774,10.0447,-0.290774,0.234663,fluid
898,2.8938,0.361495,,993.365,67.6527,0,,0.347295,-0.0367364,0.349232,,-0.275135,10.1008,-0.275135,0.290789,fluid
899,3.09812,0.35769,,992.935,64.8317,0,,0.368679,-0.0358003,0.370413,,-0.312763,10.1082,-0.312763,0.298169,fluid
900,2.98737,0.36873,,993.022,66.4642,0,,0.364108,-0.0387782,0.366168,,-0.289865,10.0874,-0.289865,0.277419,fluid
901,3.07333,0.383028,,992.799,69.8917,0,,0.38689,-0.0428542,0.389256,,-0.308525,10.0596,-0.308525,0.24962,fluid
902,3.20033,0.375947,,992.875,70.6436,0,,0.389791,-0.0404022,0.39188,,-0.30969,10.0726,-0.30969,0.262641,fluid
903,3.3151,0.373811,,993.021,73.4768,0,,0.397193,-0.0394868,0.399151,,-0.25691,10.0725,-0.25691,0.262469,fluid
904,3.44064,0.37999,,992.932,80.939,0,,0.441875,-0.041457,0.443816,,-0.242401,10.054,-0.242401,0.244046,fluid
905,3.68764,0.376948,,992.766,76.0834,0,,0.483361,-0.040144,0.485026,,-0.252001,10.0393,-0.252001,0.229295,fluid
906,4.09837,0.389299,,992.97,85.2629,0,,0.564416,-0.0432658,0.566072,,-0.258908,10.0065,-0.258908,0.196503,fluid
907,3.59222,0.383916,,992.795,76.7877,0,,0.462743,-0.0424318,0.464685,,-0.257709,10.0338,-0.257709,0.223791,fluid
908,3.52157,0.387344,,992.831,78.7916,0,,0.453085,-0.0436027,0.455178,,-0.25488,10.0335,-0.25488,0.223452,fluid
909,3.77149,0.390464,,992.65,76.6469,0,,0.506678,-0.0441882,0.508601,,-0.239258,10.0108,-0.239258,0.200848,fluid
910,3.85173,0.396965,,992.643,77.7891,0,,0.52313,-0.0463284,0.525177,,-0.239604,9.99564,-0.239604,0.185637,fluid
911,4.18825,0.409996,,992.896,86.6978,0,,0.587222,-0.0503571,0.589377,,-0.244145,9.98062,-0.244145,0.170618,fluid
912,3.9307,0.410254,,992.634,83.8317,0,,0.554479,-0.0509906,0.556819,,-0.240538,9.97553,-0.240538,0.165525,fluid
913,3.69158,0.406276,,992.534,79.8408,0,,0.507875,-0.0497736,0.510308,,-0.237077,9.9926,-0.237077,0.182604,fluid
914,3.61878,0.422756,,992.497,82.2469,0,,0.500175,-0.0563145,0.503335,,-0.233661,9.97191,-0.233661,0.161914,fluid
915,3.48267,0.412511,,992.698,83.5518,0,,0.465856,-0.052458,0.4688,,-0.242818,9.99636,-0.242818,0.186358,fluid
916,3.30746,0.439243,,992.654,87.491,0,,0.452044,-0.063451,0.456475,,-0.270559,9.96461,-0.270559,0.15461,fluid
917,3.38003,0.399183,,992.851,81.6376,0,,0.436202,-0.0475118,0.438782,,-0.241466,10.0231,-0.241466,0.213055,fluid
918,2.806,0.449331,,993.438,93.2612,0,,0.402196,-0.0686364,0.408011,,-0.31371,9.95304,-0.31371,0.143043,fluid
919,3.51306,0.423791,,992.604,84.5389,0,,0.479018,-0.056922,0.482389,,-0.244688,9.97674,-0.244688,0.166739,fluid
920,3.21862,0.395311,,992.777,75.4075,0,,0.407821,-0.0462666,0.410437,,-0.300889,10.0367,-0.300889,0.226694,fluid
921,3.11497,0.403158,,992.681,75.4551,0,,0.408707,-0.0493225,0.411672,,-0.311608,10.0225,-0.311608,0.212529,fluid
922,2.95969,0.392959,,992.973,71.9924,0,,0.378923,-0.0459757,0.381702,,-0.288007,10.0417,-0.288007,0.231727,fluid
923,2.84564,0.409819,,993.346,78.4462,0,,0.371177,-0.0516556,0.374754,,-0.288817,10.01,-0.288817,0.199953,fluid
924,2.67866,0.374991,,994.384,72.0353,0,,0.297177,-0.0399861,0.299855,,-0.304725,10.0756,-0.304725,0.265589,fluid
925,2.70779,0.414504,,994.034,81.8254,0,,0.337923,-0.0532018,0.342085,,-0.303633,10.0031,-0.303633,0.193142,fluid
926,2.15455,0.346404,,996.562,72.4442,0,,0.165956,-0.0334677,0.169297,,-0.550991,10.0542,-0.550991,0.244202,fluid
927,2.35246,0.379225,,995.941,75.0042,0,,0.209471,-0.0408221,0.213411,,-0.452524,10.0565,-0.452524,0.246531,fluid
928,2.35263,0.402019,,995.823,80.1118,0,,0.223817,-0.0481421,0.228936,,-0.433803,10.018,-0.433803,0.208048,fluid
929,1.82758,0.36482,,996.052,64.1426,0,,0.157307,-0.0383447,0.161913,,-0.141962,9.97978,-0.141962,0.169779,fluid
930,1.97703,0.404707,,996.249,65.7586,0,,0.1475,-0.0509935,0.156066,,-0.343266,9.93267,-0.343266,0.122667,fluid
931,1.56382,0.387268,,995.682,30.3662,0,,0.125417,-0.0399568,0.131628,,0.387907,10.1932,0.387907,0.383213,fluid
932,1.51259,0.408682,,995.87,11.7915,0,,0.0913617,-0.0462753,0.102413,,0.358134,10.2225,0.358134,0.412521,fluid
933,1.05267,0.395111,,1000.01,-11.9348,88.4602,,-0.0254133,-0.0362878,0.0443017,,0.112671,10.8953,0.196705,1.0853,fluid
934,1.00473,0.406222,,1000.02,4.8516,337.151,,-0.0050792,-0.0401065,0.0404268,,0.102135,11.0147,0.437691,1.20467,fluid
935,0.870413,0.397757,,1000.04,30.6106,690.705,,0.0219906,-0.0382853,0.0441514,,-0.249957,11.0305,0.543545,1.2205,fluid
936,0.740139,0.396003,,1000.03,41.9318,430.513,,0.021322,-0.0399935,0.0453222,,-1.01021,10.8555,-0.428563,1.04553,fluid
937,0.586747,0.395792,,1000,40.0177,18.1754,,0.0118311,-0.0415853,0.0432356,,-1.5564,10.4096,-1.52542,0.599609,fluid
938,0.448112,0.404414,,1000.02,29.2876,349.435,,0.00151795,-0.0443447,0.0443706,,-1.93847,10.3923,-1.15869,0.582254,fluid
939,0.300665,0.445404,,1000.1,17.6082,1546.64,,0.000659318,-0.0531024,0.0531065,,-3.31124,11.194,1.83232,1.38395,fluid
940,0.190926,0.461912,,1000.1,18.1157,1590.12,,0.00649724,-0.0538705,0.0542609,,-6.81949,10.8434,1.50812,1.03338,fluid
941,0.170805,0.478363,,1000.06,31.0042,981.812,,0.00716024,-0.0587275,0.0591624,,-7.46244,10.1712,-1.71467,0.361234,fluid
942,0.204215,0.476058,,1000.1,23.6585,1597.6,,0.00726393,-0.0588047,0.0592517,,-5.9416,11.0846,1.88072,1.27458,fluid
943,0.527215,0.460025,,999.987,51.373,0,,0.015706,-0.0633854,0.0653022,,-1.31835,10.1821,-1.31835,0.372132,fluid
944,0.793737,0.259053,,1000.08,56.8604,1202.28,,0.0334931,-0.0161614,0.0371884,,-1.81671,10.5181,-0.302108,0.708051,fluid
945,0.552506,0.245102,,1000.08,55.3541,1189.55,,0.0173344,-0.0194467,0.026051,,-2.94157,9.84813,-0.788728,0.038129,fluid
946,0.591027,0.262917,,1000.06,55.6395,955.84,,0.0190143,-0.0202784,0.0277985,,-2.55473,10.0667,-0.937581,0.256654,fluid
947,0.821548,0.332147,,1000.06,41.9128,886.553,,0.0270851,-0.0248316,0.0367452,,-0.888468,10.8105,0.190597,1.00045,fluid
948,1.0961,0.357747,,1000.01,-30.4452,126.417,,-0.049308,-0.0254453,0.0554864,,0.214123,10.9668,0.329455,1.15676,fluid
949,1.55958,0.369761,,995.698,35.5101,0,,0.135413,-0.0343905,0.139711,,0.508485,10.2394,0.508485,0.42945,fluid
950,1.87397,0.356932,,996.207,67.076,0,,0.157105,-0.0367096,0.161337,,-0.2331,9.97888,-0.2331,0.168877,fluid
951,2.55747,0.366322,,995.16,73.6013,0,,0.257009,-0.0369838,0.259656,,-0.331193,10.0927,-0.331193,0.28271,fluid
952,3.17923,0.381306,,992.817,71.796,0,,0.395034,-0.0420487,0.397265,,-0.312231,10.0625,-0.312231,0.252523,fluid
953,3.67468,0.437854,,992.271,88.6044,0,,0.551135,-0.0628635,0.554708,,-0.229144,9.95166,-0.229144,0.141658,fluid
954,3.89278,0.419721,,992.538,83.3688,0,,0.552291,-0.0548157,0.555005,,-0.234949,9.96288,-0.234949,0.152876,fluid
955,3.43688,0.362117,,993.075,78.6303,0,,0.428533,-0.0364633,0.430082,,-0.241959,10.0867,-0.241959,0.27673,fluid
956,4.11631,0.395461,,992.95,85.7878,0,,0.569073,-0.0452786,0.570872,,-0.256012,9.99774,-0.256012,0.18774,fluid
957,4.33767,0.394637,,992.838,82.2311,0,,0.623121,-0.0447059,0.624723,,-0.214769,10.0054,-0.214769,0.195356,fluid
958,4.43013,0.419575,,992.495,80.5036,0,,0.680403,-0.054183,0.682556,,-0.184948,9.96961,-0.184948,0.15961,fluid
959,4.11108,0.439596,,992.725,94.1011,0,,0.605626,-0.0631046,0.608905,,-0.254065,9.94109,-0.254065,0.13109,fluid
960,4.44632,0.440969,,992.211,84.5972,0,,0.734673,-0.0638156,0.73744,,-0.185144,9.94552,-0.185144,0.135517,fluid
961,4.81177,0.440018,,994.123,132.649,0,,0.829175,-0.0631683,0.831577,,-0.298547,9.91348,-0.298547,0.103477,fluid
962,5.16305,0.440576,,994.91,160.78,0,,0.881184,-0.0631899,0.883447,,-0.393232,9.93613,-0.393232,0.126128,fluid
963,4.92465,0.371723,,995.116,135.508,0,,0.763987,-0.038044,0.764933,,-0.346812,9.97891,-0.346812,0.168913,fluid
964,5.51632,0.390233,,992.656,103.926,0,,0.843087,-0.0401126,0.844041,,-0.434337,10.157,-0.434337,0.346974,fluid
965,5.72384,0.393633,,989.946,54.997,0,,0.901148,-0.0390574,0.901994,,-0.480056,10.2315,-0.480056,0.421513,fluid
966,5.77469,0.410014,,989.155,45.1801,0,,0.93911,-0.0445883,0.940168,,-0.409646,10.186,-0.409646,0.376015,fluid
967,5.66297,0.419274,,990.537,74.7165,0,,0.928306,-0.050736,0.929691,,-0.384706,10.1262,-0.384706,0.316198,fluid
968,5.45028,0.426481,,993.129,123.101,0,,0.875841,-0.0544691,0.877533,,-0.426121,10.0459,-0.426121,0.235932,fluid
969,5.37724,0.436981,,993.715,138.132,0,,0.888776,-0.0598689,0.89079,,-0.469924,10.0018,-0.469924,0.191809,fluid
970,6.27818,0.39175,,987.1,32.282,0,,1.18987,-0.0401917,1.19055,,0.343365,10.012,0.343365,0.201991,fluid
971,6.52659,0.401044,,990.195,106.63,0,,1.29474,-0.0502743,1.29572,,-0.060173,9.84183,-0.060173,0.0318275,fluid
972,6.68451,0.411719,,992.383,144.432,0,,1.32335,-0.054765,1.32448,,-0.283432,9.82871,-0.283432,0.0187074,fluid
973,6.26838,0.415456,,986.764,30.9044,0,,1.19606,-0.0491421,1.19707,,0.196912,9.9806,0.196912,0.1706,fluid
974,6.65157,0.417508,,991.905,138.708,0,,1.32307,-0.05703,1.3243,,-0.254903,9.82844,-0.254903,0.0184448,fluid
975,6.6113,0.422187,,991.282,129.246,0,,1.31682,-0.0587953,1.31813,,-0.214685,9.82938,-0.214685,0.0193814,fluid
976,7.04791,0.41948,,994.327,156.961,0,,1.39353,-0.0555128,1.39463,,-0.266895,9.8357,-0.266895,0.0257017,fluid
977,6.58016,0.426663,,990.764,119.566,0,,1.30312,-0.0604616,1.30452,,-0.179156,9.8328,-0.179156,0.0227953,fluid
978,6.19101,0.431005,,986.254,15.8964,0,,1.15167,-0.0544437,1.15295,,0.0790707,10.0118,0.0790707,0.201833,fluid
979,6.67682,0.431213,,992.098,141.505,0,,1.32352,-0.0623451,1.32499,,-0.244703,9.83769,-0.244703,0.0276859,fluid
980,6.52684,0.439086,,989.751,107.296,0,,1.32399,-0.0654294,1.32561,,-0.137437,9.84451,-0.137437,0.0345111,fluid
981,5.98119,0.428084,,986.746,8.54271,0,,1.04908,-0.0513292,1.05034,,-0.174279,10.1209,-0.174279,0.310931,fluid
982,6.08013,0.423037,,986.22,3.50636,0,,1.10014,-0.0490504,1.10123,,-0.0510545,10.0939,-0.0510545,0.283904,fluid
983,5.98576,0.441111,,986.569,10.5179,0,,1.07953,-0.0581622,1.08109,,-0.160856,10.0828,-0.160856,0.272819,fluid
984,5.86127,0.44056,,987.835,30.9537,0,,1.02197,-0.0583327,1.02363,,-0.25406,10.0949,-0.25406,0.284857,fluid
985,5.90981,0.4214,,987.451,18.0355,0,,1.00987,-0.048303,1.01103,,-0.245881,10.1549,-0.245881,0.344914,fluid
986,5.66637,0.434516,,990.416,76.2799,0,,0.944853,-0.0577678,0.946617,,-0.343303,10.0828,-0.343303,0.272823,fluid
987,5.6757,0.426803,,990.346,71.9808,0,,0.93172,-0.0539405,0.93328,,-0.361527,10.1078,-0.361527,0.29784,fluid
988,5.76356,0.413525,,989.265,48.407,0,,0.941816,-0.0462932,0.942953,,-0.402726,10.1719,-0.402726,0.36194,fluid
989,5.6508,0.4196,,990.7,77.7666,0,,0.92495,-0.051074,0.926359,,-0.378701,10.1188,-0.378701,0.308849,fluid
990,5.37533,0.386559,,993.996,127.553,0,,0.824066,-0.0401685,0.825045,,-0.584703,10.1054,-0.584703,0.295394,fluid
991,5.41417,0.414298,,993.514,128.037,0,,0.866017,-0.0496635,0.86744,,-0.501061,10.0607,-0.501061,0.250703,fluid
992,5.26045,0.399827,,994.639,143.277,0,,0.837779,-0.0457817,0.839029,,-0.509079,10.0253,-0.509079,0.215284,fluid
993,4.99656,0.406047,,995.16,148.256,0,,0.804235,-0.0488268,0.805716,,-0.35486,9.94408,-0.35486,0.134078,fluid
994,4.6899,0.408751,,993.358,96.5894,0,,0.754892,-0.0499904,0.756545,,-0.223873,9.95542,-0.223873,0.145421,fluid
995,4.3922,0.38977,,992.788,79.9179,0,,0.640155,-0.0430934,0.641604,,-0.200825,10.0121,-0.200825,0.202118,fluid
996,4.06903,0.406868,,992.844,86.7275,0,,0.56926,-0.0494407,0.571403,,-0.256091,9.97949,-0.256091,0.169487,fluid
997,3.73187,0.3942,,992.614,77.7015,0,,0.50493,-0.0454543,0.506972,,-0.241356,10.0083,-0.241356,0.198282,fluid
998,3.36088,0.404822,,992.828,81.3899,0,,0.433214,-0.049439,0.436026,,-0.246622,10.0142,-0.246622,0.204203,fluid
999,2.90038,0.395539,,993.163,74.8297,0,,0.374504,-0.0467297,0.377408,,-0.28177,10.0358,-0.28177,0.225801,fluid
1000,2.58631,0.389668,,994.862,81.2922,0,,0.29004,-0.0439394,0.29335,,-0.314063,10.0478,-0.314063,0.237754,fluid
1001,2.07022,0.396772,,996.344,69.2753,0,,0.156034,-0.0479183,0.163227,,-0.411338,9.96186,-0.411338,0.15186,fluid
1002,1.56885,0.403323,,995.684,25.6175,0,,0.115507,-0.0457139,0.124224,,0.286678,10.1501,0.286678,0.340122,fluid
1003,0.906773,0.419104,,1000.04,26.7302,600.922,,0.0190142,-0.0448826,0.0487441,,-0.0487314,11.0989,0.613947,1.28891,fluid
1004,0.744042,0.432601,,1000.02,45.13,351.426,,0.0243979,-0.0516337,0.0571077,,-0.82309,10.887,-0.35078,1.07705,fluid
1005,0.621557,0.447297,,999.987,50.9892,0,,0.0209571,-0.0582146,0.0618719,,-1.17483,10.3695,-1.17483,0.559528,fluid
1006,0.787544,0.452222,,1000.03,45.9736,530.346,,0.0297338,-0.0587984,0.0658889,,-0.47327,11.0852,0.200125,1.27516,fluid
1007,1.52497,0.444243,,995.763,20.7085,0,,0.104917,-0.0625548,0.122151,,0.16705,10.1238,0.16705,0.313773,fluid
1008,1.6799,0.290683,,995.68,109.513,0,,0.266601,-0.0195003,0.267313,,0.589719,10.2104,0.589719,0.400418,fluid
1009,1.27713,0.311114,,998.153,-11.2665,0,,0.00989825,-0.0141813,0.0172941,,0.760078,10.8747,0.760078,1.06471,fluid
1010,1.22783,0.259062,,1000,-99.1164,29.1401,,-0.14933,-0.00511603,0.149418,,0.757424,11.023,0.781157,1.21297,fluid
1011,1.76223,0.270213,,996.112,105.838,0,,0.247929,-0.018062,0.248586,,0.381032,10.1514,0.381032,0.341443,fluid
1012,2.48498,0.307838,,995.933,45.864,0,,0.156397,-0.0238631,0.158208,,-0.388335,10.2003,-0.388335,0.390331,fluid
1013,2.84855,0.34145,,993.7,60.7883,0,,0.31159,-0.0318139,0.31321,,-0.279361,10.14,-0.279361,0.330042,fluid
1014,3.16671,0.356785,,992.971,65.6501,0,,0.371145,-0.0353981,0.372829,,-0.316126,10.1092,-0.316126,0.299222,fluid
1015,3.68851,0.381489,,992.726,76.7006,0,,0.487599,-0.0415011,0.489361,,-0.249741,10.0317,-0.249741,0.221733,fluid
1016,4.14586,0.384074,,993.039,84.507,0,,0.566263,-0.0414815,0.56778,,-0.257774,10.0168,-0.257774,0.206832,fluid
1017,4.62837,0.436105,,992.749,90.3611,0,,0.775187,-0.0615123,0.777623,,-0.212492,9.93393,-0.212492,0.12393,fluid
1018,5.08195,0.407486,,995.205,152.322,0,,0.82045,-0.0493389,0.821933,,-0.374849,9.95201,-0.374849,0.142008,fluid
1019,4.83947,0.384801,,994.586,124.44,0,,0.763437,-0.0419281,0.764588,,-0.28716,9.96267,-0.28716,0.152671,fluid
1020,5.45778,0.395791,,993.234,116.613,0,,0.842882,-0.0423093,0.843944,,-0.496054,10.1223,-0.496054,0.31227,fluid
1021,5.55943,0.371772,,992.303,91.1328,0,,0.82328,-0.0340091,0.823982,,-0.439744,10.2283,-0.439744,0.418341,fluid
1022,5.92653,0.378945,,987.75,10.5127,0,,0.951617,-0.030578,0.952108,,-0.312013,10.3024,-0.312013,0.492428,fluid
1023,6.0802,0.391034,,986.53,0.0768818,0,,1.06808,-0.0353035,1.06866,,0.0155936,10.1864,0.0155936,0.376397,fluid
1024,6.21324,0.40818,,986.509,18.3495,0,,1.16005,-0.0445959,1.1609,,0.191194,10.0395,0.191194,0.229505,fluid
1025,6.91483,0.439968,,993.973,165.258,0,,1.39394,-0.0647327,1.39545,,-0.264008,9.83816,-0.264008,0.0281583,fluid
1026,6.72326,0.402686,,992.899,148.76,0,,1.31753,-0.0514165,1.31853,,-0.310301,9.82444,-0.310301,0.014435,fluid
1027,6.84044,0.39552,,993.854,154.359,0,,1.31839,-0.0483193,1.31928,,-0.329896,9.81668,-0.329896,0.00667624,fluid
1028,6.36332,0.371345,,988.241,55.6798,0,,1.22019,-0.0365835,1.22074,,0.450727,9.96188,0.450727,0.151881,fluid
1029,6.99093,0.378499,,994.467,152.557,0,,1.33436,-0.0422518,1.33502,,-0.339295,9.82615,-0.339295,0.0161506,fluid
1030,7.24091,0.398177,,994.708,153.133,0,,1.40696,-0.0471599,1.40775,,-0.38772,9.89272,-0.38772,0.082724,fluid
1031,7.26331,0.41375,,994.711,156.102,0,,1.42563,-0.0525285,1.4266,,-0.384906,9.89571,-0.384906,0.0857148,fluid
1032,7.35177,0.439211,,994.973,166.279,0,,1.46628,-0.0627536,1.46762,,-0.402481,9.92337,-0.402481,0.113366,fluid
1033,7.36696,0.42124,,995.116,165.426,0,,1.44617,-0.0549346,1.44721,,-0.435469,9.93998,-0.435469,0.12998,fluid
1034,7.73308,0.394201,,996.988,207.649,0,,1.45678,-0.0433201,1.45742,,-0.706102,10.2615,-0.706102,0.451526,fluid
1035,7.90953,0.384467,,997.125,210.572,0,,1.4328,-0.0388597,1.43333,,-0.707328,10.3937,-0.707328,0.583733,fluid
1036,8.091,0.39749,,995.845,192.515,0,,1.46782,-0.0419338,1.46841,,-0.663365,10.3748,-0.663365,0.564753,fluid
1037,7.80654,0.406178,,997.1,215.282,0,,1.47479,-0.0468991,1.47553,,-0.696415,10.2836,-0.696415,0.473606,fluid
1038,7.76072,0.417183,,996.981,215.037,0,,1.49311,-0.0514273,1.494,,-0.66646,10.233,-0.66646,0.423019,fluid
1039,8.40274,0.405498,,989.75,67.4975,0,,1.56047,-0.0402725,1.56099,,-0.62005,10.3332,-0.62005,0.523183,fluid
1040,8.66907,0.416918,,983.844,-50.1235,0,,1.66633,-0.0317424,1.66663,,-0.868442,10.5955,-0.868442,0.78554,fluid
1041,8.3439,0.41439,,991.165,102.017,0,,1.56614,-0.045145,1.56679,,-0.57655,10.2771,-0.57655,0.467136,fluid
1042,8.07908,0.417832,,995.886,199.737,0,,1.5026,-0.0495591,1.50342,,-0.641614,10.3091,-0.641614,0.49914,fluid
1043,8.35342,0.424731,,990.89,98.9944,0,,1.58529,-0.0495966,1.58606,,-0.513636,10.2309,-0.513636,0.420925,fluid
1044,8.25025,0.432533,,993.176,150.125,0,,1.56266,-0.0544032,1.56361,,-0.578175,10.226,-0.578175,0.416008,fluid
1045,7.98223,0.430286,,996.651,215.435,0,,1.499,-0.0553849,1.50003,,-0.605492,10.2809,-0.605492,0.470875,fluid
1046,7.8921,0.416711,,997.037,217.983,0,,1.48218,-0.0502443,1.48303,,-0.657205,10.297,-0.657205,0.486962,fluid
1047,7.87486,0.439733,,997,222.036,0,,1.50538,-0.0603512,1.50659,,-0.609953,10.2367,-0.609953,0.426742,fluid
1048,7.78771,0.431579,,996.993,218.003,0,,1.49903,-0.0572875,1.50013,,-0.632873,10.2195,-0.632873,0.409465,fluid
1049,7.80144,0.440137,,996.995,221.086,0,,1.51359,-0.0610985,1.51482,,-0.629858,10.2092,-0.629858,0.399173,fluid
1050,7.68913,0.436448,,996.686,210.747,0,,1.51286,-0.0602129,1.51405,,-0.590688,10.151,-0.590688,0.341019,fluid
1051,7.67538,0.438179,,996.627,210.086,0,,1.51948,-0.0611296,1.52071,,-0.590517,10.1386,-0.590517,0.328576,fluid
1052,7.6131,0.420044,,996.401,199.278,0,,1.49416,-0.0536912,1.49512,,-0.585847,10.1108,-0.585847,0.300835,fluid
1053,6.98368,0.437255,,994.154,161.195,0,,1.39348,-0.0631466,1.39491,,-0.247358,9.83873,-0.247358,0.0287319,fluid
1054,7.03964,0.439255,,994.253,162.065,0,,1.42155,-0.0639127,1.42298,,-0.255153,9.84182,-0.255153,0.0318204,fluid
1055,6.34952,0.438666,,987.26,52.3256,0,,1.24985,-0.0620485,1.25139,,0.0669816,9.89972,0.0669816,0.0897186,fluid
1056,6.11202,0.441443,,985.987,7.90553,0,,1.14283,-0.0587098,1.14433,,-0.0410707,10.0334,-0.0410707,0.223428,fluid
1057,5.6903,0.436919,,990.08,70.7453,0,,0.954709,-0.0585605,0.956503,,-0.339397,10.0831,-0.339397,0.273091,fluid
1058,5.36237,0.439681,,993.817,141.17,0,,0.893363,-0.0612866,0.895462,,-0.473712,9.99291,-0.473712,0.182912,fluid
1059,4.99383,0.424861,,995.072,149.601,0,,0.811297,-0.0562194,0.813243,,-0.331508,9.92619,-0.331508,0.116192,fluid
1060,4.57244,0.423504,,992.649,80.8464,0,,0.725036,-0.0558217,0.727181,,-0.196473,9.95157,-0.196473,0.141571,fluid
1061,4.48955,0.418573,,992.486,79.0507,0,,0.701826,-0.0536881,0.703876,,-0.187967,9.96711,-0.187967,0.15711,fluid
1062,4.03699,0.420273,,992.746,87.4911,0,,0.570435,-0.0547207,0.573054,,-0.250219,9.9614,-0.250219,0.151399,fluid
1063,3.72441,0.415915,,992.459,80.8518,0,,0.52169,-0.0533688,0.524412,,-0.228044,9.97705,-0.228044,0.167052,fluid
1064,3.21259,0.414498,,992.679,79.3926,0,,0.422699,-0.0531247,0.426025,,-0.295291,10.0038,-0.295291,0.193819,fluid
1065,2.81475,0.408189,,993.494,78.2663,0,,0.361858,-0.0509616,0.365429,,-0.293339,10.0126,-0.293339,0.202572,fluid
1066,2.44515,0.409315,,995.471,84.7716,0,,0.256537,-0.050442,0.261449,,-0.393796,10.0129,-0.393796,0.202948,fluid
1067,1.92116,0.411675,,996.136,63.7226,0,,0.146128,-0.0536223,0.155655,,-0.291799,9.91838,-0.291799,0.108375,fluid
1068,1.43469,0.423932,,996.327,-4.52059,0,,0.0575325,-0.0507693,0.0767301,,0.400357,10.3076,0.400357,0.497567,fluid
1069,1.09602,0.447313,,999.73,-7.40265,0,,-0.0187073,-0.0568603,0.0598586,,0.24263,10.68,0.24263,0.869959,fluid
1070,1.56323,0.452985,,995.566,38.227,0,,0.136291,-0.0680559,0.152338,,0.0681501,10.0613,0.0681501,0.251273,fluid
1071,3.18948,0.429781,,992.603,83.0037,0,,0.435291,-0.0594577,0.439333,,-0.295571,9.9801,-0.295571,0.170097,fluid
1072,2.10729,0.280423,,997.02,72.1576,0,,0.153184,-0.0211017,0.15463,,-0.746082,10.1201,-0.746082,0.310083,fluid
1073,2.44677,0.226455,,996.738,8.91589,0,,0.043958,-0.0110449,0.0453244,,-0.411969,10.3278,-0.411969,0.517846,fluid
1074,2.17107,0.194157,,997.718,33.0534,0,,0.0603329,-0.00975666,0.0611167,,-0.978352,10.2428,-0.978352,0.432757,fluid
1075,2.21504,0.212053,,997.535,29.7098,0,,0.0577287,-0.0112942,0.0588231,,-0.853945,10.2475,-0.853945,0.437482,fluid
1076,2.93884,0.231043,,994.518,18.6533,0,,0.169356,-0.0116781,0.169758,,-0.147022,10.363,-0.147022,0.553016,fluid
1077,3.05403,0.290483,,993.53,46.286,0,,0.291918,-0.0215716,0.292714,,-0.266621,10.2401,-0.266621,0.430072,fluid
1078,3.63035,0.334943,,993.207,71.0656,0,,0.434322,-0.0294728,0.43532,,-0.267724,10.1162,-0.267724,0.30623,fluid
1079,4.29724,0.369275,,993.124,80.2784,0,,0.583599,-0.0367469,0.584754,,-0.225609,10.0464,-0.225609,0.236429,fluid
1080,4.15191,0.330626,,993.46,78.4812,0,,0.52877,-0.027351,0.529477,,-0.275479,10.1063,-0.275479,0.296268,fluid
1081,5.05921,0.354958,,995.496,143.222,0,,0.770794,-0.0333211,0.771514,,-0.415999,10.0179,-0.415999,0.207853,fluid
1082,5.19138,0.333786,,995.358,134.951,0,,0.754683,-0.027757,0.755194,,-0.565035,10.107,-0.565035,0.296969,fluid
1083,5.78673,0.353923,,989.678,34.3854,0,,0.835452,-0.0241387,0.835801,,-0.613323,10.3954,-0.613323,0.585449,fluid
1084,5.50588,0.318736,,993.505,90.532,0,,0.705131,-0.0204073,0.705426,,-0.64184,10.3567,-0.64184,0.546712,fluid
1085,5.93383,0.310673,,988.911,4.14128,0,,0.808143,-0.00990352,0.808203,,-0.369424,10.5449,-0.369424,0.7349,fluid
1086,6.25375,0.339303,,987.683,25.2805,0,,1.13787,-0.0232193,1.13811,,0.78252,10.1442,0.78252,0.334156,fluid
1087,6.86243,0.356798,,994.242,148.805,0,,1.27516,-0.0378454,1.27572,,-0.413505,9.81113,-0.413505,0.00112935,fluid
1088,6.36824,0.369,,988.335,57.23,0,,1.22136,-0.0360704,1.2219,,0.462174,9.96038,0.462174,0.150381,fluid
1089,7.0659,0.339931,,994.792,145.088,0,,1.30441,-0.032642,1.30481,,-0.375198,9.84221,-0.375198,0.0322063,fluid
1090,7.4373,0.38276,,995.688,170.887,0,,1.41825,-0.0412278,1.41885,,-0.548265,10.0235,-0.548265,0.213527,fluid
1091,7.6189,0.370973,,996.662,189.593,0,,1.40542,-0.0373088,1.40591,,-0.686111,10.1964,-0.686111,0.386426,fluid
1092,7.44166,0.34394,,995.989,166.755,0,,1.35953,-0.031215,1.35989,,-0.623401,10.0668,-0.623401,0.256791,fluid
1093,7.98427,0.348056,,997.003,196.402,0,,1.36387,-0.028424,1.36417,,-0.71234,10.5204,-0.71234,0.710374,fluid
1094,8.20113,0.365774,,994.49,154.587,0,,1.41548,-0.0306601,1.41581,,-0.74113,10.4797,-0.74113,0.669716,fluid
1095,7.9451,0.369502,,997.081,205.235,0,,1.40595,-0.0342133,1.40636,,-0.709621,10.4474,-0.709621,0.637414,fluid
1096,8.67807,0.375213,,984.344,-56.9499,0,,1.5293,-0.00822581,1.52932,,-1.44138,10.946,-1.44138,1.13597,fluid
1097,8.52216,0.396356,,986.816,-0.157916,0,,1.55772,-0.0307252,1.55803,,-1.07497,10.5502,-1.07497,0.740168,fluid
1098,8.7221,0.39137,,983.603,-61.7874,0,,1.61639,-0.0134909,1.61644,,-1.04171,10.8543,-1.04171,1.04431,fluid
1099,9.5,0.382909,,996.219,251.003,0,,1.93407,-0.0406119,1.93449,,-2.21709,10.2327,-2.21709,0.422691,fluid
1100,9.20751,0.389225,,988.981,122.23,0,,1.98466,-0.0285658,1.98486,,0.142559,10.2321,0.142559,0.42211,fluid
1101,8.88404,0.410339,,983.131,-43.667,0,,1.78619,-0.0196569,1.78629,,-0.0245955,10.6716,-0.0245955,0.861579,fluid
1102,9.9002,0.406561,,1000.43,289.822,6812.24,,1.96534,-0.0283837,1.96554,,-2.51718,15.4572,-1.82939,5.64721,fluid
1103,9.43742,0.40207,,994.523,228.302,0,,1.96984,-0.0458064,1.97037,,-1.95195,10.2298,-1.95195,0.419772,fluid
1104,9.97824,0.418365,,1000.02,291.9,322.466,,2.01355,-0.0460999,2.01408,,0.758088,10.5899,0.790404,0.779852,fluid
1105,9.23904,0.409059,,989.524,137.698,0,,1.98618,-0.0398976,1.98658,,-0.412853,10.1585,-0.412853,0.348531,fluid
1106,9.41784,0.418986,,993.868,219.636,0,,1.98234,-0.0517183,1.98302,,-1.85419,10.2476,-1.85419,0.437615,fluid
1107,9.58091,0.424694,,997.56,276.244,0,,1.96989,-0.0533613,1.97061,,-2.26828,10.4882,-2.26828,0.6782,fluid
1108,9.85564,0.43658,,1000.37,303.259,5888.16,,2.02276,-0.0405472,2.02316,,-2.28378,15.5295,-1.68656,5.71953,fluid
1109,8.98874,0.42065,,984.217,3.98738,0,,1.8799,-0.0288751,1.88012,,0.335639,10.4599,0.335639,0.64988,fluid
1110,9.21417,0.428113,,988.782,123.8,0,,1.9676,-0.0478927,1.96818,,-0.411641,10.1435,-0.411641,0.33348,fluid
1111,9.67558,0.439417,,999.063,299.818,0,,2.00887,-0.0574249,2.00969,,-1.91151,10.6955,-1.91151,0.885482,fluid
1112,8.98431,0.43254,,984.07,3.5166,0,,1.88028,-0.0364067,1.88064,,0.23345,10.3918,0.23345,0.581814,fluid
1113,8.71856,0.438007,,983.13,-53.2428,0,,1.73674,-0.0422414,1.73725,,-0.569678,10.4777,-0.569678,0.66774,fluid
1114,9.30302,0.440189,,990.798,169.13,0,,2.00238,-0.0585135,2.00323,,-1.16985,10.1453,-1.16985,0.335288,fluid
1115,8.44144,0.431759,,988.62,50.3225,0,,1.61668,-0.052037,1.61751,,-0.481196,10.2204,-0.481196,0.410433,fluid
1116,8.56434,0.440872,,985.517,-11.1774,0,,1.69282,-0.0523216,1.69362,,-0.623815,10.3143,-0.623815,0.504254,fluid
1117,8.546,0.439437,,985.91,-3.46396,0,,1.68958,-0.0524144,1.6904,,-0.624392,10.306,-0.624392,0.495978,fluid
1118,8.08849,0.440874,,995.699,203.775,0,,1.54658,-0.0595932,1.54773,,-0.605787,10.2395,-0.605787,0.429485,fluid
1119,7.94185,0.437239,,996.825,221.588,0,,1.52096,-0.0586627,1.52209,,-0.612587,10.26,-0.612587,0.450003,fluid
1120,7.63315,0.435343,,996.445,204.811,0,,1.5183,-0.0601647,1.51949,,-0.578526,10.107,-0.578526,0.296954,fluid
1121,7.1648,0.435096,,994.399,157.103,0,,1.4392,-0.0620229,1.44054,,-0.286752,9.86324,-0.286752,0.0532393,fluid
1122,6.67733,0.435286,,992.093,147.556,0,,1.35612,-0.064013,1.35763,,-0.257693,9.84003,-0.257693,0.0300251,fluid
1123,6.03812,0.438524,,986.22,6.43546,0,,1.10769,-0.0566942,1.10914,,-0.12572,10.0734,-0.12572,0.263439,fluid
1124,5.56379,0.436699,,991.74,103.935,0,,0.935682,-0.0591899,0.937553,,-0.338101,10.044,-0.338101,0.234031,fluid
1125,4.96832,0.437665,,994.978,152.813,0,,0.830519,-0.0619555,0.832826,,-0.326959,9.91552,-0.326959,0.105523,fluid
1126,4.05625,0.436405,,992.701,91.5478,0,,0.587915,-0.0617501,0.591149,,-0.261641,9.94315,-0.261641,0.133145,fluid
1127,3.56555,0.433926,,992.476,85.8767,0,,0.501442,-0.061216,0.505165,,-0.246075,9.96023,-0.246075,0.150226,fluid
1128,3.36583,0.434138,,992.681,87.3291,0,,0.457121,-0.0612067,0.4612,,-0.239437,9.96917,-0.239437,0.159172,fluid
1129,3.39013,0.422735,,992.718,85.786,0,,0.455108,-0.0563598,0.458585,,-0.233397,9.98452,-0.233397,0.17452,fluid
1130,2.82886,0.420469,,993.39,81.2105,0,,0.374736,-0.0557097,0.378854,,-0.294009,9.99201,-0.294009,0.182013,fluid
1131,2.25046,0.425542,,995.982,87.6475,0,,0.22331,-0.0577221,0.230649,,-0.413395,9.97033,-0.413395,0.160331,fluid
1132,1.80896,0.445356,,995.752,66.5916,0,,0.164032,-0.0675991,0.177415,,-0.265472,9.90326,-0.265472,0.0932565,fluid
1133,2.12676,0.440932,,996.058,95.3159,0,,0.224465,-0.0651076,0.233717,,-0.382623,9.93207,-0.382623,0.122067,fluid
1134,2.83882,0.441086,,993.285,90.4396,0,,0.405065,-0.0647178,0.410203,,-0.302596,9.96232,-0.302596,0.152316,fluid
1135,4.49608,0.429364,,992.419,79.6244,0,,0.711604,-0.0583284,0.713991,,-0.185448,9.95403,-0.185448,0.144027,fluid
1136,2.64693,0.207569,,996.033,-3.24477,0,,0.0443397,-0.00787387,0.0450334,,-0.0887372,10.4005,-0.0887372,0.590474,fluid
1137,2.80012,0.155262,,996.128,-39.4732,0,,-0.054195,-0.000100299,0.0541951,,0.0593305,10.5291,0.0593305,0.719074,fluid
1138,2.66575,0.127006,,996.942,-70.6272,0,,-0.159042,0.00670542,0.159184,,0.0175161,12.2762,0.0175161,2.4662,fluid
1139,2.60115,0.152398,,996.827,-48.2753,0,,-0.0957045,-0.000523439,0.0957059,,-0.0303517,10.5026,-0.0303517,0.692607,fluid
1140,3.42666,0.165451,,995.464,30.9376,0,,0.183718,-0.000254058,0.183719,,-0.152218,10.4798,-0.152218,0.669765,fluid
1141,3.36854,0.205716,,994.901,35.3938,0,,0.211634,-0.0066553,0.211738,,-0.204853,10.3995,-0.204853,0.589548,fluid
1142,3.45319,0.260861,,994.157,59.8628,0,,0.327962,-0.0156376,0.328334,,-0.22244,10.2742,-0.22244,0.464172,fluid
1143,4.31587,0.307483,,993.741,73.958,0,,0.531829,-0.0221781,0.532291,,-0.216053,10.1488,-0.216053,0.338808,fluid
1144,4.40137,0.274853,,994.146,70.7006,0,,0.520656,-0.0162823,0.52091,,-0.154093,10.1944,-0.154093,0.384411,fluid
1145,5.1055,0.283484,,995.948,128.42,0,,0.691702,-0.0184223,0.691947,,-0.600805,10.14,-0.600805,0.329978,fluid
1146,5.48352,0.271967,,994.315,79.8613,0,,0.581839,-0.0115128,0.581953,,-0.905687,10.4556,-0.905687,0.645593,fluid
1147,6.25861,0.300792,,988.342,28.0425,0,,1.1315,-0.0142145,1.13159,,1.27869,10.2167,1.27869,0.406666,fluid
1148,6.38725,0.277007,,990.064,74.7807,0,,1.24489,-0.0159999,1.24499,,1.53656,10.0603,1.53656,0.250336,fluid
1149,7.10962,0.269163,,995.345,131.625,0,,1.20018,-0.0204438,1.20035,,-0.580908,9.87868,-0.580908,0.0686846,fluid
1150,7.75492,0.287101,,997.559,179.074,0,,1.22987,-0.0179601,1.23,,-1.02038,10.4878,-1.02038,0.677831,fluid
1151,7.49301,0.306351,,996.536,167.444,0,,1.30498,-0.0233699,1.30519,,-0.729138,10.1543,-0.729138,0.344292,fluid
1152,7.3529,0.322084,,995.657,153.604,0,,1.32121,-0.0271754,1.32149,,-0.615853,10.0081,-0.615853,0.19815,fluid
1153,8.23188,0.318304,,994.373,132.533,0,,1.2913,-0.018076,1.29143,,-0.942501,10.6532,-0.942501,0.843218,fluid
1154,8.0598,0.331154,,996.538,181.711,0,,1.32878,-0.0237277,1.32899,,-0.740767,10.5903,-0.740767,0.780265,fluid
1155,8.68062,0.361348,,984.601,-58.1016,0,,1.47503,-0.00121417,1.47503,,-1.6721,11.0659,-1.6721,1.25591,fluid
1156,8.62779,0.326491,,986.182,-48.9584,0,,1.26902,0.0317386,1.26942,,-2.61245,13.6918,-2.61245,3.88182,fluid
1157,9.21325,0.343436,,989.664,132.413,0,,2.03488,-0.0111018,2.03491,,1.09195,10.3466,1.09195,0.536603,fluid
1158,9.8387,0.350037,,1000.67,272.346,10616.1,,1.82202,-0.0108754,1.82206,,-5.23277,14.802,-4.15448,4.99204,fluid
1159,8.82956,0.351989,,983.806,-72.7287,0,,1.57996,0.0515247,1.5808,,-0.477692,14.0255,-0.477692,4.21553,fluid
1160,10.3517,0.361354,,993.519,132,0,,1.89555,-0.0312983,1.89581,,-0.0237214,10.2044,-0.0237214,0.39436,fluid
1161,9.31451,0.373793,,991.719,176.655,0,,2.00044,-0.0308715,2.00068,,-0.682112,10.1421,-0.682112,0.332063,fluid
1162,9.58078,0.359988,,998.116,272.485,0,,1.88623,-0.0354523,1.88656,,-2.37896,10.1967,-2.37896,0.38672,fluid
1163,10.602,0.388786,,986.793,11.1205,0,,1.94771,-0.0340394,1.948,,-0.641428,10.5712,-0.641428,0.761246,fluid
1164,10.0524,0.378489,,999.33,258.83,0,,1.96194,-0.0365934,1.96228,,1.07508,10.1244,1.07508,0.314404,fluid
1165,10.0351,0.398271,,999.53,270.616,0,,1.99785,-0.0415889,1.99829,,1.05897,10.2186,1.05897,0.408559,fluid
1166,10.7388,0.401827,,983.372,-44.4473,0,,2.00405,-0.0339275,2.00434,,-0.696211,10.7486,-0.696211,0.938568,fluid
1167,10.7481,0.414924,,983.038,-46.3132,0,,2.04582,-0.0399339,2.04621,,-0.60279,10.6498,-0.60279,0.839807,fluid
1168,10.9726,0.420754,,980.743,-34.4342,0,,2.15786,-0.0381822,2.1582,,-0.102256,10.6659,-0.102256,0.855909,fluid
1169,10.2931,0.403828,,994.728,168.361,0,,2.00677,-0.0436251,2.00725,,0.416489,10.1023,0.416489,0.292308,fluid
1170,10.5196,0.424475,,988.815,56.775,0,,2.0248,-0.0505614,2.02543,,-0.311096,10.2468,-0.311096,0.436804,fluid
1171,10.8187,0.430214,,981.744,-55.2511,0,,2.11222,-0.045817,2.11272,,-0.43638,10.5836,-0.43638,0.773585,fluid
1172,11.1133,0.440179,,980.912,21.4874,0,,2.25091,-0.0517251,2.2515,,0.101222,10.3328,0.101222,0.522775,fluid
1173,10.2658,0.417476,,995.324,184.44,0,,2.03557,-0.0482167,2.03614,,0.535659,10.1116,0.535659,0.301647,fluid
1174,10.6508,0.436097,,985.112,-10.138,0,,2.07531,-0.0547071,2.07603,,-0.434291,10.3457,-0.434291,0.535658,fluid
1175,11.0452,0.440783,,980.606,-4.75636,0,,2.23325,-0.0504884,2.23382,,-0.0130845,10.4223,-0.0130845,0.61227,fluid
1176,10.0832,0.42755,,998.806,262.499,0,,2.043,-0.051415,2.04364,,1.07799,10.2814,1.07799,0.471364,fluid
1177,10.4347,0.438923,,991.106,104.624,0,,2.05776,-0.0581469,2.05859,,-0.0456476,10.1191,-0.0456476,0.309071,fluid
1178,10.8663,0.43919,,981.071,-53.7302,0,,2.16851,-0.0499703,2.16909,,-0.342309,10.5282,-0.342309,0.718186,fluid
1179,10.0282,0.438523,,999.551,285.322,0,,2.07041,-0.0550627,2.07114,,1.01501,10.4092,1.01501,0.599188,fluid
1180,10.3721,0.438432,,992.755,137.553,0,,2.06422,-0.0579943,2.06503,,0.161731,10.0842,0.161731,0.274194,fluid
1181,10.2426,0.4379,,995.827,201.161,0,,2.07678,-0.0562533,2.07754,,0.618425,10.1395,0.618425,0.32945,fluid
1182,9.6435,0.439273,,998.581,294.22,0,,2.00865,-0.0580177,2.00949,,-2.07943,10.6482,-2.07943,0.838246,fluid
1183,9.55647,0.435994,,996.979,272.267,0,,2.00072,-0.0579395,2.00156,,-2.2597,10.4995,-2.2597,0.689508,fluid
1184,9.03167,0.440297,,984.792,30.324,0,,1.92511,-0.0438485,1.92561,,0.181352,10.282,0.181352,0.472026,fluid
1185,8.76417,0.436518,,982.765,-55.8173,0,,1.77314,-0.0390181,1.77356,,-0.479457,10.5075,-0.479457,0.697474,fluid
1186,8.28186,0.436177,,992.474,137.573,0,,1.59252,-0.0557568,1.59349,,-0.571163,10.2059,-0.571163,0.395914,fluid
1187,7.77044,0.431629,,996.96,217.888,0,,1.50678,-0.0574309,1.50787,,-0.636979,10.2101,-0.636979,0.40014,fluid
1188,7.0044,0.431984,,994.219,160.671,0,,1.39796,-0.06074,1.39928,,-0.257168,9.83698,-0.257168,0.0269802,fluid
1189,6.25651,0.433755,,986.524,29.5092,0,,1.19665,-0.0571912,1.19802,,0.110184,9.96214,0.110184,0.152142,fluid
1190,5.63783,0.432653,,990.807,83.2115,0,,0.936239,-0.0571974,0.937985,,-0.342482,10.0763,-0.342482,0.266293,fluid
1191,4.98321,0.432017,,995.031,151.915,0,,0.82337,-0.059331,0.825505,,-0.329945,9.92003,-0.329945,0.110025,fluid
1192,4.33345,0.432207,,992.557,87.3339,0,,0.660335,-0.0595374,0.663014,,-0.201261,9.95398,-0.201261,0.143979,fluid
1193,3.59638,0.433753,,992.432,85.7642,0,,0.510954,-0.0610849,0.514593,,-0.240766,9.9589,-0.240766,0.148895,fluid
1194,3.04343,0.441538,,992.621,85.3359,0,,0.435377,-0.0651423,0.440224,,-0.313703,9.96423,-0.313703,0.154233,fluid
1195,2.72923,0.443219,,993.843,93.8346,0,,0.378606,-0.0656274,0.384252,,-0.30983,9.96114,-0.30983,0.151137,fluid
1196,2.45773,0.448347,,995.279,110.847,0,,0.325927,-0.0672584,0.332795,,-0.379529,9.95667,-0.379529,0.146665,fluid
1197,3.10225,0.433447,,992.585,82.7286,0,,0.43209,-0.0613345,0.436422,,-0.311661,9.97429,-0.311661,0.164289,fluid
1198,3.89164,0.431253,,992.439,89.9052,0,,0.583091,-0.0597104,0.58614,,-0.248265,9.94937,-0.248265,0.139369,fluid
1199,6.21352,0.430284,,986.371,19.8084,0,,1.1576,-0.0545229,1.15888,,0.10264,9.99804,0.10264,0.188037,fluid
1200,2.96824,0.127875,,996.266,-52.2077,0,,-0.103043,0.00966937,0.103496,,-0.0476181,12.7924,-0.0476181,2.9824,fluid
1201,3.81094,0.136565,,995.731,46.296,0,,0.28159,0.00265305,0.281603,,-0.0165189,11.2209,-0.0165189,1.41091,fluid
1202,3.70102,0.131811,,995.787,46.5495,0,,0.270018,0.0271445,0.271379,,0.0660878,12.0963,0.0660878,2.2863,fluid
1203,3.39453,0.128669,,995.984,11.0361,0,,0.10338,0.0752216,0.12785,,-0.134688,13.247,-0.134688,3.43704,fluid
1204,4.5851,0.122074,,996.381,68.3933,0,,0.450643,0.00268535,0.450651,,0.218686,11.1324,0.218686,1.32237,fluid
1205,4.41181,0.148444,,995.965,56.7439,0,,0.373958,-0.000432429,0.373959,,-0.0727001,10.3506,-0.0727001,0.540643,fluid
1206,4.21586,0.174797,,995.399,44.1752,0,,0.315965,-0.00334684,0.315983,,-0.351354,10.3291,-0.351354,0.519074,fluid
1207,4.29639,0.221371,,994.851,59.4552,0,,0.412471,-0.00855013,0.41256,,-0.229027,10.2722,-0.229027,0.462196,fluid
1208,5.3014,0.224933,,995.843,94.09,0,,0.5479,-0.00753181,0.547952,,-1.08907,10.372,-1.08907,0.562,fluid
1209,5.57471,0.232465,,994.226,48.2662,0,,0.429718,-0.00283717,0.429728,,-1.13629,10.6255,-1.13629,0.815513,fluid
1210,5.832,0.22575,,992.141,1.9397,0,,0.426881,0.0310865,0.428012,,-1.23909,13.2561,-1.23909,3.44608,fluid
1211,7.18658,0.237579,,995.71,126.527,0,,1.15792,-0.015653,1.15803,,-0.724446,9.93822,-0.724446,0.128218,fluid
1212,7.81184,0.259436,,997.797,169.747,0,,1.1369,-0.0129661,1.13697,,-1.11453,10.5926,-1.11453,0.782594,fluid
1213,8.03878,0.246736,,997.308,153.047,0,,1.05446,-0.00856843,1.05449,,-0.92041,10.7905,-0.92041,0.980517,fluid
1214,8.57847,0.275909,,988.28,-74.3113,0,,0.751828,0.506578,0.906568,,-3.88582,18.3857,-3.88582,8.57566,fluid
1215,8.50046,0.285463,,989.704,1.51435,0,,0.994635,0.0455465,0.995678,,-3.4848,14.1791,-3.4848,4.36908,fluid
1216,8.46292,0.302893,,989.941,23.4715,0,,1.13875,-0.000266511,1.13875,,-2.62047,11.0356,-2.62047,1.22561,fluid
1217,9.28984,0.298444,,992.079,186.646,0,,2.14488,-0.00603246,2.14489,,1.42342,10.2461,1.42342,0.436139,fluid
1218,9.10105,0.31764,,987.408,56.814,0,,1.98541,0.0933067,1.9876,,2.64528,14.0333,2.64528,4.22327,fluid
1219,9.97255,0.334361,,1000.15,257.784,2339.28,,1.80507,-0.0257817,1.80526,,-0.268131,11.7229,-0.0335941,1.91292,fluid
1220,10.16,0.298122,,997.619,192.632,0,,1.77232,-0.0212329,1.77245,,0.554862,9.95601,0.554862,0.146012,fluid
1221,10.6481,0.320426,,987.062,-3.41394,0,,1.6476,-0.00830811,1.64762,,-1.61053,11.1685,-1.61053,1.35852,fluid
1222,10.1916,0.323237,,997.017,189.121,0,,1.82925,-0.0246087,1.82942,,0.549908,10.0232,0.549908,0.213186,fluid
1223,10.7601,0.344344,,984.121,-45.5844,0,,1.79429,-0.00908815,1.79432,,-1.18905,11.2827,-1.18905,1.47267,fluid
1224,11.2584,0.359975,,982.952,60.3514,0,,2.19766,-0.0213883,2.19777,,1.00765,10.5744,1.00765,0.764365,fluid
1225,10.824,0.360126,,982.794,-56.3328,0,,1.89256,-0.012201,1.8926,,-0.795891,11.2341,-0.795891,1.42406,fluid
1226,10.7588,0.374945,,983.425,-48.6394,0,,1.92247,-0.0211154,1.92258,,-0.880804,11.0138,-0.880804,1.20384,fluid
1227,11.6231,0.389058,,984.788,112.031,0,,2.32279,-0.0437036,2.3232,,-0.0916891,9.93508,-0.0916891,0.125084,fluid
1228,11.3757,0.38494,,983.157,83.1285,0,,2.2699,-0.0364683,2.27019,,0.361918,10.1866,0.361918,0.37658,fluid
1229,11.8918,0.399928,,986.583,128.077,0,,2.46111,-0.0496716,2.46162,,-0.0829666,9.84708,-0.0829666,0.0370782,fluid
1230,11.0064,0.398832,,981.057,-26.0016,0,,2.11547,-0.0271596,2.11565,,0.0822768,10.8252,0.0822768,1.01518,fluid
1231,12.466,0.396737,,992.257,208.777,0,,2.65671,-0.04919,2.65716,,-0.501114,9.82786,-0.501114,0.0178557,fluid
1232,11.2885,0.40506,,982.338,69.6575,0,,2.27585,-0.0407492,2.27621,,0.386562,10.2483,0.386562,0.438312,fluid
1233,12.1524,0.406723,,989.582,157.028,0,,2.57686,-0.05344,2.57742,,-0.315394,9.82697,-0.315394,0.0169651,fluid
1234,11.4548,0.411171,,983.203,94.7054,0,,2.33196,-0.0489206,2.33248,,0.0267926,10.0224,0.0267926,0.212417,fluid
1235,12.6993,0.413167,,989.978,163,0,,2.70681,-0.0547987,2.70737,,-0.44272,9.82881,-0.44272,0.0188099,fluid
1236,11.8645,0.417568,,985.994,124.534,0,,2.47579,-0.0555127,2.47641,,-0.0931355,9.84621,-0.0931355,0.0362141,fluid
1237,11.4265,0.419401,,982.915,91.736,0,,2.33434,-0.0518405,2.33491,,0.0365439,10.0261,0.0365439,0.216117,fluid
1238,12.2167,0.420784,,990.176,169.32,0,,2.6237,-0.0582182,2.62435,,-0.348071,9.83805,-0.348071,0.0280477,fluid
1239,12.9431,0.431718,,986.778,108.41,0,,2.73397,-0.0617952,2.73467,,-0.3449,9.83947,-0.3449,0.0294737,fluid
1240,11.5091,0.427884,,983.324,101.408,0,,2.36188,-0.0568707,2.36257,,-0.103616,9.94819,-0.103616,0.138186,fluid
1241,12.0863,0.43316,,988.065,138.384,0,,2.60721,-0.062986,2.60797,,-0.250289,9.8276,-0.250289,0.0175981,fluid
1242,12.5348,0.439269,,991.662,215.387,0,,2.76312,-0.0643626,2.76387,,-0.450449,9.82755,-0.450449,0.0175481,fluid
1243,11.4938,0.436499,,983.102,100.492,0,,2.37494,-0.0607079,2.37571,,-0.108397,9.94506,-0.108397,0.135065,fluid
1244,12.446,0.439006,,991.869,218.444,0,,2.74617,-0.0642532,2.74692,,-0.44102,9.84409,-0.44102,0.034089,fluid
1245,11.8265,0.440408,,985.273,121.368,0,,2.50362,-0.0646535,2.50445,,-0.115967,9.85297,-0.115967,0.0429726,fluid
1246,11.6256,0.439303,,983.941,112.311,0,,2.4197,-0.0630591,2.42052,,-0.174984,9.89231,-0.174984,0.0823086,fluid
1247,11.414,0.437195,,982.594,91.9969,0,,2.36596,-0.0599258,2.36672,,-0.0176119,9.99338,-0.0176119,0.183377,fluid
1248,10.942,0.43767,,980.6,-40.8254,0,,2.19495,-0.0479717,2.19547,,-0.197373,10.5408,-0.197373,0.73076,fluid
1249,10.5923,0.433135,,986.714,18.6899,0,,2.05981,-0.0541294,2.06052,,-0.374815,10.2828,-0.374815,0.472841,fluid
1250,10.262,0.433548,,995.401,190.816,0,,2.06621,-0.0545051,2.06693,,0.552889,10.1214,0.552889,0.311448,fluid
1251,9.73307,0.432356,,999.811,307.572,0,,2.00603,-0.053562,2.00675,,-1.51357,10.6996,-1.51357,0.88961,fluid
1252,9.16105,0.433923,,987.508,97.535,0,,1.96513,-0.0479106,1.96572,,-0.133617,10.164,-0.133617,0.35404,fluid
1253,8.72124,0.433607,,983.107,-54.5129,0,,1.73755,-0.039107,1.73799,,-0.604357,10.5122,-0.604357,0.702206,fluid
1254,8.0315,0.432975,,996.289,211.175,0,,1.51731,-0.0562367,1.51835,,-0.619328,10.2727,-0.619328,0.462666,fluid
1255,7.40713,0.431953,,995.261,171.42,0,,1.4694,-0.0592346,1.4706,,-0.429285,9.95901,-0.429285,0.149009,fluid
1256,6.86713,0.432629,,993.795,162.914,0,,1.37262,-0.0617378,1.37401,,-0.2787,9.83014,-0.2787,0.02014,fluid
1257,5.815,0.433851,,988.449,40.0051,0,,0.993366,-0.0551968,0.994898,,-0.30949,10.1125,-0.30949,0.302485,fluid
1258,4.8321,0.433237,,994.296,133.823,0,,0.818262,-0.0600698,0.820463,,-0.292941,9.91611,-0.292941,0.106106,fluid
1259,4.213,0.431705,,992.74,91.9832,0,,0.622923,-0.0592302,0.625732,,-0.234504,9.95393,-0.234504,0.143933,fluid
1260,3.33948,0.438483,,992.666,87.8611,0,,0.455851,-0.0631364,0.460203,,-0.253573,9.96434,-0.253573,0.154341,fluid
1261,3.97577,0.429942,,992.601,89.7207,0,,0.579743,-0.0589293,0.58273,,-0.246872,9.95085,-0.246872,0.140848,fluid
1262,5.23056,0.42855,,994.675,149.788,0,,0.854167,-0.057396,0.856093,,-0.423421,9.96866,-0.423421,0.158657,fluid
1263,7.88958,0.42852,,997.006,218.789,0,,1.48454,-0.0551951,1.48557,,-0.61552,10.2669,-0.61552,0.456884,fluid
1264,4.01123,0.140856,,995.709,26.8832,0,,0.221005,-0.000109652,0.221005,,-0.256616,10.367,-0.256616,0.556987,fluid
1265,4.9002,0.125947,,997.051,90.0713,0,,0.506905,-0.000175306,0.506905,,-0.408906,10.259,-0.408906,0.448977,fluid
1266,5.11444,0.133781,,997.175,67.407,0,,0.361875,-9.00071e-05,0.361875,,-1.13513,10.326,-1.13513,0.516025,fluid
1267,4.82022,0.126304,,996.852,87.6901,0,,0.515275,5.5274e-05,0.515275,,-0.0817823,10.2894,-0.0817823,0.479421,fluid
1268,6.72821,0.139398,,996.326,157.974,0,,1.20012,-0.0115905,1.20018,,-0.78877,9.82807,-0.78877,0.0180721,fluid
1269,6.47751,0.1512,,993.731,163.905,0,,1.51135,-0.00452462,1.51135,,3.1495,10.0275,3.1495,0.21751,fluid
1270,5.60997,0.183616,,995.125,8.19414,0,,0.134695,0.0679087,0.150845,,-1.64087,13.1031,-1.64087,3.29314,fluid
1271,5.55309,0.165361,,995.754,12.6554,0,,0.115318,0.0272045,0.118484,,-1.84099,13.5095,-1.84099,3.69954,fluid
1272,5.58627,0.187286,,995.09,24.2064,0,,0.227016,0.00842231,0.227172,,-1.67622,12.5947,-1.67622,2.7847,fluid
1273,7.47669,0.209224,,997.205,142.776,0,,1.09784,-0.0100572,1.09789,,-1.1049,10.2154,-1.1049,0.405446,fluid
1274,7.55249,0.188294,,997.633,137.727,0,,1.01604,-0.00722889,1.01607,,-1.2232,10.3187,-1.2232,0.50874,fluid
1275,9.28441,0.240476,,991.844,182.938,0,,2.45924,0.39865,2.49134,,3.91766,12.9394,3.91766,3.12942,fluid
1276,8.18664,0.218005,,996.344,112.074,0,,0.856914,-0.000880743,0.856914,,-1.4384,10.9292,-1.4384,1.11921,fluid
1277,9.49888,0.236186,,997.872,282.509,0,,2.07447,-0.0142578,2.07452,,-1.2542,9.81909,-1.2542,0.00908928,fluid
1278,10.1954,0.228854,,997.075,150.163,0,,1.48731,-0.0116708,1.48735,,-0.23563,9.98172,-0.23563,0.171717,fluid
1279,10.3821,0.258785,,993.884,96.8362,0,,1.4407,-0.00883587,1.44072,,-1.47841,10.5253,-1.47841,0.715335,fluid
1280,9.38341,0.274861,,994.673,237.261,0,,2.15496,-0.0112398,2.15499,,0.307333,10.0499,0.307333,0.239901,fluid
1281,11.2349,0.301852,,984.207,50.6597,0,,2.04632,-0.00135002,2.04632,,2.22772,11.0074,2.22772,1.19742,fluid
1282,10.2291,0.268628,,996.465,157.168,0,,1.64557,-0.0154566,1.64564,,-0.0861841,10.0596,-0.0861841,0.24958,fluid
1283,10.576,0.274998,,990.213,31.9234,0,,1.32554,-0.000208319,1.32554,,-2.43985,11.1833,-2.43985,1.37335,fluid
1284,10.6022,0.29927,,988.778,18.9869,0,,1.50995,-0.0047933,1.50995,,-1.94115,11.148,-1.94115,1.33801,fluid
1285,12.5231,0.306881,,993.025,186.871,0,,2.53091,-0.0308718,2.53109,,-0.725894,9.80564,-0.725894,-0.00436292,fluid
1286,10.9769,0.314922,,982.994,-37.9758,0,,1.82136,0.0129194,1.82141,,0.414765,13.6644,0.414765,3.85441,fluid
1287,11.6806,0.318982,,986.867,120.351,0,,2.19869,-0.0272099,2.19885,,0.191579,9.99624,0.191579,0.186241,fluid
1288,11.4538,0.329926,,984.815,92.36,0,,2.18719,-0.022803,2.18731,,0.705844,10.2609,0.705844,0.4509,fluid
1289,12.6048,0.343579,,991.717,171.756,0,,2.5842,-0.0371606,2.58447,,-0.542072,9.80429,-0.542072,-0.00570676,fluid
1290,11.167,0.338504,,982.872,30.9496,0,,2.08639,-0.00845754,2.0864,,1.34254,10.9893,1.34254,1.17932,fluid
1291,11.8915,0.351859,,987.777,137.174,0,,2.37338,-0.0368439,2.37367,,-0.00123121,9.86563,-0.00123121,0.0556278,fluid
1292,13.2505,0.345064,,985.963,83.0801,0,,2.64685,-0.0379966,2.64713,,-0.333176,9.84679,-0.333176,0.0367927,fluid
1293,11.6519,0.369657,,985.403,115.542,0,,2.29699,-0.0384143,2.29731,,-0.0445048,9.95299,-0.0445048,0.142993,fluid
1294,13.385,0.368224,,986.265,97.389,0,,2.71051,-0.0426331,2.71084,,-0.344971,9.86411,-0.344971,0.0541132,fluid
1295,11.822,0.362207,,986.94,130.79,0,,2.34714,-0.0382054,2.34745,,0.00906511,9.88315,0.00906511,0.073151,fluid
1296,13.196,0.374286,,985.582,82.4759,0,,2.68993,-0.0443046,2.6903,,-0.31946,9.84148,-0.31946,0.0314791,fluid
1297,12.0435,0.379275,,988.808,145.706,0,,2.47058,-0.0446711,2.47099,,-0.215846,9.81939,-0.215846,0.00938766,fluid
1298,13.5827,0.395435,,987.63,128.626,0,,2.79148,-0.0493739,2.79192,,-0.362393,9.88288,-0.362393,0.0728818,fluid
1299,13.9476,0.393324,,990.637,161.045,0,,2.80252,-0.0436613,2.80286,,-0.555879,9.92487,-0.555879,0.114866,fluid
1300,13.0735,0.383914,,985.878,83.4038,0,,2.67328,-0.0466861,2.67368,,-0.29555,9.82025,-0.29555,0.010248,fluid
1301,13.1411,0.398848,,985.504,84.3799,0,,2.71362,-0.0510277,2.7141,,-0.309111,9.82972,-0.309111,0.0197157,fluid
1302,14.2514,0.407439,,989.352,100.897,0,,2.97551,-0.0464741,2.97587,,-0.264821,9.88798,-0.264821,0.077984,fluid
1303,13.6826,0.407775,,988.616,148.3,0,,2.81448,-0.0524322,2.81497,,-0.448739,9.90363,-0.448739,0.0936285,fluid
1304,13.0094,0.407773,,986.218,93.2974,0,,2.70231,-0.0534007,2.70284,,-0.313591,9.82738,-0.313591,0.0173753,fluid
1305,13.8595,0.417618,,990.045,166.368,0,,2.84323,-0.0536539,2.84374,,-0.507035,9.89522,-0.507035,0.085216,fluid
1306,13.5383,0.415368,,986.941,122.13,0,,2.82986,-0.0560128,2.83041,,-0.33801,9.87687,-0.33801,0.0668685,fluid
1307,13.3386,0.417655,,985.404,93.493,0,,2.80383,-0.0568865,2.80441,,-0.314993,9.84977,-0.314993,0.03977,fluid
1308,13.6785,0.43406,,988.319,150.736,0,,2.87331,-0.0623819,2.87399,,-0.427254,9.89432,-0.427254,0.0843153,fluid
1309,13.1398,0.427341,,985.378,88.7854,0,,2.75696,-0.0607303,2.75763,,-0.287329,9.83294,-0.287329,0.0229387,fluid
1310,13.4908,0.435743,,986.268,115.479,0,,2.86962,-0.0639338,2.87033,,-0.31236,9.87286,-0.31236,0.0628612,fluid
1311,13.2538,0.435885,,985.085,90.7337,0,,2.8181,-0.0641559,2.81883,,-0.281823,9.84854,-0.281823,0.0385355,fluid
1312,13.079,0.43518,,985.671,93.9114,0,,2.75759,-0.0636865,2.75832,,-0.301886,9.83308,-0.301886,0.0230811,fluid
1313,12.9126,0.43343,,987.116,114.975,0,,2.74219,-0.0624781,2.7429,,-0.373251,9.83855,-0.373251,0.028553,fluid
1314,12.3775,0.434879,,991.679,211.214,0,,2.72411,-0.0628709,2.72483,,-0.449541,9.835,-0.449541,0.025004,fluid
1315,11.8418,0.432581,,985.511,122.142,0,,2.49923,-0.0613166,2.49998,,-0.109207,9.85037,-0.109207,0.0403663,fluid
1316,11.1925,0.432056,,981.433,48.0781,0,,2.27503,-0.0498399,2.27557,,0.230514,10.2719,0.230514,0.46194,fluid
1317,10.7829,0.429363,,982.267,-51.9295,0,,2.10203,-0.0464133,2.10254,,-0.484339,10.5654,-0.484339,0.755415,fluid
1318,10.3512,0.428926,,993.293,145.885,0,,2.04745,-0.0536318,2.04815,,0.235294,10.0938,0.235294,0.283838,fluid
1319,9.7436,0.42805,,999.936,307.649,0,,1.9977,-0.0518423,1.99837,,-1.42605,10.6759,-1.42605,0.865938,fluid
1320,9.07247,0.431168,,985.631,49.5161,0,,1.93208,-0.0402655,1.9325,,0.219765,10.2698,0.219765,0.459805,fluid
1321,8.31285,0.429418,,991.849,120.919,0,,1.5751,-0.0522957,1.57596,,-0.548655,10.2167,-0.548655,0.406669,fluid
1322,7.39004,0.426634,,995.213,167.115,0,,1.44451,-0.0570914,1.44564,,-0.424785,9.95006,-0.424785,0.140063,fluid
1323,5.96168,0.429608,,986.904,10.9641,0,,1.03946,-0.0521394,1.04077,,-0.184604,10.1214,-0.184604,0.311396,fluid
1324,5.06611,0.429432,,995.125,153.529,0,,0.823837,-0.0581448,0.825886,,-0.341993,9.92736,-0.341993,0.11736,fluid
1325,5.34046,0.428612,,994.038,138.165,0,,0.857293,-0.056502,0.859152,,-0.476433,10.004,-0.476433,0.193991,fluid
1326,6.95329,0.426989,,994.101,157.066,0,,1.36068,-0.0589043,1.36196,,-0.254657,9.83448,-0.254657,0.0244802,fluid
1327,9.80704,0.427554,,1000.32,303.234,5022.15,,1.99206,-0.0425466,1.99252,,-2.47889,14.7562,-1.96696,4.94623,fluid
1328,5.06777,0.123245,,997.25,70.3252,0,,0.382026,0.00066055,0.382027,,-1.01891,10.577,-1.01891,0.766969,fluid
1329,5.209,0.144836,,997.191,23.836,0,,0.111998,-0.000235629,0.111999,,-0.824902,10.3892,-0.824902,0.579171,fluid
1330,6.97878,0.125371,,996.499,92.5207,0,,0.855875,-0.00871582,0.855919,,-1.70479,9.85707,-1.70479,0.0470658,fluid
1331,6.83065,0.126337,,996.481,120.654,0,,1.00352,-0.0108446,1.00358,,-1.57378,9.81468,-1.57378,0.00467638,fluid
1332,8.26351,0.195596,,996.391,53.3697,0,,0.304114,0.215621,0.372797,,-1.91933,13.5392,-1.91933,3.72922,fluid
1333,8.07768,0.156093,,998.01,92.6959,0,,0.532033,0.00639845,0.532071,,-1.15529,12.6924,-1.15529,2.88238,fluid
1334,7.95623,0.132081,,998.466,90.213,0,,0.514825,0.00648101,0.514866,,-1.24118,12.678,-1.24118,2.86801,fluid
1335,7.6049,0.130546,,998.122,103.501,0,,0.74295,-0.00187127,0.742953,,-1.46853,10.4143,-1.46853,0.604294,fluid
1336,7.5992,0.14871,,998,116.895,0,,0.843092,-0.00331624,0.843098,,-1.39576,10.3991,-1.39576,0.589138,fluid
1337,7.74079,0.175578,,998.12,123.783,0,,0.833823,-0.00374432,0.833832,,-1.37983,10.5891,-1.37983,0.779107,fluid
1338,9.80127,0.176637,,1000.5,201.187,7865.93,,1.38801,-0.00935473,1.38804,,-5.79198,10.6432,-4.98984,0.833167,fluid
1339,10.4622,0.191396,,995.22,41.3344,0,,0.514909,0.0685425,0.519451,,-3.20812,14.8579,-3.20812,5.04793,fluid
1340,10.0647,0.18911,,998.671,158.35,0,,1.32541,-0.0115228,1.32546,,0.217893,9.64825,0.217893,-0.161755,fluid
1341,10.5598,0.218167,,993.144,32.316,0,,0.728008,0.10102,0.734983,,-3.67179,16.1552,-3.67179,6.34521,fluid
1342,10.5652,0.234663,,992.157,36.3621,0,,0.951712,0.0251041,0.952043,,-3.38488,14.6833,-3.38488,4.87331,fluid
1343,12.9983,0.237458,,987.53,42.3981,0,,2.14777,-0.0244906,2.14791,,-0.355861,9.82023,-0.355861,0.0102296,fluid
1344,10.3718,0.236849,,994.41,92.7304,0,,1.29709,-0.00554107,1.2971,,-1.71681,10.5355,-1.71681,0.72546,fluid
1345,13.4894,0.26368,,989.495,104.565,0,,2.24813,-0.0258711,2.24827,,-0.177248,9.92197,-0.177248,0.111968,fluid
1346,11.2952,0.27147,,985.538,60.7819,0,,1.93495,0.00235835,1.93495,,3.02772,11.5592,3.02772,1.74924,fluid
1347,13.074,0.25121,,987.271,53.7663,0,,2.24742,-0.0257298,2.24757,,-0.348044,9.82169,-0.348044,0.0116918,fluid
1348,11.2383,0.283159,,984.785,48.9707,0,,1.97276,0.00545239,1.97277,,2.75963,12.2438,2.75963,2.43382,fluid
1349,13.1123,0.26525,,987.06,61.5897,0,,2.33162,-0.0271166,2.33177,,-0.365207,9.82341,-0.365207,0.0134072,fluid
1350,13.5353,0.296234,,988.912,112.027,0,,2.44713,-0.0294218,2.44731,,-0.27578,9.92099,-0.27578,0.110989,fluid
1351,13.1481,0.288444,,986.695,69.7027,0,,2.44355,-0.0296631,2.44373,,-0.365748,9.84224,-0.365748,0.0322384,fluid
1352,14.3895,0.326711,,989.971,96.1363,0,,2.87808,-0.0244513,2.87818,,-0.165187,9.90088,-0.165187,0.090877,fluid
1353,13.8185,0.323691,,990.9,150.115,0,,2.5673,-0.0294086,2.56747,,-0.694645,9.95084,-0.694645,0.140836,fluid
1354,13.2064,0.313196,,986.368,77.7069,0,,2.54855,-0.0327671,2.54876,,-0.342631,9.84697,-0.342631,0.0369746,fluid
1355,15.461,0.344228,,988.122,71.6656,0,,3.12367,-0.0184229,3.12373,,0.748949,10.3405,0.748949,0.53053,fluid
1356,13.2597,0.331551,,986.196,82.9547,0,,2.61308,-0.0355725,2.61333,,-0.335598,9.85247,-0.335598,0.0424684,fluid
1357,14.2286,0.335545,,990.543,108.676,0,,2.77557,-0.0253405,2.77569,,-0.295556,9.92781,-0.295556,0.117805,fluid
1358,14.5375,0.35719,,989.726,116.597,0,,3.00112,-0.0330925,3.0013,,-0.330667,9.87604,-0.330667,0.0660353,fluid
1359,13.8855,0.342009,,991.097,157.99,0,,2.64454,-0.0316727,2.64473,,-0.703394,9.94763,-0.703394,0.137625,fluid
1360,15.0178,0.364797,,988.095,83.2625,0,,2.93845,-0.027203,2.93858,,-0.788498,10.3823,-0.788498,0.572318,fluid
1361,13.7557,0.370892,,989.781,154.194,0,,2.72497,-0.0405891,2.72527,,-0.522749,9.92096,-0.522749,0.110959,fluid
1362,15.504,0.384938,,987.809,81.6442,0,,3.23701,-0.0332566,3.23718,,0.390778,10.1269,0.390778,0.316901,fluid
1363,13.9898,0.358238,,991.187,155.57,0,,2.72085,-0.0330702,2.72105,,-0.610677,9.9423,-0.610677,0.132304,fluid
1364,14.9199,0.374463,,988.788,108.64,0,,2.96026,-0.0335255,2.96045,,-0.810241,10.2175,-0.810241,0.40754,fluid
1365,14.7325,0.383126,,989.666,139.119,0,,3.03904,-0.0400484,3.0393,,-0.716344,9.98368,-0.716344,0.173685,fluid
1366,15.4476,0.397514,,987.121,67.5565,0,,3.23069,-0.0361727,3.23089,,0.219563,10.1786,0.219563,0.368563,fluid
1367,14.1313,0.377013,,990.48,128.515,0,,2.82008,-0.0367292,2.82032,,-0.381763,9.90591,-0.381763,0.0959069,fluid
1368,15.019,0.399226,,987.542,81.9353,0,,3.05397,-0.0396197,3.05423,,-0.567884,10.2476,-0.567884,0.437592,fluid
1369,15.2506,0.404639,,986.004,32.9953,0,,3.13294,-0.0366111,3.13316,,-0.270445,10.3356,-0.270445,0.52562,fluid
1370,14.7508,0.399609,,989.508,141.45,0,,3.0679,-0.0451576,3.06823,,-0.682189,9.97395,-0.682189,0.16395,fluid
1371,14.8967,0.409514,,988.62,117.679,0,,3.05531,-0.0466099,3.05567,,-0.592017,10.0762,-0.592017,0.266225,fluid
1372,15.0286,0.421541,,987.159,78.5497,0,,3.11963,-0.0491713,3.12001,,-0.453955,10.1717,-0.453955,0.361739,fluid
1373,14.6176,0.411678,,989.488,138.252,0,,3.10127,-0.050679,3.10168,,-0.496154,9.86977,-0.496154,0.0597671,fluid
1374,14.775,0.431452,,989.244,145.356,0,,3.11555,-0.0573839,3.11608,,-0.611111,9.94772,-0.611111,0.137719,fluid
1375,14.4472,0.434478,,988.938,110.282,0,,3.11512,-0.0589993,3.11568,,-0.308385,9.86054,-0.308385,0.0505441,fluid
1376,14.2994,0.436032,,988.87,96.9441,0,,3.07994,-0.0586903,3.0805,,-0.258378,9.86966,-0.258378,0.059664,fluid
1377,13.9269,0.435196,,990.101,164.942,0,,2.89851,-0.0598676,2.89913,,-0.464008,9.90364,-0.464008,0.0936382,fluid
1378,13.7881,0.434351,,989.412,166.497,0,,2.87905,-0.0612594,2.8797,,-0.475724,9.89119,-0.475724,0.0811883,fluid
1379,13.6333,0.431132,,987.822,142.25,0,,2.87563,-0.0615871,2.87629,,-0.417183,9.87769,-0.417183,0.0676906,fluid
1380,13.3038,0.428116,,985.194,92.0057,0,,2.82043,-0.0608642,2.82109,,-0.309502,9.84977,-0.309502,0.0397714,fluid
1381,12.8969,0.426134,,987.287,114.991,0,,2.72749,-0.0596057,2.72814,,-0.384517,9.82858,-0.384517,0.0185846,fluid
1382,12.396,0.427669,,991.845,211.96,0,,2.70869,-0.0599288,2.70935,,-0.458306,9.83625,-0.458306,0.0262466,fluid
1383,11.7054,0.427077,,984.688,117.776,0,,2.42082,-0.0579685,2.42152,,-0.138963,9.89562,-0.138963,0.0856192,fluid
1384,11.0997,0.425716,,980.995,13.677,0,,2.21905,-0.0431185,2.21947,,0.1662,10.4539,0.1662,0.643919,fluid
1385,10.39,0.42389,,992.321,124.993,0,,2.03063,-0.0517762,2.03129,,0.0761181,10.1229,0.0761181,0.312919,fluid
1386,9.76077,0.425208,,1000.09,306.438,1352.41,,1.98553,-0.0500419,1.98616,,-1.70001,11.9383,-1.56147,2.12828,fluid
1387,8.11879,0.428041,,995.404,192.324,0,,1.50993,-0.0535747,1.51088,,-0.604641,10.2729,-0.604641,0.462851,fluid
1388,7.30065,0.427424,,994.811,157.739,0,,1.42414,-0.0578409,1.42531,,-0.37598,9.90536,-0.37598,0.0953631,fluid
1389,7.16891,0.427299,,994.431,152.506,0,,1.40715,-0.0586521,1.40837,,-0.276166,9.86407,-0.276166,0.0540683,fluid
1390,8.67768,0.429793,,983.672,-49.2674,0,,1.68756,-0.0391715,1.68801,,-0.709252,10.5061,-0.709252,0.696144,fluid
1391,11.226,0.426453,,981.707,56.6196,0,,2.27087,-0.0482099,2.27139,,0.278508,10.2488,0.278508,0.438815,fluid
1392,5.88441,0.213262,,991.685,-29.8149,0,,0.372422,0.322423,0.4926,,-0.714895,14.4113,-0.714895,4.6013,fluid
1393,7.06716,0.127398,,996.611,89.4163,0,,0.833623,-0.00748883,0.833657,,-1.4927,9.89647,-1.4927,0.0864662,fluid
1394,8.41959,0.261124,,992.731,-19.1379,0,,0.205747,0.588268,0.62321,,-2.22925,12.8283,-2.22925,3.01827,fluid
1395,8.23427,0.182312,,996.87,64.4343,0,,0.35535,0.113923,0.373165,,-1.943,13.86,-1.943,4.05002,fluid
1396,10.3285,0.172387,,996.224,56.2913,0,,0.611879,0.00294232,0.611886,,-1.8895,11.3448,-1.8895,1.53477,fluid
1397,10.3097,0.167917,,996.366,58.6333,0,,0.627031,0.00178027,0.627034,,-1.75141,10.9911,-1.75141,1.18106,fluid
1398,10.0375,0.121279,,998.026,81.0382,0,,0.713535,-0.00821027,0.713582,,0.00482475,9.55663,0.00482475,-0.253371,fluid
1399,10.1021,0.129045,,997.803,85.0159,0,,0.770779,-0.00614391,0.770804,,-0.2613,9.72552,-0.2613,-0.0844812,fluid
1400,9.9859,0.131909,,998.513,104.29,0,,0.861475,-0.0105711,0.861539,,-0.000208586,9.45544,-0.000208586,-0.354558,fluid
1401,9.93307,0.150153,,999.808,167.392,0,,1.24977,-0.0126284,1.24983,,-0.692344,9.39428,-0.692344,-0.415725,fluid
1402,10.4744,0.198992,,995.457,33.5006,0,,0.358982,0.0472133,0.362074,,-2.66595,14.4704,-2.66595,4.66041,fluid
1403,14.4121,0.182712,,992.326,103.784,0,,2.66809,-0.00277892,2.66809,,0.0124109,10.0033,0.0124109,0.193307,fluid
1404,12.9755,0.186718,,988.331,14.9266,0,,1.77371,-0.0210341,1.77384,,-0.326673,9.82259,-0.326673,0.0125888,fluid
1405,13.2481,0.201651,,989.91,68.0453,0,,1.83967,-0.0221655,1.8398,,-0.112457,9.87408,-0.112457,0.0640807,fluid
1406,13.021,0.209608,,987.973,32.1944,0,,1.969,-0.0224271,1.96913,,-0.343537,9.82201,-0.343537,0.0120062,fluid
1407,16.0723,0.227554,,993.551,129.638,0,,2.91096,-0.0203723,2.91103,,-0.878338,9.81228,-0.878338,0.00227555,fluid
1408,12.89,0.219696,,988.253,36.1274,0,,2.05669,-0.0231667,2.05683,,-0.379488,9.81991,-0.379488,0.00991347,fluid
1409,16.5871,0.246359,,993.473,125.048,0,,3.14525,-0.0187706,3.1453,,-0.361815,9.61133,-0.361815,-0.198673,fluid
1410,13.0383,0.228903,,987.638,41.5478,0,,2.09639,-0.0238426,2.09652,,-0.342597,9.82096,-0.342597,0.0109624,fluid
1411,14.7624,0.253111,,991.052,96.4712,0,,2.41308,-0.0115449,2.41311,,-1.47172,10.2291,-1.47172,0.419122,fluid
1412,16.1321,0.273113,,992.705,126.673,0,,3.1211,-0.0249056,3.1212,,-0.794731,9.82083,-0.794731,0.0108259,fluid
1413,13.7893,0.288303,,991.16,135.391,0,,2.39341,-0.0242776,2.39353,,-0.783104,9.9689,-0.783104,0.158903,fluid
1414,17.4328,0.286467,,991.839,147.501,0,,3.30793,-0.0289784,3.30805,,-0.48297,9.8159,-0.48297,0.00589852,fluid
1415,14.9132,0.271861,,990.673,90.2129,0,,2.31266,-0.0085177,2.31267,,-1.91028,10.5021,-1.91028,0.692125,fluid
1416,15.033,0.288669,,989.967,86.1259,0,,2.47161,-0.00623431,2.47161,,-1.56261,10.6813,-1.56261,0.871339,fluid
1417,15.0354,0.302118,,989.509,84.4438,0,,2.58336,-0.00919401,2.58337,,-1.37847,10.6409,-1.37847,0.830858,fluid
1418,17.2482,0.312994,,991.932,140.225,0,,3.44108,-0.0317176,3.44122,,-0.491395,9.77476,-0.491395,-0.0352426,fluid
1419,14.0501,0.306531,,991.99,144.979,0,,2.56745,-0.0211161,2.56754,,-0.652136,9.96634,-0.652136,0.156344,fluid
1420,15.8145,0.311076,,991.48,143.132,0,,3.27105,-0.0276316,3.27117,,0.220116,9.84736,0.220116,0.0373596,fluid
1421,14.9926,0.311364,,989.46,90.6341,0,,2.65005,-0.0133477,2.65008,,-1.37304,10.537,-1.37304,0.727009,fluid
1422,15.7755,0.335843,,990.885,138.001,0,,3.28346,-0.0311684,3.2836,,0.24023,9.86106,0.24023,0.0510607,fluid
1423,16.9355,0.344487,,992.375,140.523,0,,3.51461,-0.0353968,3.51479,,-0.328187,9.69003,-0.328187,-0.119974,fluid
1424,14.9398,0.342554,,989.102,101.686,0,,2.83606,-0.0233804,2.83615,,-1.0988,10.351,-1.0988,0.541009,fluid
1425,16.5196,0.344174,,992.347,132.63,0,,3.37782,-0.0331054,3.37798,,-0.337642,9.70675,-0.337642,-0.103252,fluid
1426,16.5912,0.360247,,992.332,139.192,0,,3.44283,-0.0369565,3.44302,,-0.298388,9.68238,-0.298388,-0.127615,fluid
1427,16.3498,0.373894,,991.664,128.02,0,,3.43645,-0.0408922,3.43669,,-0.412041,9.7831,-0.412041,-0.0269043,fluid
1428,15.3681,0.357947,,987.179,48.5892,0,,3.06867,-0.0196799,3.06874,,0.286698,10.4267,0.286698,0.616686,fluid
1429,17.4755,0.377651,,991.34,177.713,0,,3.59273,-0.0446184,3.59301,,-0.557266,9.82902,-0.557266,0.0190187,fluid
1430,17.0292,0.381524,,991.748,137.097,0,,3.59712,-0.0446112,3.5974,,-0.319739,9.73825,-0.319739,-0.0717451,fluid
1431,16.0606,0.380455,,991.112,130.349,0,,3.39364,-0.0446184,3.39394,,-0.389586,9.82969,-0.389586,0.0196886,fluid
1432,17.2655,0.391676,,991.451,157.41,0,,3.62806,-0.0478283,3.62837,,-0.498882,9.80506,-0.498882,-0.00493528,fluid
1433,16.8516,0.399577,,992.035,144.724,0,,3.59211,-0.04849,3.59243,,-0.344302,9.70693,-0.344302,-0.103069,fluid
1434,15.8841,0.39087,,990.582,139.379,0,,3.39315,-0.0477852,3.39349,,-0.272188,9.79987,-0.272188,-0.0101272,fluid
1435,16.6795,0.405444,,992.069,146.516,0,,3.5682,-0.0500433,3.56855,,-0.334557,9.73543,-0.334557,-0.0745663,fluid
1436,16.4508,0.409025,,991.687,138.538,0,,3.52363,-0.0508208,3.524,,-0.359774,9.7956,-0.359774,-0.0143974,fluid
1437,15.9075,0.410362,,990.408,137.629,0,,3.43045,-0.0541067,3.43088,,-0.304827,9.82249,-0.304827,0.0124897,fluid
1438,16.3883,0.425814,,991.398,137.053,0,,3.55796,-0.0576009,3.55843,,-0.361072,9.80923,-0.361072,-0.000765567,fluid
1439,15.5951,0.419778,,988.186,103.559,0,,3.34018,-0.0506314,3.34056,,0.096525,9.91375,0.096525,0.103753,fluid
1440,15.8276,0.43249,,989.838,138.528,0,,3.46114,-0.061728,3.46169,,-0.240512,9.80033,-0.240512,-0.00967154,fluid
1441,15.3969,0.435403,,986.241,56.6418,0,,3.2893,-0.0525464,3.28972,,-0.0503776,10.1061,-0.0503776,0.296052,fluid
1442,15.1889,0.43487,,985.607,33.2818,0,,3.23035,-0.0522648,3.23077,,-0.341557,10.2197,-0.341557,0.40972,fluid
1443,14.9242,0.432759,,988.188,113.279,0,,3.11981,-0.0562353,3.12032,,-0.465587,10.0481,-0.465587,0.238079,fluid
1444,14.6889,0.43058,,989.436,148.18,0,,3.12896,-0.0579619,3.1295,,-0.57247,9.9132,-0.57247,0.103196,fluid
1445,14.2192,0.428086,,989.242,105.103,0,,3.01278,-0.0549263,3.01328,,-0.266031,9.89254,-0.266031,0.0825434,fluid
1446,13.7777,0.424196,,989.415,164.192,0,,2.85523,-0.0571791,2.85581,,-0.475457,9.89471,-0.475457,0.0847066,fluid
1447,13.4901,0.42085,,986.41,114.238,0,,2.83848,-0.0580135,2.83907,,-0.312062,9.87358,-0.312062,0.0635831,fluid
1448,13.1313,0.420847,,985.436,87.9614,0,,2.7457,-0.0582701,2.74632,,-0.296004,9.82878,-0.296004,0.0187817,fluid
1449,12.4508,0.423119,,991.996,213.489,0,,2.70276,-0.0579161,2.70338,,-0.454175,9.83764,-0.454175,0.0276447,fluid
1450,11.5937,0.423538,,983.993,109.098,0,,2.36621,-0.0558885,2.36687,,-0.157286,9.90983,-0.157286,0.0998319,fluid
1451,10.5211,0.424737,,988.786,55.9915,0,,2.02007,-0.0506796,2.02071,,-0.303247,10.2471,-0.303247,0.437064,fluid
1452,9.28309,0.429247,,990.429,156.597,0,,1.96739,-0.0521334,1.96808,,-0.940228,10.1335,-0.940228,0.32351,fluid
1453,9.00727,0.430163,,984.458,13.9258,0,,1.88448,-0.0358734,1.88482,,0.274076,10.3727,0.274076,0.562688,fluid
1454,10.4559,0.426067,,990.568,90.9562,0,,2.02739,-0.052082,2.02806,,-0.144803,10.1692,-0.144803,0.359167,fluid
1455,12.9538,0.421383,,986.676,103.288,0,,2.71555,-0.0578642,2.71617,,-0.338052,9.83536,-0.338052,0.0253594,fluid
1456,7.10743,0.127385,,996.696,90.2811,0,,0.835149,-0.00698523,0.835179,,-1.43599,9.91957,-1.43599,0.109571,fluid
1457,8.38082,0.253546,,993.629,8.2883,0,,0.268589,0.446275,0.520866,,-1.96795,12.1805,-1.96795,2.37046,fluid
1458,10.1431,0.13385,,997.528,77.5388,0,,0.726295,-0.00461714,0.72631,,-0.44981,9.84879,-0.44981,0.0387851,fluid
1459,10.3642,0.178772,,996.038,49.0737,0,,0.539219,0.00629123,0.539256,,-2.15461,12.1614,-2.15461,2.35135,fluid
1460,13.4954,0.183043,,992.083,96.5604,0,,1.7008,-0.019246,1.70091,,-0.366791,9.94498,-0.366791,0.134976,fluid
1461,13.9822,0.192584,,993.641,118.771,0,,2.0342,-0.00751232,2.03421,,-1.74351,10.0317,-1.74351,0.221694,fluid
1462,14.1382,0.1633,,994.101,120.714,0,,2.178,-0.00107936,2.178,,-1.26184,10.046,-1.26184,0.235983,fluid
1463,14.2149,0.159209,,993.531,107.185,0,,2.29399,0.0845472,2.29555,,-0.650115,10.2273,-0.650115,0.4173,fluid
1464,12.5946,0.129298,,992.049,15.3289,0,,1.32106,-0.0186905,1.32119,,-0.417028,9.80737,-0.417028,-0.00263166,fluid
1465,12.6162,0.139414,,991.8,21.5038,0,,1.41576,-0.0191529,1.41589,,-0.442167,9.80794,-0.442167,-0.00206185,fluid
1466,12.7079,0.160235,,990.562,20.078,0,,1.57921,-0.0198502,1.57934,,-0.384407,9.81476,-0.384407,0.00475784,fluid
1467,14.5549,0.176994,,992.888,70.1528,0,,1.88775,-0.00428061,1.88776,,0.38326,10.0543,0.38326,0.244343,fluid
1468,17.3639,0.187215,,992.777,97.1617,0,,2.64996,-0.0206825,2.65004,,-0.215745,9.76637,-0.215745,-0.0436299,fluid
1469,15.6539,0.22377,,991.958,139.643,0,,3.21828,0.00764626,3.21829,,2.91151,8.21934,2.91151,-1.59066,fluid
1470,16.9846,0.207498,,993.926,126.719,0,,3.06666,-0.0187404,3.06671,,-0.233787,9.63048,-0.233787,-0.179521,fluid
1471,17.4857,0.212978,,992.177,118.498,0,,2.91565,-0.0221089,2.91573,,-0.500083,9.82498,-0.500083,0.014978,fluid
1472,14.6199,0.216949,,991.773,94.5655,0,,2.41929,-0.00876651,2.41931,,-0.610094,10.0617,-0.610094,0.251671,fluid
1473,17.0448,0.238723,,993.244,126.774,0,,3.20881,-0.0219755,3.20889,,-0.230247,9.6593,-0.230247,-0.150701,fluid
1474,17.8874,0.268186,,989.866,93.7747,0,,2.52387,-0.0175245,2.52393,,-1.93299,10.3427,-1.93299,0.532685,fluid
1475,14.8854,0.251727,,991.148,81.445,0,,2.10576,-0.00648179,2.10577,,-2.03692,10.477,-2.03692,0.667024,fluid
1476,19.7482,0.286141,,993.407,75.2251,0,,3.54059,-0.0200099,3.54065,,-0.604301,9.79405,-0.604301,-0.0159516,fluid
1477,16.6542,0.264405,,993.362,132.568,0,,3.24236,-0.0213113,3.24243,,-0.336468,9.6227,-0.336468,-0.187297,fluid
1478,17.6836,0.253196,,990.786,125.163,0,,3.0425,-0.0238879,3.0426,,-0.917014,9.93459,-0.917014,0.124593,fluid
1479,17.835,0.275263,,989.779,115.215,0,,2.95444,-0.0214701,2.95452,,-1.77272,10.1859,-1.77272,0.375893,fluid
1480,17.4347,0.27769,,991.885,144.506,0,,3.2723,-0.0279628,3.27242,,-0.484925,9.81608,-0.484925,0.00608101,fluid
1481,18.0701,0.302044,,988.868,102.847,0,,2.83629,-0.00628628,2.83629,,-2.64551,10.8424,-2.64551,1.03238,fluid
1482,16.2787,0.291125,,992.448,115.721,0,,3.16499,-0.0254261,3.16509,,-0.643719,9.78849,-0.643719,-0.0215103,fluid
1483,18.0098,0.30668,,988.655,104.3,0,,2.96509,-0.0133883,2.96512,,-2.42422,10.6497,-2.42422,0.839679,fluid
1484,17.4267,0.303905,,991.763,153.315,0,,3.37669,-0.0311798,3.37683,,-0.482547,9.81632,-0.482547,0.0063173,fluid
1485,17.9361,0.315389,,988.655,115.965,0,,3.19094,-0.0218217,3.19102,,-1.9637,10.4084,-1.9637,0.598429,fluid
1486,17.8185,0.32467,,989.44,139.568,0,,3.3753,-0.0304055,3.37544,,-1.2028,10.0525,-1.2028,0.24254,fluid
1487,18.2642,0.348026,,985.948,59.5666,0,,3.33174,-0.00453879,3.33175,,-0.910056,10.942,-0.910056,1.13203,fluid
1488,16.8396,0.325646,,992.716,141.431,0,,3.44655,-0.0309406,3.44669,,-0.370667,9.63323,-0.370667,-0.176768,fluid
1489,18.8072,0.35834,,990.335,153.777,0,,3.97317,-0.0334319,3.97331,,0.340507,9.74954,0.340507,-0.0604635,fluid
1490,17.8353,0.334949,,989.215,139.307,0,,3.41109,-0.0318179,3.41124,,-1.18001,10.0639,-1.18001,0.253881,fluid
1491,18.157,0.356056,,986.227,75.8823,0,,3.34922,-0.014906,3.34925,,-1.53279,10.8201,-1.53279,1.01013,fluid
1492,17.7642,0.344282,,989.78,152.95,0,,3.47461,-0.0356374,3.47479,,-0.904666,9.93576,-0.904666,0.125764,fluid
1493,18.5864,0.376973,,985.649,49.6788,0,,3.81042,-0.0233345,3.8105,,1.09492,10.0959,1.09492,0.285857,fluid
1494,18.1133,0.364484,,986.251,81.7533,0,,3.41184,-0.0215089,3.41191,,-1.54253,10.6717,-1.54253,0.861679,fluid
1495,17.6775,0.358757,,990.387,167.384,0,,3.52639,-0.0399081,3.52661,,-0.708323,9.86942,-0.708323,0.0594217,fluid
1496,18.3641,0.386225,,984.21,26.0751,0,,3.59573,-0.0178439,3.59577,,-0.0688663,10.6089,-0.0688663,0.798929,fluid
1497,18.1807,0.383413,,985.217,61.5785,0,,3.50315,-0.0236957,3.50323,,-1.17383,10.6986,-1.17383,0.888573,fluid
1498,17.8862,0.378966,,988.347,135.824,0,,3.54626,-0.0408499,3.5465,,-0.953484,10.062,-0.953484,0.252046,fluid
1499,18.1947,0.398222,,984.738,53.981,0,,3.56789,-0.0293432,3.56801,,-1.00462,10.6229,-1.00462,0.812909,fluid
1500,17.9324,0.396483,,987.651,125.193,0,,3.58635,-0.0446644,3.58663,,-0.903894,10.1217,-0.903894,0.31171,fluid
1501,17.6991,0.401199,,990.093,175.084,0,,3.61661,-0.0504721,3.61697,,-0.685435,9.87347,-0.685435,0.063474,fluid
1502,17.6574,0.415877,,990.369,182.971,0,,3.64317,-0.0554451,3.64359,,-0.63433,9.84437,-0.63433,0.0343672,fluid
1503,17.4198,0.411992,,991.36,182.243,0,,3.66318,-0.0545491,3.66359,,-0.527512,9.83385,-0.527512,0.0238461,fluid
1504,17.3333,0.424703,,991.38,174.931,0,,3.69326,-0.0585979,3.69373,,-0.531916,9.81532,-0.531916,0.00532317,fluid
1505,16.8375,0.429302,,991.858,147.926,0,,3.65203,-0.0590289,3.65251,,-0.334595,9.74436,-0.334595,-0.0656396,fluid
1506,16.7032,0.431251,,991.922,150.518,0,,3.63594,-0.0597592,3.63643,,-0.337838,9.76624,-0.337838,-0.043756,fluid
1507,16.5127,0.430886,,991.739,147.797,0,,3.59255,-0.0589606,3.59303,,-0.321648,9.78908,-0.321648,-0.020923,fluid
1508,16.2704,0.430325,,991.001,131.793,0,,3.56593,-0.0599292,3.56644,,-0.36322,9.84329,-0.36322,0.0332886,fluid
1509,15.7863,0.429863,,989.646,137.27,0,,3.44618,-0.0599352,3.4467,,-0.191022,9.80808,-0.191022,-0.00191785,fluid
1510,15.3077,0.427471,,985.812,39.1127,0,,3.23757,-0.0473446,3.23791,,-0.173165,10.2034,-0.173165,0.393432,fluid
1511,14.9021,0.423115,,988.467,118.159,0,,3.09165,-0.0521707,3.09209,,-0.528595,10.0484,-0.528595,0.238442,fluid
1512,14.5477,0.422146,,989.281,129.067,0,,3.11265,-0.0543136,3.11313,,-0.397639,9.84818,-0.397639,0.0381772,fluid
1513,13.9284,0.420005,,990.275,163.729,0,,2.85898,-0.0534859,2.85948,,-0.500807,9.91035,-0.500807,0.100345,fluid
1514,13.5093,0.41802,,986.632,117.152,0,,2.8287,-0.0570202,2.82927,,-0.318225,9.87701,-0.318225,0.0670065,fluid
1515,12.6249,0.423533,,990.917,189.107,0,,2.72671,-0.0585187,2.72734,,-0.433738,9.81839,-0.433738,0.0083879,fluid
1516,11.172,0.428064,,981.378,40.356,0,,2.2481,-0.046936,2.24859,,0.249635,10.3291,0.249635,0.519094,fluid
1517,10.8519,0.426466,,981.394,-55.8276,0,,2.11174,-0.0428479,2.11218,,-0.399934,10.6325,-0.399934,0.822536,fluid
1518,11.8393,0.427974,,985.621,123.058,0,,2.47766,-0.0593703,2.47837,,-0.0998292,9.8514,-0.0998292,0.0413986,fluid
1519,13.8387,0.418487,,989.918,166.43,0,,2.84511,-0.0542676,2.84563,,-0.503751,9.89475,-0.503751,0.084754,fluid
1520,7.97863,0.150083,,998.296,103.756,0,,0.619735,0.00350001,0.619745,,-1.2019,12.0112,-1.2019,2.20123,fluid
1521,10.0345,0.141994,,998.361,110.668,0,,0.933743,-0.00943134,0.933791,,0.0644973,9.55685,0.0644973,-0.253148,fluid
1522,12.7269,0.132409,,990.355,-13.2028,0,,1.23638,-0.0189466,1.23653,,-0.199311,9.81335,-0.199311,0.00334956,fluid
1523,12.88,0.148409,,988.946,-24.5885,0,,1.30603,-0.0195529,1.30618,,-0.165373,9.80963,-0.165373,-0.000371465,fluid
1524,16.13,0.0929684,,995.893,115.12,0,,2.36343,-0.0118879,2.36346,,-2.08358,9.81275,-2.08358,0.00274686,fluid
1525,16.3659,0.0970063,,995.311,92.2978,0,,2.4164,-0.00897746,2.41642,,-1.65158,9.69262,-1.65158,-0.117384,fluid
1526,16.6887,0.117426,,995.166,99.3643,0,,2.55638,-0.0102153,2.5564,,-0.142462,9.5683,-0.142462,-0.241704,fluid
1527,17.0172,0.153116,,995.001,99.5678,0,,2.31383,-0.016544,2.31389,,0.390336,9.63186,0.390336,-0.17814,fluid
1528,16.9214,0.132671,,995.218,105.796,0,,2.49319,-0.0140875,2.49323,,0.0904235,9.5955,0.0904235,-0.214498,fluid
1529,16.9535,0.139851,,995.077,110.509,0,,2.58487,-0.0146133,2.58491,,-0.0269135,9.60727,-0.0269135,-0.202725,fluid
1530,17.1008,0.155411,,994.506,109.314,0,,2.61673,-0.0173135,2.61679,,0.0200565,9.65342,0.0200565,-0.156576,fluid
1531,16.067,0.181542,,994.406,125.614,0,,2.68522,-0.0166645,2.68528,,-0.99803,9.81141,-0.99803,0.00141296,fluid
1532,19.8727,0.19412,,992.761,45.9253,0,,3.10919,-0.010309,3.10921,,-0.0965534,9.79816,-0.0965534,-0.0118437,fluid
1533,19.3925,0.268223,,997.914,199.963,0,,3.53655,-0.0227664,3.53662,,-1.52146,9.77883,-1.52146,-0.0311652,fluid
1534,19.4565,0.205458,,996.848,123.25,0,,2.90712,-0.0159091,2.90717,,-1.89394,9.77087,-1.89394,-0.0391267,fluid
1535,20.1864,0.225213,,988.416,-10.8094,0,,3.2248,-0.0183825,3.22485,,0.520265,9.82006,0.520265,0.0100597,fluid
1536,19.8484,0.226909,,992.388,44.0151,0,,3.29648,-0.0130581,3.29651,,-0.260461,9.80172,-0.260461,-0.00827819,fluid
1537,19.7668,0.238884,,993.777,72.6961,0,,3.28711,-0.0141352,3.28714,,-0.617625,9.80022,-0.617625,-0.00978446,fluid
1538,21.9953,0.262234,,998.67,310.325,0,,4.07115,-0.0320696,4.07128,,-5.23775,9.47679,-5.23775,-0.333207,fluid
1539,17.4319,0.233764,,992.211,128.692,0,,3.07847,-0.0236979,3.07856,,-0.495988,9.8161,-0.495988,0.0060954,fluid
1540,21.9388,0.269855,,998.065,311.399,0,,4.14508,-0.032635,4.1452,,-4.66048,9.48213,-4.66048,-0.327872,fluid
1541,19.5145,0.253223,,996.811,150.848,0,,3.33168,-0.0189101,3.33174,,-1.65477,9.78204,-1.65477,-0.0279555,fluid
1542,20.3595,0.252691,,988.126,36.2947,0,,3.50729,-0.0243253,3.50738,,-0.0279614,9.77337,-0.0279614,-0.0366272,fluid
1543,20.4776,0.264511,,988.542,67.3778,0,,3.57382,-0.0263542,3.57392,,-0.136236,9.79964,-0.136236,-0.0103643,fluid
1544,20.528,0.275047,,988.372,72.8891,0,,3.6704,-0.0275383,3.67051,,-0.151579,9.79603,-0.151579,-0.0139678,fluid
1545,20.4111,0.284797,,987.337,51.3005,0,,3.82466,-0.0281852,3.82477,,-0.301609,9.79967,-0.301609,-0.0103313,fluid
1546,18.1192,0.293524,,989.268,106.364,0,,2.74403,0.000676497,2.74403,,-2.76737,11.1709,-2.76737,1.36087,fluid
1547,21.5108,0.318653,,994.881,257.183,0,,4.31675,-0.0386606,4.31693,,-0.946929,9.67255,-0.946929,-0.13745,fluid
1548,18.7284,0.31668,,989.422,122.675,0,,3.95737,-0.0163605,3.9574,,1.74788,9.9063,1.74788,0.0963044,fluid
1549,20.1946,0.310075,,986.095,-11.1711,0,,3.94123,-0.0285456,3.94133,,-0.153176,9.78925,-0.153176,-0.0207516,fluid
1550,20.8027,0.321441,,988.308,88.9792,0,,4.05404,-0.0335205,4.05418,,-0.298336,9.80731,-0.298336,-0.00269192,fluid
1551,18.6428,0.33424,,987.423,78.7398,0,,3.85067,-0.0134571,3.85069,,1.88223,10.0838,1.88223,0.273833,fluid
1552,21.1903,0.33961,,992.763,218.337,0,,4.31696,-0.0420166,4.31716,,-0.856706,9.14948,-0.856706,-0.660523,fluid
1553,19.3201,0.329996,,998.348,254.518,0,,3.84517,-0.0316659,3.8453,,-1.11802,9.78131,-1.11802,-0.028694,fluid
1554,20.3512,0.338515,,985.815,35.0313,0,,4.09126,-0.035392,4.09141,,-0.367271,9.75062,-0.367271,-0.0593842,fluid
1555,18.5326,0.343248,,985.878,41.8715,0,,3.6913,-0.00663019,3.69131,,1.61322,10.3932,1.61322,0.583209,fluid
1556,20.8051,0.357339,,987.611,93.314,0,,4.2189,-0.0400939,4.21909,,-0.317192,9.77566,-0.317192,-0.0343374,fluid
1557,19.8883,0.352351,,989.24,-3.82155,0,,3.93226,-0.0327663,3.93239,,-0.255243,9.80984,-0.255243,-0.000159131,fluid
1558,19.653,0.358284,,994.471,122.442,0,,3.85958,-0.0330507,3.85972,,-0.810101,9.81223,-0.810101,0.00222996,fluid
1559,19.5269,0.365339,,996.502,186.032,0,,3.91098,-0.0366144,3.91115,,-1.02716,9.81278,-1.02716,0.00278422,fluid
1560,20.2916,0.381984,,985.09,21.0961,0,,4.18881,-0.0442153,4.18904,,-0.36531,9.7512,-0.36531,-0.0587966,fluid
1561,19.445,0.374842,,997.479,225.366,0,,3.95819,-0.0403645,3.9584,,-0.954392,9.8151,-0.954392,0.00510114,fluid
1562,19.1896,0.382641,,997.49,279.475,0,,4.00524,-0.04447,4.00549,,-0.836383,9.84108,-0.836383,0.0310832,fluid
1563,19.7266,0.398954,,992.556,78.2561,0,,4.03908,-0.0443572,4.03933,,-0.501577,9.79823,-0.501577,-0.0117707,fluid
1564,18.829,0.389311,,990.28,158.735,0,,3.98397,-0.043973,3.98421,,-0.0523651,9.73347,-0.0523651,-0.0765305,fluid
1565,18.8541,0.402127,,990.639,167.946,0,,4.00418,-0.0492709,4.00449,,-0.217117,9.73813,-0.217117,-0.0718672,fluid
1566,18.5334,0.408659,,984.359,29.5005,0,,3.80937,-0.0336528,3.80952,,0.601091,10.1213,0.601091,0.311278,fluid
1567,18.3835,0.404653,,983.696,17.9785,0,,3.67442,-0.0268074,3.67452,,0.00559515,10.4706,0.00559515,0.660644,fluid
1568,18.2197,0.415794,,984.147,43.1989,0,,3.63764,-0.0365991,3.63783,,-0.785573,10.5302,-0.785573,0.720181,fluid
1569,17.977,0.416025,,986.924,113.738,0,,3.62797,-0.0503264,3.62832,,-0.83577,10.1476,-0.83577,0.337639,fluid
1570,17.848,0.425929,,988.545,151.67,0,,3.65008,-0.0575715,3.65053,,-0.652703,9.90226,-0.652703,0.0922633,fluid
1571,17.7372,0.426,,989.711,175.395,0,,3.65633,-0.0584191,3.65679,,-0.68182,9.87726,-0.68182,0.0672612,fluid
1572,17.6256,0.425093,,990.579,188.515,0,,3.66573,-0.0586576,3.6662,,-0.646541,9.82459,-0.646541,0.0145911,fluid
1573,17.2107,0.42613,,991.281,155.668,0,,3.70353,-0.0592594,3.70401,,-0.485441,9.82511,-0.485441,0.0151096,fluid
1574,16.8503,0.425195,,991.863,147.223,0,,3.65067,-0.0574769,3.65112,,-0.334572,9.73823,-0.334572,-0.0717716,fluid
1575,16.6097,0.421668,,991.948,149.031,0,,3.59532,-0.0557447,3.59575,,-0.308045,9.74255,-0.308045,-0.0674464,fluid
1576,16.0918,0.42031,,990.702,129.358,0,,3.49914,-0.0572567,3.49961,,-0.328167,9.8361,-0.328167,0.0260959,fluid
1577,15.3858,0.422974,,986.315,53.6284,0,,3.25158,-0.0460949,3.25191,,-0.0195861,10.1517,-0.0195861,0.341654,fluid
1578,14.9734,0.417802,,987.816,97.0192,0,,3.08948,-0.0484251,3.08986,,-0.488272,10.135,-0.488272,0.324995,fluid
1579,13.9659,0.419654,,990.329,160.06,0,,2.86618,-0.0527242,2.86666,,-0.477827,9.9092,-0.477827,0.0992006,fluid
1580,13.1895,0.4228,,985.242,87.3664,0,,2.76436,-0.0589521,2.76498,,-0.281139,9.84568,-0.281139,0.0356797,fluid
1581,12.878,0.424185,,987.491,117.153,0,,2.71852,-0.0587749,2.71915,,-0.387541,9.81891,-0.387541,0.00890682,fluid
1582,13.3287,0.422617,,985.328,92.9808,0,,2.80858,-0.058718,2.8092,,-0.309588,9.84943,-0.309588,0.0394277,fluid
1583,14.948,0.417457,,988.081,104.675,0,,3.08295,-0.0488307,3.08334,,-0.512251,10.1146,-0.512251,0.304554,fluid
1584,9.72702,0.161023,,1000.7,223.722,11038.1,,1.52628,-0.00601687,1.52629,,-7.8134,10.7652,-6.67941,0.955156,fluid
1585,12.5249,0.121952,,992.823,19.2612,0,,1.26318,-0.0181523,1.26331,,-0.457315,9.81441,-0.457315,0.0044087,fluid
1586,14.9956,0.219292,,992.517,84.9045,0,,1.78549,0.0154631,1.78556,,-2.9306,12.8931,-2.9306,3.08312,fluid
1587,15.5386,0.250564,,990.241,75.0316,0,,2.89479,0.119971,2.89728,,2.98207,9.81447,2.98207,0.00447409,fluid
1588,19.1068,0.174497,,997.087,144.981,0,,2.79313,-0.0189065,2.79319,,-0.601685,9.75076,-0.601685,-0.059237,fluid
1589,18.9842,0.0977386,,997.187,104.064,0,,2.20717,-0.0104407,2.2072,,3.2581,9.83891,3.2581,0.0289081,fluid
1590,19.4979,0.134581,,996.314,52.7134,0,,2.05519,-0.0107001,2.05522,,-2.22132,9.73533,-2.22132,-0.0746721,fluid
1591,20.5454,0.275084,,989.349,80.8502,0,,3.19791,-0.0284329,3.19804,,0.400859,9.79734,0.400859,-0.0126627,fluid
1592,21.3649,0.169278,,995.226,181.978,0,,3.8004,-0.0188792,3.80045,,-1.21872,9.76735,-1.21872,-0.0426478,fluid
1593,19.7263,0.150645,,996.19,78.5537,0,,2.24349,-0.00739502,2.2435,,-0.917155,9.79051,-0.917155,-0.019485,fluid
1594,21.591,0.179221,,996.233,183.174,0,,3.19748,-0.0210566,3.19755,,-0.850788,9.71723,-0.850788,-0.0927696,fluid
1595,19.384,0.179026,,996.68,102.655,0,,2.66415,-0.015726,2.6642,,-1.9563,9.75928,-1.9563,-0.050717,fluid
1596,21.8383,0.190179,,998.093,252.207,0,,3.40646,-0.0232072,3.40654,,-2.9259,9.54628,-2.9259,-0.263722,fluid
1597,21.614,0.190354,,996.213,208.923,0,,3.58195,-0.0214471,3.58202,,-1.29054,9.68698,-1.29054,-0.123021,fluid
1598,21.9661,0.207073,,999.137,283.645,0,,3.54321,-0.0260086,3.5433,,-4.40539,9.49921,-4.40539,-0.310794,fluid
1599,23.4274,0.237718,,999.513,57.0638,0,,3.53571,-0.0600999,3.53622,,-7.33376,6.79756,-7.33376,-3.01244,fluid
1600,22.9617,0.239944,,1001.05,172.845,16590.8,,3.40126,-0.0385648,3.40147,,-15.085,8.36263,-14.3632,-1.44737,fluid
1601,22.1608,0.236901,,1000.21,295.683,3295.8,,3.56298,-0.0295443,3.56311,,-6.91951,10.5141,-6.77082,0.704077,fluid
1602,24.5947,0.289949,,1001.73,240.669,27328.9,,3.5705,0.0299358,3.57063,,-29.9689,13.698,-28.8596,3.88796,fluid
1603,20.2255,0.235424,,988.002,-3.29477,0,,3.39533,-0.0199421,3.39539,,0.29465,9.80792,0.29465,-0.00208148,fluid
1604,24.7043,0.310517,,1003.21,243.669,50877,,3.43939,0.390074,3.46144,,-27.9582,17.0477,-25.9054,7.23766,fluid
1605,21.7823,0.246934,,996.739,282.093,0,,4.05427,-0.0271743,4.05436,,-2.93485,9.51537,-2.93485,-0.294625,fluid
1606,23.3409,0.271524,,1000.45,67.3264,7058.94,,3.72407,-0.058571,3.72453,,-3.2114,4.88232,-2.90911,-4.92768,fluid
1607,24.3887,0.300385,,999.17,149.596,0,,4.10561,-0.034239,4.10575,,-3.34177,9.87177,-3.34177,0.0617696,fluid
1608,22.3912,0.284531,,1000.12,233.131,1839.99,,3.59129,-0.0353354,3.59147,,-13.5426,10.3422,-13.4604,0.532215,fluid
1609,22.5091,0.299788,,999.997,217.924,0,,3.59644,-0.0373313,3.59664,,-17.8742,9.78774,-17.8742,-0.0222586,fluid
1610,22.1586,0.286856,,1000.17,317.052,2664.14,,4.00655,-0.0366138,4.00671,,-7.30439,10.6983,-7.18418,0.888293,fluid
1611,23.4605,0.320781,,1000.35,132.807,5529.26,,3.99797,-0.0753394,3.99868,,-10.5036,2.32282,-10.268,-7.48718,fluid
1612,21.8393,0.295774,,997.089,319.674,0,,4.23867,-0.0356692,4.23882,,-3.6822,9.42944,-3.6822,-0.380557,fluid
1613,22.5158,0.313196,,1000.04,227.327,665.727,,3.6813,-0.0393386,3.68151,,-18.3636,10.0893,-18.334,0.279292,fluid
1614,21.273,0.301771,,993.621,212.067,0,,4.23388,-0.0336636,4.23401,,-0.681589,9.49491,-0.681589,-0.315092,fluid
1615,22.6359,0.327671,,1000.14,260.087,2216.08,,3.70314,-0.0444013,3.70341,,-23.8371,10.0815,-23.7392,0.271514,fluid
1616,21.9113,0.317515,,997.823,334.131,0,,4.29374,-0.0413317,4.29394,,-4.50555,9.45608,-4.50555,-0.353917,fluid
1617,22.5562,0.331738,,1000.06,245.533,891.222,,3.76032,-0.0430093,3.76057,,-20.4273,10.1592,-20.3878,0.349205,fluid
1618,22.4744,0.343138,,1000.23,242.331,3644.88,,3.83759,-0.0420673,3.83782,,-17.3057,11.1817,-17.1436,1.37168,fluid
1619,21.3894,0.327604,,994.237,237.497,0,,4.33527,-0.0413166,4.33547,,-0.678872,9.49892,-0.678872,-0.31108,fluid
1620,22.7363,0.357876,,1000.59,309.71,9333.68,,3.84523,-0.0499363,3.84556,,-26.5384,11.1896,-26.1281,1.37961,fluid
1621,21.8643,0.345763,,997.451,352.441,0,,4.36298,-0.0483999,4.36325,,-4.10871,9.46185,-4.10871,-0.348152,fluid
1622,22.4904,0.358165,,1000.23,251.805,3649.48,,3.87752,-0.0452333,3.87778,,-18.0482,11.3928,-17.8859,1.58283,fluid
1623,21.9287,0.363551,,998.253,358.885,0,,4.39077,-0.0550942,4.39111,,-4.79786,9.54691,-4.79786,-0.263092,fluid
1624,22.0585,0.377476,,999.848,346.534,0,,4.36412,-0.0609664,4.36455,,-6.23685,9.86206,-6.23685,0.0520626,fluid
1625,21.6051,0.364555,,995.141,310.664,0,,4.43309,-0.0553801,4.43344,,-1.50992,9.64663,-1.50992,-0.163367,fluid
1626,21.72,0.38327,,996.126,367.591,0,,4.45706,-0.0635653,4.45752,,-2.74052,9.72804,-2.74052,-0.0819647,fluid
1627,21.5529,0.394761,,994.821,304.252,0,,4.49713,-0.0720262,4.4977,,-1.01601,9.47939,-1.01601,-0.330606,fluid
1628,21.0964,0.38356,,991.463,222.399,0,,4.39372,-0.0533998,4.39404,,-1.27649,8.61961,-1.27649,-1.19039,fluid
1629,21.1086,0.400942,,991.611,237.542,0,,4.44937,-0.0615285,4.44979,,-1.49214,8.26128,-1.49214,-1.54872,fluid
1630,20.3941,0.399294,,984.971,44.6008,0,,4.26849,-0.0499375,4.26878,,-0.351703,9.77079,-0.351703,-0.0392125,fluid
1631,20.1696,0.405155,,985.019,-12.5436,0,,4.20833,-0.0501163,4.20863,,-0.306284,9.76317,-0.306284,-0.046827,fluid
1632,19.7964,0.41372,,990.764,35.2713,0,,4.11828,-0.0501923,4.11859,,-0.398529,9.81752,-0.398529,0.00752188,fluid
1633,19.5599,0.413321,,995.824,179.26,0,,4.0743,-0.0499514,4.07461,,-0.830819,9.82311,-0.830819,0.0131077,fluid
1634,19.4062,0.424694,,997.692,254.634,0,,4.1108,-0.0563861,4.11119,,-0.766232,9.81213,-0.766232,0.00212585,fluid
1635,19.0069,0.429088,,993.736,230.295,0,,4.10516,-0.0605315,4.10561,,-0.489101,9.84281,-0.489101,0.0328093,fluid
1636,18.6257,0.431578,,985.081,52.887,0,,3.95311,-0.0508886,3.95344,,0.339794,9.85995,0.339794,0.0499485,fluid
1637,18.2792,0.427907,,983.417,25.2563,0,,3.71009,-0.0407535,3.71032,,-0.490781,10.4513,-0.490781,0.641302,fluid
1638,17.9405,0.422328,,987.368,124.975,0,,3.64358,-0.0544257,3.64399,,-0.728637,10.052,-0.728637,0.242023,fluid
1639,17.7726,0.418509,,989.396,167.83,0,,3.64233,-0.0552555,3.64275,,-0.688851,9.8805,-0.688851,0.0705017,fluid
1640,17.543,0.416326,,991.022,190.142,0,,3.66413,-0.0555702,3.66455,,-0.640069,9.83022,-0.640069,0.020224,fluid
1641,16.8312,0.416394,,991.944,146.502,0,,3.61944,-0.0540125,3.61985,,-0.340991,9.72764,-0.340991,-0.0823629,fluid
1642,16.5909,0.414607,,991.96,146.874,0,,3.56707,-0.0529244,3.56747,,-0.300401,9.73759,-0.300401,-0.0724115,fluid
1643,15.4552,0.421006,,986.868,69.3386,0,,3.27757,-0.0465622,3.2779,,0.0910823,10.0941,0.0910823,0.284083,fluid
1644,14.6116,0.42147,,989.424,138.571,0,,3.10735,-0.0544944,3.10783,,-0.472478,9.86355,-0.472478,0.0535487,fluid
1645,14.0185,0.422597,,990.254,152.258,0,,2.89046,-0.0532543,2.89095,,-0.434052,9.90182,-0.434052,0.0918244,fluid
1646,14.498,0.421597,,989.14,118.278,0,,3.09603,-0.0536496,3.09649,,-0.331451,9.8539,-0.331451,0.0439002,fluid
1647,16.2688,0.416729,,991.088,128.621,0,,3.51828,-0.0546104,3.5187,,-0.372834,9.83633,-0.372834,0.0263265,fluid
1648,10.6327,0.232968,,992.764,13.7265,0,,0.523477,0.185655,0.555424,,-2.8911,16.9043,-2.8911,7.09426,fluid
1649,14.1127,0.163579,,994.21,117.834,0,,2.07475,-0.00165692,2.07475,,-1.37694,10.0257,-1.37694,0.215664,fluid
1650,17.9532,0.296975,,989.389,98.9693,0,,2.63508,-0.0172158,2.63514,,-1.73453,10.4826,-1.73453,0.672558,fluid
1651,18.9718,0.301477,,995.138,229.877,0,,3.88319,-0.0285373,3.88329,,-0.464874,9.75809,-0.464874,-0.0519099,fluid
1652,21.558,0.176638,,996.006,166.895,0,,3.05021,-0.0208467,3.05028,,-0.59341,9.74947,-0.59341,-0.0605291,fluid
1653,22.7435,0.229542,,1000.78,202.819,12310.5,,2.96583,-0.0283578,2.96596,,-22.3141,9.39302,-21.7733,-0.41698,fluid
1654,23.2765,0.206951,,1000.28,58.0906,4380.3,,3.25239,-0.0435161,3.25268,,-1.59113,6.83131,-1.403,-2.97869,fluid
1655,24.0556,0.171479,,1000.08,89.6235,1263.4,,3.43139,-0.0539799,3.43182,,23.649,8.24406,23.7015,-1.56594,fluid
1656,24.2962,0.186039,,999.221,135.515,0,,3.23924,-0.0250295,3.23934,,6.75525,10.2247,6.75525,0.414654,fluid
1657,24.1362,0.180878,,999.856,106.609,0,,3.50791,-0.0488939,3.50825,,23.2477,9.3436,23.2477,-0.466402,fluid
1658,24.6037,0.251752,,1000.65,160.336,10283.6,,2.64106,0.517011,2.69119,,-29.1101,8.11909,-28.6924,-1.69091,fluid
1659,24.4159,0.209081,,999.457,162.947,0,,3.3136,-0.0147324,3.31363,,-11.4905,10.3911,-11.4905,0.581065,fluid
1660,24.6867,0.275403,,1002.03,168.392,32125.7,,2.51574,0.766098,2.6298,,-26.7311,11.9259,-25.4324,2.11588,fluid
1661,26.0019,0.570588,,1004.15,-158.314,65898.4,,-2.71415,1.30456,3.01139,,-2.43482,23.8568,0.0890833,14.0468,fluid
1662,22.811,0.227851,,1000.77,204.831,12045.7,,3.18081,-0.0313465,3.18096,,-21.3155,9.16573,-20.7878,-0.644266,fluid
1663,25.8495,0.421528,,1007.11,-52.9044,114034,,-3.11718,-0.127047,3.11977,,-10.2651,8.87919,-5.88474,-0.930815,fluid
1664,24.7995,0.323473,,1004.58,193.247,72959.6,,2.14273,1.27369,2.49271,,-17.3015,14.0733,-14.373,4.26325,fluid
1665,25.8981,0.430245,,1006.3,-86.376,100736,,-2.91923,-0.0937522,2.92073,,-7.83244,9.41071,-3.96709,-0.399287,fluid
1666,26.369,0.405797,,1008.82,-9.63489,142144,,-2.12865,-0.0878823,2.13047,,-19.5941,8.26747,-14.2507,-1.54253,fluid
1667,25.8701,0.353098,,1006.82,-62.0432,109255,,-2.6226,-0.0957085,2.62435,,-14.5038,10.2985,-10.3092,0.488477,fluid
1668,23.7893,0.252451,,1000.35,144.703,5508.77,,4.0221,-0.0851574,4.02301,,-3.12975,5.78174,-2.89827,-4.02826,fluid
1669,26.2073,0.386764,,1006.6,-76.0149,105710,,-2.09876,-0.0354341,2.09906,,-8.87306,10.0211,-4.86592,0.211067,fluid
1670,24.8949,0.356636,,1006.78,248.395,108586,,2.30143,1.22084,2.60519,,-11.4976,10.0692,-7.16518,0.259228,fluid
1671,25.2252,0.414353,,1000.29,9.11662,4601.48,,0.32923,-0.0580489,0.334308,,3.13354,10.6124,3.3159,0.802385,fluid
1672,25.3013,0.409908,,999.452,7.85924,0,,0.444275,-0.0547926,0.447641,,-8.26421,11.6371,-8.26421,1.82706,fluid
1673,24.8112,0.347835,,1005.44,278.893,86801.5,,3.35691,0.921916,3.4812,,-20.7207,18.3029,-17.2411,8.49293,fluid
1674,25.2684,0.392209,,999.497,14.7807,0,,0.723353,-0.0492982,0.725031,,-3.08849,11.7398,-3.08849,1.92978,fluid
1675,25.076,0.359884,,1004.14,87.3689,65783.3,,1.28601,0.0424138,1.28671,,1.25401,-10.1003,3.86655,-19.9103,fluid
1676,25.0178,0.374076,,1006.32,162.886,101179,,1.41029,0.37256,1.45867,,-6.49283,-6.35228,-2.47399,-16.1623,fluid
1677,23.5261,0.296778,,999.84,138.663,0,,3.89921,-0.0835275,3.9001,,-13.6139,4.44035,-13.6139,-5.36965,fluid
1678,24.5133,0.33871,,1000.28,251.885,4438.6,,4.06519,-0.0188532,4.06523,,-23.1852,10.5048,-23.0042,0.694803,fluid
1679,25.3587,0.403424,,998.87,25.4786,0,,0.865584,-0.0489281,0.866966,,-19.613,11.2625,-19.613,1.45248,fluid
1680,23.7747,0.318309,,1002.2,248.779,34770.4,,4.18121,-0.070839,4.18181,,-7.61252,6.21469,-6.15324,-3.59531,fluid
1681,24.3014,0.347429,,999.065,9.22574,0,,4.43346,-0.0536458,4.43379,,15.1971,8.44859,15.1971,-1.36141,fluid
1682,23.4266,0.334775,,1000.6,136.831,9440.15,,4.02392,-0.0490119,4.02421,,-8.42066,-4.15994,-8.01793,-13.9699,fluid
1683,23.8012,0.347563,,1003.7,294.614,58694.9,,4.3368,-0.0421776,4.337,,-5.25906,7.25616,-2.8021,-2.55384,fluid
1684,24.5515,0.404924,,998.781,266.429,0,,4.28254,0.37531,4.29896,,-26.1466,6.19531,-26.1466,-3.61469,fluid
1685,23.5249,0.347677,,1000.64,235.306,10084.7,,4.08023,-0.0671446,4.08079,,-14.6049,-1.62314,-14.1765,-11.4331,fluid
1686,23.2122,0.355353,,1002.64,126.68,41808.9,,4.10506,0.0499612,4.10536,,0.767127,-2.07951,2.56354,-11.8895,fluid
1687,23.975,0.376823,,1005.34,107.173,85186.9,,5.04137,0.0387521,5.04152,,27.4671,9.54149,31.0013,-0.268512,fluid
1688,23.2404,0.374496,,1002.54,108.859,40220,,4.14257,0.170199,4.14606,,0.542379,-2.33844,2.2686,-12.1484,fluid
1689,23.005,0.369598,,1002.97,252.497,47095,,3.94327,-0.00635859,3.94328,,-13.6701,8.96077,-11.629,-0.849227,fluid
1690,23.093,0.386173,,1003.64,201.623,57786.9,,4.15103,0.0686173,4.1516,,-4.43599,9.71689,-1.94271,-0.0931082,fluid
1691,22.7639,0.380836,,1000.94,337.919,14767.8,,3.94139,-0.0489602,3.94169,,-26.7758,12.2971,-26.1276,2.4871,fluid
1692,22.624,0.382333,,1000.3,304.941,4779.42,,3.92349,-0.0563899,3.9239,,-24.5422,11.7433,-24.331,1.93335,fluid
1693,22.4558,0.392467,,1000.4,264.114,6305.02,,3.95367,-0.0472361,3.95395,,-17.2355,12.2699,-16.9548,2.4599,fluid
1694,22.2198,0.394607,,1001.24,292.911,19527.4,,4.26774,-0.0288348,4.26783,,-10.0855,16.3925,-9.20774,6.58254,fluid
1695,21.926,0.402275,,998.592,385.347,0,,4.47571,-0.0732935,4.47631,,-4.84658,9.77565,-4.84658,-0.0343523,fluid
1696,21.4802,0.408749,,994.457,280.43,0,,4.52043,-0.0817546,4.52117,,-0.617878,9.09314,-0.617878,-0.716857,fluid
1697,21.2645,0.415638,,993.307,254.393,0,,4.52007,-0.079707,4.52077,,-1.12276,7.94664,-1.12276,-1.86336,fluid
1698,21.0772,0.420506,,991.148,245.407,0,,4.49301,-0.0693218,4.49354,,-1.77118,7.94981,-1.77118,-1.86019,fluid
1699,20.8662,0.422341,,987.503,139.953,0,,4.46982,-0.0602097,4.47022,,-0.852734,9.24007,-0.852734,-0.569932,fluid
1700,20.4588,0.425535,,984.638,52.0944,0,,4.38202,-0.059041,4.38241,,-0.270502,9.80653,-0.270502,-0.00347223,fluid
1701,20.2342,0.426437,,984.717,12.8305,0,,4.30925,-0.0581464,4.30965,,-0.362991,9.76549,-0.362991,-0.044512,fluid
1702,19.7058,0.42525,,992.82,90.8678,0,,4.15367,-0.0536636,4.15401,,-0.505755,9.81263,-0.505755,0.00262844,fluid
1703,18.9089,0.424504,,991.523,188.11,0,,4.06665,-0.0586688,4.06707,,-0.375694,9.80214,-0.375694,-0.00785659,fluid
1704,18.4685,0.42312,,983.448,13.1286,0,,3.80517,-0.0381793,3.80536,,0.30487,10.2184,0.30487,0.40843,fluid
1705,18.0665,0.415493,,985.799,87.2429,0,,3.61927,-0.0453891,3.61956,,-0.949262,10.3115,-0.949262,0.501509,fluid
1706,17.7434,0.411758,,989.685,171.157,0,,3.63029,-0.0532279,3.63068,,-0.693233,9.88,-0.693233,0.0700029,fluid
1707,17.2271,0.413471,,991.332,155.219,0,,3.66812,-0.0546451,3.66852,,-0.478503,9.81796,-0.478503,0.00795707,fluid
1708,16.1545,0.42099,,990.799,126.61,0,,3.50341,-0.0573504,3.50387,,-0.344112,9.85229,-0.344112,0.042286,fluid
1709,15.399,0.42282,,986.412,56.4231,0,,3.25453,-0.0462588,3.25485,,0.002787,10.1467,0.002787,0.336728,fluid
1710,15.818,0.421979,,989.92,137.944,0,,3.42897,-0.0573199,3.42945,,-0.208002,9.79898,-0.208002,-0.011023,fluid
1711,17.2322,0.412812,,991.34,156.193,0,,3.67049,-0.0543967,3.6709,,-0.486071,9.81751,-0.486071,0.0075072,fluid
1712,11.8105,0.30576,,988.456,135.752,0,,2.18977,-0.0268937,2.18994,,0.236142,9.92033,0.236142,0.110335,fluid
1713,15.702,0.221119,,992.228,127.605,0,,2.95116,0.0385819,2.95142,,2.91733,6.70403,2.91733,-3.10597,fluid
1714,19.7862,0.154442,,996.281,73.608,0,,1.95724,-0.00797494,1.95726,,0.114289,9.80545,0.114289,-0.00455494,fluid
1715,20.0086,0.181438,,993.013,42.6241,0,,2.18531,-0.0123219,2.18535,,1.79264,9.83743,1.79264,0.0274282,fluid
1716,24.3181,0.197634,,999.206,138.75,0,,3.28789,-0.0244331,3.28799,,4.09566,10.2295,4.09566,0.419466,fluid
1717,24.6137,0.26691,,1001.15,164.866,18116.1,,2.55072,0.516236,2.60244,,-28.7991,9.89508,-28.064,0.0850817,fluid
1718,25.3162,0.436501,,999.92,3.54049,0,,0.179392,-0.0652975,0.190906,,-10.6231,11.7528,-10.6231,1.9428,fluid
1719,26.3698,0.375111,,1007.2,-127.428,115446,,-3.60347,-0.0540265,3.60388,,-10.2126,10.2105,-5.86594,0.400516,fluid
1720,26.0348,0.4287,,1006.6,-150.363,105641,,-4.63506,-0.0485692,4.63531,,-1.71348,9.04059,2.31761,-0.769414,fluid
1721,26.4511,0.370415,,1007.24,-107.214,116076,,-3.29449,-0.0755485,3.29536,,-8.02897,10.4373,-3.67218,0.627315,fluid
1722,25.9094,2.56444,,989.227,-871.807,0,,-6.17584,5.20815,8.07873,,-1.64199,8.6345,-1.64199,-1.1755,fluid
1723,26.7454,0.333825,,1007.1,-75.7218,113816,,-2.64628,-0.169782,2.65172,,-13.773,10.6575,-9.54746,0.847549,fluid
1724,26.3103,0.488203,,1007.8,-23.965,125297,,-2.39111,0.0694336,2.39212,,-18.6129,8.73623,-13.8875,-1.07377,fluid
1725,25.1265,2.28267,,991.649,-628.911,0,,-10.0772,2.98251,10.5093,,-5.49356,2.52252,-5.49356,-7.28748,fluid
1726,26.0377,0.422246,,1005.39,-147.363,86008.4,,-3.03761,-0.0456817,3.03795,,-5.30019,10.1343,-2.01467,0.324326,fluid
1727,26.34,1.88991,,999.671,-155.055,0,,-4.5308,2.73987,5.29481,,-7.66604,15.514,-7.66604,5.70405,fluid
1728,27.0787,0.381029,,1002.34,-57.5036,36997.4,,-3.34137,-0.166299,3.34551,,3.90675,14.4596,5.26985,4.64963,fluid
1729,27.1491,0.343951,,1002.2,-53.2203,34758.1,,-3.45599,-0.130357,3.45845,,3.54737,13.2691,4.82483,3.45907,fluid
1730,28.2363,0.48379,,1004.8,-221.437,76443.2,,-3.02464,0.689953,3.10233,,-13.271,28.9071,-10.5766,19.0971,fluid
1731,26.9832,0.276998,,1004.45,-102.284,70722.1,,-3.43544,-0.0968833,3.43681,,-1.3233,11.8813,1.28606,2.07126,fluid
1732,25.9347,0.491095,,1005.74,-107.215,91722.9,,-2.96563,0.24454,2.9757,,-3.5415,10.4912,-0.025009,0.681239,fluid
1733,27.3444,0.248853,,1003.07,-59.0574,48660.7,,-3.00021,-0.121607,3.00267,,-3.94455,10.8309,-2.17045,1.02086,fluid
1734,26.2205,0.436171,,1006.64,-49.8609,106323,,-1.98402,-0.0163532,1.98409,,-9.13342,9.30107,-5.1052,-0.508929,fluid
1735,26.8065,0.327676,,1005.84,-101.288,93257.7,,-3.01548,-0.151153,3.01926,,-7.23849,11.8391,-3.77977,2.02911,fluid
1736,26.7248,0.350674,,1006.55,-90.5654,104849,,-2.74418,-0.173369,2.74965,,-10.9808,11.3511,-7.08306,1.5411,fluid
1737,25.2394,0.450882,,1000.95,10.5268,14919.4,,-0.0311,0.119535,0.123514,,-0.345903,0.241848,0.244652,-9.56815,fluid
1738,26.6417,0.371738,,1006.86,-86.9864,109864,,-2.65519,-0.174763,2.66094,,-10.9735,11.1035,-6.87782,1.29351,fluid
1739,26.4007,0.377053,,1008.17,-63.2048,131486,,-2.77384,-0.0773395,2.77492,,-13.5333,9.38197,-8.59324,-0.428031,fluid
1740,26.3461,0.430909,,1008.8,7.52877,141865,,-1.96176,-0.076515,1.96325,,-21.366,7.84394,-16.0284,-1.96606,fluid
1741,26.082,0.412638,,1005.06,-143.882,80604.5,,-2.46493,-0.0401349,2.46526,,-5.66269,10.6406,-2.58781,0.830649,fluid
1742,26.0988,0.430041,,1004.83,-133.127,76932.9,,-2.17023,-0.0208896,2.17033,,-5.26934,10.2833,-2.33575,0.47334,fluid
1743,25.8944,0.458998,,1004.37,-111.889,69575,,-1.75304,-0.0432912,1.75358,,-13.2683,9.74104,-10.5931,-0.0689571,fluid
1744,25.3526,0.40205,,999.055,21.7664,0,,0.643686,-0.0488381,0.645536,,-18.1291,11.3442,-18.1291,1.53423,fluid
1745,26.1169,0.470727,,1004.45,-81.2379,70756,,-1.30242,0.28326,1.33287,,-5.41512,14.8415,-2.71792,5.03154,fluid
1746,25.297,0.386557,,999.116,19.5398,0,,0.9553,-0.0447149,0.956346,,-8.24247,11.5172,-8.24247,1.70716,fluid
1747,25.8685,0.521553,,1002.71,-134.87,42925.5,,-0.994193,0.453239,1.09263,,-18.706,15.294,-17.0511,5.48398,fluid
1748,25.5407,0.462091,,1001.27,46.3642,20041.5,,-0.054943,-0.102512,0.116308,,-44.1883,10.2787,-43.4046,0.468676,fluid
1749,25.7533,0.640952,,1001.07,-143.21,16914.9,,-0.800457,1.9375,2.09634,,-29.9571,13.4714,-29.301,3.66143,fluid
1750,25.3189,0.410624,,999.252,20.551,0,,0.943638,-0.0545523,0.945214,,-12.0457,11.5669,-12.0457,1.75687,fluid
1751,25.6607,0.74322,,999.339,-84.5235,0,,-1.00974,3.26888,3.42128,,-39.8143,-1.11286,-39.8143,-10.9229,fluid
1752,25.3057,0.445298,,1000.24,20.9882,3764.21,,0.830721,-0.068554,0.833544,,-9.69031,10.8271,-9.5416,1.01711,fluid
1753,25.1046,0.472181,,1005.17,135.553,82423.2,,0.403923,0.737634,0.840986,,-12.6726,8.21423,-9.40631,-1.59577,fluid
1754,24.8731,0.534509,,1006.69,281.498,107118,,3.05388,2.60506,4.01404,,-44.1352,70.7772,-39.8573,60.9672,fluid
1755,24.4241,0.414231,,995.934,-0.411895,0,,4.55798,0.314158,4.56879,,-5.55723,2.39434,-5.55723,-7.41566,fluid
1756,23.9894,0.391501,,1005.82,74.1622,93022.8,,5.13076,0.11367,5.13202,,30.3899,14.2035,34.2451,4.39353,fluid
1757,23.6673,0.397613,,1003.55,487.66,56249.4,,4.22994,0.101503,4.23116,,-17.9836,1.22769,-15.6153,-8.58231,fluid
1758,23.4198,0.403436,,1000.74,175.658,11562.2,,4.17262,0.302415,4.18356,,-8.34075,-16.419,-7.84742,-26.229,fluid
1759,23.1336,0.401083,,1003.8,169.571,60404.1,,4.2537,0.171393,4.25715,,-1.29704,11.0566,1.30416,1.24658,fluid
1760,22.8479,0.399667,,1001.94,352.393,30686,,4.03162,-0.0243826,4.0317,,-24.1601,13.4408,-22.8196,3.63085,fluid
1761,22.5789,0.406159,,1000.37,313.406,5784.02,,3.96835,-0.0603928,3.96881,,-22.9812,12.6594,-22.7251,2.84939,fluid
1762,22.3671,0.415776,,1000.82,258.453,12934,,4.04324,-0.0333747,4.04337,,-15.381,13.6253,-14.8033,3.81526,fluid
1763,22.1571,0.418951,,1001.24,305.167,19507.5,,4.39141,-0.0403363,4.39159,,-7.36246,18.1967,-6.48313,8.38665,fluid
1764,21.6524,0.420742,,995.637,371.957,0,,4.55675,-0.0911762,4.55766,,-1.90936,9.73081,-1.90936,-0.0791905,fluid
1765,21.3431,0.420181,,993.84,257.551,0,,4.53775,-0.0872869,4.53859,,-0.765711,8.13616,-0.765711,-1.67384,fluid
1766,21.1003,0.419005,,991.501,249.657,0,,4.49724,-0.0702308,4.49779,,-1.75015,7.88467,-1.75015,-1.92533,fluid
1767,20.7028,0.417787,,985.625,72.4979,0,,4.4123,-0.0568954,4.41267,,-0.293259,9.83181,-0.293259,0.0218071,fluid
1768,20.3123,0.418091,,984.727,31.5276,0,,4.30551,-0.055361,4.30587,,-0.365087,9.75212,-0.365087,-0.0578788,fluid
1769,19.8486,0.41715,,989.449,5.42761,0,,4.16866,-0.0516888,4.16898,,-0.351581,9.80889,-0.351581,-0.00110833,fluid
1770,18.7114,0.417555,,987.044,95.524,0,,3.96773,-0.0490104,3.96803,,0.247728,9.80052,0.247728,-0.00948215,fluid
1771,18.2405,0.414386,,984.019,38.6936,0,,3.63712,-0.0348078,3.63729,,-0.72274,10.5417,-0.72274,0.731711,fluid
1772,17.4327,0.41442,,991.324,183.297,0,,3.66045,-0.0554297,3.66087,,-0.524851,9.83684,-0.524851,0.0268403,fluid
1773,16.9391,0.417721,,991.728,142.485,0,,3.64768,-0.0553523,3.6481,,-0.304894,9.76053,-0.304894,-0.0494681,fluid
1774,17.0284,0.416328,,991.506,140.09,0,,3.66116,-0.0554139,3.66158,,-0.325317,9.76806,-0.325317,-0.0419358,fluid
1775,18.082,0.412048,,985.661,82.9232,0,,3.60759,-0.0429426,3.60785,,-0.988101,10.3583,-0.988101,0.548315,fluid
1776,12.2139,0.102472,,996.167,97.2567,0,,1.33258,-0.016387,1.33268,,0.256253,9.82365,0.256253,0.0136515,fluid
1777,17.6726,0.256836,,989.993,76.3715,0,,2.46217,-0.0253837,2.4623,,0.0594528,9.90962,0.0594528,0.0996231,fluid
1778,24.8392,0.345332,,1005.85,201.528,93458.7,,1.75801,1.36352,2.22481,,-13.932,15.1585,-10.1913,5.34846,fluid
1779,23.0282,0.232349,,1001.56,142.054,24667.2,,3.12508,-0.0340462,3.12527,,-8.58982,8.13556,-7.52032,-1.67444,fluid
1780,25.6574,0.464052,,1004.64,11.905,73880.5,,-1.28703,-0.17246,1.29853,,-30.026,9.0232,-27.1598,-0.786798,fluid
1781,25.7383,0.364919,,1013.14,110.972,214552,,-6.22122,-0.24144,6.22591,,-3.94979,1.5986,4.27803,-8.2114,fluid
1782,25.6417,0.452802,,1008.33,39.2937,134076,,-2.99166,-0.28341,3.00506,,-13.7505,5.23095,-8.56487,-4.57905,fluid
1783,28.9448,0.333433,,1005.31,-265.106,84610.9,,-4.94104,-0.0751521,4.94162,,-11.3122,11.4048,-8.4044,1.59482,fluid
1784,29.02,0.333909,,1005.83,-188.859,93154.1,,-3.30242,-0.0836676,3.30348,,-5.72507,11.2146,-2.53369,1.40464,fluid
1785,28.8957,0.551814,,1005.8,-180.965,92624.7,,-4.56451,0.514512,4.59342,,-17.5296,17.2605,-14.3426,7.45051,fluid
1786,28.9341,0.395109,,1005.21,-246.815,83141,,-4.7251,-0.0697593,4.72561,,-13.1603,10.6964,-10.3018,0.886399,fluid
1787,28.9191,0.423326,,1005.15,-245.18,82149.6,,-4.82429,-0.0465868,4.82451,,-14.0679,10.0785,-11.2418,0.268544,fluid
1788,29.262,0.323144,,1006.32,-203.403,101113,,-4.46886,-0.0797554,4.46958,,-8.15264,11.4617,-4.71889,1.65167,fluid
1789,29.6112,0.317547,,1006.2,-87.0254,99196,,-2.4847,-0.0799988,2.48599,,-5.41276,11.7909,-2.08346,1.98087,fluid
1790,29.0699,0.330715,,1006.22,-219.17,99523.8,,-4.33535,-0.0837585,4.33615,,-0.822127,11.0832,2.5803,1.27317,fluid
1791,28.8806,0.32413,,1005.1,-265.722,81357,,-5.12133,-0.0629288,5.12172,,-14.2062,11.0816,-11.4035,1.27157,fluid
1792,29.5679,0.33057,,1006.21,-93.5686,99342.9,,-2.50484,-0.0976053,2.50675,,-3.48246,11.9471,-0.143376,2.13706,fluid
1793,23.5954,2.22611,,973.163,-138.596,0,,-13.9702,1.38012,14.0382,,0,0,0,-9.81,fluid
1794,29.8657,0.274811,,1006.1,-63.3685,97595.7,,-2.04924,-0.0358763,2.04955,,-8.50322,11.4708,-5.25523,1.66081,fluid
1795,29.3366,0.360654,,1006.5,-163.057,103974,,-3.84511,-0.115902,3.84686,,-6.16219,11.5789,-2.64091,1.76891,fluid
1796,24.0681,2.02017,,970.894,-881.348,0,,-12.2013,0.899275,12.2344,,-0.770512,-0.533413,-0.770512,-10.3434,fluid
1797,28.6825,0.922441,,1005.63,-230.164,89842.6,,-6.56806,2.04941,6.88037,,-38.6716,4.15284,-35.5569,-5.65716,fluid
1798,28.0773,0.986646,,1007.33,-153.325,117536,,-7.27606,2.12103,7.57891,,-12.7823,-1.69614,-8.6266,-11.5061,fluid
1799,28.2368,1.34578,,1004.86,-235.988,77410.8,,-7.98531,3.51338,8.72405,,1.63934,15.9499,4.36756,6.13995,fluid
1800,28.2221,0.818938,,1007.2,-76.1523,115528,,-1.47843,-0.0893105,1.48113,,-22.6135,18.6721,-18.5492,8.86213,fluid
1801,28.0311,0.902386,,1005.68,-163.088,90709.6,,-6.9101,2.79538,7.4541,,-5.98358,6.57271,-2.76583,-3.23729,fluid
1802,28.4769,1.11163,,1001.96,-327.154,30989.2,,-7.77847,0.982826,7.84032,,-13.5175,23.4009,-12.4314,13.5909,fluid
1803,28.1903,0.905284,,1006.17,-210.838,98695,,-6.99794,2.59326,7.46299,,-17.2858,6.26946,-13.8062,-3.54054,fluid
1804,27.8861,0.942463,,1004.18,-87.2499,66457.8,,-3.66009,0.262909,3.66952,,-1.5615,2.2878,0.811764,-7.5222,fluid
1805,28.2135,0.373534,,1005.9,-188.129,94193.5,,-3.02876,-0.0618602,3.02939,,-5.5425,10.3584,-2.22348,0.548426,fluid
1806,28.2858,0.940237,,1005.85,-235.494,93396.3,,-6.90938,2.3241,7.28979,,-17.2037,5.93301,-13.921,-3.87699,fluid
1807,28.4343,0.307178,,1004.65,-140.567,74047.4,,-0.856925,-0.0577762,0.85887,,-16.9167,10.211,-14.3246,0.401031,fluid
1808,28.0649,0.303994,,1003.55,-171.511,56312.1,,-2.91524,-0.112252,2.9174,,-24.1977,11.2236,-22.1983,1.41359,fluid
1809,26.8886,0.32348,,1004.36,-113.758,69291.1,,-3.34022,-0.129194,3.34272,,-0.043342,12.9293,2.52244,3.11927,fluid
1810,26.5284,0.374945,,1007.59,-77.376,121960,,-2.7291,-0.127798,2.7321,,-11.8395,10.2471,-7.27681,0.437126,fluid
1811,27.2621,0.287273,,1002.32,-62.0094,36599.5,,-3.46058,-0.103014,3.46212,,-0.270354,11.9131,1.06905,2.10306,fluid
1812,26.586,0.390223,,1006.41,-107.447,102634,,-2.8972,-0.15327,2.90125,,-8.47471,11.7045,-4.63884,1.89449,fluid
1813,26.4742,0.466821,,1005.23,-148.745,83388.8,,-3.45921,-0.0754629,3.46003,,-7.38303,12.9225,-4.24961,3.1125,fluid
1814,26.319,0.817314,,1003.68,-85.7098,58447.2,,-2.85966,0.0999051,2.8614,,-3.35344,5.76852,-1.14087,-4.04148,fluid
1815,26.1856,1.179,,1004.24,-126.097,67376.1,,-3.57569,1.61324,3.92277,,8.9418,1.30245,11.504,-8.50755,fluid
1816,26.1906,0.484735,,1006.17,38.6678,98634.7,,-0.84912,0.426427,0.950181,,-8.67594,15.5013,-4.93299,5.69131,fluid
1817,25.9738,0.77662,,1005.44,8.11869,86830.4,,-2.32553,2.81506,3.65139,,-3.95335,0.550363,-0.628451,-9.25964,fluid
1818,25.7394,0.999592,,1008.64,116.357,139116,,-4.32362,4.29304,6.09293,,-53.0049,-19.8112,-47.6464,-29.6212,fluid
1819,25.7746,0.981061,,1010.96,409.913,177810,,-2.21217,4.57712,5.08367,,-47.4665,-32.3349,-40.6426,-42.1449,fluid
1820,25.6209,0.883089,,998.656,65.8942,0,,-1.76266,4.49376,4.8271,,-46.1216,-14.9427,-46.1216,-24.7527,fluid
1821,25.5549,0.661705,,1000.32,-40.5984,5063.2,,-0.0442682,2.52569,2.52608,,-42.2305,6.69498,-42.0324,-3.11502,fluid
1822,25.283,0.602746,,1002.36,101.363,37324.3,,0.491876,2.27143,2.32407,,-17.8261,25.0194,-16.3534,15.2094,fluid
1823,24.9887,0.604062,,1003.24,-16.6712,51286.9,,1.19481,2.99661,3.22603,,-21.2553,57.4636,-19.2095,47.6536,fluid
1824,24.8042,0.533222,,1004.92,409.15,78336.8,,3.75032,2.0438,4.27107,,-41.3176,62.5173,-38.1749,52.7073,fluid
1825,24.3321,0.45438,,994.283,-383.2,0,,4.67661,0.632815,4.71923,,14.4013,-0.142148,14.4013,-9.95215,fluid
1826,24.0531,0.442899,,1005.98,-126.243,95585.1,,5.36994,0.599255,5.40328,,38.1648,20.58,42.1151,10.77,fluid
1827,23.6308,0.440028,,1003.76,603.859,59732.1,,4.27717,0.404752,4.29627,,-19.6668,6.70966,-17.1485,-3.10034,fluid
1828,23.0626,0.421256,,1004.3,225.007,68389.8,,4.23538,0.185468,4.23944,,-8.59729,21.0201,-5.64458,11.2101,fluid
1829,22.6987,0.417619,,1000.96,364.619,15141.7,,4.03703,-0.0553825,4.03741,,-27.359,14.7509,-26.6926,4.94092,fluid
1830,22.4001,0.416506,,1000.63,263.511,9971.26,,4.00911,-0.0409582,4.00932,,-15.8962,12.954,-15.4513,3.14402,fluid
1831,21.8545,0.416323,,997.919,409.227,0,,4.52041,-0.0831031,4.52118,,-4.16874,9.87469,-4.16874,0.064685,fluid
1832,21.4402,0.412897,,994.286,269.483,0,,4.5291,-0.0846007,4.52989,,-0.553145,8.82994,-0.553145,-0.980058,fluid
1833,21.1746,0.411204,,992.448,251.645,0,,4.49393,-0.0712418,4.4945,,-1.49065,7.94627,-1.49065,-1.86373,fluid
1834,20.657,0.410034,,985.433,64.8326,0,,4.36974,-0.0543851,4.37008,,-0.276472,9.83208,-0.276472,0.0220765,fluid
1835,19.9329,0.414066,,987.647,-27.5983,0,,4.17603,-0.0510173,4.17634,,-0.297771,9.8155,-0.297771,0.00549869,fluid
1836,18.3877,0.418466,,983.34,12.8826,0,,3.72688,-0.0340966,3.72703,,-0.00399381,10.3871,-0.00399381,0.577058,fluid
1837,18.045,0.414333,,986.073,93.5955,0,,3.61705,-0.046037,3.61735,,-0.946065,10.2798,-0.946065,0.469849,fluid
1838,18.0573,0.413486,,985.934,89.9964,0,,3.61332,-0.0449698,3.6136,,-0.9628,10.3054,-0.9628,0.495369,fluid
1839,19.1376,0.414981,,996.495,273.033,0,,4.07652,-0.0548234,4.07688,,-0.672646,9.83117,-0.672646,0.0211696,fluid
1840,14.3127,0.149397,,993.534,100.135,0,,2.31255,0.0304419,2.31275,,0.101096,10.6484,0.101096,0.838395,fluid
1841,19.7399,0.165869,,996.001,76.8645,0,,2.22294,-0.00855048,2.22296,,-0.543039,9.79366,-0.543039,-0.0163406,fluid
1842,25.8286,0.386942,,1005.29,-64.6258,84292.9,,-1.50122,-0.113848,1.50553,,-21.5223,11.2147,-18.2759,1.40468,fluid
1843,25.6109,0.460894,,1002.67,31.2104,42168.1,,-0.464156,-0.133043,0.482847,,-41.6761,9.80616,-40.0339,-0.00384021,fluid
1844,28.789,0.921314,,1006.5,-151.087,103970,,-5.19971,1.73833,5.48259,,-30.3673,-2.79891,-26.7792,-12.6089,fluid
1845,30.6839,0.359274,,1004.23,-20.6702,67230.9,,-1.0845,-0.149525,1.09476,,-4.96322,12.6952,-2.78136,2.88516,fluid
1846,29.375,0.371678,,1006.6,-134.044,105647,,-3.23248,-0.129064,3.23505,,-3.70089,11.4996,-0.127983,1.68955,fluid
1847,30.8527,0.242897,,1004.38,-8.87258,69662.1,,-0.567329,-0.0451043,0.569119,,-6.05333,10.9999,-3.80529,1.18991,fluid
1848,30.7699,0.346019,,1004.27,-5.90861,67876.6,,-0.705468,-0.134112,0.718102,,-4.25459,12.3205,-2.05803,2.51047,fluid
1849,30.5069,0.368538,,1004.34,-47.1943,69008.1,,-1.653,-0.160817,1.66081,,-3.20516,13.2542,-0.952884,3.44417,fluid
1850,29.4137,0.683921,,1004.52,-205.469,71845.7,,-5.60931,-0.477415,5.62959,,-9.9426,15.4861,-7.51098,5.6761,fluid
1851,30.5064,0.250684,,1005.06,-18.3522,80587.8,,-0.831778,-0.05448,0.83356,,-3.22454,11.3215,-0.596162,1.51147,fluid
1852,30.8086,0.266116,,1004.34,-12.7056,69030.4,,-0.693524,-0.0648425,0.696548,,-5.46773,11.2955,-3.2368,1.48549,fluid
1853,30.6309,0.241899,,1004.62,-29.1685,73569.8,,-1.09498,-0.046302,1.09596,,-4.48686,11.2085,-2.09609,1.39853,fluid
1854,29.9583,0.252921,,1005.69,-86.0437,90825,,-2.39543,-0.0115584,2.39545,,-4.31105,11.4675,-1.29649,1.65747,fluid
1855,30.364,0.364357,,1004.95,-43.3251,78779,,-1.54803,-0.158159,1.55609,,-2.77919,13.0511,-0.197472,3.2411,fluid
1856,30.4342,0.365955,,1004.78,-33.8712,76174.1,,-1.29867,-0.164395,1.30903,,-3.58383,13.035,-1.09284,3.22503,fluid
1857,30.6323,0.368817,,1004.27,-24.7747,67862.8,,-1.18087,-0.162094,1.19195,,-5.08256,12.9402,-2.87657,3.13024,fluid
1858,30.0426,0.264703,,1005.85,-57.9905,93452.2,,-1.79048,-0.0308271,1.79074,,-1.58304,11.4858,1.50952,1.67582,fluid
1859,29.6725,0.804372,,1001.33,-211.141,20892.8,,-4.74425,-0.197704,4.74837,,-11.3136,0.85616,-10.6104,-8.95384,fluid
1860,30.2279,0.235726,,1005.88,-15.3029,93961.6,,-0.656178,-0.0201628,0.656487,,0.737161,11.0632,3.82742,1.25317,fluid
1861,30.2698,0.464645,,1004.54,-71.7243,72200.4,,-2.20692,-0.276345,2.22415,,-3.56293,14.3542,-1.18847,4.54419,fluid
1862,29.7481,0.273426,,1006.02,-87.207,96222.3,,-2.54914,-0.0283666,2.5493,,-9.37664,11.4634,-6.16143,1.6534,fluid
1863,30.901,0.294167,,1004.65,23.1634,73948.6,,-0.000294653,-0.0882269,0.0882274,,-6.77636,11.2844,-4.39435,1.47442,fluid
1864,29.6522,0.297596,,1006.11,-90.8988,97677.1,,-2.61268,-0.0546334,2.61325,,-7.09601,11.6301,-3.82192,1.82013,fluid
1865,30.5558,0.252531,,1005.21,4.01724,83098.1,,-0.339916,-0.0613945,0.345416,,-5.09672,11.1849,-2.39127,1.37494,fluid
1866,30.0647,0.270271,,1005.97,-40.4459,95437.5,,-1.38524,-0.0398687,1.38581,,-1.27159,11.4418,1.88397,1.63178,fluid
1867,30.2555,0.277781,,1005.77,-21.2627,92182,,-0.934487,-0.067711,0.936937,,-0.700408,11.4942,2.32889,1.68417,fluid
1868,29.9692,0.302545,,1006.01,-52.7019,96111.6,,-1.82783,-0.0682762,1.82911,,-5.65771,11.7312,-2.46988,1.92115,fluid
1869,29.1221,0.84879,,1003.8,-222.562,60382.1,,-5.83767,0.518968,5.86069,,-9.51706,11.9552,-7.4515,2.14523,fluid
1870,28.8264,0.919641,,1004.27,-253.268,67812,,-6.95897,1.07925,7.04216,,-19.217,4.97442,-16.8745,-4.83558,fluid
1871,28.8431,0.710588,,1005.88,-187.641,93927.4,,-5.51002,1.3373,5.66998,,-20.4708,13.3397,-17.2334,3.52969,fluid
1872,27.7978,1.3433,,1004.15,-382.303,65958.9,,-9.09707,2.54741,9.44701,,-9.16436,22.8517,-6.80136,13.0417,fluid
1873,29.3225,0.343554,,1006.65,-133.525,106421,,-2.96662,-0.10667,2.96854,,-7.9916,11.3381,-4.38625,1.52808,fluid
1874,27.8135,1.96004,,999.165,-469.991,0,,-8.78519,4.16471,9.72237,,-3.71205,1.54484,-3.71205,-8.26516,fluid
1875,27.5474,1.28935,,1007.1,-260.464,113803,,-9.38425,1.95806,9.58635,,-7.18932,23.5631,-3.08725,13.7531,fluid
1876,27.4542,1.2213,,1009.5,-173.942,153365,,-9.18405,2.15153,9.4327,,2.99481,30.258,8.52847,20.448,fluid
1877,27.8042,1.1571,,1005.63,-281.164,89852.3,,-7.91955,0.460611,7.93293,,-4.81729,12.9143,-1.60377,3.10428,fluid
1878,28.3199,0.52195,,1008.53,-186.79,137326,,-5.9405,1.00201,6.02441,,-5.20596,45.2677,-0.397865,35.4577,fluid
1879,28.7748,0.429726,,1006.25,-154.943,99912.4,,-3.58705,-0.0514311,3.58742,,-18.3654,9.82565,-14.9147,0.0156493,fluid
1880,28.7047,0.365638,,1006.32,-155.506,101018,,-3.4805,-0.0772674,3.48136,,-13.6345,10.2475,-10.1374,0.437535,fluid
1881,27.6464,0.307271,,995.604,-168.157,0,,-1.41221,-0.0503194,1.41311,,-30.5075,11.48,-30.5075,1.67,fluid
1882,26.624,0.420992,,1004.61,-143.878,73447.6,,-3.19199,-0.144365,3.19525,,-0.39045,14.2825,2.35558,4.47251,fluid
1883,26.2472,0.947749,,1003.3,-127.642,52357.9,,-3.36774,0.669573,3.43366,,9.5297,-0.740838,11.5179,-10.5508,fluid
1884,25.7041,1.62952,,994.136,-489.627,0,,-7.54861,5.82108,9.53239,,-5.99566,23.3798,-5.99566,13.5698,fluid
1885,25.9182,1.13766,,1007.47,-174.283,119951,,-5.36135,2.47758,5.90614,,-22.7435,-22.3015,-18.1497,-32.1115,fluid
1886,25.9252,1.13417,,1009.06,-147.39,146099,,-4.83301,2.54708,5.46311,,-30.3842,-33.979,-24.7994,-43.789,fluid
1887,25.7238,1.24189,,1010.1,-225.142,163423,,-5.67593,5.2143,7.70746,,-101.25,1.03215,-94.9601,-8.77785,fluid
1888,25.6697,1.09607,,1012.26,270.564,199672,,-3.58768,5.45041,6.52522,,-129.097,-12.5184,-121.413,-22.3284,fluid
1889,25.524,0.711824,,998.516,-57.3697,0,,-0.26617,3.17374,3.18489,,-42.2758,2.81162,-42.2758,-6.99838,fluid
1890,25.3094,0.663241,,1000.35,71.1971,5485.82,,0.557212,2.79953,2.85445,,-18.345,16.9996,-18.1283,7.18959,fluid
1891,25.1045,0.645662,,1001.22,12.1366,19281.5,,0.946559,3.07095,3.21352,,-6.70282,39.7928,-5.93571,29.9828,fluid
1892,24.9389,0.637694,,1002.61,34.694,41250.8,,2.03002,3.02102,3.63972,,-24.391,62.4812,-22.7412,52.6712,fluid
1893,24.4976,0.492845,,990.445,-139.718,0,,4.76475,0.981752,4.86484,,-15.884,8.10403,-15.884,-1.70597,fluid
1894,23.9162,0.44277,,1008.83,240.865,142269,,4.92362,0.588109,4.95862,,13.7244,36.8828,19.621,27.0728,fluid
1895,23.4029,0.432827,,1000.75,165.45,11859.4,,4.24903,0.488696,4.27704,,-7.31039,-16.2799,-6.80403,-26.0899,fluid
1896,22.838,0.411577,,1002.04,366.762,32262.2,,4.08143,-0.0206834,4.08148,,-24.7249,14.6078,-23.3152,4.79783,fluid
1897,22.4147,0.408366,,1000.57,262.721,8969.85,,3.99156,-0.043047,3.9918,,-16.2177,12.8079,-15.8177,2.99785,fluid
1898,21.766,0.408072,,996.785,400.081,0,,4.50732,-0.0783039,4.508,,-3.24677,9.83508,-3.24677,0.0250789,fluid
1899,21.3102,0.407217,,993.607,250.654,0,,4.50423,-0.0763386,4.50488,,-0.852377,8.28581,-0.852377,-1.52419,fluid
1900,20.2615,0.414661,,984.775,18.0254,0,,4.26935,-0.0539157,4.26969,,-0.359729,9.7599,-0.359729,-0.0500993,fluid
1901,19.5076,0.416289,,996.608,207.408,0,,4.0855,-0.0519409,4.08583,,-0.83069,9.82832,-0.83069,0.0183223,fluid
1902,19.3497,0.415646,,997.991,270.458,0,,4.07837,-0.0530128,4.07871,,-0.76552,9.79499,-0.76552,-0.0150098,fluid
1903,20.5109,0.41082,,984.91,55.6783,0,,4.3461,-0.0540432,4.34644,,-0.247128,9.80142,-0.247128,-0.00857601,fluid
1904,14.1313,0.15794,,994.125,110.539,0,,2.02051,0.0594089,2.02138,,-1.17397,9.51464,-1.17397,-0.295357,fluid
1905,22.7696,0.226196,,1001.02,199.995,16124.3,,2.85006,-0.0267933,2.85019,,-21.2886,9.40874,-20.5811,-0.401261,fluid
1906,30.0592,0.348793,,1005.93,-41.8717,94828.9,,-1.66367,-0.122601,1.66818,,-3.18749,12.1198,-0.0513681,2.30977,fluid
1907,27.5654,2.16625,,995.712,-479.154,0,,-8.2678,2.58824,8.66346,,-2.86383,2.2292,-2.86383,-7.5808,fluid
1908,30.3486,0.372558,,1004.87,-52.2222,77492.6,,-1.78385,-0.162133,1.79121,,-2.70757,13.2602,-0.166523,3.45023,fluid
1909,31.2635,0.743988,,1001.76,8.91971,27692.3,,-0.197995,-0.839368,0.862404,,1.77792,8.92145,2.66214,-0.88855,fluid
1910,30.4783,0.483199,,1003.68,-72.0921,58407,,-2.1659,-0.288483,2.18503,,-3.31526,14.5309,-1.40594,4.72089,fluid
1911,30.3067,0.660845,,1001.99,-114.682,31403.2,,-2.48321,-0.986763,2.67208,,2.05881,11.9345,3.09294,2.12453,fluid
1912,30.2708,0.609014,,1002.63,-111.812,41528.4,,-2.5947,-0.707662,2.68947,,1.25966,16.3617,2.62796,6.55166,fluid
1913,30.5148,0.639225,,1002.14,-95.7026,33877,,-2.25409,-0.873837,2.41754,,-1.50772,14.2348,-0.399909,4.42481,fluid
1914,24.0474,0.932431,,1002.71,-346.926,42806.4,,-10.5916,-2.036,10.7855,,21.7534,23.6101,23.5287,13.8001,fluid
1915,30.4093,0.800473,,1001.81,-72.6415,28631.1,,-2.15857,-1.09959,2.4225,,0.580156,-5.15349,1.51997,-14.9635,fluid
1916,30.3638,0.518706,,1003.39,-103.449,53674.3,,-2.76341,-0.334246,2.78355,,-1.44132,14.6849,0.320421,4.8749,fluid
1917,31.3114,0.297742,,1003.01,-12.3796,47629.6,,-0.442047,-0.0625722,0.446453,,-0.396182,11.6208,1.12042,1.81077,fluid
1918,31.3963,0.249941,,1003.03,-6.0231,47971.4,,-0.144633,-0.0437503,0.151105,,-0.104617,11.0194,1.4187,1.20939,fluid
1919,30.9168,0.222353,,1004.47,0.311528,71126.6,,-0.354268,-0.0286402,0.355424,,-6.55886,10.7353,-4.26852,0.925261,fluid
1920,30.9953,0.224792,,1004.53,10.3139,72126.3,,-0.176066,-0.0308956,0.178756,,-6.68788,10.6602,-4.37137,0.850228,fluid
1921,31.3584,0.230478,,1003.12,-9.05284,49367.8,,-0.187676,-0.0332967,0.190607,,0.0860669,10.935,1.65548,1.12505,fluid
1922,31.0326,0.236596,,1004.48,11.3245,71318.1,,-0.173756,-0.0391272,0.178107,,-6.2431,10.7214,-3.95519,0.911357,fluid
1923,30.7267,0.26947,,1004.33,-25.8566,68916.8,,-1.02104,-0.0701064,1.02344,,-5.18577,11.4624,-2.95256,1.65235,fluid
1924,31.0655,0.262621,,1004.26,4.83666,67731.1,,-0.353225,-0.0537461,0.357291,,-5.27207,10.9866,-3.10105,1.17661,fluid
1925,30.72,0.321814,,1004.28,-19.1623,68074.6,,-0.973782,-0.114513,0.980492,,-4.96223,12.1127,-2.75571,2.30272,fluid
1926,31.1459,0.286852,,1003.63,-11.8375,57612.1,,-0.689432,-0.0600879,0.692046,,-2.62622,11.4473,-0.78316,1.63731,fluid
1927,29.6382,0.697053,,1002.46,-218.915,38915.6,,-4.83282,-0.551226,4.86415,,-5.5345,11.1819,-4.2247,1.37187,fluid
1928,30.4239,0.279635,,1005.1,-29.463,81321.1,,-1.12132,-0.0801134,1.12418,,-1.76075,11.7243,0.898615,1.91433,fluid
1929,31.0222,0.400431,,1004.02,15.1014,63871.2,,-0.420929,-0.165368,0.452247,,-3.03052,12.9629,-0.97988,3.15288,fluid
1930,30.029,0.626249,,1002.96,-143.039,46949.7,,-3.19224,-0.753161,3.27988,,-1.67632,14.5183,-0.117462,4.70827,fluid
1931,30.1249,0.320618,,1005.66,-57.0446,90382.2,,-1.9333,-0.0920479,1.93549,,-1.06047,12.0755,1.92289,2.26546,fluid
1932,30.2322,0.348548,,1005.39,-53.0888,85960.6,,-1.83536,-0.129548,1.83992,,-2.87957,12.5809,-0.0514587,2.77088,fluid
1933,27.8318,2.03647,,997.049,-459.127,0,,-8.15714,1.90306,8.37619,,-6.1696,-4.83035,-6.1696,-14.6404,fluid
1934,27.9786,0.492083,,1002.35,-194.227,37156.5,,-3.33845,0.288507,3.35089,,-23.0877,18.0066,-21.7628,8.19655,fluid
1935,28.2079,1.72943,,1002.21,-259.771,34852.8,,-8.81417,2.13934,9.07008,,-0.143042,11.7519,1.08981,1.94186,fluid
1936,30.2742,0.315108,,1005.54,-34.2533,88438.4,,-1.327,-0.104917,1.33114,,-1.64704,12.057,1.25811,2.24698,fluid
1937,29.7561,0.334737,,1005.82,-93.074,92925.1,,-2.79569,-0.0935683,2.79725,,-9.98603,12.1734,-6.8812,2.36341,fluid
1938,29.7886,0.384923,,1005.7,-90.9462,91056.9,,-2.83197,-0.14628,2.83574,,-10.3944,12.6969,-7.35501,2.88688,fluid
1939,29.5075,0.43412,,1006.36,-112.998,101751,,-3.00704,-0.202796,3.01387,,-2.82876,12.3674,0.59777,2.55745,fluid
1940,29.8982,0.389743,,1005.93,-60.814,94781.3,,-2.23884,-0.16984,2.24527,,-8.46118,12.2931,-5.30973,2.48306,fluid
1941,29.7776,0.510459,,1004.76,-131.909,75804.8,,-3.41573,-0.289245,3.42796,,-10.4603,13.7257,-7.92666,3.91565,fluid
1942,28.213,0.911068,,1002.84,-349.258,44893.6,,-8.96912,-0.0206143,8.96914,,-7.33604,12.6073,-5.7493,2.79731,fluid
1943,28.3495,1.06745,,1000.92,-390.426,14507.6,,-8.64518,0.580386,8.66464,,1.1567,22.4334,1.66797,12.6234,fluid
1944,27.2711,1.49991,,1002.1,-348.322,33236.4,,-9.03231,1.22925,9.11558,,-10.1191,22.5378,-8.90287,12.7278,fluid
1945,29.4014,0.346173,,1006.46,-125.878,103446,,-2.86877,-0.113858,2.87103,,-1.39425,11.6053,2.10156,1.79535,fluid
1946,27.6037,1.08109,,1007.86,-237.07,126329,,-8.04438,1.34274,8.15568,,0.991292,32.1736,5.53211,22.3636,fluid
1947,28.564,0.417638,,1006.25,-198.154,99880.4,,-4.21042,-0.0506689,4.21072,,-6.99159,10.784,-3.51657,0.974034,fluid
1948,28.413,0.421797,,1008.02,-175.547,128929,,-5.35563,-0.0156838,5.35566,,-8.41597,11.5649,-3.91441,1.75491,fluid
1949,28.7635,0.353756,,1006.41,-155.947,102499,,-3.43628,-0.0765554,3.43713,,-17.5408,10.2351,-13.9999,0.425133,fluid
1950,26.8548,0.387394,,1003.52,-117.094,55835.9,,-3.21288,-0.172863,3.21753,,2.23251,15.1082,4.3044,5.29816,fluid
1951,26.0285,1.74603,,987.342,-622.344,0,,-5.24446,4.95042,7.21187,,-10.8658,8.7297,-10.8658,-1.0803,fluid
1952,25.2158,1.98976,,996.406,-444.525,0,,-8.86432,4.03148,9.73802,,-13.8285,3.12047,-13.8285,-6.68953,fluid
1953,25.8832,1.81449,,988.588,-557.654,0,,-5.85942,5.37699,7.95266,,-7.43171,1.20799,-7.43171,-8.60201,fluid
1954,26.1086,0.978832,,1006.56,-144.675,105040,,-3.08252,1.244,3.32408,,-13.1453,-29.9494,-9.14829,-39.7594,fluid
1955,25.4304,1.50814,,1001.44,-199.787,22649.8,,-8.54531,6.59427,10.7938,,-41.5163,6.64954,-40.627,-3.16046,fluid
1956,25.612,1.10221,,1010.02,198.952,162163,,-3.59857,5.51155,6.58231,,-141.746,2.76666,-135.477,-7.04334,fluid
1957,25.4665,0.721494,,997.763,-44.8804,0,,-0.132305,3.28052,3.28319,,-38.9623,4.43094,-38.9623,-5.37906,fluid
1958,25.2077,0.655076,,1000.74,68.8112,11713.1,,0.808694,2.93405,3.04346,,-9.05936,28.1003,-8.59504,18.2903,fluid
1959,24.9763,0.635941,,1002.2,-20.0467,34813.4,,1.56045,3.10246,3.47279,,-17.9992,56.2818,-16.6084,46.4718,fluid
1960,24.3749,0.469042,,992.307,-392.142,0,,4.72447,0.78051,4.78851,,6.4721,2.07253,6.4721,-7.73747,fluid
1961,23.8001,0.431374,,1007.53,473.254,120969,,4.47809,0.450529,4.5007,,-10.0582,29.9955,-5.01353,20.1855,fluid
1962,23.08,0.409001,,1004.08,211.033,64775.5,,4.21744,0.149501,4.22009,,-6.1972,16.5713,-3.40203,6.76129,fluid
1963,22.5531,0.403939,,1000.32,302.462,5052.77,,3.96065,-0.0588876,3.96109,,-21.6375,12.4077,-21.4136,2.59772,fluid
1964,21.4671,0.407821,,994.397,275.411,0,,4.51648,-0.0809621,4.51721,,-0.58957,9.04192,-0.58957,-0.768078,fluid
1965,20.8817,0.411025,,987.846,141.044,0,,4.4195,-0.0562085,4.41986,,-0.830095,9.25842,-0.830095,-0.551577,fluid
1966,20.7981,0.411071,,986.705,102.167,0,,4.40015,-0.0547843,4.4005,,-0.451258,9.63947,-0.451258,-0.170531,fluid
1967,21.447,0.406784,,994.308,269.115,0,,4.51568,-0.0800132,4.51639,,-0.569806,8.95685,-0.569806,-0.853153,fluid
1968,15.8642,0.164818,,994.393,136.906,0,,2.75286,-0.0120906,2.75288,,1.65355,9.88602,1.65355,0.0760241,fluid
1969,24.5975,0.260644,,1000.95,168.858,14940,,2.67505,0.40924,2.70617,,-28.8035,9.33506,-28.1967,-0.474943,fluid
1970,31.2453,0.744488,,1001.51,-0.657338,23729.4,,-0.34612,-0.693431,0.775013,,2.77805,7.28239,3.53636,-2.52761,fluid
1971,23.7397,0.910485,,1005.07,-423.096,80745.3,,-11.4787,-0.620069,11.4955,,-22.0111,43.3045,-18.627,33.4945,fluid
1972,25.0498,2.40985,,1001.67,-108.36,26363.2,,-8.52575,0.872945,8.57032,,-13.1071,19.8598,-12.0564,10.0498,fluid
1973,31.4293,0.262172,,1003.02,-1.17928,47829,,-0.061615,-0.0508859,0.0799111,,-0.154823,11.0226,1.36239,1.21261,fluid
1974,25.1017,2.52188,,1001.75,-67.8777,27670.7,,-8.18482,1.19666,8.27184,,-11.5145,20.9217,-10.4141,11.1117,fluid
1975,25.2546,2.77823,,998.167,-256.977,0,,-8.64552,2.15327,8.90963,,-0.642398,5.41924,-0.642398,-4.39076,fluid
1976,31.628,0.218238,,1003.1,4.57227,49078.9,,0.0590374,-0.0445028,0.0739318,,-2.81489,10.4778,-1.26793,0.667843,fluid
1977,31.2589,0.930454,,1001.81,30.8965,28607.1,,0.163647,-0.926206,0.940552,,4.04418,0.238385,4.95769,-9.57162,fluid
1978,30.3986,0.586783,,1002.69,-109.798,42583.8,,-2.60205,-0.490211,2.64783,,-0.894754,13.3672,0.502333,3.55718,fluid
1979,30.9237,0.461357,,1003.78,6.98423,60016.8,,-0.629966,-0.252933,0.678846,,-1.40409,13.7698,0.529404,3.9598,fluid
1980,31.3727,0.782556,,1002.25,38.2439,35514.1,,0.452215,-0.503396,0.676687,,-0.486642,7.66815,0.642825,-2.14185,fluid
1981,31.2837,0.362004,,1002.93,-11.7848,46447.3,,-0.614742,-0.0967438,0.622308,,-0.839627,12.6266,0.640744,2.81663,fluid
1982,31.4754,0.320423,,1002.94,3.85479,46519.2,,-0.0738939,-0.0747772,0.105128,,-0.0680678,11.3934,1.40556,1.58341,fluid
1983,31.5814,0.262107,,1003,4.85533,47458.2,,0.0318473,-0.0564994,0.064857,,-1.38777,10.7363,0.110462,0.92627,fluid
1984,31.6291,0.255376,,1003.02,4.8833,47817,,0.0501188,-0.0566808,0.0756612,,-2.83358,10.6455,-1.32632,0.835495,fluid
1985,30.9529,0.474637,,1003.73,11.5579,59265.3,,-0.552544,-0.263549,0.612179,,-0.344458,13.868,1.56311,4.05799,fluid
1986,29.6775,1.08792,,1009.22,20.9711,148821,,-4.48972,-0.401372,4.50762,,-44.0921,-26.9001,-39.1233,-36.7101,fluid
1987,31.4915,0.259168,,1003.07,5.09323,48583.5,,0.0858047,-0.0534972,0.101116,,-2.24238,10.8559,-0.704351,1.04586,fluid
1988,30.3648,0.860155,,1003.24,-42.1541,51332.5,,-1.92005,-1.52201,2.45012,,-1.00247,2.40721,0.682598,-7.40279,fluid
1989,29.3507,0.729796,,1003,-212.46,47469,,-5.47207,-2.09387,5.859,,-9.95847,29.7476,-8.346,19.9376,fluid
1990,30.8035,0.87177,,1002.54,5.9504,40109.5,,-0.587392,-1.30029,1.42681,,5.80281,3.61322,7.10162,-6.19678,fluid
1991,28.4737,1.23718,,1001.43,-333.51,22467,,-8.30326,1.08122,8.37336,,-7.52131,28.648,-6.73339,18.838,fluid
1992,30.5848,0.885216,,1002.81,-15.0554,44423.1,,-1.18795,-1.17872,1.6735,,-1.28608,3.81448,0.162311,-5.99552,fluid
1993,30.716,0.556825,,1003.08,-52.6782,48791.3,,-1.80908,-0.41376,1.8558,,-1.26156,11.9178,0.322031,2.10781,fluid
1994,31.1096,0.259786,,1003.99,-3.8431,63348.4,,-0.492524,-0.0492447,0.49498,,-3.84945,11.0451,-1.82125,1.2351,fluid
1995,31.2376,0.255117,,1003.39,-11.4506,53721.1,,-0.43688,-0.0436003,0.43905,,-0.63552,11.1607,1.07843,1.35073,fluid
1996,31.2191,0.265292,,1003.41,-12.3172,54096.8,,-0.514926,-0.0483338,0.517189,,-1.03066,11.2588,0.69626,1.44882,fluid
1997,31.1768,0.278758,,1003.52,-12.7331,55866.8,,-0.636975,-0.0551946,0.639361,,-1.90175,11.3812,-0.116111,1.57115,fluid
1998,30.5447,0.439787,,1003.78,-62.2479,60027.8,,-2.06171,-0.230777,2.07458,,-3.06631,14.2493,-1.10847,4.4393,fluid
1999,29.9395,0.687274,,1001.76,-192.222,27755.3,,-3.94274,-0.772714,4.01775,,-3.86312,7.10307,-2.9377,-2.70693,fluid
2000,29.4729,0.769337,,1003.01,-212.064,47636,,-5.4841,-0.511834,5.50794,,-8.93167,14.0378,-7.32025,4.22779,fluid
2001,30.2307,0.673086,,1001.98,-122.333,31221.3,,-2.676,-1.13833,2.90805,,2.85287,11.1606,3.8836,1.35059,fluid
2002,30.5791,0.729093,,1002.08,-66.1882,32909.9,,-1.83982,-1.23157,2.21397,,-0.897103,1.72535,0.176881,-8.08465,fluid
2003,29.3837,0.619459,,1005.62,-195.708,89687.5,,-5.46738,-0.293008,5.47523,,-11.8087,12.0596,-8.77344,2.24961,fluid
2004,27.9146,2.12691,,994.438,-620.133,0,,-8.13087,2.41452,8.4818,,-7.44129,-20.3,-7.44129,-30.11,fluid
2005,27.3413,0.93391,,1000.99,-126.118,15602.6,,-4.80017,0.981832,4.89956,,-12.8507,-6.40865,-12.2806,-16.2186,fluid
2006,27.7428,2.00796,,997.62,-423.764,0,,-8.45709,2.19634,8.73763,,-3.74388,1.63423,-3.74388,-8.17577,fluid
2007,29.6175,1.17689,,1010.5,-149.397,170121,,-4.80369,-1.06008,4.91927,,-62.5818,-52.4239,-56.8976,-62.2339,fluid
2008,28.4196,0.979883,,1001.57,-415.593,24778.8,,-9.0689,1.8616,9.258,,-8.11094,20.8522,-7.24042,11.0422,fluid
2009,29.0357,0.844414,,1003.77,-241.46,59867,,-6.15694,0.369913,6.16804,,-8.99406,11.0624,-6.93996,1.25244,fluid
2010,28.5739,0.853069,,1001.58,-456.34,24895.8,,-8.33198,1.27598,8.42912,,-19.1545,28.4064,-18.2846,18.5964,fluid
2011,28.2618,0.843785,,1002.96,-341.78,46815.9,,-8.94077,0.317066,8.94639,,-10.5821,19.4664,-8.93047,9.65638,fluid
2012,27.097,1.23926,,1002.6,-301.966,41055.1,,-5.88707,1.12453,5.99351,,-4.15169,18.1821,-2.6405,8.37209,fluid
2013,28.7858,1.02486,,1003.15,-278.478,49960.7,,-7.16557,-0.26865,7.1706,,-24.8689,13.5757,-23.1387,3.76572,fluid
2014,27.7178,0.988898,,1008.79,-224.433,141684,,-6.98379,0.872656,7.0381,,13.8112,40.438,18.8784,30.628,fluid
2015,28.8394,0.397537,,1005.55,-211.159,88539.1,,-4.32704,-0.0687011,4.32758,,-17.4964,10.3817,-14.4432,0.57166,fluid
2016,28.6617,0.413176,,1006.14,-163.219,98166.7,,-3.6258,-0.0622144,3.62633,,-10.08,10.1801,-6.67587,0.370076,fluid
2017,28.1689,0.346349,,1006.3,-189.338,100770,,-3.24801,-0.0970357,3.24946,,-2.86237,10.3572,0.69257,0.547174,fluid
2018,26.5607,0.556379,,1002.47,-176.933,39102,,-3.6144,0.160218,3.61795,,4.55141,21.5498,6.01995,11.7398,fluid
2019,25.2273,2.22406,,990.546,-637.939,0,,-9.27131,4.6661,10.3793,,-8.65172,3.31332,-8.65172,-6.49668,fluid
2020,25.0416,1.91704,,994.642,-560.636,0,,-9.57972,3.18068,10.0939,,-11.4092,-1.23208,-11.4092,-11.0421,fluid
2021,25.3028,1.85832,,1002.82,-342.843,44643.2,,-10.2981,5.90827,11.8726,,-15.8068,-10.4511,-14.0474,-20.2611,fluid
2022,25.4016,1.59211,,1002.45,-163.697,38796.5,,-9.24272,6.78608,11.4664,,-39.9271,-8.83863,-38.4035,-18.6486,fluid
2023,25.615,1.08868,,1009.6,233.509,155018,,-3.42596,5.46655,6.45138,,-133.672,2.29584,-127.678,-7.51416,fluid
2024,25.3845,0.670299,,999.906,37.921,0,,0.316174,2.82019,2.83786,,-27.4818,9.63978,-27.4818,-0.170223,fluid
2025,25.1863,0.626629,,1001.67,65.399,26386.3,,0.636421,2.75723,2.82973,,-10.3797,34.058,-9.33378,24.248,fluid
2026,24.6148,0.489806,,995.756,257.694,0,,4.46307,1.06951,4.58942,,-30.2823,12.4634,-30.2823,2.65339,fluid
2027,23.9231,0.425185,,1007.93,211.317,127523,,4.92766,0.414579,4.94506,,16.2389,29.4151,21.5275,19.6051,fluid
2028,22.7009,0.405569,,1000.83,351.643,13079.2,,3.99774,-0.0557176,3.99813,,-27.1867,13.8067,-26.611,3.99673,fluid
2029,22.0054,0.408939,,999.631,370.963,0,,4.45981,-0.0766714,4.46047,,-5.6413,9.9364,-5.6413,0.126405,fluid
2030,21.8105,0.407869,,997.315,403.213,0,,4.49752,-0.0775383,4.49819,,-3.71218,9.81474,-3.71218,0.00473962,fluid
2031,22.4942,0.404047,,1000.34,282.613,5357.82,,3.96193,-0.054425,3.9623,,-18.8119,12.3818,-18.5738,2.5718,fluid
2032,16.5947,0.133844,,994.745,93.688,0,,2.58085,-0.0103353,2.58087,,-0.301747,9.57231,-0.301747,-0.237688,fluid
2033,25.6964,0.503212,,1009.07,28.6727,146257,,-3.24275,-0.165501,3.24697,,-1.07493,3.33578,4.56564,-6.47422,fluid
2034,25.5818,1.48092,,987.334,-892.761,0,,-9.09036,3.16827,9.62666,,-21.2546,39.2018,-21.2546,29.3918,fluid
2035,31.4733,0.272859,,1003.04,4.77144,48218,,0.0531143,-0.0576817,0.0784111,,-1.3655,10.9796,0.161879,1.16963,fluid
2036,30.8129,0.777816,,1003.19,7.49418,50508.2,,-0.658614,-1.87713,1.98932,,3.52263,6.83415,5.15661,-2.97585,fluid
2037,27.5757,2.72536,,998.161,-194.758,0,,-4.9424,0.299537,4.95146,,-39.0006,-7.12133,-39.0006,-16.9313,fluid
2038,29.4029,0.781808,,1002.94,-189.427,46516.7,,-5.16451,-1.9422,5.51764,,-10.5595,20.8678,-8.98206,11.0578,fluid
2039,31.3581,0.830136,,1002.1,36.4114,33244.7,,0.404496,-0.60963,0.731618,,0.833955,6.53616,1.89189,-3.27384,fluid
2040,22.8775,1.06045,,1011.83,-497.246,192339,,-12.8255,-0.0594163,12.8256,,-74.0319,27.7567,-65.7228,17.9467,fluid
2041,26.3202,2.23774,,1000.82,-307.095,12840.3,,-9.25663,0.541891,9.27248,,-4.8172,15.617,-4.32975,5.80696,fluid
2042,25.8097,2.42718,,1003.73,-95.6585,59205.9,,-7.59814,0.0785016,7.59855,,3.71905,30.2699,6.00447,20.4599,fluid
2043,27.7891,2.99351,,993.199,-192.405,0,,-2.45316,-0.0985733,2.45514,,-2.85721,15.9429,-2.85721,6.13289,fluid
2044,27.6359,3.10742,,984.984,-880.398,0,,-3.69163,0.901887,3.8002,,-23.8967,21.4455,-23.8967,11.6355,fluid
2045,27.4253,2.76086,,993.379,-290.07,0,,-3.77362,1.38182,4.01866,,-24.8258,-3.75921,-24.8258,-13.5692,fluid
2046,24.5385,2.476,,977.415,-1202.33,0,,-11.8679,2.01407,12.0376,,-3.21039,2.22544,-3.21039,-7.58456,fluid
2047,31.4177,1.01438,,1002.23,15.8399,35229.9,,-0.0400692,-0.584145,0.585518,,11.2877,3.14234,12.4065,-6.66766,fluid
2048,27.3296,2.92743,,989.186,-423.933,0,,-3.42171,1.49586,3.73439,,-17.6029,0.341882,-17.6029,-9.46812,fluid
2049,27.559,3.05627,,984.89,-866.071,0,,-3.36553,1.94254,3.8859,,-33.1991,9.70998,-33.1991,-0.100018,fluid
2050,24.3539,1.27581,,994.601,-211.203,0,,-11.1295,-2.03351,11.3138,,9.99225,12.8031,9.99225,2.99312,fluid
2051,30.9754,0.626026,,1002.67,-9.12146,42206.8,,-0.918714,-0.491032,1.0417,,6.00894,10.8977,7.36791,1.08775,fluid
2052,24.1535,0.975994,,1002.4,-348.516,37951.7,,-10.8729,-2.94804,11.2655,,36.443,23.67,38.0105,13.86,fluid
2053,24.1128,0.94914,,1001.64,-353.123,25886.4,,-9.60084,-1.87567,9.78235,,30.5286,22.0797,31.6004,12.2697,fluid
2054,24.2502,0.88601,,998.636,-457.307,0,,-8.51915,-1.79248,8.70569,,30.5896,12.9552,30.5896,3.14519,fluid
2055,24.1934,1.13004,,994.02,-572.878,0,,-10.4369,-0.387603,10.4441,,17.5541,23.609,17.5541,13.799,fluid
2056,23.9603,0.94914,,1003.03,-440.126,48073.1,,-10.7052,-0.785185,10.734,,3.61176,34.0814,5.61205,24.2714,fluid
2057,26.7745,1.6653,,1000.26,-334.484,4104.23,,-8.75072,0.700058,8.77867,,9.6352,8.68136,9.78845,-1.12864,fluid
2058,24.5084,1.03258,,996.816,-97.2989,0,,-9.69789,-4.29896,10.608,,10.4668,13.2815,10.4668,3.4715,fluid
2059,25.2568,2.81024,,995.941,-472.755,0,,-10.9219,2.19666,11.1406,,-0.116903,4.75805,-0.116903,-5.05195,fluid
2060,30.5843,0.515917,,1003.32,-70.7672,52708.7,,-2.20243,-0.338164,2.22824,,-2.62334,13.5355,-0.905666,3.72555,fluid
2061,23.4664,1.2545,,994.03,-386.052,0,,-11.9721,-0.0121324,11.9721,,23.8318,45.519,23.8318,35.709,fluid
2062,22.2107,1.33491,,1013.22,-402.331,215926,,-12.3917,2.56556,12.6545,,-20.9795,42.2963,-11.3846,32.4863,fluid
2063,22.438,1.29827,,1014.65,-304.767,240352,,-11.8993,2.33013,12.1253,,-29.5607,52.97,-19.0036,43.16,fluid
2064,26.6538,1.74447,,1000.69,-305.172,10876.4,,-8.37039,0.207752,8.37297,,9.13838,12.6454,9.54616,2.83539,fluid
2065,30.7206,0.462276,,1003.69,-30.3445,58634.4,,-1.4296,-0.262902,1.45358,,-2.90655,13.7967,-1.00494,3.98671,fluid
2066,26.6632,1.77485,,1000.79,-300.913,12473.5,,-8.27176,0.194589,8.27405,,7.97278,13.6831,8.44023,3.87308,fluid
2067,30.1894,0.581227,,1003.3,-110.442,52338.4,,-2.70426,-0.595177,2.76898,,0.373579,15.6107,2.10154,5.80066,fluid
2068,30.1579,0.734896,,1001.71,-127.562,26959.7,,-2.99948,-1.09961,3.19468,,2.5659,-0.23147,3.45833,-10.0415,fluid
2069,29.5472,0.827494,,1001.91,-205.545,30095,,-5.04282,-0.432354,5.06132,,-11.763,9.3607,-10.7464,-0.449296,fluid
2070,29.6677,0.928686,,1002.65,-116.856,41896.4,,-4.42167,-0.546159,4.45527,,-21.4891,-1.50591,-20.0806,-11.3159,fluid
2071,30.0016,0.979143,,1007,81.6051,112272,,-3.48033,-0.442783,3.50838,,-1.20014,-4.27704,2.51604,-14.087,fluid
2072,28.2461,1.75791,,1001.58,-256.985,24982.2,,-8.5477,1.93463,8.7639,,3.18327,12.5315,4.06632,2.72154,fluid
2073,26.9363,1.18446,,1005.71,-212.215,91165.4,,-4.8554,-0.98241,4.95379,,19.41,55.5367,22.7753,45.7267,fluid
2074,27.8412,0.449543,,1002.33,-149.64,36875.6,,-3.51103,-0.0720863,3.51177,,-20.3839,9.17939,-19.0625,-0.630614,fluid
2075,27.2393,2.29278,,1001.04,-257.619,16385.4,,-7.88461,2.43982,8.25347,,6.98016,14.9109,7.58107,5.10086,fluid
2076,29.7296,1.02668,,1007.1,28.0286,113841,,-3.55149,-0.710309,3.62183,,-28.5543,-14.7378,-24.7521,-24.5478,fluid
2077,29.5378,0.562213,,1005.39,-158.568,86048.6,,-4.24247,-0.316583,4.25427,,-3.68383,12.6735,-0.786294,2.86353,fluid
2078,27.981,1.47166,,1003.84,-259.595,60903.7,,-7.52222,2.82546,8.03536,,-6.42972,24.0568,-4.26142,14.2468,fluid
2079,27.9272,1.16859,,1004.55,-302.729,72409.1,,-8.07721,0.695322,8.10708,,-4.30748,10.1294,-1.72644,0.319438,fluid
2080,27.7258,1.1912,,1003.71,-181.686,58825.5,,-4.28399,2.55812,4.98965,,-12.8269,15.8779,-10.7131,6.06788,fluid
2081,28.3438,1.11398,,1001.48,-358.805,23302.4,,-8.49359,0.914972,8.54273,,1.18586,21.4151,2.00678,11.6051,fluid
2082,29.0796,0.404968,,1006.01,-126.253,96035,,-2.19833,-0.093126,2.2003,,-3.8401,10.2946,-0.557341,0.484589,fluid
2083,28.5498,0.408224,,1006.35,-198.936,101603,,-4.25213,-0.0585275,4.25253,,-7.30316,10.8774,-3.76682,1.06744,fluid
2084,27.8609,0.337747,,1002.84,-153.561,44909.7,,-3.4806,-0.161486,3.48435,,-22.3984,11.7567,-20.7911,1.94667,fluid
2085,26.3224,0.902214,,1003.38,-136.543,53627.4,,-4.23386,1.73683,4.57626,,5.7182,2.73624,7.74867,-7.07376,fluid
2086,25.3196,2.28558,,990.322,-641.02,0,,-8.90576,4.81591,10.1245,,-7.96088,6.11918,-7.96088,-3.69082,fluid
2087,25.0327,1.92113,,994.557,-574.59,0,,-9.73294,3.28579,10.2726,,-10.8906,-1.51329,-10.8906,-11.3233,fluid
2088,25.5967,1.57861,,998.476,-351.129,0,,-8.0885,6.94637,10.6619,,-12.7243,24.6787,-12.7243,14.8687,fluid
2089,25.6471,1.33631,,1004.1,-387.879,65095.8,,-6.70014,5.94595,8.95802,,-66.8646,27.7517,-64.3368,17.9417,fluid
2090,25.5131,0.683091,,999.592,-32.6706,0,,-0.0864266,2.86673,2.86803,,-41.0563,4.72897,-41.0563,-5.08103,fluid
2091,25.1878,0.608272,,1002.34,79.0272,37044.1,,0.532771,2.55803,2.61292,,-12.5095,34.9639,-11.0422,25.1539,fluid
2092,24.1544,0.433005,,1001.98,-292.2,31205.6,,5.21193,0.494629,5.23535,,37.034,2.59555,38.3233,-7.21445,fluid
2093,23.3229,0.422058,,1001.69,83.5168,26603,,4.22159,0.462143,4.24681,,-2.75187,-8.86541,-1.61315,-18.6754,fluid
2094,23.0404,0.408022,,1003.97,243.132,63007.8,,4.14395,0.113796,4.14552,,-10.8909,17.7152,-8.16703,7.90522,fluid
2095,23.6107,0.421988,,1002.81,526.297,44544.1,,4.22332,0.279121,4.23254,,-19.0456,-1.4778,-17.1643,-11.2878,fluid
2096,19.7552,0.14904,,996.335,73.5011,0,,2.0174,-0.00739944,2.01742,,-0.378818,9.79587,-0.378818,-0.0141302,fluid
2097,29.809,0.36913,,1005.81,-81.8667,92876.7,,-2.64488,-0.134111,2.64828,,-9.88516,12.4473,-6.78745,2.63732,fluid
2098,30.9691,0.800671,,1002.81,19.435,44460.9,,-0.479237,-1.775,1.83856,,7.79976,6.73205,9.23139,-3.07795,fluid
2099,26.6259,2.31889,,1002.72,-221.213,43082.1,,-7.20281,0.217609,7.20609,,-20.3869,15.8273,-18.7732,6.01729,fluid
2100,31.6366,0.229005,,1003.07,4.67895,48694.2,,0.0561341,-0.0487618,0.0743555,,-2.8239,10.5119,-1.28944,0.701926,fluid
2101,25.0036,1.76427,,979.119,-1181.83,0,,-10.8308,-0.0181035,10.8308,,-10.9203,-1.65289,-10.9203,-11.4629,fluid
2102,24.5961,1.6694,,981.695,-798.884,0,,-9.27855,-3.11445,9.78731,,-1.22146,0.16425,-1.22146,-9.64575,fluid
2103,31.6897,0.211019,,1003.12,5.13922,49487.8,,0.0512277,-0.0450331,0.0682074,,-2.6664,10.3987,-1.10962,0.588714,fluid
2104,31.3049,0.889836,,1001.96,31.4222,30904.1,,0.240186,-0.833782,0.867687,,2.5863,3.87494,3.57157,-5.93506,fluid
2105,31.0605,0.570619,,1002.75,-5.13335,43491.9,,-0.945235,-0.327153,1.00025,,3.45622,13.5342,4.85262,3.72419,fluid
2106,27.3222,0.61829,,1000.89,-56.8388,13995.6,,-3.15882,0.0880154,3.16005,,-3.0248,5.89411,-2.51301,-3.91589,fluid
2107,31.745,1.98291,,1001.91,16.775,30161.1,,0.056969,2.60567,2.60629,,2.48383,30.1968,3.43212,20.3868,fluid
2108,27.3062,2.25987,,1001.55,-257.181,24380.3,,-8.68202,2.17072,8.94928,,8.29517,17.5059,9.18664,7.6959,fluid
2109,31.7674,1.71152,,1002.04,-12.0734,32201,,0.141202,1.07311,1.08236,,7.05066,16.2294,8.06225,6.41936,fluid
2110,31.7224,1.47099,,1002.84,28.5849,44932.6,,0.247314,0.456313,0.519024,,9.95217,14.6329,11.3646,4.82293,fluid
2111,31.4227,0.924435,,1002.22,33.2717,35028.4,,0.4606,-0.482985,0.667403,,1.75315,6.49555,2.86543,-3.31445,fluid
2112,31.7657,1.37703,,1002.22,26.1334,34999.7,,0.230401,0.298211,0.376848,,8.69461,11.539,9.79398,1.72896,fluid
2113,27.4472,0.471773,,1000.45,-79.5196,7046.14,,-3.56028,-0.158068,3.56379,,-8.15825,14.6552,-7.90164,4.84525,fluid
2114,27.5867,2.80826,,998.23,-159.055,0,,-4.726,0.28002,4.73429,,-39.0957,-6.6993,-39.0957,-16.5093,fluid
2115,27.9667,2.17976,,1000.13,-247.392,2039.99,,-5.97701,-0.699506,6.0178,,-5.50634,-21.4126,-5.43341,-31.2226,fluid
2116,31.4278,0.9332,,1002.13,32.1897,33679.4,,0.463809,-0.426752,0.630267,,1.93365,5.78936,3.00301,-4.02064,fluid
2117,26.6951,2.43469,,1003.31,-167.401,52402.6,,-6.60506,0.382752,6.61614,,-24.5056,17.8284,-22.5491,8.01842,fluid
2118,27.737,2.9107,,992.863,-225.477,0,,-2.39275,1.41504,2.77985,,-22.8141,3.02734,-22.8141,-6.78266,fluid
2119,27.2471,2.54646,,997.783,-247.551,0,,-4.5548,1.73428,4.8738,,5.47502,11.0703,5.47502,1.26026,fluid
2120,26.3967,2.19348,,1000.13,-323,2025.73,,-8.46377,0.788181,8.50039,,-4.92078,11.2095,-4.84405,1.39949,fluid
2121,26.7204,1.92003,,1001.28,-292.203,20171.7,,-7.96269,0.394228,7.97244,,1.33594,16.7347,2.08989,6.92465,fluid
2122,25.3297,2.59339,,995.31,-533.927,0,,-10.7832,2.67358,11.1097,,-1.07682,7.35139,-1.07682,-2.45861,fluid
2123,27.0953,3.58353,,976.738,-58.8226,0,,-6.34365,1.40351,6.49705,,1.0962,3.341,1.0962,-6.469,fluid
2124,29.1561,0.957514,,1002.2,-197.591,34699.8,,-5.61929,-1.95486,5.94961,,-4.24439,10.6031,-3.05686,0.793119,fluid
2125,24.5332,1.3105,,986.404,-292.862,0,,-10.0222,-3.69731,10.6824,,5.30668,6.505,5.30668,-3.305,fluid
2126,25.1978,2.27352,,996.36,-432.472,0,,-9.72538,2.37336,10.0108,,-6.81862,5.30289,-6.81862,-4.50711,fluid
2127,28.2176,1.43159,,1002.52,-279.626,39833.6,,-8.27257,1.6839,8.44221,,6.1353,28.3118,7.54341,18.5018,fluid
2128,25.3344,2.66893,,992.677,-566.008,0,,-9.24676,2.91158,9.69432,,-1.00574,6.50969,-1.00574,-3.30031,fluid
2129,25.5474,2.61574,,996.553,-472.948,0,,-9.27195,1.79058,9.44327,,-2.03613,9.6262,-2.03613,-0.183801,fluid
2130,24.6407,1.75959,,984.023,-865.122,0,,-9.218,-2.86529,9.65305,,-2.13988,-0.972731,-2.13988,-10.7827,fluid
2131,24.3264,0.949106,,1002.75,-268.844,43496.8,,-10.1506,-3.89479,10.8722,,49.4185,12.7266,51.2017,2.91664,fluid
2132,23.0066,1.0463,,1010.03,-448.799,162296,,-12.0895,-0.0168954,12.0895,,-39.1363,30.1544,-32.1521,20.3444,fluid
2133,26.8694,1.71063,,999.817,-339.203,0,,-8.68133,0.964573,8.73475,,4.31531,8.46132,4.31531,-1.34868,fluid
2134,29.2906,0.901703,,1002.23,-208.432,35187.4,,-5.71002,-0.383027,5.72285,,-8.83247,15.0382,-7.63382,5.2282,fluid
2135,23.1897,1.1574,,1004.98,-355.751,79383.3,,-11.4177,-0.164039,11.4189,,15.2129,66.0885,18.6191,56.2785,fluid
2136,30.896,0.650457,,1002.54,-23.7991,40108.6,,-1.09234,-0.610551,1.25139,,5.26013,8.89996,6.55502,-0.91004,fluid
2137,29.9365,0.628156,,1002.64,-179.064,41773.8,,-3.8154,-0.679744,3.87548,,-5.2453,15.314,-3.85356,5.50402,fluid
2138,29.9997,0.522886,,1004.49,-117.934,71482.1,,-3.2189,-0.394788,3.24302,,-3.57974,13.706,-1.20763,3.89601,fluid
2139,29.361,0.872441,,1002.12,-219.34,33532.9,,-5.78815,-0.371895,5.80008,,-10.7542,16.3788,-9.61452,6.56885,fluid
2140,28.4649,1.58571,,1000.42,-369.15,6527.01,,-8.94354,2.10775,9.18855,,7.83103,24.3862,8.06023,14.5762,fluid
2141,27.9901,0.473937,,1002.59,-188.045,41026.6,,-3.26294,0.156599,3.2667,,-21.2685,14.9205,-19.8066,5.11046,fluid
2142,27.9858,0.425106,,1002.86,-179.518,45230.9,,-3.21687,-0.0609362,3.21745,,-20.6806,9.76346,-19.069,-0.0465371,fluid
2143,28.0291,0.466267,,1002.6,-193.572,41161,,-3.11427,0.130419,3.117,,-21.5271,14.3317,-20.0624,4.5217,fluid
2144,29.5289,0.566996,,1005.41,-160.991,86345.9,,-4.32893,-0.316082,4.34046,,-4.17577,12.5496,-1.2674,2.7396,fluid
2145,27.9277,2.00851,,999.836,-423.373,0,,-7.95189,3.0276,8.50875,,-3.84054,-7.54729,-3.84054,-17.3573,fluid
2146,27.8101,0.931902,,1003.45,-184.417,54663.6,,-4.9091,1.0094,5.0118,,-2.80158,-0.344495,-0.842723,-10.1545,fluid
2147,27.5422,0.971078,,1001.84,-157.323,29026.7,,-4.84249,0.811117,4.90995,,-21.9759,-5.91216,-20.9239,-15.7222,fluid
2148,27.8183,1.6027,,1002.76,-309.24,43739.6,,-8.65832,3.30343,9.2671,,-8.08949,22.7117,-6.5215,12.9017,fluid
2149,28.9949,0.40713,,1005.91,-167.346,94458.4,,-3.1383,-0.0735417,3.13916,,-9.515,10.1739,-6.27638,0.363899,fluid
2150,28.9748,0.38697,,1005.92,-166.11,94640.5,,-2.94295,-0.0845342,2.94416,,-11.8177,10.5253,-8.57063,0.715258,fluid
2151,27.0439,0.40915,,1002.22,-61.4683,35101.5,,-3.29446,-0.18043,3.2994,,4.80906,15.6112,6.10412,5.80122,fluid
2152,25.8893,2.08102,,995.289,-419.86,0,,-6.54358,3.89666,7.61593,,-2.71514,8.02478,-2.71514,-1.78522,fluid
2153,25.063,1.98227,,994.337,-594.313,0,,-9.89592,3.8675,10.6248,,-10.4852,-0.922794,-10.4852,-10.7328,fluid
2154,25.41,1.85882,,1000.58,-363.605,9101.67,,-9.42199,6.39104,11.385,,-9.49932,-0.482858,-9.14134,-10.2929,fluid
2155,25.6989,1.23191,,1010.28,-221.293,166360,,-5.62582,5.3626,7.77221,,-114.687,-1.47771,-108.279,-11.2877,fluid
2156,25.3822,0.635717,,1001.25,57.7364,19621.2,,0.393053,2.50121,2.53191,,-27.4299,16.2738,-26.6579,6.46379,fluid
2157,24.7423,0.514746,,1002.21,445.564,34886,,4.04107,1.56937,4.3351,,-35.3746,36.9235,-33.9677,27.1135,fluid
2158,24.3764,0.457232,,993.176,-316.589,0,,4.68823,0.671003,4.73601,,5.7288,1.71882,5.7288,-8.09118,fluid
2159,25.0077,0.608667,,1003.03,-18.3345,47917.6,,1.11972,3.0174,3.21846,,-18.6959,55.6453,-16.7855,45.8353,fluid
2160,19.4048,0.14634,,995.799,40.6469,0,,2.07274,-0.0137694,2.07278,,-1.96422,9.75436,-1.96422,-0.0556362,fluid
2161,31.0196,0.744586,,1002.12,8.44068,33438.9,,-0.514884,-1.37551,1.46872,,9.04398,7.05931,10.1197,-2.75069,fluid
2162,31.7107,0.245983,,1003.03,4.4697,48021.8,,0.0411543,-0.0589125,0.0718635,,-2.65566,10.5247,-1.14586,0.714658,fluid
2163,27.0815,2.40691,,1001.9,-226.034,29992.7,,-8.07615,2.08343,8.34055,,5.21808,16.6008,6.32347,6.79084,fluid
2164,26.7915,1.75616,,999.863,-333.956,0,,-8.59041,0.976408,8.64573,,7.8467,7.49385,7.8467,-2.31615,fluid
2165,26.502,0.830198,,1002.42,-140.328,38207.1,,-3.50121,0.952377,3.62843,,-3.70436,19.6218,-2.26617,9.8118,fluid
2166,26.3587,2.1969,,1000.22,-322.935,3384.73,,-8.72125,0.813834,8.75914,,-3.90624,12.5201,-3.77786,2.71011,fluid
2167,26.6949,0.812623,,1000.92,-198.016,14537.4,,-3.39312,1.51971,3.7179,,5.73026,26.3682,6.27433,16.5582,fluid
2168,26.7903,0.855791,,1000.08,-149.484,1276.59,,-2.78528,0.11362,2.7876,,7.72468,20.8806,7.77232,11.0706,fluid
2169,31.7116,1.37651,,1002.5,25.8542,39459.8,,0.239306,0.326481,0.404792,,10.0424,12.4603,11.2837,2.65027,fluid
2170,31.6854,1.03546,,1002.41,15.9435,38154,,0.0981947,-0.44547,0.456164,,5.12933,12.163,6.33059,2.35301,fluid
2171,31.7501,1.13176,,1001.9,12.8281,29953.7,,0.18944,-0.0464456,0.19505,,5.8109,11.4077,6.75253,1.59769,fluid
2172,31.7386,1.33423,,1002.18,23.8016,34486.6,,0.233002,0.254261,0.344875,,9.11571,11.0793,10.1999,1.26934,fluid
2173,30.5436,0.694538,,1002.31,-71.3259,36558.2,,-1.5925,-2.13524,2.6637,,-2.47316,18.0375,-1.279,8.22748,fluid
2174,28.8814,1.18056,,1005.87,-172.781,93711,,-7.33804,-0.525204,7.35681,,-30.7609,1.76601,-27.5351,-8.04399,fluid
2175,31.7437,1.28323,,1001.98,20.6818,31298,,0.227581,0.19279,0.298264,,8.52597,10.2746,9.50998,0.464581,fluid
2176,29.7017,1.06177,,1007.68,-15.7972,123414,,-3.97575,-1.06227,4.11521,,-35.4098,-16.5103,-31.2864,-26.3203,fluid
2177,26.565,2.11075,,1000.97,-301.572,15240.4,,-7.92436,0.625953,7.94905,,-8.1639,15.2725,-7.59075,5.46249,fluid
2178,26.7688,2.28377,,1001.26,-338.357,19819.5,,-8.38396,0.868512,8.42883,,-12.1354,4.09248,-11.396,-5.71752,fluid
2179,28.1605,2.25646,,1001.17,-106.246,18394.2,,-3.6983,-1.26448,3.90849,,23.2976,-8.45061,23.95,-18.2606,fluid
2180,28.2187,2.41361,,1001.13,-82.274,17861.9,,-3.35442,-1.24527,3.57811,,41.7096,5.94429,42.3418,-3.86571,fluid
2181,27.9425,2.4333,,1002.35,-190.84,37213,,-5.21776,-0.344188,5.2291,,-13.9672,2.84714,-12.6386,-6.96286,fluid
2182,29.9825,1.27724,,1001.85,-94.9044,29129.7,,-2.43868,-3.80413,4.51868,,3.05461,20.1842,4.02438,10.3742,fluid
2183,26.7782,4.03421,,951.132,-362.416,0,,-6.19283,3.21747,6.97877,,-0.0280331,0.204384,-0.0280331,-9.60562,fluid
2184,26.4507,2.28946,,999.726,-342.926,0,,-8.56893,0.577104,8.58834,,-8.9049,6.18445,-8.9049,-3.62555,fluid
2185,27.3862,0.546386,,1000.79,-70.8235,12457.5,,-3.57602,-0.117637,3.57795,,-5.50689,8.50636,-5.05236,-1.30364,fluid
2186,28.2546,2.17656,,996.908,-193.131,0,,-4.44912,-0.342885,4.46232,,21.4055,-12.4461,21.4055,-22.2561,fluid
2187,29.2881,1.25877,,1001.67,-178.569,26392.9,,-4.13772,-2.66942,4.92407,,2.93212,23.0754,3.83176,13.2654,fluid
2188,26.6165,0.91139,,994.091,-321.339,0,,-4.76317,-0.656055,4.80814,,16.925,25.7724,16.925,15.9624,fluid
2189,27.5275,2.60398,,992.495,-377.406,0,,-3.979,2.04194,4.47235,,-31.669,-6.07903,-31.669,-15.889,fluid
2190,27.0031,2.35422,,1003.88,-149.345,61628.8,,-6.78041,1.61396,6.96985,,-9.59847,19.5214,-7.32501,9.71143,fluid
2191,27.3942,3.52397,,971.097,-65.9789,0,,-6.64019,1.59658,6.82944,,-4.62987,12.2421,-4.62987,2.43213,fluid
2192,28.4718,2.68758,,1002.13,268.023,33654.1,,-3.13697,-1.95806,3.69792,,27.2136,26.789,28.3931,16.979,fluid
2193,27.5329,3.15548,,976.852,-1091.27,0,,-3.15362,1.61393,3.54262,,-27.9234,18.5462,-27.9234,8.73625,fluid
2194,26.6207,0.895387,,1000.67,-186.713,10483,,-3.0962,1.44233,3.41566,,8.80435,23.523,9.19788,13.713,fluid
2195,24.1046,1.02331,,999.777,-497.247,0,,-11.1637,-1.14289,11.2221,,23.8677,29.2794,23.8677,19.4694,fluid
2196,24.9779,2.24793,,999.506,-267.002,0,,-9.28735,0.359556,9.29431,,-4.81665,1.48423,-4.81665,-8.32577,fluid
2197,26.4529,2.46131,,1001.42,-245.494,22423.5,,-6.93218,0.0746774,6.93258,,-16.1169,10.4996,-15.2704,0.689577,fluid
2198,25.6561,2.82528,,993.644,-684.425,0,,-9.12898,2.54292,9.47654,,-1.35219,5.35304,-1.35219,-4.45696,fluid
2199,24.8089,2.12204,,998.159,-365.979,0,,-9.60381,-0.82605,9.63927,,-4.63966,-1.87373,-4.63966,-11.6837,fluid
2200,24.089,0.969855,,1001.61,-380.401,25367.7,,-10.6018,-1.91906,10.774,,26.412,27.2822,27.4634,17.4722,fluid
2201,26.5451,1.75439,,1001.91,-300.293,30126.5,,-8.5857,0.0368453,8.58578,,-0.396688,22.8115,0.736068,13.0015,fluid
2202,23.4077,0.937253,,1006.68,-137.036,106977,,-11.1514,-1.33147,11.2306,,22.4408,23.2289,26.9806,13.4189,fluid
2203,23.2734,0.702333,,1012.61,11.8723,205524,,-10.6725,0.733081,10.6977,,3.36488,49.2511,12.0858,39.4411,fluid
2204,21.9431,1.0189,,1010.66,-268.817,172807,,-13.4032,-0.500521,13.4125,,1.57084,2.5583,9.363,-7.2517,fluid
2205,28.3433,1.17269,,1000.82,-356.68,12840.9,,-8.36515,0.399982,8.3747,,5.18055,24.9997,5.63323,15.1897,fluid
2206,30.4045,0.887344,,1002.29,-43.6568,36253.5,,-1.88782,-0.882116,2.08375,,0.71884,-0.545317,1.90849,-10.3553,fluid
2207,29.0934,1.21168,,1007.69,-80.3995,123447,,-5.63263,-0.182466,5.63559,,-8.34616,-24.7155,-4.13538,-34.5255,fluid
2208,25.986,1.54726,,997.66,-488.083,0,,-8.52231,0.456251,8.53451,,-1.11691,34.2819,-1.11691,24.4719,fluid
2209,27.5885,0.438379,,1000.43,-92.4805,6699.31,,-3.49014,-0.145045,3.49315,,-20.48,14.2408,-20.2372,4.43081,fluid
2210,28.105,0.439721,,1002.83,-194.98,44860.8,,-2.80336,0.0136695,2.80339,,-21.8278,10.5582,-20.2361,0.748236,fluid
2211,29.7387,0.663501,,1002.3,-208.438,36363.1,,-4.15837,-0.616123,4.20376,,-6.87755,13.2682,-5.6576,3.45822,fluid
2212,27.4117,2.12183,,1000.29,-296.799,4577.08,,-7.93449,2.55862,8.33682,,4.3125,8.70173,4.47943,-1.10827,fluid
2213,27.1721,1.29953,,999.388,-303.877,0,,-5.12964,1.66564,5.39328,,-20.0273,9.11488,-20.0273,-0.695118,fluid
2214,27.3244,1.28754,,1002.12,-274.747,33430,,-5.29617,2.70273,5.94594,,-17.2952,15.2548,-16.0743,5.44484,fluid
2215,28.434,1.01334,,1004.7,-268.785,74843.8,,-6.9908,2.20959,7.33169,,-20.6715,10.8248,-18.0516,1.01482,fluid
2216,28.3585,0.398184,,1009.73,-122.688,157197,,-5.59191,-0.0420195,5.59207,,0.0442904,11.0233,5.53408,1.21331,fluid
2217,27.017,0.393454,,1002.37,-73.388,37424.6,,-3.33721,-0.166001,3.34133,,5.14114,15.3831,6.52309,5.57312,fluid
2218,26.199,1.00391,,1003.44,-170.93,54497.3,,-4.16373,1.38927,4.38939,,11.0472,-3.32373,13.1202,-13.1337,fluid
2219,25.0319,1.90347,,995.052,-586.841,0,,-10.0441,3.44678,10.619,,-10.7116,-1.91678,-10.7116,-11.7268,fluid
2220,25.5779,1.51116,,999.046,-357.299,0,,-8.11421,6.79805,10.5855,,-19.4092,32.0317,-19.4092,22.2217,fluid
2221,25.5397,0.79288,,995.865,-81.4156,0,,-0.792276,3.91838,3.99768,,-46.2164,-4.33954,-46.2164,-14.1495,fluid
2222,25.4392,0.618584,,1001.78,54.0247,28040.2,,0.420856,2.14127,2.18223,,-32.2216,13.4197,-31.1213,3.60974,fluid
2223,25.5638,0.944359,,997.812,112.665,0,,-2.05409,4.9069,5.31949,,-54.9069,-13.927,-54.9069,-23.737,fluid
2224,21.1956,0.16105,,993.687,111.391,0,,3.39614,-0.018443,3.39619,,-0.972331,9.8316,-0.972331,0.0215994,fluid
2225,21.6279,1.34681,,1021.47,-582.894,359418,,-12.9577,2.53787,13.2039,,17.4626,58.4795,33.7316,48.6695,fluid
2226,31.6113,0.37973,,1002.66,-2.43858,42054,,-0.30396,-0.0934188,0.317991,,0.323307,11.8415,1.65012,2.0315,fluid
2227,26.7103,0.698855,,1001.61,-170.842,25363.3,,-3.3468,0.532682,3.38893,,1.99983,22.9315,2.94788,13.1215,fluid
2228,31.4331,0.715121,,1002.61,33.1635,41278.9,,0.257686,-0.545493,0.603295,,0.22637,12.4179,1.53619,2.6079,fluid
2229,26.8626,2.33242,,1000.89,-366.883,13978.8,,-8.80269,1.28572,8.89609,,-7.85131,2.13625,-7.33139,-7.67375,fluid
2230,26.3299,1.25146,,998.729,-446.337,0,,-7.79382,-0.727415,7.82769,,25.2651,12.0836,25.2651,2.2736,fluid
2231,31.7701,0.894395,,1001.97,7.69502,31101.9,,0.115801,-0.103476,0.155297,,1.1524,16.5856,2.12945,6.77564,fluid
2232,31.6871,1.10005,,1002.35,15.4228,37087.7,,0.130488,-0.296936,0.324343,,6.02678,11.2369,7.19448,1.4269,fluid
2233,31.7852,1.18531,,1001.63,13.1778,25729.2,,0.215503,0.126057,0.249664,,6.26754,10.7355,7.07569,0.925513,fluid
2234,31.6777,1.21622,,1002.36,20.1588,37299.1,,0.175162,-0.0295584,0.177639,,8.7261,10.2004,9.90079,0.390416,fluid
2235,26.828,1.90685,,1000.56,-301.811,8801.52,,-7.95402,0.467938,7.96777,,2.2598,6.82044,2.58769,-2.98956,fluid
2236,27.5806,0.467987,,1000.36,-89.4048,5691.07,,-3.48295,-0.147414,3.48606,,-20.6077,12.1847,-20.4015,2.37468,fluid
2237,27.6799,0.457395,,1000.87,-106.691,13679.7,,-3.50598,-0.135553,3.5086,,-23.8963,10.7747,-23.4025,0.964687,fluid
2238,27.5677,0.472072,,1000.33,-87.8754,5109.08,,-3.47743,-0.148113,3.48058,,-19.7576,12.1333,-19.5723,2.32331,fluid
2239,27.5118,0.486754,,1000.26,-83.4489,4128.56,,-3.4464,-0.151232,3.44971,,-15.0573,12.0379,-14.9073,2.22788,fluid
2240,27.3845,0.539109,,1000.77,-77.1112,12060.4,,-3.71844,-0.130344,3.72072,,-5.18392,9.23582,-4.74385,-0.574176,fluid
2241,28.191,1.34521,,1002.08,-320.238,32855.8,,-8.24201,1.1051,8.31577,,6.77324,25.0952,7.9363,15.2852,fluid
2242,27.4911,0.497948,,1000.17,-79.153,2658.84,,-3.37411,-0.14773,3.37734,,-14.1826,11.2572,-14.0859,1.44721,fluid
2243,26.7828,0.686761,,1001.36,-156.247,21377.6,,-3.24275,0.3739,3.26424,,5.81153,21.1027,6.60863,11.2927,fluid
2244,27.1985,1.70434,,999.608,-352.776,0,,-8.67872,2.05944,8.91972,,-9.869,12.2113,-9.869,2.40132,fluid
2245,27.0923,1.55881,,1000.4,-365.333,6340.08,,-9.11872,0.967942,9.16995,,-8.65619,18.7126,-8.42227,8.90255,fluid
2246,26.2427,1.70049,,1003.57,-315.994,56596.8,,-9.02683,-0.105,9.02744,,-14.8113,36.7209,-12.6623,26.9109,fluid
2247,26.8278,0.855254,,1000.09,-147.469,1437.69,,-2.75612,0.0345531,2.75634,,6.1368,18.5787,6.19038,8.76869,fluid
2248,27.5196,1.65774,,1001.02,-306.303,16059.9,,-8.27001,1.93572,8.49353,,-5.0935,20.9113,-4.51051,11.1013,fluid
2249,27.1951,0.859638,,1000.3,-136.01,4786.13,,-4.45971,0.855118,4.54095,,-2.36141,-6.35104,-2.18547,-16.161,fluid
2250,28.3476,2.19496,,999.547,-69.8952,0,,-3.45827,-1.8688,3.93091,,20.0472,-5.46224,20.0472,-15.2722,fluid
2251,28.5319,2.19991,,1000.97,-22.9355,15292.9,,-2.62343,-2.57769,3.67789,,15.7109,18.7254,16.2464,8.9154,fluid
2252,28.0524,2.26881,,1002.64,-122.543,41764.8,,-4.55038,-0.994585,4.6578,,2.77941,-3.80214,4.2643,-13.6121,fluid
2253,25.9335,1.41386,,994.865,-560.652,0,,-8.43056,0.76782,8.46545,,8.56892,49.6403,8.56892,39.8303,fluid
2254,26.169,2.06948,,1001.12,-311.235,17701,,-9.08197,1.44203,9.19574,,2.08613,20.9847,2.76178,11.1747,fluid
2255,28.2227,1.9885,,1000.36,-156.965,5719.51,,-5.72064,-0.237238,5.72556,,9.77164,1.93566,9.97422,-7.87434,fluid
2256,27.7423,2.3827,,1000.27,-323.913,4217.13,,-5.94854,-0.581247,5.97687,,-32.9625,-14.5019,-32.8105,-24.3119,fluid
2257,27.038,2.44138,,1000.95,-277.936,14957.9,,-8.61691,2.2321,8.90131,,5.81713,10.9832,6.36983,1.17324,fluid
2258,25.3786,2.06523,,1001.97,-213.995,31073.2,,-8.84217,1.52743,8.97313,,-5.36489,17.2432,-4.1429,7.43325,fluid
2259,25.9518,1.94919,,1003.18,-287.335,50409.9,,-10.3096,1.553,10.4259,,2.48393,24.7662,4.42021,14.9562,fluid
2260,27.2362,2.40146,,1000.38,-228.322,6012.43,,-7.32741,2.03579,7.60496,,8.89553,14.2706,9.1162,4.46058,fluid
2261,27.7668,2.50152,,1000.37,-332.711,5868.15,,-5.65103,-0.0226881,5.65107,,-39.2637,-14.4236,-39.0524,-24.2336,fluid
2262,27.7361,3.03476,,991.838,-382.908,0,,-2.99679,0.381104,3.02093,,-9.24218,15.4291,-9.24218,5.61909,fluid
2263,24.1059,1.10214,,993.602,-668.528,0,,-10.3116,-0.194333,10.3134,,17.4801,30.2687,17.4801,20.4587,fluid
2264,26.181,2.47433,,1000.12,-346.753,1938.21,,-7.91904,1.89885,8.14352,,-2.49655,7.47216,-2.42253,-2.33784,fluid
2265,26.1073,2.77993,,999.106,-425.884,0,,-7.88079,1.76915,8.07693,,-4.83072,3.39326,-4.83072,-6.41674,fluid
2266,25.9343,2.61006,,999.477,-417.61,0,,-7.77365,1.44891,7.90753,,-0.68022,9.26377,-0.68022,-0.546235,fluid
2267,24.6182,1.65592,,979.942,-859.952,0,,-9.33914,-3.09359,9.83818,,-1.37471,0.248159,-1.37471,-9.56184,fluid
2268,24.1879,0.867043,,1001.26,-400.902,19856.9,,-8.51257,-1.67083,8.67499,,39.0016,10.7312,39.8215,0.921235,fluid
2269,30.7579,0.850263,,1002.86,1.99894,45285.5,,-0.759581,-1.42375,1.6137,,3.09923,5.29068,4.56735,-4.51932,fluid
2270,24.6037,2.39365,,1003.93,225.459,62475.6,,-9.07088,-1.38312,9.17572,,-34.1389,24.7372,-31.6096,14.9272,fluid
2271,22.6391,0.845245,,1004.72,-810.718,75166.8,,-10.0739,2.14162,10.299,,-52.6387,1.67353,-49.334,-8.13647,fluid
2272,27.8012,1.53812,,1001.48,-344.772,23383.8,,-8.38296,2.14379,8.65273,,-6.78291,29.8886,-5.94304,20.0786,fluid
2273,29.2071,1.30359,,1009.49,-136.941,153346,,-5.301,-0.348927,5.31247,,-3.93188,-41.0404,1.26906,-50.8504,fluid
2274,27.5909,1.62779,,1000.64,-334.438,10079.6,,-8.53354,1.70147,8.70151,,-4.62986,25.9624,-4.26477,16.1524,fluid
2275,27.3509,0.474517,,999.688,-104.183,0,,-4.3224,-0.108563,4.32376,,2.58815,15.802,2.58815,5.99199,fluid
2276,27.9058,0.423308,,1002.85,-164.697,45083.9,,-3.43622,-0.0906223,3.43742,,-19.7306,9.88106,-18.1196,0.0710582,fluid
2277,28.0211,2.04848,,1000.01,-382.554,148.539,,-7.50622,2.47441,7.90355,,1.62185,-14.9481,1.62715,-24.7581,fluid
2278,28.5208,1.38302,,1004.48,-277.013,71231.7,,-8.58341,2.47139,8.93212,,-24.512,15.5752,-22.0256,5.76517,fluid
2279,27.1015,1.26275,,1012.56,-184.059,204698,,-7.72217,-0.529329,7.74029,,51.6149,84.5434,59.0742,74.7334,fluid
2280,27.7125,1.02712,,1001.79,-193.772,28321,,-3.99015,0.711677,4.05312,,-18.8044,-3.92409,-17.7843,-13.7341,fluid
2281,28.7451,1.03014,,1007.07,-127.843,113370,,-5.89491,2.4204,6.37247,,-41.1651,0.329326,-37.2488,-9.48067,fluid
2282,28.5334,0.396543,,1006.55,-200.887,104789,,-4.43756,-0.0666676,4.43806,,-7.52484,10.9006,-3.87623,1.09064,fluid
2283,27.0435,0.369044,,1002.53,-71.0893,40010.5,,-3.37202,-0.156461,3.37565,,4.21316,14.37,5.68891,4.55995,fluid
2284,26.0546,2.04199,,994.907,-430.867,0,,-5.91899,3.24995,6.75253,,-1.52848,9.44059,-1.52848,-0.369406,fluid
2285,25.3487,1.73806,,1003.99,-179.137,63338,,-10.2744,6.60554,12.2146,,-30.4717,-25.6118,-27.9829,-35.4218,fluid
2286,25.5122,1.46256,,1000.07,-281.587,1165.27,,-8.09965,6.68598,10.5027,,-30.4577,29.2225,-30.412,19.4125,fluid
2287,26.159,0.89524,,1007.37,-76.0993,118219,,-2.38672,0.959176,2.57225,,-20.7251,-32.8673,-16.2389,-42.6773,fluid
2288,23.8655,0.240429,,1000.55,118.77,8722.82,,4.01536,-0.0806579,4.01617,,7.08974,6.20742,7.45503,-3.60258,fluid
2289,30.789,0.545084,,1003.2,-33.6415,50678.8,,-1.41722,-0.386938,1.4691,,-0.44777,12.5256,1.19299,2.71557,fluid
2290,31.7755,1.52549,,1002.8,31.6181,44319.4,,0.19625,0.413528,0.457733,,8.3123,13.8898,9.70317,4.0798,fluid
2291,27.6485,2.72451,,998.987,-138.588,0,,-4.26025,0.200897,4.26498,,-42.3515,-6.94214,-42.3515,-16.7521,fluid
2292,31.7901,0.394375,,1002.62,1.07163,41416.1,,0.00981682,-0.111433,0.111865,,-2.45894,11.8708,-1.15954,2.06081,fluid
2293,31.3936,0.514356,,1002.91,22.7652,46132.7,,0.053661,-0.228086,0.234313,,-0.670111,14.2656,0.795111,4.45558,fluid
2294,31.7094,0.994673,,1002.23,12.7681,35250.1,,0.11426,-0.36886,0.386151,,3.28184,12.8284,4.39102,3.01842,fluid
2295,31.7543,1.21031,,1001.77,15.5217,27910.7,,0.215396,0.117742,0.245476,,7.31705,10.088,8.19445,0.278014,fluid
2296,27.0651,0.645173,,1001.12,-101.885,17569.7,,-3.42601,-0.10603,3.42765,,8.87409,12.0471,9.52253,2.23706,fluid
2297,27.7038,0.461195,,1001.02,-111.271,16014.8,,-3.50746,-0.125668,3.50971,,-24.0029,10.0699,-23.4254,0.259881,fluid
2298,27.629,0.484678,,1000.52,-90.5394,8182.71,,-3.49751,-0.136698,3.50018,,-23.4105,9.55179,-23.1145,-0.258207,fluid
2299,27.1517,0.645422,,1000.31,-137.34,4814.06,,-4.38274,-0.0867815,4.3836,,12.4789,9.00498,12.6562,-0.805023,fluid
2300,26.9001,0.7712,,999.325,-183.857,0,,-3.64177,-0.193346,3.64689,,12.0434,20.3638,12.0434,10.5538,fluid
2301,26.7993,0.791153,,998.96,-171.777,0,,-3.39045,-0.131498,3.393,,13.2939,26.6285,13.2939,16.8185,fluid
2302,27.0292,0.671901,,1001.04,-112.235,16447.4,,-3.35516,-0.0697908,3.35588,,8.74832,13.3706,9.35619,3.56065,fluid
2303,26.9342,0.746505,,1000.76,-130.284,11977.2,,-3.04536,0.0980372,3.04694,,7.36986,18.2789,7.8142,8.46886,fluid
2304,27.4398,0.519917,,1000.63,-79.2119,9897.26,,-3.57769,-0.143885,3.58058,,-8.08008,9.87494,-7.71962,0.0649408,fluid
2305,27.442,0.520101,,1000.51,-76.1999,8021.16,,-3.46072,-0.143064,3.46368,,-8.77669,9.82524,-8.48455,0.0152366,fluid
2306,27.4564,0.505565,,1000.27,-75.7613,4307.89,,-3.32458,-0.147344,3.32784,,-10.8207,11.1995,-10.6639,1.38952,fluid
2307,26.518,0.971531,,992.558,-382.354,0,,-5.35133,-0.979426,5.44022,,23.9772,22.2101,23.9772,12.4001,fluid
2308,31.1393,1.2193,,1004.32,40.2844,68679.7,,-0.0100412,-0.889346,0.889403,,7.41247,0.103905,9.60855,-9.70609,fluid
2309,26.2707,1.36676,,1002.48,-351.04,39246.8,,-8.58329,0.0159309,8.5833,,12.039,23.1559,13.5292,13.3459,fluid
2310,27.3063,0.520057,,1000.52,-74.3308,8237.2,,-3.75567,-0.147439,3.75856,,1.22284,13.1982,1.52434,3.38824,fluid
2311,27.3488,1.64841,,1000.67,-310.506,10563.2,,-8.02329,2.43128,8.38357,,-9.4351,17.836,-9.04912,8.026,fluid
2312,30.3584,1.1682,,1007.38,8.74171,118389,,-1.0193,-1.54169,1.84819,,6.63449,-0.643278,10.5056,-10.4533,fluid
2313,30.1124,1.57644,,1000.83,-113.761,13076.1,,-3.47363,-3.8809,5.2084,,-1.40628,20.7575,-0.972401,10.9475,fluid
2314,29.866,1.59355,,1000.95,-150.657,14887.7,,-3.4666,-3.72401,5.08778,,-5.45503,20.2006,-4.95701,10.3906,fluid
2315,29.967,1.58449,,1000.5,-128.395,7901.59,,-3.27721,-3.77742,5.0009,,-0.221316,24.8421,0.0422277,15.0321,fluid
2316,27.2238,0.717086,,999.344,-83.6765,0,,-2.47374,0.532451,2.53039,,-0.276586,-1.976,-0.276586,-11.786,fluid
2317,26.691,0.77226,,1001.37,-186.302,21648.1,,-3.48108,1.19267,3.67973,,2.0806,25.7745,2.89055,15.9645,fluid
2318,26.9958,0.587534,,1001.18,-99.9477,18635.1,,-3.22646,-0.155389,3.2302,,10.3469,14.8308,11.0364,5.02082,fluid
2319,28.5619,2.07819,,1000.91,-44.9322,14379.2,,-3.72295,-2.1104,4.2795,,7.85542,17.7522,8.3584,7.94225,fluid
2320,28.4481,2.11645,,1000.2,-15.2249,3198.43,,-2.84325,-2.30042,3.65732,,11.2804,5.34195,11.3928,-4.46805,fluid
2321,30.1428,1.02211,,1007.79,1.44892,125221,,-2.44571,-2.56197,3.54192,,1.64649,9.12827,5.76863,-0.681726,fluid
2322,27.0401,0.679348,,1001.3,-105.991,20444.4,,-3.26741,-0.0517094,3.26782,,6.8335,12.6201,7.5886,2.81012,fluid
2323,27.0597,2.89472,,992.57,-328.509,0,,-5.29702,2.48974,5.85297,,7.89952,9.22034,7.89952,-0.589655,fluid
2324,29.2319,1.42866,,1002.86,-174.128,45328.3,,-4.35036,-2.02704,4.79943,,-3.02137,22.2216,-1.47515,12.4116,fluid
2325,29.2938,1.60696,,1001.31,-203.068,20688.5,,-4.05294,-1.37111,4.27859,,-8.28354,24.4462,-7.57822,14.6362,fluid
2326,25.5432,2.23239,,1002.05,-157.337,32384.5,,-8.11296,1.83674,8.31828,,1.96482,23.7761,3.23006,13.9661,fluid
2327,25.7238,2.48563,,999.32,-389.24,0,,-8.91572,1.51868,9.04414,,-1.84475,12.9665,-1.84475,3.15652,fluid
2328,27.8561,2.43628,,1001.59,-259.868,25060.7,,-5.30709,-0.272675,5.31409,,-31.5305,-8.28991,-30.6323,-18.0999,fluid
2329,27.5864,2.50456,,995.814,-420.007,0,,-6.04591,0.803378,6.09906,,-32.0459,-6.49231,-32.0459,-16.3023,fluid
2330,26.5461,1.19278,,997.852,-345.542,0,,-1.71243,0.914589,1.94136,,8.11636,-1.50572,8.11636,-11.3157,fluid
2331,28.6382,1.16015,,1001.69,-371.169,26627.4,,-8.45439,0.00722204,8.4544,,-27.7537,28.8951,-26.8255,19.0851,fluid
2332,27.1467,3.06209,,991.573,-209.652,0,,-1.83539,0.686492,1.95958,,-2.96289,6.75491,-2.96289,-3.05509,fluid
2333,25.8744,2.94697,,996.028,-627.934,0,,-8.32802,2.54864,8.70928,,-3.1285,3.34548,-3.1285,-6.46452,fluid
2334,24.9043,2.21557,,996.751,-398.518,0,,-9.88627,0.181688,9.88794,,-3.84847,-0.128635,-3.84847,-9.93863,fluid
2335,27.2994,1.76642,,1000.84,-269.29,13175.3,,-8.0202,2.92302,8.53626,,-7.61332,7.37984,-7.1311,-2.43016,fluid
2336,30.9879,0.846114,,1002.65,19.1823,41929.5,,-0.431133,-1.62242,1.67873,,8.53032,6.33205,9.87984,-3.47795,fluid
2337,24.2073,3.6177,,979.656,-14.3308,0,,-6.03146,-3.75216,7.10332,,-0.000285397,0.000335829,-0.000285397,-9.80966,fluid
2338,22.2159,0.918556,,996.143,-738.154,0,,-12.2224,0.414563,12.2294,,-4.66274,-24.3273,-4.66274,-34.1373,fluid
2339,28.1169,1.40414,,1003.66,-249.687,58092,,-7.45678,1.9371,7.70428,,-3.18274,25.3904,-1.12419,15.5804,fluid
2340,28.1094,1.76969,,1003.31,-215.379,52427.7,,-7.84161,1.83143,8.05264,,-7.34411,6.94155,-5.48513,-2.86845,fluid
2341,22.7606,1.20482,,1009.77,-686.737,157844,,-13.0414,1.88284,13.1766,,-61.607,69.7485,-54.7391,59.9385,fluid
2342,23.2515,1.00287,,1007.21,-285.023,115607,,-11.4039,-0.373438,11.41,,21.0959,24.8718,26.0324,15.0618,fluid
2343,28.1232,0.48356,,1002.44,-217.354,38643.8,,-2.80045,0.37133,2.82496,,-23.7905,21.2328,-22.4197,11.4228,fluid
2344,28.9282,0.802233,,1003.13,-266.204,49662.4,,-6.14829,-0.598341,6.17734,,-9.59858,16.0198,-7.8872,6.20977,fluid
2345,27.3212,1.4466,,1003.26,-291.944,51609.5,,-8.58186,0.855463,8.6244,,-8.67911,23.7049,-6.79625,13.8949,fluid
2346,27.5671,1.25211,,1004.06,-256.94,64561.9,,-5.78434,3.25634,6.63795,,-13.9081,19.2752,-11.5756,9.46524,fluid
2347,28.0251,1.09114,,1005.6,-221,89360,,-7.38281,0.32992,7.39018,,-7.74594,1.82204,-4.57512,-7.98796,fluid
2348,28.4732,0.345437,,1007.64,-184.226,122671,,-4.76583,-0.076685,4.76645,,-7.03453,10.4581,-2.7589,0.648104,fluid
2349,26.0575,1.37811,,999.464,-352.071,0,,-5.08895,3.74479,6.31829,,8.02482,34.9562,8.02482,25.1462,fluid
2350,25.5784,1.97755,,994.139,-444.803,0,,-7.81643,4.95208,9.25309,,-6.39004,2.70657,-6.39004,-7.10343,fluid
2351,25.5372,1.87394,,996.25,-418.527,0,,-8.15554,5.61208,9.89992,,-6.65184,0.756687,-6.65184,-9.05331,fluid
2352,23.9339,0.17591,,999.993,78.8474,0,,3.50095,-0.0664696,3.50158,,15.3866,7.36763,15.3866,-2.44237,fluid
2353,26.691,1.29722,,1001.07,-311.136,16797.5,,-6.96594,-0.887816,7.02229,,7.0122,5.79351,7.64086,-4.01649,fluid
2354,23.8451,0.957171,,1001.82,-339.55,28649.9,,-11.5242,-4.70732,12.4485,,1.61794,44.6751,2.81727,34.8651,fluid
2355,26.3056,0.946454,,1000.89,-134.406,14030.7,,-3.8938,0.573321,3.93578,,26.8097,17.4396,27.3426,7.6296,fluid
2356,31.6859,0.30723,,1002.9,4.76229,45898.7,,0.0318713,-0.0760639,0.0824712,,-2.74833,10.9343,-1.30396,1.12429,fluid
2357,31.8507,0.861795,,1001.7,1.2445,26847,,0.131193,0.344257,0.368408,,0.531179,21.1686,1.37265,11.3586,fluid
2358,31.86,0.761657,,1002.01,4.92132,31717.1,,0.100159,0.0870904,0.132727,,-0.629765,21.5357,0.363754,11.7257,fluid
2359,31.8024,0.836179,,1001.99,7.31062,31437.4,,0.10777,-0.056481,0.121674,,0.197978,18.8749,1.18454,9.06493,fluid
2360,31.7804,0.764706,,1002.13,8.80656,33711.6,,0.0714088,-0.379393,0.386054,,-0.708273,18.6123,0.350236,8.80235,fluid
2361,31.847,1.1809,,1001.39,11.2281,21858.2,,0.20769,0.22076,0.3031,,5.19639,11.2824,5.88179,1.47242,fluid
2362,27.1155,0.851809,,998.357,-96.3906,0,,-2.38849,0.435989,2.42796,,-4.00375,-4.83788,-4.00375,-14.6479,fluid
2363,26.9094,0.88143,,1000.53,-131.715,8391.76,,-2.72986,-0.199277,2.73712,,0.27608,14.4247,0.587766,4.61466,fluid
2364,27.2799,0.510344,,999.869,-81.5391,0,,-4.04849,-0.10413,4.04983,,8.17053,14.6819,8.17053,4.87187,fluid
2365,26.9217,1.96422,,1000.46,-319.86,7172.67,,-8.41682,0.993784,8.47529,,-2.39714,1.40345,-2.13083,-8.40655,fluid
2366,27.4997,0.500768,,1000.37,-83.4454,5860.48,,-3.47698,-0.151009,3.48026,,-13.2951,10.7116,-13.082,0.9016,fluid
2367,27.6518,0.479334,,1000.65,-95.5585,10148.1,,-3.50275,-0.132336,3.50524,,-23.9164,9.58455,-23.5497,-0.225454,fluid
2368,27.2861,0.521673,,1000.51,-72.3533,7942.96,,-3.75761,-0.144638,3.76039,,2.97014,13.5289,3.26109,3.7189,fluid
2369,31.7179,2.77547,,995.161,-153.531,0,,0.0195667,3.71948,3.71953,,-0.979703,-3.94953,-0.979703,-13.7595,fluid
2370,27.9305,1.77125,,1001.95,-245.183,30846.6,,-7.60106,2.12638,7.89288,,-5.51352,16.0714,-4.41127,6.26137,fluid
2371,30.0312,0.668367,,1001.81,-159.709,28544.4,,-3.44576,-2.03053,3.99954,,0.445432,30.5202,1.39421,20.7102,fluid
2372,28.9128,0.973491,,1002.42,-257.367,38340,,-6.11266,-1.13654,6.21742,,-11.0339,10.3026,-9.7111,0.492592,fluid
2373,31.7088,2.44197,,1001.83,-52.969,28871.5,,0.0322906,3.89318,3.89331,,-3.95228,25.7292,-3.04342,15.9192,fluid
2374,27.6744,1.7472,,1000.98,-299.65,15504.6,,-8.55585,2.11385,8.81311,,-2.64396,20.4338,-2.08426,10.6238,fluid
2375,31.7169,1.84821,,1001.81,-12.766,28499.9,,0.170919,2.06146,2.06853,,4.90379,25.5239,5.80074,15.7139,fluid
2376,31.2342,1.09504,,1002.92,41.3089,46288.8,,0.247366,-0.891167,0.924861,,5.18851,-1.50198,6.66618,-11.312,fluid
2377,27.1863,2.36473,,1000.9,-260.783,14242.2,,-8.47801,2.44776,8.8243,,9.18621,14.2675,9.70961,4.45746,fluid
2378,27.9182,1.7392,,1000.26,-350.288,4067.64,,-8.87158,1.21698,8.95466,,-0.989533,23.9203,-0.843872,14.1103,fluid
2379,27.2448,1.95803,,1001.97,-258.862,31163.7,,-8.48918,2.26139,8.78522,,-3.28628,0.451004,-2.14469,-9.359,fluid
2380,27.017,3.01446,,987.187,-566.591,0,,-7.21715,3.0471,7.83403,,6.86733,7.46189,6.86733,-2.34811,fluid
2381,31.0204,1.27436,,1005.95,66.9271,95098.7,,0.417969,-1.33058,1.39469,,11.4413,1.79543,14.4888,-8.01457,fluid
2382,30.0956,1.5655,,1000.81,-117.909,12774.8,,-3.5363,-3.90124,5.26546,,-0.738197,20.7222,-0.314067,10.9122,fluid
2383,29.8487,1.60507,,1001.05,-155.356,16526.2,,-3.52819,-3.68686,5.10305,,-8.15871,20.6139,-7.60562,10.8039,fluid
2384,30.1988,1.61379,,1001.14,-100.82,17925.3,,-3.30239,-3.78885,5.02605,,-2.09661,18.6348,-1.50371,8.82479,fluid
2385,26.9965,1.96575,,1000.02,-337.387,293.657,,-8.68495,1.64981,8.84026,,-4.90486,-2.53825,-4.89399,-12.3482,fluid
2386,26.5341,0.90929,,993.858,-289.693,0,,-4.69158,-0.457448,4.71383,,23.0971,27.9867,23.0971,18.1767,fluid
2387,29.5377,1.80694,,998.216,-121.501,0,,-3.49531,-2.50107,4.29797,,-7.1791,10.9638,-7.1791,1.15381,fluid
2388,28.2389,2.21074,,1000.28,-90.3401,4383.13,,-3.43756,-1.62633,3.80286,,22.9636,-10.7378,23.1188,-20.5478,fluid
2389,26.8705,2.39449,,1000.78,-343.398,12309,,-8.3407,1.62795,8.49808,,-6.56671,3.52032,-6.10898,-6.28968,fluid
2390,25.989,1.70659,,999.585,-470.369,0,,-9.50234,0.360502,9.50918,,-5.41125,16.0225,-5.41125,6.21253,fluid
2391,30.3758,1.08943,,1006.4,82.001,102411,,-0.717323,-3.89075,3.95632,,0.0773224,17.2503,3.42736,7.44029,fluid
2392,28.4376,1.91045,,998.759,-232.342,0,,-5.64123,0.258762,5.64716,,10.6311,8.10702,10.6311,-1.70298,fluid
2393,29.7482,1.03036,,1003.43,-180.466,54354.7,,-3.33003,-3.95611,5.17106,,-20.659,4.55237,-18.838,-5.25763,fluid
2394,24.7454,1.44569,,993.976,2.38673,0,,-12.8913,-0.310154,12.895,,0.796144,-1.84898,0.796144,-11.659,fluid
2395,28.3421,1.86907,,1000.67,-198.948,10478.4,,-6.22998,0.304683,6.23743,,8.57449,11.2007,8.94396,1.39069,fluid
2396,27.0043,2.64026,,999.209,-241.886,0,,-7.37076,2.69231,7.84708,,12.855,7.94404,12.855,-1.86596,fluid
2397,30.0441,0.934263,,1005.15,-10.0684,82071.4,,-3.17395,-1.21895,3.39997,,-2.1796,1.69153,0.538104,-8.11847,fluid
2398,25.3871,1.88285,,998.905,-447.929,0,,-8.65063,0.679598,8.67728,,-11.4031,7.17045,-11.4031,-2.63955,fluid
2399,26.647,3.08465,,998.209,-140.967,0,,-5.93054,-1.23993,6.05878,,-3.79665,10.4888,-3.79665,0.67877,fluid
2400,26.0416,2.59505,,1001.4,-315.506,22144.6,,-7.53775,1.3404,7.656,,-2.72552,13.8365,-1.87636,4.02653,fluid
2401,24.0546,1.08022,,997.886,-526.253,0,,-11.6225,-2.16253,11.822,,17.693,35.3142,17.693,25.5042,fluid
2402,30.1643,0.721151,,1002.28,-114.695,36015.8,,-2.6788,-2.11661,3.41408,,1.4433,9.89752,2.63457,0.0875212,fluid
2403,23.9984,0.940976,,1003.87,-396.119,61515.1,,-10.4789,-0.712422,10.5031,,7.04324,28.2138,9.59665,18.4038,fluid
2404,23.7847,1.81355,,971.438,-471.35,0,,-10.7779,1.09659,10.8335,,-0.108703,0.243475,-0.108703,-9.56652,fluid
2405,22.8684,1.1202,,1010.07,-606.646,162859,,-12.7864,0.891824,12.8175,,-61.8376,51.9708,-54.7871,42.1608,fluid
2406,27.9048,1.57053,,1001.07,-309.796,16804.1,,-7.71726,1.72756,7.90826,,-3.09599,30.7362,-2.49444,20.9262,fluid
2407,23.3482,1.27371,,996.31,-377.346,0,,-11.8712,0.229751,11.8735,,29.3997,51.2108,29.3997,41.4008,fluid
2408,28.5191,0.503294,,1005.74,-143.5,91697.7,,-2.21957,0.496675,2.27446,,-15.7944,23.5461,-12.5974,13.7361,fluid
2409,29.0586,0.928413,,1002.74,-206.918,43426,,-5.42674,-0.880615,5.49772,,-6.81235,9.70257,-5.32201,-0.107432,fluid
2410,27.8509,1.78682,,1002.36,-273.35,37265.3,,-8.20334,3.84393,9.05928,,-8.05427,14.5042,-6.7194,4.69423,fluid
2411,27.7771,0.976359,,1012.05,-114.986,196090,,-7.48982,0.165344,7.49165,,31.2764,52.8333,38.2518,43.0233,fluid
2412,29.5401,0.402006,,1006.53,-69.7736,104587,,-1.90389,-0.180708,1.91245,,-3.55565,12.3131,-0.0381221,2.50311,fluid
2413,29.0185,0.375544,,1005.87,-149.114,93759,,-2.38997,-0.0909337,2.3917,,-6.87357,10.8296,-3.66142,1.01959,fluid
2414,28.1947,0.345637,,1008.34,-182.07,134276,,-3.76531,-0.0988425,3.7666,,10.3627,9.88771,15.0858,0.0777086,fluid
2415,27.8947,0.326502,,1003.03,-158.447,47989.9,,-3.42049,-0.157063,3.4241,,-22.6489,11.6698,-20.9337,1.8598,fluid
2416,28.5634,0.66272,,1005.7,-220.061,91092.4,,-4.90115,1.57413,5.14773,,-21.3971,31.8156,-18.226,22.0056,fluid
2417,28.5805,1.53385,,999.883,-272.186,0,,-7.36722,-0.163916,7.36904,,-0.841136,35.5401,-0.841136,25.7301,fluid
2418,25.4954,2.38771,,1001.5,-171.534,23678.8,,-8.56432,0.863294,8.60772,,1.24874,20.1693,2.17609,10.3593,fluid
2419,31.744,0.969529,,1002.01,9.59543,31800.3,,0.131068,-0.208962,0.246666,,2.57958,14.2,3.57934,4.39002,fluid
2420,31.2409,0.685802,,1001.71,-5.49899,27044.7,,-0.500135,-0.649864,0.820036,,1.75228,13.2335,2.61648,3.42355,fluid
2421,31.6047,0.622827,,1002.23,-2.29252,35285.2,,-0.658425,-0.255821,0.706377,,3.88153,15.342,4.99549,5.532,fluid
2422,31.8558,0.575043,,1002.28,2.96517,35984.4,,0.0538878,-0.102996,0.116242,,-1.87422,15.7334,-0.747178,5.9234,fluid
2423,31.7913,0.82338,,1002.05,8.34758,32435.6,,0.0972202,-0.166536,0.192837,,0.0230389,18.3523,1.04122,8.54231,fluid
2424,31.8589,1.12831,,1001.25,6.28903,19649.2,,0.198595,0.269336,0.334637,,4.34703,12.4795,4.96302,2.6695,fluid
2425,26.4178,1.26275,,1000.89,-289.9,14056.2,,-4.2425,-0.184654,4.24652,,14.217,3.58669,14.7486,-6.22331,fluid
2426,31.1388,1.14822,,1003.57,33.2302,56695.4,,-0.0966225,-1.08972,1.094,,6.8303,-2.84087,8.64455,-12.6509,fluid
2427,30.6736,0.824128,,1003.08,-4.97854,48730.7,,-0.947634,-1.51731,1.78892,,-0.110958,5.07349,1.47286,-4.73651,fluid
2428,26.3866,1.47782,,1003.46,-327.499,54926.8,,-10.0141,-0.167759,10.0155,,2.1218,21.4033,4.19623,11.5933,fluid
2429,26.5533,1.72009,,1000.89,-320.907,14065,,-8.86202,0.422921,8.8721,,5.24683,15.7504,5.77605,5.94042,fluid
2430,26.666,1.81563,,1000.44,-311.033,6976.32,,-8.38123,0.475036,8.39468,,6.8508,13.1572,7.1123,3.34718,fluid
2431,31.7156,2.15806,,1003.41,83.6117,54139.7,,0.0794705,3.47538,3.47629,,2.22507,35.1633,3.9263,25.3533,fluid
2432,26.9052,1.91613,,998.976,-357.617,0,,-8.58319,1.67931,8.74593,,-0.465942,0.505362,-0.465942,-9.30464,fluid
2433,28.329,1.58282,,1003.37,-252.11,53425.4,,-8.412,2.47183,8.76765,,-2.39536,11.4845,-0.515806,1.67446,fluid
2434,31.3735,1.06731,,1002.7,51.0055,42770.3,,0.769426,-0.399167,0.866805,,0.35924,2.8067,1.71883,-7.0033,fluid
2435,29.8915,1.12938,,1011.99,-128.377,195060,,-2.87956,-2.24608,3.65195,,-7.21336,-77.3419,-0.765063,-87.1519,fluid
2436,27.5253,2.09198,,1000.63,-270.371,9915.8,,-9.61677,1.23857,9.6962,,4.47974,8.5803,4.83976,-1.2297,fluid
2437,27.843,1.58618,,998.768,-443.147,0,,-9.28089,0.729043,9.30948,,-1.88363,34.3481,-1.88363,24.5381,fluid
2438,29.0674,1.3544,,1005.3,-237.117,84549.7,,-6.84786,-1.94045,7.11748,,-11.6181,0.377662,-8.72473,-9.43234,fluid
2439,31.5627,2.75772,,991.476,-171.846,0,,0.0326705,1.6784,1.67872,,-2.06999,-3.87575,-2.06999,-13.6857,fluid
2440,30.9804,1.99492,,1001.32,-94.6472,20811.2,,0.764415,-2.58852,2.69903,,1.53512,38.4562,2.20599,28.6462,fluid
2441,31.4058,2.34488,,992.552,-475.765,0,,0.493985,0.645892,0.813141,,-11.4677,33.8793,-11.4677,24.0693,fluid
2442,31.5752,1.99538,,1004.07,74.3454,64637.5,,0.525202,1.42841,1.5219,,6.98842,41.2492,9.02722,31.4392,fluid
2443,31.5079,1.66319,,1006.41,138.803,102487,,0.843179,-0.61672,1.04465,,8.09998,24.3128,11.332,14.5028,fluid
2444,28.6908,1.39457,,1001.13,-367.902,17851.1,,-8.40909,-0.658821,8.43486,,-25.2154,37.6662,-24.5939,27.8562,fluid
2445,28.6171,1.1763,,1001.08,-403.799,17076.5,,-8.87306,0.130403,8.87402,,-23.4127,31.4483,-22.8166,21.6383,fluid
2446,30.2133,1.55178,,1001.18,-116.204,18611.3,,-3.68052,-4.11269,5.5191,,-1.58664,15.3507,-0.971367,5.54071,fluid
2447,29.9948,1.53719,,1000.82,-133.314,12952,,-3.54105,-3.7697,5.17201,,1.7809,19.5467,2.21236,9.73666,fluid
2448,30.2262,1.57051,,1001.23,-111.343,19355.4,,-3.58649,-4.0709,5.42542,,-1.85254,15.5917,-1.21297,5.78166,fluid
2449,30.6686,1.74736,,1004.11,-119.168,65285.8,,-1.89956,-3.899,4.33711,,3.83834,1.75922,5.95838,-8.05078,fluid
2450,30.0315,1.5571,,1000.72,-124.472,11358.7,,-3.51355,-3.82219,5.19175,,0.713283,21.727,1.09124,11.917,fluid
2451,29.8408,1.60795,,1001.07,-157.912,16863.9,,-3.56184,-3.66359,5.10966,,-9.44477,20.7858,-8.88024,10.9758,fluid
2452,30.0144,1.58332,,1000.52,-120.41,8143.03,,-3.30817,-3.77198,5.01716,,-0.786796,24.6431,-0.515632,14.8331,fluid
2453,27.1099,2.0653,,1002.61,-249.424,41221.3,,-8.0563,1.23175,8.14992,,-6.9754,6.0044,-5.45883,-3.8056,fluid
2454,26.5595,2.01491,,1001.34,-321.456,21081.3,,-8.47602,0.372148,8.48419,,-6.54186,22.1092,-5.74918,12.2992,fluid
2455,28.8902,1.8756,,993.855,-156.28,0,,-5.12806,-2.10382,5.54284,,-12.1413,12.9039,-12.1413,3.09386,fluid
2456,28.0748,2.25772,,1002.53,-116.065,40045.3,,-4.42638,-1.08749,4.55801,,7.86275,-4.34428,9.28553,-14.1543,fluid
2457,25.5528,1.93264,,1002.77,-263.889,43787.3,,-8.92997,1.85871,9.12135,,-2.12561,17.0777,-0.416732,7.26768,fluid
2458,30.7069,1.3057,,1005.84,67.9274,93287,,-0.78652,-3.34911,3.44022,,-4.18476,5.98286,-1.16442,-3.82714,fluid
2459,29.3996,1.37126,,1002.08,-185.033,32883.1,,-4.81553,-2.36929,5.36683,,-5.20268,22.5074,-4.08652,12.6974,fluid
2460,29.4684,0.97477,,1002.69,-155.861,42523.6,,-4.98228,-2.66599,5.65072,,-17.679,14.9835,-16.2399,5.17346,fluid
2461,26.3924,2.50773,,997.074,-477.937,0,,-9.15476,1.0166,9.21103,,-10.79,3.65425,-10.79,-6.15575,fluid
2462,28.3329,2.2162,,1000.09,-65.7059,1387.55,,-3.77711,-1.79166,4.1805,,22.6719,-6.22447,22.7208,-16.0345,fluid
2463,26.9402,2.80797,,1000.59,16.1114,9351.47,,-4.33246,0.79637,4.40504,,5.25383,17.1494,5.60074,7.33943,fluid
2464,27.341,2.04528,,1002.52,-221.933,39789.9,,-8.10875,1.92406,8.3339,,2.51376,8.98727,3.96543,-0.82273,fluid
2465,25.8614,2.10162,,1002.26,-304.84,35669.5,,-10.4936,2.86509,10.8777,,1.62964,27.0764,3.00579,17.2664,fluid
2466,26.3973,2.99305,,1004.95,30.6832,78929.7,,-7.80649,-1.4252,7.93552,,-22.6682,38.8733,-19.6929,29.0633,fluid
2467,24.3496,1.25661,,994.026,-161.051,0,,-9.56278,-3.76017,10.2755,,10.4098,13.891,10.4098,4.08102,fluid
2468,27.824,1.64034,,1001.71,-295.383,26943.3,,-8.16175,2.55472,8.55223,,-6.28488,25.3911,-5.31818,15.5811,fluid
2469,31.0452,0.858659,,1002.54,28.1757,40114.4,,-0.199097,-1.57916,1.59166,,9.0312,5.80899,10.3201,-4.00101,fluid
2470,24.4346,1.89736,,999.449,80.1629,0,,-8.71609,-3.18258,9.27896,,-2.62476,-1.04628,-2.62476,-10.8563,fluid
2471,26.7086,1.91531,,1001.36,-288.234,21408.3,,-7.8648,0.388194,7.87437,,0.945747,17.8376,1.74621,8.02765,fluid
2472,29.1827,1.1465,,1004.92,-115.712,78346.1,,-5.56391,-0.359851,5.57553,,-2.58004,-8.71585,0.0914991,-18.5259,fluid
2473,27.9881,0.421138,,1002.86,-179.961,45332,,-3.20662,-0.0676394,3.20733,,-20.8073,9.89927,-19.1922,0.0892717,fluid
2474,27.838,0.420059,,1002.46,-151.843,38966.4,,-3.51584,-0.120402,3.51791,,-20.325,10.4067,-18.9287,0.596671,fluid
2475,29.8017,0.544314,,1004.29,-148.632,68178.7,,-3.59145,-0.327803,3.60638,,-9.90289,13.5052,-7.62491,3.69519,fluid
2476,27.0402,1.7075,,1000.48,-336.959,7544.12,,-9.11303,2.04398,9.33944,,-2.72728,8.7376,-2.44841,-1.0724,fluid
2477,28.2914,1.3482,,1003.18,-271.219,50408.9,,-8.38421,2.67787,8.80148,,6.69093,21.6147,8.46706,11.8047,fluid
2478,29.2959,0.426425,,1007.44,-64.6979,119454,,-1.93037,-0.156282,1.93669,,-13.8539,10.1264,-9.8065,0.316379,fluid
2479,28.1606,1.10122,,1005.3,-238.466,84515.9,,-7.21434,0.876255,7.26736,,-8.20172,3.89,-5.21633,-5.92,fluid
2480,29.3482,0.32301,,1006.42,-164.051,102699,,-3.73562,-0.0902412,3.73671,,-4.22687,11.4783,-0.749859,1.66835,fluid
2481,26.791,0.9471,,1000.54,-142.485,8548.97,,-3.13614,-0.784581,3.2328,,0.535727,16.872,0.854652,7.06201,fluid
2482,31.7722,1.35093,,1002.12,25.3427,33508.2,,0.229592,0.260303,0.347089,,8.37304,11.1197,9.42544,1.30972,fluid
2483,31.3937,0.839475,,1002.25,40.1367,35626.7,,0.514115,-0.549401,0.752433,,-0.10209,7.63572,1.03019,-2.17428,fluid
2484,31.8552,0.48557,,1002.38,0.472556,37673.2,,0.0353434,-0.133371,0.137975,,-2.14555,13.6369,-0.965726,3.82694,fluid
2485,31.7486,0.526558,,1002.18,-5.66196,34381.1,,-0.280414,-0.149252,0.31766,,-0.939399,14.4088,0.141166,4.59879,fluid
2486,31.83,0.662353,,1002.18,5.71409,34514.3,,0.0618051,-0.0740674,0.0964668,,-1.45743,18.5976,-0.37546,8.78765,fluid
2487,26.4652,1.2469,,999.931,-311.646,0,,-3.65474,-0.230316,3.66199,,14.0785,0.449946,14.0785,-9.36005,fluid
2488,25.8046,1.78563,,997.866,-357.322,0,,-6.91733,1.45781,7.06928,,-4.20472,8.27758,-4.20472,-1.53242,fluid
2489,27.4916,0.495258,,1000.23,-80.6524,3665.79,,-3.4077,-0.149712,3.41099,,-13.6492,11.5546,-13.5159,1.74455,fluid
2490,31.7155,1.57569,,1002.95,18.6531,46702.8,,0.256866,0.72568,0.769799,,9.89845,16.9379,11.3667,7.12787,fluid
2491,30.4631,1.22341,,1005.36,33.2791,85544.9,,-0.444706,-1.90959,1.96069,,-8.61014,4.28831,-5.81697,-5.52169,fluid
2492,31.4895,1.62369,,1006.93,142.867,111071,,0.738524,-0.267684,0.785539,,9.31307,18.7993,12.816,8.98928,fluid
2493,31.0494,1.36274,,1006.51,93.6944,104164,,0.435558,-0.652772,0.784743,,15.0908,1.99667,18.4239,-7.81333,fluid
2494,30.9244,1.40369,,1008.09,89.3473,130131,,0.144942,-1.12334,1.13266,,23.2822,-12.1126,27.4565,-21.9226,fluid
2495,27.4207,1.91252,,1002.42,-219.438,38241.4,,-8.0713,3.3653,8.74478,,1.90949,3.77509,3.30075,-6.03491,fluid
2496,26.7237,1.12445,,999.86,-284.555,0,,-5.55743,-1.02675,5.65149,,0.4087,0.438875,0.4087,-9.37113,fluid
2497,29.907,0.722107,,1001.74,-174.652,27496.3,,-3.79923,-1.75853,4.18647,,-5.90648,10.1303,-4.98869,0.320281,fluid
2498,30.6834,1.09447,,1006.19,72.0989,98942.3,,-1.19563,-1.19938,1.69353,,-3.71961,-0.141093,-0.514824,-9.95109,fluid
2499,31.0039,1.10763,,1003.94,40.2028,62527,,-0.0846506,-1.32837,1.33107,,8.31172,-1.77202,10.3206,-11.582,fluid
2500,30.3435,1.15214,,1005.09,3.67241,81116.1,,-1.06639,-3.19129,3.36475,,-1.03127,12.1888,1.62845,2.37884,fluid
2501,30.9438,1.25798,,1007.13,75.0947,114369,,-0.0939715,-2.60689,2.60858,,11.8847,2.53672,15.5546,-7.27328,fluid
2502,31.6264,2.9106,,998.121,-13.633,0,,0.0607855,1.66719,1.6683,,-0.769754,-13.4271,-0.769754,-23.2371,fluid
2503,31.4848,2.53521,,989.173,-345.591,0,,0.627214,0.289953,0.690992,,-22.3908,18.9779,-22.3908,9.16792,fluid
2504,31.5159,2.73287,,990.818,-176.662,0,,0.246423,0.833303,0.868975,,-10.9433,-1.0137,-10.9433,-10.8237,fluid
2505,31.259,2.34442,,978.862,-802.511,0,,1.76558,0.230469,1.78056,,-7.07244,29.1301,-7.07244,19.3201,fluid
2506,31.4754,2.50649,,988.522,-509.856,0,,0.136843,1.0235,1.03261,,-7.90835,21.0848,-7.90835,11.2748,fluid
2507,31.3079,2.33904,,984.189,-712.065,0,,1.27916,0.494624,1.37146,,-9.63728,30.6857,-9.63728,20.8757,fluid
2508,30.7746,1.69221,,1002.5,-53.7994,39457.3,,-1.38357,-3.95951,4.19428,,5.57301,14.9747,6.85195,5.16475,fluid
2509,29.3744,1.82719,,1001.55,-189.399,24380.1,,-4.29327,-4.40259,6.14939,,-13.7532,27.8187,-12.9245,18.0087,fluid
2510,28.9641,1.83566,,1001.18,-189.23,18511.9,,-5.61045,-3.86681,6.81391,,-12.4144,34.3804,-11.776,24.5704,fluid
2511,28.8656,1.73933,,996.592,-308.863,0,,-5.72137,-4.27493,7.14206,,-13.6127,29.0176,-13.6127,19.2076,fluid
2512,30.1782,1.64101,,998.796,-88.9473,0,,-2.85067,-4.31328,5.17017,,-16.6569,27.4792,-16.6569,17.6692,fluid
2513,28.9814,1.31638,,1004.06,-230.242,64449.5,,-6.70769,-2.21476,7.06387,,-25.8932,12.814,-23.6783,3.00405,fluid
2514,31.3159,1.87675,,1004.74,128.431,75389.1,,1.20517,-0.632031,1.36085,,26.0633,28.3635,28.4593,18.5535,fluid
2515,29.2601,1.75856,,994.507,-240.321,0,,-3.68475,-1.85469,4.12519,,-12.5021,18.7078,-12.5021,8.89785,fluid
2516,28.875,1.77818,,996.589,-209.402,0,,-4.63439,-1.92678,5.01897,,-14.1594,20.7833,-14.1594,10.9733,fluid
2517,30.1332,1.54892,,1000.95,-121.217,14923.4,,-3.65956,-4.00386,5.42432,,-0.509298,18.3195,-0.0145193,8.50948,fluid
2518,29.9127,1.5667,,1000.8,-139.838,12566.1,,-3.36961,-3.71819,5.01789,,-1.1117,20.1541,-0.691945,10.3441,fluid
2519,29.8585,1.60524,,1001.02,-152.612,16091.4,,-3.49545,-3.71377,5.10002,,-6.59214,20.9683,-6.05377,11.1583,fluid
2520,31.1252,1.65085,,1004.13,96.0572,65690.8,,0.467856,-2.12711,2.17795,,14.5712,7.2218,16.6731,-2.5882,fluid
2521,31.375,1.74727,,1004.53,161.505,72000.2,,1.46628,-0.94015,1.7418,,7.19934,21.3602,9.48383,11.5502,fluid
2522,29.1729,1.84373,,992.487,-219.917,0,,-4.41495,-2.23346,4.94774,,-16.1652,13.2928,-16.1652,3.4828,fluid
2523,28.0305,2.2748,,1002.76,-132.421,43621.5,,-4.73282,-0.958169,4.82884,,-3.13796,-3.60617,-1.58602,-13.4162,fluid
2524,27.2966,2.19526,,1002.34,-267.776,36922.1,,-9.45723,2.32398,9.73859,,7.56056,17.0848,8.91004,7.27485,fluid
2525,30.5661,1.56839,,1003.4,-72.4307,53943.1,,-1.72935,-3.18675,3.62574,,-10.0491,-13.8933,-8.29032,-23.7033,fluid
2526,28.4844,1.76897,,998.864,-248.949,0,,-6.46706,0.307492,6.47437,,9.498,16.1508,9.498,6.34082,fluid
2527,27.3369,3.33292,,969.429,-803.334,0,,-5.09972,2.95911,5.89606,,-11.7995,11.7746,-11.7995,1.96462,fluid
2528,29.965,1.01086,,1005.11,-53.3258,81366.9,,-1.91206,-4.3539,4.75525,,-2.14218,3.92516,0.559423,-5.88484,fluid
2529,28.3132,2.24133,,998,-120.246,0,,-3.80095,-1.31725,4.02273,,24.8039,-9.56067,24.8039,-19.3707,fluid
2530,26.4406,1.26613,,999.319,-430.926,0,,-7.6977,-0.619678,7.7226,,19.4899,3.39678,19.4899,-6.41322,fluid
2531,24.1111,1.47152,,968.844,-1479.22,0,,-12.3842,0.785409,12.4091,,2.06846,11.9193,2.06846,2.10925,fluid
2532,27.0702,3.62087,,992.557,1359.01,0,,-2.84014,-5.42304,6.12175,,-1.45759,6.8839,-1.45759,-2.9261,fluid
2533,25.3889,2.75609,,990.099,-710.823,0,,-9.24262,3.32289,9.8218,,-0.665819,5.62372,-0.665819,-4.18628,fluid
2534,26.5121,1.51712,,1003.07,-277.569,48688.1,,-8.88993,-0.273812,8.89415,,8.46507,11.5858,10.2959,1.77578,fluid
2535,29.4123,0.87726,,1002.6,-175.164,41051.3,,-5.20071,-1.75393,5.4885,,-12.6739,17.7243,-11.2818,7.91432,fluid
2536,23.4415,1.58018,,985.296,-293.43,0,,-11.6846,0.453873,11.6934,,7.02983,14.9902,7.02983,5.18021,fluid
2537,30.2106,0.932466,,1003.87,-14.6837,61484,,-2.53213,-0.722563,2.63321,,-1.086,5.35781,0.941324,-4.45219,fluid
2538,29.0931,0.59008,,1006.47,-195.349,103528,,-5.35954,0.233206,5.36462,,-13.4014,12.846,-9.86576,3.03596,fluid
2539,26.1928,1.67182,,1002.52,-148.855,39779.4,,-6.04466,0.542006,6.06891,,-16.9743,29.4393,-15.4594,19.6293,fluid
2540,29.2373,0.781206,,1003.92,-209.272,62248,,-5.68938,-0.549702,5.71587,,-13.1143,18.4118,-10.9935,8.60179,fluid
2541,26.8593,1.46053,,1001.54,-307.855,24320.1,,-8.67676,-0.501814,8.69126,,5.64652,13.2048,6.55059,3.39483,fluid
2542,28.5251,0.694464,,1008.46,108.738,136141,,0.0169024,0.408568,0.408918,,-37.4092,33.2434,-32.6766,23.4334,fluid
2543,27.2816,1.32271,,1001.55,-299.391,24502.8,,-5.5135,2.96603,6.26067,,-17.0397,16.238,-16.1429,6.42801,fluid
2544,30.9416,0.783862,,1002.28,6.65084,35976.3,,-0.604937,-1.42068,1.54411,,8.21686,3.83353,9.37693,-5.97647,fluid
2545,26.748,1.88571,,1001,-291.504,15718.3,,-7.93413,0.320132,7.94059,,4.06249,13.0407,4.64955,3.23069,fluid
2546,31.8843,0.317161,,1002.78,-0.56985,44059.8,,0.0038946,-0.0817231,0.0818159,,-2.48242,10.9403,-1.1044,1.13032,fluid
2547,31.8143,0.542628,,1002.31,2.89764,36551.2,,0.0281127,-0.143475,0.146204,,-2.06695,14.8584,-0.920708,5.04836,fluid
2548,31.5332,0.653966,,1002.51,4.40653,39704.9,,-0.589891,-0.404137,0.715051,,5.92077,15.8854,7.17676,6.07537,fluid
2549,26.9916,0.891408,,1000.81,-118.683,12750.5,,-2.56674,-0.127024,2.56988,,-1.48251,12.4433,-1.0105,2.6333,fluid
2550,27.4924,0.494777,,1000.24,-80.8851,3767.24,,-3.41228,-0.149971,3.41558,,-13.6516,11.5922,-13.5146,1.78217,fluid
2551,27.4811,0.49507,,1000.19,-78.7179,2914.08,,-3.35937,-0.14805,3.36264,,-13.0828,11.8382,-12.9768,2.02815,fluid
2552,27.4396,0.487076,,1000.46,-78.1682,7173.28,,-3.49816,-0.158066,3.50173,,-8.03528,13.4302,-7.77398,3.62023,fluid
2553,26.6333,1.10424,,997.062,-377.076,0,,-5.97411,-1.10738,6.07588,,9.24839,4.7879,9.24839,-5.0221,fluid
2554,31.7255,1.63331,,1002.59,4.13751,40936.3,,0.236894,0.939846,0.969241,,9.10768,17.4358,10.3947,7.6258,fluid
2555,25.9353,1.29406,,995.366,-461.365,0,,-7.9169,1.01465,7.98166,,17.2145,47.288,17.2145,37.478,fluid
2556,28.7985,1.04833,,1003.26,-261.288,51703.2,,-7.02752,-0.543008,7.04847,,-24.449,14.7732,-22.6595,4.96325,fluid
2557,30.2696,0.998075,,1005.49,18.7493,87591.7,,-2.2816,-0.721171,2.39286,,0.255384,14.3656,3.1333,4.55563,fluid
2558,29.5603,0.803577,,1001.96,-198.006,31020.2,,-4.74623,-2.49905,5.36395,,-10.427,13.1235,-9.37966,3.31354,fluid
2559,29.0365,1.28234,,1009.08,-153.582,146385,,-6.7222,-0.662313,6.75475,,-17.5075,-34.7741,-12.5114,-44.5841,fluid
2560,27.5772,1.74186,,1002.35,-264.184,37087.2,,-8.77297,3.381,9.40193,,-2.19217,14.904,-0.850468,5.09403,fluid
2561,27.4523,1.72725,,1002.24,-243.087,35398.6,,-8.11652,3.13581,8.70122,,-4.64438,11.313,-3.3578,1.50303,fluid
2562,27.4301,2.05771,,1002.26,-248.532,35783,,-9.20785,1.96829,9.41587,,7.00824,11.4708,8.30981,1.66083,fluid
2563,29.4076,1.14105,,1001.57,-232.975,24689.3,,-5.80154,-2.59685,6.35622,,-6.94954,16.0168,-6.1113,6.20679,fluid
2564,31.5088,1.58087,,1006.92,128.858,110957,,0.61892,-0.10611,0.62795,,9.08332,18.3281,12.5806,8.51811,fluid
2565,31.6773,2.21897,,1003.63,52.6855,57674.9,,0.139861,2.95073,2.95404,,2.36062,36.8878,4.17473,27.0778,fluid
2566,31.561,2.70803,,990.809,-227.944,0,,0.0280179,1.63763,1.63787,,-2.4968,0.924177,-2.4968,-8.88582,fluid
2567,31.5049,2.51093,,990.579,-435.962,0,,0.0764409,1.08162,1.08432,,-6.71865,21.0567,-6.71865,11.2467,fluid
2568,31.6849,2.49235,,999.787,-101.725,0,,-0.0102644,2.76094,2.76096,,-6.17848,24.0154,-6.17848,14.2054,fluid
2569,31.6941,2.1368,,1003.44,70.6926,54549.4,,0.121464,2.53972,2.54263,,3.03581,36.4708,4.75102,26.6608,fluid
2570,31.6884,2.81286,,996.379,-88.4405,0,,0.0349207,2.48457,2.48481,,-0.945434,-6.65617,-0.945434,-16.4662,fluid
2571,31.5152,2.56814,,989.26,-417.522,0,,0.05471,1.27668,1.27785,,-5.53716,15.0499,-5.53716,5.23987,fluid
2572,31.5318,3.04484,,1002.46,3.16009,38858.1,,-0.288527,0.63326,0.695892,,-19.448,5.44007,-18.2187,-4.36993,fluid
2573,30.5338,1.82453,,999.501,-174.93,0,,-2.05893,-6.15268,6.48804,,-22.739,46.6931,-22.739,36.8831,fluid
2574,31.3605,1.77706,,998.623,155.131,0,,1.85593,-3.34638,3.82658,,-18.0889,44.883,-18.0889,35.073,fluid
2575,31.5461,2.25857,,1001.51,-25.5321,23757.2,,0.18062,-0.577692,0.60527,,-1.93982,43.2611,-1.18786,33.4511,fluid
2576,31.5211,1.95386,,1004.16,90.0993,66076.2,,0.668964,-1.36055,1.51612,,9.40056,43.4264,11.4881,33.6164,fluid
2577,29.57,2.00314,,1001.56,-188.89,24593.9,,-4.34505,-3.35637,5.49041,,-12.0397,46.3599,-11.2093,36.5499,fluid
2578,29.4104,1.98093,,1002.04,-173.772,32252.7,,-4.3434,-3.46494,5.55616,,-17.092,52.1718,-15.9976,42.3618,fluid
2579,28.8364,1.92458,,1002.02,-177.022,31907,,-6.27966,-3.17266,7.03562,,-12.8105,49.2558,-11.7062,39.4458,fluid
2580,30.1086,1.68413,,999.493,-116.587,0,,-2.59434,-4.02057,4.78493,,-11.3821,24.3016,-11.3821,14.4916,fluid
2581,30.2485,1.52972,,1001.27,-119.087,19941.5,,-3.85509,-4.26882,5.75192,,-2.54331,13.8887,-1.88489,4.07871,fluid
2582,29.4014,1.66904,,1000.23,-119.215,3622.6,,-3.09373,-2.00008,3.68395,,-9.15157,24.3016,-9.02839,14.4916,fluid
2583,28.8578,1.72161,,998.4,-193.697,0,,-4.74186,-2.11776,5.19328,,-14.9829,27.2726,-14.9829,17.4626,fluid
2584,29.1957,1.79838,,993.221,-234.036,0,,-3.98608,-2.15477,4.53121,,-15.0538,16.7481,-15.0538,6.93806,fluid
2585,29.7767,1.62655,,1000.83,-180.56,12998,,-3.83045,-3.41259,5.13012,,-15.3664,23.5152,-14.9302,13.7052,fluid
2586,29.8265,1.61255,,1001.07,-163.133,16829.4,,-3.62765,-3.61882,5.12403,,-11.5593,21.3038,-10.9957,11.4938,fluid
2587,30.1296,1.60854,,1000.83,-105.98,13079.2,,-3.26852,-3.71489,4.9481,,-2.52147,21.5136,-2.08773,11.7036,fluid
2588,30.0992,1.64725,,1000.56,-108.304,8766,,-2.97654,-3.167,4.34622,,-4.57951,23.1137,-4.28843,13.3037,fluid
2589,29.1771,1.80802,,994.313,-208.127,0,,-4.20919,-2.71892,5.01097,,-15.1652,17.2115,-15.1652,7.40146,fluid
2590,28.0009,2.33177,,1002.45,-142.507,38719.1,,-4.66473,-0.652054,4.71008,,-5.93351,-0.648365,-4.55411,-10.4584,fluid
2591,30.9023,1.57075,,1003.82,16.9724,60619.8,,0.412277,-2.52804,2.56144,,14.8358,5.26883,16.79,-4.54117,fluid
2592,30.3482,1.64449,,1002.42,-43.848,38252.8,,-2.32468,-2.4049,3.3448,,-0.659615,3.06124,0.597809,-6.74876,fluid
2593,28.4801,2.06921,,994.607,-239.963,0,,-4.6193,-0.302167,4.62917,,10.5386,1.48399,10.5386,-8.32601,fluid
2594,27.3148,3.43992,,967.858,-592.194,0,,-4.69394,3.05942,5.60295,,-6.97478,10.0683,-6.97478,0.258288,fluid
2595,28.9355,1.63013,,1001.37,-224.565,21578.7,,-5.65077,-1.66072,5.88975,,-19.0851,23.4471,-18.3404,13.6371,fluid
2596,26.0907,1.30817,,1001.98,-194.492,31302.3,,-4.42766,2.18438,4.93718,,8.40385,29.3657,9.60123,19.5557,fluid
2597,31.2662,0.960777,,1002.02,32.6772,31950.4,,0.213744,-0.920217,0.944714,,3.97138,0.570462,4.9912,-9.23954,fluid
2598,26.8897,3.22103,,1003.81,480.76,60510.5,,-3.84546,-1.26932,4.04953,,-17.5576,34.0931,-15.3158,24.2831,fluid
2599,24.7584,1.75548,,977.238,-1188.39,0,,-9.76227,-2.53601,10.0863,,-3.85193,-1.14025,-3.85193,-10.9502,fluid
2600,30.0981,0.717199,,1002.18,-138.154,34366.2,,-3.18645,-2.25747,3.90508,,0.558307,12.7849,1.69763,2.97489,fluid
2601,24.7607,1.94532,,990.784,-739.706,0,,-9.57195,-1.83099,9.7455,,-4.50754,-1.71074,-4.50754,-11.5207,fluid
2602,21.3384,1.14107,,1028.08,-459.875,479722,,-17.1659,-0.979302,17.1938,,-58.1007,11.4991,-36.2332,1.6891,fluid
2603,29.982,0.529017,,1004.4,-125.734,69910.6,,-3.34493,-0.397493,3.36847,,-4.71218,13.7465,-2.39063,3.93646,fluid
2604,27.1939,1.07263,,1001.31,-184.458,20665,,-4.17045,0.751245,4.23757,,-10.0773,0.473798,-9.31835,-9.3362,fluid
2605,27.171,2.08172,,1001.91,-286.844,30205.3,,-8.79634,2.38582,9.11415,,-3.01631,4.66105,-1.90675,-5.14895,fluid
2606,29.2078,0.651363,,1005.93,-197.816,94681.9,,-5.56093,-0.162521,5.56331,,-15.7005,14.7285,-12.4779,4.9185,fluid
2607,28.8326,0.719783,,1003.46,-300.339,54912.1,,-6.85631,0.11127,6.85721,,-13.5285,20.2964,-11.6305,10.4864,fluid
2608,23.4493,1.20151,,995.993,-370.598,0,,-11.7027,-0.0932214,11.7031,,27.1678,47.8085,27.1678,37.9985,fluid
2609,24.8251,2.89081,,982.492,-597.039,0,,-10.5939,4.25439,11.4163,,0.191502,3.11626,0.191502,-6.69374,fluid
2610,31.4151,0.578641,,1002.87,29.67,45361.3,,0.176416,-0.281598,0.332295,,-0.972658,14.3698,0.46715,4.55985,fluid
2611,31.2702,0.535372,,1002.57,0.533422,40700.2,,-0.493446,-0.252859,0.554461,,-0.914941,15.2887,0.383282,5.47874,fluid
2612,31.434,0.484652,,1002.96,21.7796,46835.4,,0.0583941,-0.193393,0.202017,,-0.242557,13.6613,1.24301,3.85128,fluid
2613,31.4988,0.48233,,1002.92,20.1957,46278,,0.0224598,-0.174364,0.175805,,1.41916,13.2976,2.88408,3.48758,fluid
2614,31.8315,0.595389,,1002.27,4.13115,35843.6,,0.0462179,-0.097532,0.107929,,-1.83722,16.0866,-0.713724,6.27657,fluid
2615,31.7466,1.18334,,1001.84,14.7446,29026,,0.204327,0.0515238,0.210723,,6.95721,10.3765,7.86983,0.566516,fluid
2616,25.9969,1.19399,,999.463,-285.183,0,,-6.22021,1.10446,6.31751,,24.7088,32.0836,24.7088,22.2736,fluid
2617,26.0043,1.31786,,996.176,-491.055,0,,-7.94223,0.487163,7.95715,,17.785,43.6801,17.785,33.8701,fluid
2618,30.6976,1.24466,,1008.27,78.843,133051,,-1.21233,-1.16717,1.68287,,-1.41686,-1.71937,2.88183,-11.5294,fluid
2619,31.6454,2.61932,,995.539,-182.854,0,,-0.00926629,2.16038,2.1604,,-2.80165,11.3179,-2.80165,1.50792,fluid
2620,31.6772,2.35967,,1002.3,-31.1907,36421.3,,0.0824063,3.11681,3.1179,,-2.38651,31.399,-1.23939,21.589,fluid
2621,28.2524,1.61954,,1000.85,-274.208,13402.8,,-8.4333,1.12772,8.50836,,7.79661,25.3505,8.2706,15.5405,fluid
2622,28.1441,1.36594,,1003.41,-274.919,54004.9,,-7.76948,1.80081,7.97544,,-0.262483,23.1321,1.64987,13.3221,fluid
2623,31.2528,1.36267,,1006.61,88.2252,105902,,0.139283,-0.997598,1.00727,,0.588748,10.5687,3.95505,0.758723,fluid
2624,31.1042,1.48556,,1007.41,116.923,119000,,0.308478,-1.15747,1.19787,,19.3638,-2.87275,23.1615,-12.6827,fluid
2625,31.6538,1.90171,,1003.06,37.9296,48540.8,,0.309403,1.97781,2.00186,,5.4411,33.5608,6.96991,23.7508,fluid
2626,31.6477,2.81724,,995.901,-79.3306,0,,0.0387093,2.07996,2.08032,,-0.879847,-7.7985,-0.879847,-17.6085,fluid
2627,31.534,2.55017,,991.166,-377.996,0,,0.0345927,1.2845,1.28496,,-5.19105,17.3127,-5.19105,7.50272,fluid
2628,31.3243,2.15406,,998.833,-192.06,0,,1.06254,0.328093,1.11205,,-12.6172,45.6471,-12.6172,35.8371,fluid
2629,31.2001,2.25567,,985.138,-657.104,0,,1.85068,-0.455759,1.90597,,-4.77427,34.8172,-4.77427,25.0072,fluid
2630,31.5513,3.6096,,1000.77,-61.4364,12042.5,,-0.141414,0.649559,0.664774,,-8.24484,21.959,-7.86346,12.149,fluid
2631,31.2354,2.95307,,1000.53,9.70634,8310.07,,-0.615869,-3.58381,3.63634,,-12.9608,-1.15368,-12.6949,-10.9637,fluid
2632,31.5998,3.07657,,1003.58,-27.3414,56835.7,,-0.371373,0.812538,0.893384,,-12.418,17.4845,-10.6258,7.67453,fluid
2633,31.408,3.09029,,1001.35,-222.77,21313.3,,-1.61112,-1.11526,1.95947,,-26.27,-0.606199,-25.5924,-10.4162,fluid
2634,30.9636,2.17382,,997.195,-133.397,0,,0.226858,-6.00949,6.01377,,-3.48186,39.9248,-3.48186,30.1148,fluid
2635,30.7366,2.12422,,996.25,-189.748,0,,-1.41642,-6.43869,6.59264,,-3.008,35.7302,-3.008,25.9202,fluid
2636,30.8184,2.0738,,997.146,-197.059,0,,-0.775174,-6.02059,6.07029,,-5.20897,43.5583,-5.20897,33.7483,fluid
2637,31.2929,1.96646,,992.165,21.7297,0,,2.33969,-4.75058,5.29548,,-18.6935,60.8295,-18.6935,51.0195,fluid
2638,30.9121,1.94725,,996.332,-162.726,0,,-0.0937806,-5.72816,5.72892,,-9.71646,54.7256,-9.71646,44.9156,fluid
2639,30.2503,2.09655,,1001.06,-123.586,16743.2,,-2.42018,-5.99135,6.4617,,-7.08609,34.8938,-6.53318,25.0838,fluid
2640,30.1716,2.11073,,1000.62,-127.381,9768.02,,-3.04853,-5.74477,6.50353,,-9.07372,29.3241,-8.75017,19.5141,fluid
2641,30.2468,2.1175,,1000.21,-87.2738,3221.78,,-2.22183,-5.89682,6.30151,,-4.21571,22.7135,-4.10921,12.9035,fluid
2642,30.0568,1.93855,,1001.73,-343.809,27335.3,,-4.94344,-4.13414,6.44428,,-7.55475,39.5036,-6.64687,29.6936,fluid
2643,29.7189,1.9948,,1001.42,-263.146,22436.3,,-6.47686,-4.20406,7.72165,,-6.22902,48.7869,-5.47515,38.9769,fluid
2644,29.9555,2.04093,,992.35,-330.342,0,,-5.07253,-3.62435,6.23429,,-2.38657,13.901,-2.38657,4.09101,fluid
2645,29.4733,2.01592,,1001.85,-176.652,29198.8,,-4.16577,-3.3143,5.32336,,-15.7927,52.499,-14.8038,42.689,fluid
2646,29.2163,1.96651,,1002.02,-185.091,31823.2,,-5.06267,-3.54846,6.18241,,-16.7727,55.588,-15.6857,45.778,fluid
2647,28.6449,1.83737,,998.521,-302.522,0,,-6.34037,-3.9629,7.47696,,0.95134,15.1942,0.95134,5.38425,fluid
2648,29.3799,1.57364,,994.895,-159.059,0,,-3.44261,-3.90877,5.20865,,-2.68691,41.4774,-2.68691,31.6674,fluid
2649,28.9028,1.65057,,997.169,-182.651,0,,-5.00737,-2.82479,5.74919,,-18.0653,38.5732,-18.0653,28.7632,fluid
2650,28.813,1.70836,,999.383,-165.459,0,,-4.62765,-2.271,5.15486,,-14.3158,27.8656,-14.3158,18.0556,fluid
2651,29.6233,1.71864,,1000.99,-184.597,15577.4,,-3.49158,-2.73219,4.43351,,-22.0705,23.8027,-21.5452,13.9927,fluid
2652,29.76,1.63893,,1000.73,-183.95,11468.7,,-3.85873,-3.3328,5.09876,,-15.5282,24.4817,-15.1432,14.6717,fluid
2653,29.8766,1.60126,,1000.93,-148.377,14633.4,,-3.42805,-3.75505,5.08448,,-4.03468,21.3904,-3.54534,11.5804,fluid
2654,30.3814,1.7293,,1003.02,-87.8483,47806.4,,-2.72264,-3.38693,4.34558,,-0.926276,9.80429,0.64253,-0.00571399,fluid
2655,29.7821,1.69079,,1000.68,-183.77,10724,,-3.80042,-3.2255,4.98469,,-12.1016,27.378,-11.7418,17.568,fluid
2656,28.5776,2.02884,,1000.89,-27.0847,14016.2,,-2.65636,-2.15966,3.4235,,2.40835,18.147,2.89837,8.33698,fluid
2657,28.8826,1.30101,,1004.02,-221.594,63805.9,,-6.7989,-1.965,7.07716,,-37.8332,16.4402,-35.6329,6.63025,fluid
2658,30.2873,1.55813,,1001.31,-42.2332,20590.9,,-2.20143,-2.45594,3.29817,,-7.02125,11.2237,-6.34228,1.41372,fluid
2659,28.0596,2.314,,1001.85,-114.238,29152.4,,-4.3465,-0.761402,4.41269,,10.0201,-4.72158,11.0571,-14.5316,fluid
2660,26.1966,1.02415,,1002.24,-170.36,35416.2,,-3.84541,0.74898,3.91767,,18.5382,5.28039,19.8871,-4.52961,fluid
2661,30.3199,1.34566,,1001.67,-12.8692,26378.4,,-1.33818,-2.60535,2.92892,,-11.4507,18.842,-10.5822,9.03199,fluid
2662,25.9979,2.04245,,1002.23,-300.995,35297.7,,-10.0143,2.0507,10.2221,,3.35962,25.4556,4.71431,15.6456,fluid
2663,29.8488,0.920071,,1004.05,-67.0888,64369.4,,-3.02367,-1.90668,3.57463,,-11.7068,-5.56574,-9.559,-15.3757,fluid
2664,26.9037,3.03734,,999.173,94.1727,0,,-3.68446,0.456752,3.71266,,1.99405,11.3026,1.99405,1.4926,fluid
2665,24.881,2.17192,,995.298,-483.502,0,,-10.0992,0.0478471,10.0993,,-4.26857,-0.675486,-4.26857,-10.4855,fluid
2666,30.9889,0.891975,,1002.38,16.2039,37574.7,,-0.352362,-1.45376,1.49585,,9.15962,4.40041,10.3693,-5.40959,fluid
2667,23.3818,1.40501,,992.384,-314.303,0,,-11.654,0.21117,11.6559,,19.5174,38.3048,19.5174,28.4948,fluid
2668,29.8402,1.05562,,1010.43,106.752,168955,,-3.18075,-0.772199,3.27315,,-15.7616,-37.9024,-10.1581,-47.7124,fluid
2669,27.3945,0.489514,,1000.46,-84.149,7221.92,,-3.80766,-0.156281,3.81087,,-4.47356,14.1081,-4.21005,4.2981,fluid
2670,27.7124,0.421471,,1001.22,-120.419,19239.3,,-3.51203,-0.146214,3.51507,,-23.3896,12.2562,-22.6962,2.44617,fluid
2671,27.9374,0.426865,,1002.89,-170.418,45797.6,,-3.36601,-0.0731634,3.3668,,-19.893,9.70721,-18.2585,-0.10279,fluid
2672,30.7305,0.685651,,1002.22,-50.133,35133.1,,-1.49124,-0.944569,1.76522,,2.28511,6.43246,3.42584,-3.37754,fluid
2673,27.5163,1.19244,,1004.6,-271.913,73212.3,,-7.09981,2.79983,7.63193,,-12.8697,14.8308,-10.2212,5.02078,fluid
2674,31.2065,0.532412,,1002.47,-10.3067,39107,,-0.826769,-0.241956,0.861446,,-0.56059,15.3813,0.689489,5.57125,fluid
2675,30.9068,0.531784,,1003.39,-4.50121,53734,,-0.861512,-0.347037,0.928783,,0.841349,13.2445,2.57406,3.43454,fluid
2676,31.8506,0.57796,,1002.28,3.16008,35970,,0.0520531,-0.103117,0.115511,,-1.87296,15.7767,-0.746195,5.96667,fluid
2677,31.7736,1.04668,,1001.76,8.10302,27715.8,,0.174429,-0.0330334,0.177529,,3.86734,13.4815,4.7381,3.67153,fluid
2678,26.5285,1.40546,,1002.2,-313.293,34694.1,,-8.11875,-0.222863,8.12181,,13.6182,6.81042,14.9232,-2.99958,fluid
2679,24.6055,1.78529,,977.092,-1199.56,0,,-11.5107,1.09451,11.5626,,-0.519752,-2.27153,-0.519752,-12.0815,fluid
2680,26.9471,1.6099,,1000.17,-350.214,2717.01,,-9.02088,0.790094,9.05542,,-1.07177,13.1895,-0.97096,3.37946,fluid
2681,31.5842,1.77803,,1004.4,65.9326,70013.4,,0.598338,1.23416,1.37156,,8.14982,31.6434,10.3568,21.8334,fluid
2682,31.2466,2.09683,,999.835,-133.191,0,,1.22501,-0.250824,1.25042,,-7.56286,47.5869,-7.56286,37.7769,fluid
2683,31.1219,1.99164,,1002.61,-38.7919,41252.3,,1.11839,-1.60116,1.95308,,18.8713,35.7517,20.1933,25.9417,fluid
2684,31.0201,1.98081,,1002.24,-70.3446,35425.8,,0.822712,-2.36001,2.4993,,10.8268,33.4132,11.9663,23.6032,fluid
2685,30.6988,1.77491,,1003.88,-109.391,61562.4,,-1.69116,-3.97306,4.31801,,6.30166,9.96216,8.29928,0.152158,fluid
2686,30.7698,1.80993,,1003.66,-98.3627,58011.4,,-1.07413,-3.75961,3.91005,,14.1755,15.8721,16.054,6.06213,fluid
2687,31.622,3.05175,,1000.94,-17.3006,14722,,0.0446242,1.46088,1.46156,,-1.52112,-6.78942,-1.05599,-16.5994,fluid
2688,31.4483,3.4783,,1008.24,142.052,132647,,-0.856831,-0.920552,1.25761,,-56.154,59.247,-51.9705,49.437,fluid
2689,30.983,2.43274,,1001.55,32.897,24424.1,,0.830197,-6.68337,6.73473,,5.9358,53.9889,6.72288,44.1789,fluid
2690,29.9287,2.32332,,1002.47,-138.639,39121.5,,-5.33625,-6.31315,8.26629,,-27.0515,75.3832,-25.7476,65.5732,fluid
2691,30.9345,2.44048,,1001.69,17.0847,26676.8,,0.621103,-6.86311,6.89116,,5.11527,56.5927,5.97618,46.7827,fluid
2692,31.0639,2.44964,,1001.54,59.3118,24326.7,,1.25664,-6.32571,6.44932,,5.64746,54.2364,6.42937,44.4264,fluid
2693,30.2627,2.45037,,1001.34,-73.4109,21150.6,,-3.02308,-7.17734,7.78802,,-15.4947,40.5818,-14.7968,30.7718,fluid
2694,30.3838,2.51117,,1001.62,-30.2392,25565.7,,-2.07869,-7.46335,7.74742,,-12.2524,36.2454,-11.4124,26.4354,fluid
2695,31.2971,2.43697,,999.541,1.00592,0,,2.17754,-5.21458,5.65098,,-11.0926,31.3447,-11.0926,21.5347,fluid
2696,31.2786,2.48308,,999.404,18.6944,0,,1.36902,-4.8709,5.05963,,-5.56704,25.9057,-5.56704,16.0957,fluid
2697,30.4972,2.39286,,1001.91,-48.9296,30200.4,,-1.3814,-7.6418,7.76565,,-5.15952,50.4934,-4.17114,40.6834,fluid
2698,30.7521,2.34766,,1001.67,-40.591,26363.8,,-0.498129,-7.55162,7.56803,,-2.43149,51.6005,-1.57562,41.7905,fluid
2699,30.9522,2.31069,,1000.2,-2.51877,3211.85,,0.312142,-6.89107,6.89814,,2.9781,29.0818,3.08185,19.2718,fluid
2700,31.0664,2.24896,,998.144,-87.4722,0,,0.998525,-6.28989,6.36865,,-2.37414,37.3323,-2.37414,27.5223,fluid
2701,30.9571,2.20155,,997.964,-116.426,0,,0.175529,-6.43179,6.43418,,-2.2477,37.318,-2.2477,27.508,fluid
2702,30.7168,2.12904,,996.296,-178.822,0,,-1.5417,-6.5771,6.75537,,-2.83846,34.7718,-2.83846,24.9618,fluid
2703,30.647,2.09694,,996.114,-180.744,0,,-1.79073,-6.29973,6.54929,,-4.04308,35.6366,-4.04308,25.8266,fluid
2704,30.681,2.05425,,997.118,-192.571,0,,-1.60556,-6.05631,6.26552,,-5.94607,41.5208,-5.94607,31.7108,fluid
2705,30.4794,2.08482,,997.147,-126.695,0,,-1.88769,-6.17596,6.458,,-3.048,28.8393,-3.048,19.0293,fluid
2706,30.2634,2.10897,,1000.66,-105.834,10443.8,,-2.1728,-6.02243,6.4024,,-5.05892,29.986,-4.71405,20.176,fluid
2707,30.2383,2.11888,,1000.37,-98.7702,5787.44,,-2.26951,-5.88417,6.30667,,-5.22316,25.2996,-5.03183,15.4896,fluid
2708,30.2443,2.01156,,1002.34,-149.964,36987.7,,-2.86462,-5.62348,6.31107,,-7.71935,37.9244,-6.49924,28.1144,fluid
2709,30.7419,1.6324,,992.357,-113.451,0,,-1.06781,-5.73104,5.82967,,-18.8211,44.5587,-18.8211,34.7487,fluid
2710,31.2933,1.71865,,998.661,131.495,0,,1.43776,-3.35408,3.64925,,-9.26001,41.2679,-9.26001,31.4579,fluid
2711,29.4871,2.00463,,1001.84,-178.554,29109.2,,-4.19515,-3.33227,5.35755,,-15.5628,51.086,-14.5775,41.276,fluid
2712,29.2481,1.96339,,1002.02,-180.944,31865.4,,-4.89502,-3.5761,6.06215,,-16.0366,54.1475,-14.9493,44.3375,fluid
2713,28.6656,1.83932,,998.842,-292.143,0,,-6.37477,-3.96446,7.50697,,-0.427135,14.9433,-0.427135,5.13329,fluid
2714,29.646,1.71355,,999.605,-211.676,0,,-4.32195,-4.15731,5.99687,,-6.20657,22.213,-6.20657,12.403,fluid
2715,29.5121,1.58405,,1002.2,-181.086,34812,,-3.30051,-3.03044,4.48073,,-33.7563,11.5717,-32.5793,1.76172,fluid
2716,28.8338,1.72476,,998.821,-182.797,0,,-4.66747,-2.13153,5.13115,,-14.328,26.3178,-14.328,16.5078,fluid
2717,29.1825,1.79936,,993.105,-236.968,0,,-4.03175,-2.13568,4.56247,,-15.3673,17.0175,-15.3673,7.20749,fluid
2718,29.782,1.62194,,1000.86,-179.125,13465.6,,-3.8151,-3.44179,5.13818,,-15.2172,23.0396,-14.7655,13.2296,fluid
2719,29.8656,1.60358,,1000.99,-150.855,15533.7,,-3.46985,-3.73223,5.09602,,-5.50198,21.1022,-4.98238,11.2922,fluid
2720,31.3704,1.42907,,1008.69,201.546,140043,,1.36791,-1.60914,2.11199,,-10.8813,22.8244,-6.45561,13.0144,fluid
2721,29.8057,1.72215,,1000.28,-175.759,4440.81,,-3.55886,-2.93245,4.61137,,-6.89376,24.3431,-6.74481,14.5331,fluid
2722,28.5116,2.05803,,1000.76,-20.2698,11905.5,,-2.72639,-2.22761,3.52072,,6.74507,13.9237,7.16232,4.11368,fluid
2723,27.3317,2.50799,,996.224,-330.332,0,,-7.26732,2.18985,7.59008,,0.874533,8.0886,0.874533,-1.7214,fluid
2724,31.3622,1.80257,,1004.28,158.157,68074.4,,1.52001,-0.523151,1.60752,,11.0636,26.9978,13.225,17.1878,fluid
2725,28.4335,2.18963,,994.583,-200.702,0,,-3.93848,-0.931379,4.04711,,16.2002,-2.13623,16.2002,-11.9462,fluid
2726,25.2706,2.31235,,997.757,-405.444,0,,-9.96668,2.57741,10.2946,,-6.19091,7.19134,-6.19091,-2.61866,fluid
2727,28.1503,2.10645,,999.681,-177.721,0,,-5.38202,-0.440097,5.39998,,12.6939,-13.1909,12.6939,-23.0009,fluid
2728,26.535,1.68531,,1001.49,-307.631,23539.5,,-8.91185,0.191916,8.91391,,3.56964,16.1995,4.45542,6.38955,fluid
2729,27.4071,3.01721,,987.663,-415.709,0,,-1.4065,0.571504,1.51818,,-28.9743,3.19098,-28.9743,-6.61902,fluid
2730,24.4806,1.5762,,985.278,-463.707,0,,-9.27049,-3.35804,9.85994,,0.355197,2.39271,0.355197,-7.41729,fluid
2731,28.7346,1.04232,,1002.02,-347.087,31941,,-7.62286,-0.726354,7.65739,,-28.2408,20.8411,-27.1314,11.0311,fluid
2732,24.1393,1.46989,,992.726,-138.838,0,,-10.1141,-3.11974,10.5843,,2.09426,12.4378,2.09426,2.62782,fluid
2733,30.6217,0.72146,,1002.23,-53.8547,35302.3,,-1.59717,-1.27378,2.0429,,-0.166057,3.41884,0.984224,-6.39116,fluid
2734,28.3485,1.68981,,1001.25,-285.502,19638.2,,-8.74329,2.47816,9.08771,,6.73988,14.9823,7.43176,5.17231,fluid
2735,26.4013,1.69705,,1002.88,-313.646,45582.8,,-8.88607,0.0877875,8.8865,,-12.1557,28.8186,-10.4341,19.0086,fluid
2736,26.3718,2.68118,,994.002,-591.416,0,,-6.55299,2.52234,7.02167,,-11.4622,1.74573,-11.4622,-8.06427,fluid
2737,27.4115,0.529323,,1000.57,-67.9008,8970.65,,-3.27775,-0.134268,3.2805,,-7.63791,9.60106,-7.31084,-0.208941,fluid
2738,31.1627,0.485827,,1002.73,-12.6109,43190.1,,-0.978171,-0.202357,0.998883,,-0.692526,15.044,0.689656,5.23395,fluid
2739,31.3337,0.623526,,1002.45,15.496,38768.9,,-0.132892,-0.399349,0.42088,,0.459683,15.4746,1.69395,5.66461,fluid
2740,31.4347,1.17595,,1003.29,7.84453,52097.2,,-0.629512,-0.724532,0.959809,,12.4957,3.21479,14.1476,-6.59521,fluid
2741,27.2667,0.661479,,1000.39,-67.7434,6111.08,,-2.80383,0.382495,2.8298,,-0.221009,2.72803,0.00302593,-7.08197,fluid
2742,25.1319,1.95591,,994.954,-555.163,0,,-10.0377,2.51074,10.347,,-12.7786,1.75071,-12.7786,-8.05929,fluid
2743,26.7749,0.986631,,1000.25,-121.804,3975.49,,-3.01132,-0.819665,3.12088,,-0.145925,11.6656,0.00251576,1.85562,fluid
2744,27.5297,0.501689,,1000.3,-82.807,4670.2,,-3.46329,-0.148176,3.46646,,-16.663,9.92581,-16.4934,0.11581,fluid
2745,27.2251,0.739368,,999.526,-70.5819,0,,-2.48145,0.343318,2.50509,,-2.16332,-3.62666,-2.16332,-13.4367,fluid
2746,31.4346,1.35808,,1006.18,81.3415,98797.6,,0.0873106,-0.393631,0.403198,,10.2059,15.2479,13.3296,5.43794,fluid
2747,31.5342,2.03619,,1004.13,64.1305,65562.7,,0.645363,1.52738,1.65812,,7.37654,43.7445,9.4471,33.9345,fluid
2748,30.7342,1.79153,,1003.83,-102.646,60837.8,,-1.37604,-3.86711,4.10464,,10.8996,12.6495,12.8715,2.83945,fluid
2749,31.5362,3.16603,,1003.1,-115.978,49172.7,,-0.775219,0.683509,1.03351,,-21.0649,18.493,-19.5104,8.68299,fluid
2750,31.5557,3.85738,,999.453,37.7649,0,,-0.0696957,0.0894535,0.113399,,-5.5418,15.0315,-5.5418,5.22148,fluid
2751,28.8577,2.64055,,1006.12,105.15,97809.2,,-2.7091,-2.69603,3.82201,,0.624236,33.4433,3.99299,23.6333,fluid
2752,28.2184,3.60047,,727.909,545.398,0,,-1.41683,-12.3617,12.4426,,3.39358,3.55351,3.39358,-6.25649,fluid
2753,29.0118,4.50903,,651.69,-52.5597,0,,-1.09854,-12.0674,12.1173,,0,0,0,-9.81,fluid
2754,27.9624,3.13981,,975.251,2196.23,0,,-1.25022,-11.8915,11.957,,26.9154,36.0181,26.9154,26.2081,fluid
2755,29.1679,2.52843,,1006.86,124.468,109863,,-1.50742,-2.6813,3.07599,,-25.4129,42.3381,-21.672,32.5281,fluid
2756,29.4465,2.57834,,1004.57,-39.9581,72775.2,,-1.83354,-2.93617,3.46164,,5.42789,41.894,7.88807,32.084,fluid
2757,29.3102,2.57582,,1006.19,5.45775,99027.2,,-3.32153,-3.28274,4.67,,-10.5097,44.4761,-7.15191,34.6661,fluid
2758,29.4603,2.86461,,998.304,-311.764,0,,-0.9038,-2.24325,2.41847,,3.99701,20.5499,3.99701,10.7399,fluid
2759,29.2159,3.22144,,975.702,-96.8684,0,,-2.99179,-1.58007,3.38341,,-0.0234696,5.22236,-0.0234696,-4.58764,fluid
2760,29.8642,2.78726,,1004.29,35.5901,68266.4,,-2.26939,-5.65084,6.08951,,-5.29881,35.85,-3.02269,26.04,fluid
2761,30.4869,2.69809,,1001.97,-44.6498,31144.1,,-1.18673,-7.49973,7.59304,,-10.1131,15.5348,-9.09353,5.72483,fluid
2762,30.6065,2.42242,,1002.06,-28.7623,32522.2,,-0.766341,-7.6986,7.73665,,-3.84917,53.2081,-2.78876,43.3981,fluid
2763,30.5638,2.82775,,1003.09,-112.112,48907.1,,-0.0406105,-7.22482,7.22493,,4.79217,17.6897,6.3874,7.8797,fluid
2764,30.1931,2.43474,,1001.25,-89.1643,19699,,-3.56058,-7.07834,7.92342,,-18.042,41.4003,-17.3904,31.5903,fluid
2765,30.7608,2.34335,,1001.62,-39.0378,25613.2,,-0.478626,-7.537,7.55218,,-2.00565,50.7359,-1.17434,40.9259,fluid
2766,31.0884,2.26326,,998.229,-85.7948,0,,1.14727,-6.26222,6.36644,,-2.46152,36.87,-2.46152,27.06,fluid
2767,30.9556,2.20305,,997.998,-115.789,0,,0.163844,-6.44953,6.45161,,-2.16484,37.0824,-2.16484,27.2724,fluid
2768,30.7038,2.12802,,996.283,-174.794,0,,-1.60775,-6.60412,6.797,,-2.88467,34.5432,-2.88467,24.7332,fluid
2769,30.6299,2.09785,,996.104,-173.951,0,,-1.8419,-6.32408,6.58685,,-3.93698,34.8766,-3.93698,25.0666,fluid
2770,30.7315,2.02076,,997.879,-186.953,0,,-1.30836,-5.94854,6.09073,,-6.75097,46.8656,-6.75097,37.0556,fluid
2771,30.4667,2.06865,,997.595,-130.328,0,,-1.86439,-6.08309,6.36238,,-3.72851,29.207,-3.72851,19.397,fluid
2772,30.2882,2.11395,,1000.17,-75.08,2607.7,,-2.02725,-6.11472,6.44201,,-2.72921,23.1226,-2.64313,13.3126,fluid
2773,30.2687,2.09777,,1000.04,-90.4514,666.641,,-2.19038,-5.87242,6.26763,,-3.34649,20.504,-3.32447,10.694,fluid
2774,29.9563,1.97564,,1000.52,-203.339,8179.78,,-5.95607,-4.54454,7.49184,,-3.32532,27.1806,-3.05241,17.3706,fluid
2775,30.6602,1.71493,,999.677,-17.5514,0,,-1.45617,-4.52685,4.75529,,-22.0513,42.6614,-22.0513,32.8514,fluid
2776,29.584,2.00195,,1001.51,-192.886,23784.6,,-4.4753,-3.39648,5.61822,,-11.2104,45.5584,-10.4077,35.7484,fluid
2777,29.366,1.98051,,1002.06,-173.452,32532.4,,-4.45708,-3.50638,5.671,,-17.0128,53.2611,-15.9072,43.4511,fluid
2778,28.7122,1.88213,,1000.95,-207.806,15018.5,,-6.4862,-3.57112,7.4043,,-8.17098,21.2765,-7.6484,11.4665,fluid
2779,29.7749,1.82223,,1000.49,-188.672,7673.41,,-4.16489,-3.41221,5.38419,,-7.47661,25.1819,-7.21902,15.3719,fluid
2780,30.2054,1.51988,,1001.14,-125.314,17936.8,,-3.91055,-4.24909,5.7747,,-1.50677,15.1884,-0.91362,5.37837,fluid
2781,28.8989,1.69179,,998.137,-194.223,0,,-4.86782,-2.29134,5.38014,,-16.4563,32.3565,-16.4563,22.5465,fluid
2782,28.9067,1.80051,,995.308,-209.847,0,,-4.62391,-1.96168,5.02283,,-14.6339,19.039,-14.6339,9.22903,fluid
2783,29.903,1.56296,,1000.85,-141.767,13339.7,,-3.35407,-3.70711,4.99925,,-1.94044,19.0945,-1.49472,9.28454,fluid
2784,29.8259,1.60128,,1001.02,-163.649,16047.4,,-3.61792,-3.63415,5.128,,-11.4485,20.1043,-10.911,10.2943,fluid
2785,30.4398,1.74005,,1003.56,-100.24,56528.1,,-2.65253,-3.54072,4.42409,,-2.35701,6.03714,-0.506556,-3.77286,fluid
2786,30.6443,1.20939,,1006.85,111.748,109717,,0.134359,-2.47167,2.47532,,-14.6563,1.09533,-11.1003,-8.71467,fluid
2787,29.2148,1.81651,,994.74,-195.598,0,,-4.15125,-2.81797,5.01735,,-14.4593,15.6398,-14.4593,5.82983,fluid
2788,30.2649,0.960796,,1006.97,-1.77196,111639,,-1.64362,-2.77307,3.22356,,-2.63684,20.1914,1.02636,10.3814,fluid
2789,27.574,2.05646,,999.391,-323.333,0,,-8.97034,1.69222,9.12856,,2.37538,5.37607,2.37538,-4.43393,fluid
2790,29.3575,1.40825,,1002.31,-182.429,36457.3,,-4.71315,-2.20274,5.20249,,-4.87171,21.7222,-3.63273,11.9122,fluid
2791,25.6057,1.73406,,996.16,-581.309,0,,-9.67141,0.861488,9.7097,,-4.28527,15.8693,-4.28527,6.0593,fluid
2792,28.6997,1.23267,,1001.58,-319.672,24934.6,,-7.70744,-1.6664,7.88553,,-30.5536,35.5767,-29.6861,25.7667,fluid
2793,26.9108,2.71074,,1003.46,64.6307,54827.3,,-4.79969,0.665128,4.84556,,-5.81007,25.3524,-3.77972,15.5424,fluid
2794,30.4752,0.861929,,1002.94,-23.677,46530.3,,-1.33904,-1.28371,1.85497,,-1.831,3.14389,-0.308645,-6.66611,fluid
2795,25.2405,2.65746,,993.358,-508.482,0,,-9.42249,2.68139,9.79659,,-0.875402,6.09298,-0.875402,-3.71702,fluid
2796,25.7164,1.50584,,989.897,-776.273,0,,-8.89902,1.59902,9.04154,,-6.74222,47.6971,-6.74222,37.8871,fluid
2797,24.3311,3.13274,,985.018,380.326,0,,-5.94075,-4.16334,7.25438,,-0.446686,0.516741,-0.446686,-9.29326,fluid
2798,27.0727,1.55579,,1000.48,-362.149,7553.89,,-9.15308,0.855989,9.19301,,-7.68426,18.1507,-7.40537,8.34072,fluid
2799,29.2781,1.22001,,1006.56,-110.687,105068,,-5.20873,-0.606181,5.24389,,-3.32464,-16.5998,0.240558,-26.4098,fluid
2800,26.1758,1.34133,,1002.14,-119.723,33848.1,,-3.63833,2.36854,4.34136,,4.71856,24.3547,6.0089,14.5447,fluid
2801,31.8537,0.310419,,1002.81,-0.124423,44435.1,,0.00328991,-0.0834037,0.0834686,,-2.49264,10.8828,-1.10157,1.07279,fluid
2802,31.8828,0.513345,,1002.34,0.778164,36960.3,,0.0502993,-0.12216,0.13211,,-2.02976,14.3294,-0.87321,4.5194,fluid
2803,31.8459,1.00079,,1001.24,-2.36572,19548.9,,0.172424,0.391321,0.427624,,2.59424,16.3705,3.20734,6.56051,fluid
2804,27.024,0.819963,,1000.72,-121.761,11314.4,,-2.64695,0.121591,2.64975,,2.49566,12.2141,2.91404,2.4041,fluid
2805,30.5778,0.824324,,1002.88,-18.2974,45586.7,,-1.20291,-1.39802,1.8443,,-2.08475,2.87384,-0.598189,-6.93616,fluid
2806,31.3759,0.955941,,1002.1,42.0006,33117.5,,0.631177,-0.488526,0.798149,,1.17248,3.84231,2.22578,-5.96769,fluid
2807,26.8102,1.24206,,1002.78,-233.122,43963.1,,-5.93428,-1.0462,6.02579,,6.2573,23.1564,7.89255,13.3464,fluid
2808,26.0209,1.46329,,998.328,-528.106,0,,-8.81057,0.311064,8.81606,,4.89031,40.1897,4.89031,30.3797,fluid
2809,31.3325,1.35954,,1008.96,175.825,144443,,1.03109,-1.79863,2.07321,,-10.7532,22.7147,-6.18411,12.9047,fluid
2810,31.1265,1.86146,,1004.74,42.2465,75438.5,,0.474657,-2.14935,2.20113,,31.0398,8.73116,33.452,-1.07884,fluid
2811,31.6522,2.92079,,998.794,-13.8144,0,,0.0669341,1.72009,1.72139,,-0.733345,-13.2576,-0.733345,-23.0676,fluid
2812,31.5376,3.42357,,1004.47,-45.2654,71058.5,,-0.419273,0.487863,0.643273,,-24.3511,35.8026,-22.108,25.9926,fluid
2813,29.5928,2.43638,,1003,-78.3604,47462,,-4.01345,-3.55446,5.36115,,2.09332,47.0311,3.69237,37.2211,fluid
2814,28.7416,2.53318,,1001.06,106.562,16714,,0.157267,-4.08109,4.08412,,-4.31211,8.03897,-3.7312,-1.77103,fluid
2815,27.7088,3.07456,,1019.69,1004.89,327954,,-1.12788,-10.8071,10.8658,,77.1873,141.597,88.7945,131.787,fluid
2816,29.6057,4.80065,,641.417,-79.6895,0,,-0.838311,-11.9893,12.0186,,0.00409309,0.015177,0.00409309,-9.79482,fluid
2817,30.2262,4.88854,,637.993,-67.0682,0,,-0.577411,-12.0343,12.0482,,0,0,0,-9.81,fluid
2818,30.3392,4.98133,,637.944,-62.9537,0,,-0.526894,-12.0171,12.0286,,0,0,0,-9.81,fluid
2819,30.3808,5.00354,,637.887,-63.7397,0,,-0.509122,-12.0115,12.0222,,0,0,0,-9.81,fluid
2820,30.3815,4.91733,,637.947,-63.5724,0,,-0.508955,-12.0378,12.0486,,0,0,0,-9.81,fluid
2821,30.0519,4.68449,,638.072,-87.7352,0,,-0.65151,-12.0884,12.106,,0,0,0,-9.81,fluid
2822,27.9769,2.66703,,1027.89,1651.45,476141,,2.97051,-7.6694,8.22457,,133.086,308.429,149.643,298.619,fluid
2823,28.5459,2.74978,,997.897,238.403,0,,-0.15437,-2.80915,2.81339,,9.91832,10.8883,9.91832,1.07829,fluid
2824,28.2925,3.1328,,878.148,2205.18,0,,-1.19209,-12.2544,12.3122,,20.5673,20.6855,20.5673,10.8755,fluid
2825,28.4609,3.76494,,691.509,114.055,0,,-1.32824,-12.2787,12.3504,,0.000221585,0.00339919,0.000221585,-9.8066,fluid
2826,28.5506,3.99104,,682.591,37.4571,0,,-1.28959,-12.1861,12.2542,,-0.000234882,-0.00566013,-0.000234882,-9.81566,fluid
2827,28.7201,4.1065,,678.501,13.6035,0,,-1.21323,-12.1179,12.1784,,0,0,0,-9.81,fluid
2828,29.1892,3.6705,,710.871,935.768,0,,-1.02303,-12.2046,12.2474,,-0.0597449,0.935098,-0.0597449,-8.8749,fluid
2829,30.0733,3.46361,,802.031,212.41,0,,-0.781431,-12.0468,12.0721,,-5.6247,7.22766,-5.6247,-2.58234,fluid
2830,30.2326,3.59962,,786.517,117.766,0,,-0.637541,-11.9921,12.009,,-3.25641,6.66627,-3.25641,-3.14373,fluid
2831,30.5568,2.95318,,1011.89,186.965,193465,,0.218937,-8.63498,8.63776,,10.0611,82.4927,16.318,72.6827,fluid
2832,30.8077,2.38626,,1001.66,-23.0977,26200.2,,-0.109442,-7.35863,7.35944,,0.869274,52.6814,1.71831,42.8714,fluid
2833,31.026,2.31853,,999.95,0.426634,0,,0.82079,-6.60367,6.65448,,1.54091,28.1592,1.54091,18.3492,fluid
2834,31.0004,2.27137,,999.127,-55.8371,0,,0.562029,-6.59107,6.61499,,0.182327,31.7356,0.182327,21.9256,fluid
2835,30.8298,2.16647,,997.41,-160.106,0,,-0.84779,-6.71701,6.7703,,-2.21519,34.7617,-2.21519,24.9517,fluid
2836,30.4273,2.1195,,1000.35,-41.0091,5443.76,,-1.74777,-7.09743,7.30946,,-1.40264,30.2471,-1.22379,20.4371,fluid
2837,30.3072,2.08362,,1001.44,-107.405,22623.9,,-1.95481,-6.38641,6.67888,,-3.37991,38.7205,-2.63449,28.9105,fluid
2838,30.1443,2.10286,,1000.8,-142.662,12625,,-3.43804,-5.72612,6.67896,,-10.9528,32.7612,-10.5343,22.9512,fluid
2839,30.2028,2.116,,1000.52,-114.802,8118.57,,-2.67038,-5.79757,6.38301,,-7.42444,27.4986,-7.15578,17.6886,fluid
2840,30.2834,2.07723,,1000.36,-105.308,5611.49,,-2.18688,-5.88579,6.27893,,-3.90421,24.5487,-3.71898,14.7387,fluid
2841,30.5313,1.60802,,989.961,-243.673,0,,-2.37591,-6.38613,6.81378,,-34.3824,37.1492,-34.3824,27.3392,fluid
2842,31.0765,1.70167,,995.725,53.4151,0,,0.690602,-3.97392,4.03348,,-8.1056,47.668,-8.1056,37.858,fluid
2843,29.5389,2.03628,,1001.6,-179.319,25189,,-4.11919,-3.26633,5.25706,,-12.4019,49.7754,-11.5505,39.9654,fluid
2844,29.2189,1.96052,,1002.01,-184.582,31723.8,,-5.0427,-3.56883,6.17781,,-16.5028,54.622,-15.4193,44.812,fluid
2845,28.9395,1.69101,,994.361,-306.674,0,,-5.37314,-4.33792,6.90566,,-16.0912,36.6122,-16.0912,26.8022,fluid
2846,30.1198,1.5664,,998.705,-84.4032,0,,-3.31826,-4.29661,5.42878,,-11.8797,31.4176,-11.8797,21.6076,fluid
2847,29.0975,1.6706,,996.514,-223.974,0,,-4.45807,-2.24277,4.99043,,-14.076,36.6867,-14.076,26.8767,fluid
2848,28.7877,1.77247,,998.814,-165.922,0,,-4.56803,-2.05731,5.00993,,-10.8017,19.8274,-10.8017,10.0174,fluid
2849,29.8527,1.57771,,1000.95,-154.481,14962.4,,-3.4641,-3.70424,5.07163,,-7.49324,18.2819,-6.99251,8.47187,fluid
2850,29.8262,1.60382,,1001.03,-163.462,16228.7,,-3.61957,-3.63124,5.1271,,-11.4596,20.3517,-10.9161,10.5417,fluid
2851,30.7673,1.68428,,1003.63,-66.7834,57678.6,,-0.598401,-3.2315,3.28644,,12.2747,-1.45485,14.1426,-11.2649,fluid
2852,30.5452,1.67274,,1003.91,-75.2442,62052.7,,-1.83217,-3.16495,3.65702,,-5.62999,-12.5391,-3.60639,-22.3491,fluid
2853,28.6303,2.00139,,1000.64,-38.159,10121.6,,-2.85918,-2.06993,3.5298,,-1.30636,16.5641,-0.953057,6.75408,fluid
2854,26.0942,1.97212,,1001.79,-317.543,28255.7,,-9.40617,1.20774,9.48339,,1.25171,20.8817,2.33261,11.0717,fluid
2855,30.7152,1.23081,,1007.06,109.406,113207,,-0.497692,-3.85483,3.88683,,1.1537,3.52943,4.81356,-6.28057,fluid
2856,29.6266,1.15167,,1002.15,-217.169,33921.4,,-4.55863,-3.54919,5.77735,,-26.1028,22.9891,-24.9603,13.1791,fluid
2857,25.7733,1.9592,,1002.33,-235.231,36893.5,,-8.56993,2.15972,8.83788,,-1.60697,17.9536,-0.178842,8.14365,fluid
2858,27.095,3.77863,,965.078,-433.839,0,,-6.33979,2.22082,6.71751,,0.53664,1.644,0.53664,-8.166,fluid
2859,31.3838,0.845426,,1002.44,43.9471,38650.4,,0.543403,-0.713704,0.897029,,-0.838029,8.57429,0.390511,-1.23571,fluid
2860,26.921,3.14055,,997.583,120.343,0,,-3.37863,0.717492,3.45397,,2.12576,9.13795,2.12576,-0.672051,fluid
2861,24.6008,1.27047,,989.368,-127.839,0,,-10.8527,-3.3951,11.3714,,5.19432,5.83454,5.19432,-3.97546,fluid
2862,23.1314,0.944723,,1010.81,-258.73,175216,,-11.6525,-0.859323,11.6842,,-16.4439,4.64737,-8.95009,-5.16263,fluid
2863,23.7012,1.27808,,990.651,-487.967,0,,-12.4878,-1.74205,12.6087,,7.21628,36.1836,7.21628,26.3736,fluid
2864,26.8205,2.69969,,1005.58,143.017,89015,,-4.74203,-0.315889,4.75254,,-28.5281,33.1388,-25.2275,23.3288,fluid
2865,31.8822,0.342001,,1002.72,-0.788274,43079.1,,0.00982151,-0.0878445,0.0883918,,-2.437,11.1873,-1.08947,1.37727,fluid
2866,31.7495,0.904938,,1002.04,9.03887,32266.1,,0.107788,-0.205846,0.232359,,1.38261,15.4703,2.39681,5.66032,fluid
2867,27.0738,0.837781,,999.367,-92.4,0,,-2.13989,0.276363,2.15766,,-1.46956,0.26642,-1.46956,-9.54358,fluid
2868,27.0299,0.836159,,1000.76,-117.424,11962.2,,-2.50625,0.0507294,2.50677,,1.30851,12.0084,1.75073,2.1984,fluid
2869,26.804,0.63376,,1001.27,-149.876,20070.8,,-3.17241,0.0877265,3.17362,,9.70109,18.7274,10.4489,8.91737,fluid
2870,31.0573,0.888998,,1002.38,28.839,37702.3,,-0.0809824,-1.4695,1.47173,,9.18795,4.70144,10.399,-5.10856,fluid
2871,30.7957,0.805993,,1003.14,10.7678,49700.9,,-0.589265,-1.67089,1.77175,,3.36077,6.36606,4.96961,-3.44394,fluid
2872,24.9009,1.83834,,984.327,-965.615,0,,-11.0736,0.776798,11.1008,,-6.9914,-2.21852,-6.9914,-12.0285,fluid
2873,26.7525,1.13141,,991.768,-325.343,0,,-2.34292,0.882953,2.50378,,-6.32504,-4.23386,-6.32504,-14.0439,fluid
2874,29.4649,1.22781,,1002.22,-251.455,35092.6,,-5.99578,-2.25091,6.40437,,-11.0112,18.1238,-9.82285,8.31379,fluid
2875,30.6986,1.20209,,1007.61,112.043,122248,,-0.434053,-3.34305,3.37111,,-2.11613,1.39328,1.83597,-8.41672,fluid
2876,31.0978,1.84563,,1004.7,28.067,74840.2,,0.250214,-2.40357,2.41656,,28.6298,4.90179,31.0251,-4.90821,fluid
2877,30.9764,1.92371,,1003.12,-68.6653,49449.1,,0.302481,-2.89712,2.91286,,15.024,22.1332,16.6154,12.3232,fluid
2878,31.5399,3.16948,,1000.72,-89.8522,11336,,-0.128656,1.39405,1.39997,,-6.03462,-2.93825,-5.67546,-12.7482,fluid
2879,29.0403,4.90475,,645.765,-51.4021,0,,-1.0918,-12.0158,12.0653,,-0.0127517,0.0248978,-0.0127517,-9.7851,fluid
2880,28.9475,8.60873,,996.546,-4.92202,0,,-1.09784,-10.9,10.9552,,0,0,0,-9.81,fluid
2881,29.2309,9.19814,,995.977,-4.52104,0,,-0.978448,-10.7009,10.7456,,0,0,0,-9.81,fluid
2882,29.6875,7.13477,,990.193,0,0,,-0.795682,-11.4204,11.4481,,0,0,0,-9.81,fluid
2883,30.0852,5.38303,,638.53,-44.9925,0,,-0.627814,-11.9961,12.0125,,0,0,0,-9.81,fluid
2884,30.2803,4.98907,,638.049,-60.4148,0,,-0.543869,-12.0493,12.0616,,0,0,0,-9.81,fluid
2885,30.3418,4.56604,,638.472,-75.3868,0,,-0.51138,-12.1904,12.2012,,2.60791e-07,2.30734e-06,2.60791e-07,-9.81,fluid
2886,30.3093,4.15023,,650.95,-21.6733,0,,-0.527919,-12.3232,12.3345,,0.00301502,0.0185596,0.00301502,-9.79144,fluid
2887,30.3432,4.4243,,639.634,-70.4261,0,,-0.519012,-12.2303,12.2413,,8.51935e-05,0.000634967,8.51935e-05,-9.80937,fluid
2888,30.3603,4.69423,,638.16,-69.1513,0,,-0.515953,-12.1328,12.1438,,0,0,0,-9.81,fluid
2889,30.2415,4.70615,,638.17,-69.9937,0,,-0.571041,-12.1088,12.1223,,0,0,0,-9.81,fluid
2890,28.5565,4.1334,,680.239,23.6648,0,,-1.29789,-12.2001,12.2689,,0.000227425,0.00548045,0.000227425,-9.80452,fluid
2891,30.4907,5.40984,,637.695,-66.2843,0,,-0.448881,-11.8371,11.8456,,0,0,0,-9.81,fluid
2892,30.1743,4.84149,,637.989,-71.0446,0,,-0.592581,-12.0193,12.0339,,0,0,0,-9.81,fluid
2893,29.6768,4.93961,,640.592,-85.2193,0,,-0.800342,-11.9122,11.9391,,0,0,0,-9.81,fluid
2894,29.4749,5.06086,,642.516,-65.9641,0,,-0.883524,-11.8401,11.8731,,0,0,0,-9.81,fluid
2895,29.2749,5.07501,,643.706,-64.1373,0,,-0.963889,-11.8077,11.847,,0,0,0,-9.81,fluid
2896,29.1173,4.75447,,646.16,-51.2473,0,,-1.03004,-11.9028,11.9473,,0.0127517,-0.0248978,0.0127517,-9.8349,fluid
2897,29.5229,4.49367,,643.663,-40.8071,0,,-0.872758,-11.9073,11.9393,,-0.00396315,-0.0146952,-0.00396315,-9.8247,fluid
2898,30.5273,3.00442,,1012.17,387.943,198212,,-0.289804,-9.48404,9.48847,,-2.49853,85.8782,3.91631,76.0682,fluid
2899,31.0832,2.40949,,1001.07,48.5093,16847.5,,1.31838,-6.31986,6.45591,,5.12835,44.7282,5.66978,34.9182,fluid
2900,30.1933,2.37028,,1001.34,-110.992,21193.8,,-3.60602,-6.96606,7.84406,,-17.2988,46.8321,-16.5978,37.0221,fluid
2901,30.2628,2.30245,,1001.42,-121.502,22379,,-3.02239,-6.87905,7.51373,,-10.9846,50.1479,-10.2461,40.3379,fluid
2902,30.8496,2.23892,,999.67,-68.2517,0,,-0.560022,-7.26473,7.28628,,0.543607,28.2284,0.543607,18.4184,fluid
2903,30.317,2.11138,,1001.55,-112.922,24417.3,,-1.99956,-6.56193,6.85982,,-2.74396,43.8496,-1.9398,34.0396,fluid
2904,29.9507,2.10817,,1001.68,-209.771,26506.2,,-5.28894,-5.38667,7.54911,,-18.691,59.2886,-17.8075,49.4786,fluid
2905,29.9475,2.09361,,1001.55,-206.567,24463.1,,-5.25228,-5.25038,7.42651,,-16.9077,55.2047,-16.0921,45.3947,fluid
2906,30.0562,2.1117,,1000.84,-150.144,13188.3,,-4.02301,-5.5156,6.82689,,-12.072,36.2036,-11.6336,26.3936,fluid
2907,30.5277,1.82129,,999.422,-179.357,0,,-2.07884,-6.19008,6.52983,,-22.999,46.2436,-22.999,36.4336,fluid
2908,29.7848,2.1023,,1001.4,-208.167,22114.2,,-5.37143,-4.31697,6.89119,,-9.897,52.8735,-9.15557,43.0635,fluid
2909,29.6192,2.11836,,1001.19,-152.706,18677.4,,-4.06866,-3.34779,5.26893,,-6.78453,44.4438,-6.1547,34.6338,fluid
2910,29.0067,1.96317,,1002.18,-194.23,34462.7,,-5.8233,-3.24591,6.66684,,-12.4675,62.9967,-11.282,53.1867,fluid
2911,28.9886,1.67253,,993.256,-307.613,0,,-5.21246,-4.35806,6.79429,,-16.1774,39.6228,-16.1774,29.8128,fluid
2912,29.582,1.53004,,1001.1,-124.731,17268.3,,-3.03937,-3.87795,4.92709,,-22.4225,21.452,-21.8394,11.642,fluid
2913,28.7562,1.64988,,997.586,-165.954,0,,-4.73803,-3.19944,5.71711,,-13.2171,34.5376,-13.2171,24.7276,fluid
2914,28.9896,1.80716,,993.801,-225.68,0,,-4.52294,-2.03488,4.95961,,-15.6687,19.0771,-15.6687,9.26715,fluid
2915,29.732,1.65237,,1000.62,-186.613,9813.34,,-3.86224,-3.22998,5.03485,,-15.8007,24.7381,-15.4708,14.9281,fluid
2916,29.8487,1.60968,,1001.07,-155.3,16912.7,,-3.53274,-3.68366,5.10389,,-8.20922,21.1157,-7.64322,11.3057,fluid
2917,30.6004,1.73509,,1004.67,-94.2842,74314.9,,-1.67914,-3.32641,3.7262,,-0.161756,-8.03445,2.25552,-17.8445,fluid
2918,29.7378,1.67737,,1000.6,-185.185,9390.33,,-3.83853,-3.26216,5.03746,,-14.6037,25.6485,-14.2881,15.8385,fluid
2919,27.9709,2.34079,,1002.46,-162.057,38906.9,,-4.85889,-0.605641,4.89649,,-13.8112,-1.58671,-12.4236,-11.3967,fluid
2920,30.8371,1.45776,,1004.55,16.6164,72464.6,,0.0209569,-2.84852,2.84859,,7.15658,-0.274752,9.49584,-10.0848,fluid
2921,29.7099,1.54095,,1000.7,-208.048,11046.4,,-4.37894,-2.97777,5.29549,,-16.2591,21.9827,-15.8875,12.1727,fluid
2922,25.302,1.55046,,973.105,-1534.33,0,,-11.425,2.17065,11.6294,,-24.7753,7.25292,-24.7753,-2.55708,fluid
2923,30.11,1.23401,,1002,-74.8351,31549,,-1.90798,-3.67825,4.14366,,4.09273,22.0991,5.13843,12.2891,fluid
2924,24.8862,2.13065,,985.787,-959.207,0,,-11.6621,1.1762,11.7212,,-3.6716,-2.45173,-3.6716,-12.2617,fluid
2925,26.5566,1.58327,,1002.1,-292.269,33118.7,,-9.01879,0.0467682,9.01891,,9.70253,10.3059,10.947,0.495905,fluid
2926,26.4186,2.68904,,1000.01,-302.595,173.381,,-6.87328,0.506975,6.89195,,-12.2615,2.6135,-12.255,-7.1965,fluid
2927,23.7272,0.775293,,1012.63,-195.442,205984,,-11.7404,-1.00863,11.7836,,-52.3582,38.0281,-43.7852,28.2181,fluid
