h/dp :,2
L2norm Pressure,KE,dp,Nparticles
21317.3,8.65011e+07,0.25,1920

t,1.15
ID,x,y,,rho,drhodt,pressure,,u,v,,du_rdt,du_zdt,Type
0,0.125,-0.125,,1008.57,0,69029.4,,0,0,,0,0,boundary
1,0.375,-0.125,,1008.62,0,69421.9,,0,0,,0,0,boundary
2,0.625,-0.125,,1008.69,0,69992.7,,0,0,,0,0,boundary
3,0.875,-0.125,,1008.75,0,70522.9,,0,0,,0,0,boundary
4,1.125,-0.125,,1008.8,0,70879.1,,0,0,,0,0,boundary
5,1.375,-0.125,,1008.81,0,70994,,0,0,,0,0,boundary
6,1.625,-0.125,,1008.79,0,70845.7,,0,0,,0,0,boundary
7,1.875,-0.125,,1008.75,0,70458.9,,0,0,,0,0,boundary
8,2.125,-0.125,,1008.68,0,69890.2,,0,0,,0,0,boundary
9,2.375,-0.125,,1008.59,0,69198.3,,0,0,,0,0,boundary
10,2.625,-0.125,,1008.5,0,68428.5,,0,0,,0,0,boundary
11,2.875,-0.125,,1008.4,0,67611.6,,0,0,,0,0,boundary
12,3.125,-0.125,,1008.3,0,66769.4,,0,0,,0,0,boundary
13,3.375,-0.125,,1008.19,0,65917,,0,0,,0,0,boundary
14,3.625,-0.125,,1008.09,0,65066.1,,0,0,,0,0,boundary
15,3.875,-0.125,,1007.99,0,64223.2,,0,0,,0,0,boundary
16,4.125,-0.125,,1007.89,0,63383.9,,0,0,,0,0,boundary
17,4.375,-0.125,,1007.78,0,62531.9,,0,0,,0,0,boundary
18,4.625,-0.125,,1007.68,0,61646.6,,0,0,,0,0,boundary
19,4.875,-0.125,,1007.56,0,60708.5,,0,0,,0,0,boundary
20,5.125,-0.125,,1007.44,0,59704.2,,0,0,,0,0,boundary
21,5.375,-0.125,,1007.31,0,58627.5,,0,0,,0,0,boundary
22,5.625,-0.125,,1007.17,0,57475.3,,0,0,,0,0,boundary
23,5.875,-0.125,,1007.02,0,56240.4,,0,0,,0,0,boundary
24,6.125,-0.125,,1006.85,0,54911.6,,0,0,,0,0,boundary
25,6.375,-0.125,,1006.68,0,53482.3,,0,0,,0,0,boundary
26,6.625,-0.125,,1006.49,0,51955.7,,0,0,,0,0,boundary
27,6.875,-0.125,,1006.3,0,50346.7,,0,0,,0,0,boundary
28,7.125,-0.125,,1006.09,0,48678,,0,0,,0,0,boundary
29,7.375,-0.125,,1005.88,0,46965,,0,0,,0,0,boundary
30,7.625,-0.125,,1005.66,0,45216.4,,0,0,,0,0,boundary
31,7.875,-0.125,,1005.45,0,43445.8,,0,0,,0,0,boundary
32,8.125,-0.125,,1005.23,0,41678.6,,0,0,,0,0,boundary
33,8.375,-0.125,,1005.01,0,39954.3,,0,0,,0,0,boundary
34,8.625,-0.125,,1004.81,0,38297.3,,0,0,,0,0,boundary
35,8.875,-0.125,,1004.61,0,36712.3,,0,0,,0,0,boundary
36,9.125,-0.125,,1004.43,0,35206.2,,0,0,,0,0,boundary
37,9.375,-0.125,,1004.25,0,33807.3,,0,0,,0,0,boundary
38,9.625,-0.125,,1004.1,0,32550.3,,0,0,,0,0,boundary
39,9.875,-0.125,,1003.96,0,31424.2,,0,0,,0,0,boundary
40,10.125,-0.125,,1003.83,0,30410.6,,0,0,,0,0,boundary
41,10.375,-0.125,,1003.72,0,29518.7,,0,0,,0,0,boundary
42,10.625,-0.125,,1003.63,0,28763.1,,0,0,,0,0,boundary
43,10.875,-0.125,,1003.54,0,28106.2,,0,0,,0,0,boundary
44,11.125,-0.125,,1003.47,0,27524.5,,0,0,,0,0,boundary
45,11.375,-0.125,,1003.41,0,27029.5,,0,0,,0,0,boundary
46,11.625,-0.125,,1003.35,0,26596.5,,0,0,,0,0,boundary
47,11.875,-0.125,,1003.31,0,26201.4,,0,0,,0,0,boundary
48,12.125,-0.125,,1003.26,0,25835.5,,0,0,,0,0,boundary
49,12.375,-0.125,,1003.22,0,25480.8,,0,0,,0,0,boundary
50,12.625,-0.125,,1003.17,0,25152.9,,0,0,,0,0,boundary
51,12.875,-0.125,,1003.14,0,24903.4,,0,0,,0,0,boundary
52,13.125,-0.125,,1003.11,0,24629.7,,0,0,,0,0,boundary
53,13.375,-0.125,,1003.07,0,24305.8,,0,0,,0,0,boundary
54,13.625,-0.125,,1003.02,0,23909.6,,0,0,,0,0,boundary
55,13.875,-0.125,,1002.97,0,23479.6,,0,0,,0,0,boundary
56,14.125,-0.125,,1002.92,0,23110.1,,0,0,,0,0,boundary
57,14.375,-0.125,,1002.87,0,22731.9,,0,0,,0,0,boundary
58,14.625,-0.125,,1002.83,0,22403.4,,0,0,,0,0,boundary
59,14.875,-0.125,,1002.77,0,21949.5,,0,0,,0,0,boundary
60,15.125,-0.125,,1002.71,0,21434.7,,0,0,,0,0,boundary
61,15.375,-0.125,,1002.61,0,20663.5,,0,0,,0,0,boundary
62,15.625,-0.125,,1002.5,0,19777,,0,0,,0,0,boundary
63,15.875,-0.125,,1002.35,0,18543.2,,0,0,,0,0,boundary
64,16.125,-0.125,,1002.18,0,17187.8,,0,0,,0,0,boundary
65,16.375,-0.125,,1001.96,0,15502.2,,0,0,,0,0,boundary
66,16.625,-0.125,,1001.76,0,13860.2,,0,0,,0,0,boundary
67,16.875,-0.125,,1001.54,0,12102.8,,0,0,,0,0,boundary
68,17.125,-0.125,,1001.37,0,10827.9,,0,0,,0,0,boundary
69,17.375,-0.125,,1001.24,0,9731.66,,0,0,,0,0,boundary
70,17.625,-0.125,,1001.14,0,8991.72,,0,0,,0,0,boundary
71,17.875,-0.125,,1001.1,0,8648.99,,0,0,,0,0,boundary
72,18.125,-0.125,,1001.02,0,8047.68,,0,0,,0,0,boundary
73,18.375,-0.125,,1000.96,0,7542.96,,0,0,,0,0,boundary
74,18.625,-0.125,,1000.87,0,6822.88,,0,0,,0,0,boundary
75,18.875,-0.125,,1000.77,0,6059.78,,0,0,,0,0,boundary
76,19.125,-0.125,,1000.71,0,5619.51,,0,0,,0,0,boundary
77,19.375,-0.125,,1000.68,0,5379.62,,0,0,,0,0,boundary
78,19.625,-0.125,,1000.61,0,4818.73,,0,0,,0,0,boundary
79,19.875,-0.125,,1000.48,0,3808.18,,0,0,,0,0,boundary
80,20.125,-0.125,,1000.34,0,2707.52,,0,0,,0,0,boundary
81,20.375,-0.125,,1000.24,0,1886.02,,0,0,,0,0,boundary
82,20.625,-0.125,,1000.15,0,1202.84,,0,0,,0,0,boundary
83,20.875,-0.125,,1000.11,0,889.72,,0,0,,0,0,boundary
84,21.125,-0.125,,1000.18,0,1407.14,,0,0,,0,0,boundary
85,21.375,-0.125,,1000.36,0,2808.79,,0,0,,0,0,boundary
86,21.625,-0.125,,1000.45,0,3522.26,,0,0,,0,0,boundary
87,21.875,-0.125,,1000.37,0,2883.3,,0,0,,0,0,boundary
88,22.125,-0.125,,1000.22,0,1761.28,,0,0,,0,0,boundary
89,22.375,-0.125,,1000.15,0,1149.46,,0,0,,0,0,boundary
90,22.625,-0.125,,1000.12,0,947.292,,0,0,,0,0,boundary
91,22.875,-0.125,,1000.16,0,1234.12,,0,0,,0,0,boundary
92,23.125,-0.125,,1000.2,0,1544.11,,0,0,,0,0,boundary
93,23.375,-0.125,,1000.13,0,999.075,,0,0,,0,0,boundary
94,23.625,-0.125,,1000.12,0,930.203,,0,0,,0,0,boundary
95,23.875,-0.125,,1000.12,0,914.569,,0,0,,0,0,boundary
96,24.125,-0.125,,1000.11,0,902.688,,0,0,,0,0,boundary
97,24.375,-0.125,,1000,0,0,,0,0,,0,0,boundary
98,24.625,-0.125,,1000,0,0,,0,0,,0,0,boundary
99,24.875,-0.125,,1000,0,0,,0,0,,0,0,boundary
100,25.125,-0.125,,1000,0,0,,0,0,,0,0,boundary
101,25.375,-0.125,,1000,0,0,,0,0,,0,0,boundary
102,25.625,-0.125,,1000,0,0,,0,0,,0,0,boundary
103,0.125,-0.375,,1009.01,0,72643.9,,0,0,,0,0,boundary
104,0.375,-0.375,,1009.06,0,73052.1,,0,0,,0,0,boundary
105,0.625,-0.375,,1009.13,0,73647.9,,0,0,,0,0,boundary
106,0.875,-0.375,,1009.2,0,74207.4,,0,0,,0,0,boundary
107,1.125,-0.375,,1009.24,0,74594.4,,0,0,,0,0,boundary
108,1.375,-0.375,,1009.26,0,74734,,0,0,,0,0,boundary
109,1.625,-0.375,,1009.24,0,74588.1,,0,0,,0,0,boundary
110,1.875,-0.375,,1009.19,0,74164,,0,0,,0,0,boundary
111,2.125,-0.375,,1009.11,0,73508.3,,0,0,,0,0,boundary
112,2.375,-0.375,,1009.01,0,72681.4,,0,0,,0,0,boundary
113,2.625,-0.375,,1008.9,0,71736.3,,0,0,,0,0,boundary
114,2.875,-0.375,,1008.78,0,70716.8,,0,0,,0,0,boundary
115,3.125,-0.375,,1008.65,0,69657.7,,0,0,,0,0,boundary
116,3.375,-0.375,,1008.52,0,68587.3,,0,0,,0,0,boundary
117,3.625,-0.375,,1008.39,0,67527.1,,0,0,,0,0,boundary
118,3.875,-0.375,,1008.26,0,66489.1,,0,0,,0,0,boundary
119,4.125,-0.375,,1008.14,0,65472.7,,0,0,,0,0,boundary
120,4.375,-0.375,,1008.02,0,64465.1,,0,0,,0,0,boundary
121,4.625,-0.375,,1007.89,0,63444.4,,0,0,,0,0,boundary
122,4.875,-0.375,,1007.77,0,62387.7,,0,0,,0,0,boundary
123,5.125,-0.375,,1007.63,0,61279,,0,0,,0,0,boundary
124,5.375,-0.375,,1007.49,0,60110.6,,0,0,,0,0,boundary
125,5.625,-0.375,,1007.34,0,58877,,0,0,,0,0,boundary
126,5.875,-0.375,,1007.18,0,57568.6,,0,0,,0,0,boundary
127,6.125,-0.375,,1007.01,0,56171.7,,0,0,,0,0,boundary
128,6.375,-0.375,,1006.83,0,54672.9,,0,0,,0,0,boundary
129,6.625,-0.375,,1006.63,0,53074.4,,0,0,,0,0,boundary
130,6.875,-0.375,,1006.42,0,51393.1,,0,0,,0,0,boundary
131,7.125,-0.375,,1006.21,0,49649.7,,0,0,,0,0,boundary
132,7.375,-0.375,,1005.99,0,47860.3,,0,0,,0,0,boundary
133,7.625,-0.375,,1005.77,0,46034.8,,0,0,,0,0,boundary
134,7.875,-0.375,,1005.54,0,44185.7,,0,0,,0,0,boundary
135,8.125,-0.375,,1005.31,0,42345.2,,0,0,,0,0,boundary
136,8.375,-0.375,,1005.09,0,40546.7,,0,0,,0,0,boundary
137,8.625,-0.375,,1004.87,0,38811.9,,0,0,,0,0,boundary
138,8.875,-0.375,,1004.67,0,37153.5,,0,0,,0,0,boundary
139,9.125,-0.375,,1004.47,0,35588.2,,0,0,,0,0,boundary
140,9.375,-0.375,,1004.29,0,34144.4,,0,0,,0,0,boundary
141,9.625,-0.375,,1004.13,0,32835.2,,0,0,,0,0,boundary
142,9.875,-0.375,,1003.99,0,31660,,0,0,,0,0,boundary
143,10.125,-0.375,,1003.86,0,30621.5,,0,0,,0,0,boundary
144,10.375,-0.375,,1003.74,0,29716,,0,0,,0,0,boundary
145,10.625,-0.375,,1003.65,0,28929.6,,0,0,,0,0,boundary
146,10.875,-0.375,,1003.56,0,28247.7,,0,0,,0,0,boundary
147,11.125,-0.375,,1003.49,0,27663.4,,0,0,,0,0,boundary
148,11.375,-0.375,,1003.42,0,27141.7,,0,0,,0,0,boundary
149,11.625,-0.375,,1003.37,0,26678.5,,0,0,,0,0,boundary
150,11.875,-0.375,,1003.31,0,26271.6,,0,0,,0,0,boundary
151,12.125,-0.375,,1003.27,0,25889.8,,0,0,,0,0,boundary
152,12.375,-0.375,,1003.22,0,25501.8,,0,0,,0,0,boundary
153,12.625,-0.375,,1003.18,0,25170.5,,0,0,,0,0,boundary
154,12.875,-0.375,,1003.15,0,24925.5,,0,0,,0,0,boundary
155,13.125,-0.375,,1003.11,0,24661.3,,0,0,,0,0,boundary
156,13.375,-0.375,,1003.08,0,24374,,0,0,,0,0,boundary
157,13.625,-0.375,,1003.04,0,24047.1,,0,0,,0,0,boundary
158,13.875,-0.375,,1002.98,0,23583.9,,0,0,,0,0,boundary
159,14.125,-0.375,,1002.94,0,23310.1,,0,0,,0,0,boundary
160,14.375,-0.375,,1002.89,0,22864.2,,0,0,,0,0,boundary
161,14.625,-0.375,,1002.86,0,22617.3,,0,0,,0,0,boundary
162,14.875,-0.375,,1002.8,0,22128.3,,0,0,,0,0,boundary
163,15.125,-0.375,,1002.73,0,21602.2,,0,0,,0,0,boundary
164,15.375,-0.375,,1002.64,0,20854,,0,0,,0,0,boundary
165,15.625,-0.375,,1002.51,0,19829.1,,0,0,,0,0,boundary
166,15.875,-0.375,,1002.36,0,18635.8,,0,0,,0,0,boundary
167,16.125,-0.375,,1002.16,0,17082.1,,0,0,,0,0,boundary
168,16.375,-0.375,,1001.95,0,15432,,0,0,,0,0,boundary
169,16.625,-0.375,,1001.74,0,13742.1,,0,0,,0,0,boundary
170,16.875,-0.375,,1001.53,0,12076.9,,0,0,,0,0,boundary
171,17.125,-0.375,,1001.42,0,11179.2,,0,0,,0,0,boundary
172,17.375,-0.375,,1001.29,0,10140,,0,0,,0,0,boundary
173,17.625,-0.375,,1001.28,0,10081,,0,0,,0,0,boundary
174,17.875,-0.375,,1001.23,0,9694.86,,0,0,,0,0,boundary
175,18.125,-0.375,,1001.18,0,9295.21,,0,0,,0,0,boundary
176,18.375,-0.375,,1001.14,0,9015.18,,0,0,,0,0,boundary
177,18.625,-0.375,,1001.01,0,7940.9,,0,0,,0,0,boundary
178,18.875,-0.375,,1000.94,0,7394.93,,0,0,,0,0,boundary
179,19.125,-0.375,,1000.91,0,7146.21,,0,0,,0,0,boundary
180,19.375,-0.375,,1000.88,0,6923.13,,0,0,,0,0,boundary
181,19.625,-0.375,,1000.88,0,6957.93,,0,0,,0,0,boundary
182,19.875,-0.375,,1000.81,0,6357.22,,0,0,,0,0,boundary
183,20.125,-0.375,,1000.72,0,5628.13,,0,0,,0,0,boundary
184,20.375,-0.375,,1000.68,0,5384.24,,0,0,,0,0,boundary
185,20.625,-0.375,,1000.57,0,4494.62,,0,0,,0,0,boundary
186,20.875,-0.375,,1000.44,0,3462.03,,0,0,,0,0,boundary
187,21.125,-0.375,,1000.46,0,3605.19,,0,0,,0,0,boundary
188,21.375,-0.375,,1000.57,0,4508.36,,0,0,,0,0,boundary
189,21.625,-0.375,,1000.55,0,4339.24,,0,0,,0,0,boundary
190,21.875,-0.375,,1000.4,0,3119.67,,0,0,,0,0,boundary
191,22.125,-0.375,,1000.19,0,1480.54,,0,0,,0,0,boundary
192,22.375,-0.375,,1000.08,0,661.816,,0,0,,0,0,boundary
193,22.625,-0.375,,1000.05,0,429.827,,0,0,,0,0,boundary
194,22.875,-0.375,,1000.12,0,977.047,,0,0,,0,0,boundary
195,23.125,-0.375,,1000.22,0,1731.49,,0,0,,0,0,boundary
196,23.375,-0.375,,1000.22,0,1754.96,,0,0,,0,0,boundary
197,23.625,-0.375,,1000.11,0,901.316,,0,0,,0,0,boundary
198,23.875,-0.375,,1000.11,0,875.844,,0,0,,0,0,boundary
199,24.125,-0.375,,1000.11,0,864.497,,0,0,,0,0,boundary
200,24.375,-0.375,,1000,0,0,,0,0,,0,0,boundary
201,24.625,-0.375,,1000,0,0,,0,0,,0,0,boundary
202,24.875,-0.375,,1000,0,0,,0,0,,0,0,boundary
203,25.125,-0.375,,1000,0,0,,0,0,,0,0,boundary
204,25.375,-0.375,,1000,0,0,,0,0,,0,0,boundary
205,25.625,-0.375,,1000,0,0,,0,0,,0,0,boundary
206,0.125,-0.625,,1009.5,0,76701.7,,0,0,,0,0,boundary
207,0.375,-0.625,,1009.54,0,77020.7,,0,0,,0,0,boundary
208,0.625,-0.625,,1009.6,0,77515.1,,0,0,,0,0,boundary
209,0.875,-0.625,,1009.66,0,78030.6,,0,0,,0,0,boundary
210,1.125,-0.625,,1009.71,0,78447.7,,0,0,,0,0,boundary
211,1.375,-0.625,,1009.73,0,78658.7,,0,0,,0,0,boundary
212,1.625,-0.625,,1009.72,0,78573,,0,0,,0,0,boundary
213,1.875,-0.625,,1009.67,0,78148.2,,0,0,,0,0,boundary
214,2.125,-0.625,,1009.58,0,77405,,0,0,,0,0,boundary
215,2.375,-0.625,,1009.46,0,76412.8,,0,0,,0,0,boundary
216,2.625,-0.625,,1009.32,0,75261.2,,0,0,,0,0,boundary
217,2.875,-0.625,,1009.18,0,74033.9,,0,0,,0,0,boundary
218,3.125,-0.625,,1009.03,0,72795.5,,0,0,,0,0,boundary
219,3.375,-0.625,,1008.88,0,71588.6,,0,0,,0,0,boundary
220,3.625,-0.625,,1008.74,0,70437.7,,0,0,,0,0,boundary
221,3.875,-0.625,,1008.61,0,69350.7,,0,0,,0,0,boundary
222,4.125,-0.625,,1008.49,0,68321.6,,0,0,,0,0,boundary
223,4.375,-0.625,,1008.37,0,67331.6,,0,0,,0,0,boundary
224,4.625,-0.625,,1008.25,0,66352.3,,0,0,,0,0,boundary
225,4.875,-0.625,,1008.13,0,65355.9,,0,0,,0,0,boundary
226,5.125,-0.625,,1008,0,64321.3,,0,0,,0,0,boundary
227,5.375,-0.625,,1007.87,0,63233.4,,0,0,,0,0,boundary
228,5.625,-0.625,,1007.73,0,62078.4,,0,0,,0,0,boundary
229,5.875,-0.625,,1007.58,0,60840.8,,0,0,,0,0,boundary
230,6.125,-0.625,,1007.42,0,59503.6,,0,0,,0,0,boundary
231,6.375,-0.625,,1007.24,0,58055.9,,0,0,,0,0,boundary
232,6.625,-0.625,,1007.05,0,56504.2,,0,0,,0,0,boundary
233,6.875,-0.625,,1006.85,0,54864.2,,0,0,,0,0,boundary
234,7.125,-0.625,,1006.64,0,53153.3,,0,0,,0,0,boundary
235,7.375,-0.625,,1006.42,0,51385.6,,0,0,,0,0,boundary
236,7.625,-0.625,,1006.2,0,49568.9,,0,0,,0,0,boundary
237,7.875,-0.625,,1005.97,0,47729.7,,0,0,,0,0,boundary
238,8.125,-0.625,,1005.75,0,45907.3,,0,0,,0,0,boundary
239,8.375,-0.625,,1005.53,0,44132,,0,0,,0,0,boundary
240,8.625,-0.625,,1005.32,0,42426.3,,0,0,,0,0,boundary
241,8.875,-0.625,,1005.12,0,40803.9,,0,0,,0,0,boundary
242,9.125,-0.625,,1004.93,0,39293.9,,0,0,,0,0,boundary
243,9.375,-0.625,,1004.76,0,37929,,0,0,,0,0,boundary
244,9.625,-0.625,,1004.61,0,36722.6,,0,0,,0,0,boundary
245,9.875,-0.625,,1004.48,0,35669.4,,0,0,,0,0,boundary
246,10.125,-0.625,,1004.37,0,34763.3,,0,0,,0,0,boundary
247,10.375,-0.625,,1004.28,0,34006.7,,0,0,,0,0,boundary
248,10.625,-0.625,,1004.2,0,33398.4,,0,0,,0,0,boundary
249,10.875,-0.625,,1004.14,0,32906.1,,0,0,,0,0,boundary
250,11.125,-0.625,,1004.09,0,32495.4,,0,0,,0,0,boundary
251,11.375,-0.625,,1004.05,0,32184.6,,0,0,,0,0,boundary
252,11.625,-0.625,,1004.02,0,31969.1,,0,0,,0,0,boundary
253,11.875,-0.625,,1004,0,31788,,0,0,,0,0,boundary
254,12.125,-0.625,,1003.99,0,31669.5,,0,0,,0,0,boundary
255,12.375,-0.625,,1003.98,0,31605.6,,0,0,,0,0,boundary
256,12.625,-0.625,,1003.97,0,31549,,0,0,,0,0,boundary
257,12.875,-0.625,,1003.98,0,31596.6,,0,0,,0,0,boundary
258,13.125,-0.625,,1004,0,31739.4,,0,0,,0,0,boundary
259,13.375,-0.625,,1004,0,31800,,0,0,,0,0,boundary
260,13.625,-0.625,,1004.02,0,31909.2,,0,0,,0,0,boundary
261,13.875,-0.625,,1004.02,0,31961.2,,0,0,,0,0,boundary
262,14.125,-0.625,,1004.02,0,31924.4,,0,0,,0,0,boundary
263,14.375,-0.625,,1004.04,0,32072.3,,0,0,,0,0,boundary
264,14.625,-0.625,,1004.01,0,31872.6,,0,0,,0,0,boundary
265,14.875,-0.625,,1004.01,0,31886.2,,0,0,,0,0,boundary
266,15.125,-0.625,,1003.95,0,31385.2,,0,0,,0,0,boundary
267,15.375,-0.625,,1003.9,0,30935.7,,0,0,,0,0,boundary
268,15.625,-0.625,,1003.77,0,29909.4,,0,0,,0,0,boundary
269,15.875,-0.625,,1003.63,0,28832.9,,0,0,,0,0,boundary
270,16.125,-0.625,,1003.43,0,27234.1,,0,0,,0,0,boundary
271,16.375,-0.625,,1003.26,0,25857.1,,0,0,,0,0,boundary
272,16.625,-0.625,,1003.05,0,24187.1,,0,0,,0,0,boundary
273,16.875,-0.625,,1002.93,0,23193.6,,0,0,,0,0,boundary
274,17.125,-0.625,,1002.78,0,21990.3,,0,0,,0,0,boundary
275,17.375,-0.625,,1002.75,0,21781.3,,0,0,,0,0,boundary
276,17.625,-0.625,,1002.66,0,21036.9,,0,0,,0,0,boundary
277,17.875,-0.625,,1002.63,0,20806.4,,0,0,,0,0,boundary
278,18.125,-0.625,,1002.56,0,20265.9,,0,0,,0,0,boundary
279,18.375,-0.625,,1002.46,0,19472.5,,0,0,,0,0,boundary
280,18.625,-0.625,,1002.4,0,18997,,0,0,,0,0,boundary
281,18.875,-0.625,,1002.34,0,18464.6,,0,0,,0,0,boundary
282,19.125,-0.625,,1002.31,0,18274.3,,0,0,,0,0,boundary
283,19.375,-0.625,,1002.26,0,17840.3,,0,0,,0,0,boundary
284,19.625,-0.625,,1002.17,0,17155.1,,0,0,,0,0,boundary
285,19.875,-0.625,,1002.06,0,16241.7,,0,0,,0,0,boundary
286,20.125,-0.625,,1001.94,0,15341.3,,0,0,,0,0,boundary
287,20.375,-0.625,,1001.79,0,14143.2,,0,0,,0,0,boundary
288,20.625,-0.625,,1001.53,0,12052,,0,0,,0,0,boundary
289,20.875,-0.625,,1001.24,0,9744.5,,0,0,,0,0,boundary
290,21.125,-0.625,,1001.03,0,8136.56,,0,0,,0,0,boundary
291,21.375,-0.625,,1000.89,0,6986.71,,0,0,,0,0,boundary
292,21.625,-0.625,,1000.7,0,5503.87,,0,0,,0,0,boundary
293,21.875,-0.625,,1000.41,0,3250.02,,0,0,,0,0,boundary
294,22.125,-0.625,,1000.15,0,1176.57,,0,0,,0,0,boundary
295,22.375,-0.625,,1000.02,0,165.32,,0,0,,0,0,boundary
296,22.625,-0.625,,1000,0,0,,0,0,,0,0,boundary
297,22.875,-0.625,,1000.08,0,645.018,,0,0,,0,0,boundary
298,23.125,-0.625,,1000.17,0,1305.48,,0,0,,0,0,boundary
299,23.375,-0.625,,1000.12,0,974.169,,0,0,,0,0,boundary
300,23.625,-0.625,,1000.11,0,876.192,,0,0,,0,0,boundary
301,23.875,-0.625,,1000.11,0,841.675,,0,0,,0,0,boundary
302,24.125,-0.625,,1000.11,0,834.249,,0,0,,0,0,boundary
303,24.375,-0.625,,1000,0,0,,0,0,,0,0,boundary
304,24.625,-0.625,,1000,0,0,,0,0,,0,0,boundary
305,24.875,-0.625,,1000,0,0,,0,0,,0,0,boundary
306,25.125,-0.625,,1000,0,0,,0,0,,0,0,boundary
307,25.375,-0.625,,1000,0,0,,0,0,,0,0,boundary
308,25.625,-0.625,,1000,0,0,,0,0,,0,0,boundary
309,25.125,0.125,,1000,0,0,,0,0,,0,0,boundary
310,25.125,0.375,,1000,0,0,,0,0,,0,0,boundary
311,25.125,0.625,,1000,0,0,,0,0,,0,0,boundary
312,25.125,0.875,,1000,0,0,,0,0,,0,0,boundary
313,25.125,1.125,,1000,0,0,,0,0,,0,0,boundary
314,25.125,1.375,,1000,0,0,,0,0,,0,0,boundary
315,25.125,1.625,,1000,0,0,,0,0,,0,0,boundary
316,25.125,1.875,,1000,0,0,,0,0,,0,0,boundary
317,25.125,2.125,,1000,0,0,,0,0,,0,0,boundary
318,25.125,2.375,,1000,0,0,,0,0,,0,0,boundary
319,25.125,2.625,,1000,0,0,,0,0,,0,0,boundary
320,25.125,2.875,,1000,0,0,,0,0,,0,0,boundary
321,25.125,3.125,,1000,0,0,,0,0,,0,0,boundary
322,25.125,3.375,,1000,0,0,,0,0,,0,0,boundary
323,25.125,3.625,,1000,0,0,,0,0,,0,0,boundary
324,25.125,3.875,,1000,0,0,,0,0,,0,0,boundary
325,25.125,4.125,,1000,0,0,,0,0,,0,0,boundary
326,25.125,4.375,,1000,0,0,,0,0,,0,0,boundary
327,25.125,4.625,,1000,0,0,,0,0,,0,0,boundary
328,25.125,4.875,,1000,0,0,,0,0,,0,0,boundary
329,25.125,5.125,,1000,0,0,,0,0,,0,0,boundary
330,25.125,5.375,,1000,0,0,,0,0,,0,0,boundary
331,25.125,5.625,,1000,0,0,,0,0,,0,0,boundary
332,25.125,5.875,,1000,0,0,,0,0,,0,0,boundary
333,25.125,6.125,,1000,0,0,,0,0,,0,0,boundary
334,25.125,6.375,,1000,0,0,,0,0,,0,0,boundary
335,25.125,6.625,,1000,0,0,,0,0,,0,0,boundary
336,25.125,6.875,,1000,0,0,,0,0,,0,0,boundary
337,25.125,7.125,,1000,0,0,,0,0,,0,0,boundary
338,25.125,7.375,,1000,0,0,,0,0,,0,0,boundary
339,25.125,7.625,,1000,0,0,,0,0,,0,0,boundary
340,25.125,7.875,,1000,0,0,,0,0,,0,0,boundary
341,25.125,8.125,,1000,0,0,,0,0,,0,0,boundary
342,25.125,8.375,,1000,0,0,,0,0,,0,0,boundary
343,25.125,8.625,,1000,0,0,,0,0,,0,0,boundary
344,25.125,8.875,,1000,0,0,,0,0,,0,0,boundary
345,25.125,9.125,,1000,0,0,,0,0,,0,0,boundary
346,25.125,9.375,,1000,0,0,,0,0,,0,0,boundary
347,25.125,9.625,,1000,0,0,,0,0,,0,0,boundary
348,25.125,9.875,,1000,0,0,,0,0,,0,0,boundary
349,25.375,0.125,,1000,0,0,,0,0,,0,0,boundary
350,25.375,0.375,,1000,0,0,,0,0,,0,0,boundary
351,25.375,0.625,,1000,0,0,,0,0,,0,0,boundary
352,25.375,0.875,,1000,0,0,,0,0,,0,0,boundary
353,25.375,1.125,,1000,0,0,,0,0,,0,0,boundary
354,25.375,1.375,,1000,0,0,,0,0,,0,0,boundary
355,25.375,1.625,,1000,0,0,,0,0,,0,0,boundary
356,25.375,1.875,,1000,0,0,,0,0,,0,0,boundary
357,25.375,2.125,,1000,0,0,,0,0,,0,0,boundary
358,25.375,2.375,,1000,0,0,,0,0,,0,0,boundary
359,25.375,2.625,,1000,0,0,,0,0,,0,0,boundary
360,25.375,2.875,,1000,0,0,,0,0,,0,0,boundary
361,25.375,3.125,,1000,0,0,,0,0,,0,0,boundary
362,25.375,3.375,,1000,0,0,,0,0,,0,0,boundary
363,25.375,3.625,,1000,0,0,,0,0,,0,0,boundary
364,25.375,3.875,,1000,0,0,,0,0,,0,0,boundary
365,25.375,4.125,,1000,0,0,,0,0,,0,0,boundary
366,25.375,4.375,,1000,0,0,,0,0,,0,0,boundary
367,25.375,4.625,,1000,0,0,,0,0,,0,0,boundary
368,25.375,4.875,,1000,0,0,,0,0,,0,0,boundary
369,25.375,5.125,,1000,0,0,,0,0,,0,0,boundary
370,25.375,5.375,,1000,0,0,,0,0,,0,0,boundary
371,25.375,5.625,,1000,0,0,,0,0,,0,0,boundary
372,25.375,5.875,,1000,0,0,,0,0,,0,0,boundary
373,25.375,6.125,,1000,0,0,,0,0,,0,0,boundary
374,25.375,6.375,,1000,0,0,,0,0,,0,0,boundary
375,25.375,6.625,,1000,0,0,,0,0,,0,0,boundary
376,25.375,6.875,,1000,0,0,,0,0,,0,0,boundary
377,25.375,7.125,,1000,0,0,,0,0,,0,0,boundary
378,25.375,7.375,,1000,0,0,,0,0,,0,0,boundary
379,25.375,7.625,,1000,0,0,,0,0,,0,0,boundary
380,25.375,7.875,,1000,0,0,,0,0,,0,0,boundary
381,25.375,8.125,,1000,0,0,,0,0,,0,0,boundary
382,25.375,8.375,,1000,0,0,,0,0,,0,0,boundary
383,25.375,8.625,,1000,0,0,,0,0,,0,0,boundary
384,25.375,8.875,,1000,0,0,,0,0,,0,0,boundary
385,25.375,9.125,,1000,0,0,,0,0,,0,0,boundary
386,25.375,9.375,,1000,0,0,,0,0,,0,0,boundary
387,25.375,9.625,,1000,0,0,,0,0,,0,0,boundary
388,25.375,9.875,,1000,0,0,,0,0,,0,0,boundary
389,25.625,0.125,,1000,0,0,,0,0,,0,0,boundary
390,25.625,0.375,,1000,0,0,,0,0,,0,0,boundary
391,25.625,0.625,,1000,0,0,,0,0,,0,0,boundary
392,25.625,0.875,,1000,0,0,,0,0,,0,0,boundary
393,25.625,1.125,,1000,0,0,,0,0,,0,0,boundary
394,25.625,1.375,,1000,0,0,,0,0,,0,0,boundary
395,25.625,1.625,,1000,0,0,,0,0,,0,0,boundary
396,25.625,1.875,,1000,0,0,,0,0,,0,0,boundary
397,25.625,2.125,,1000,0,0,,0,0,,0,0,boundary
398,25.625,2.375,,1000,0,0,,0,0,,0,0,boundary
399,25.625,2.625,,1000,0,0,,0,0,,0,0,boundary
400,25.625,2.875,,1000,0,0,,0,0,,0,0,boundary
401,25.625,3.125,,1000,0,0,,0,0,,0,0,boundary
402,25.625,3.375,,1000,0,0,,0,0,,0,0,boundary
403,25.625,3.625,,1000,0,0,,0,0,,0,0,boundary
404,25.625,3.875,,1000,0,0,,0,0,,0,0,boundary
405,25.625,4.125,,1000,0,0,,0,0,,0,0,boundary
406,25.625,4.375,,1000,0,0,,0,0,,0,0,boundary
407,25.625,4.625,,1000,0,0,,0,0,,0,0,boundary
408,25.625,4.875,,1000,0,0,,0,0,,0,0,boundary
409,25.625,5.125,,1000,0,0,,0,0,,0,0,boundary
410,25.625,5.375,,1000,0,0,,0,0,,0,0,boundary
411,25.625,5.625,,1000,0,0,,0,0,,0,0,boundary
412,25.625,5.875,,1000,0,0,,0,0,,0,0,boundary
413,25.625,6.125,,1000,0,0,,0,0,,0,0,boundary
414,25.625,6.375,,1000,0,0,,0,0,,0,0,boundary
415,25.625,6.625,,1000,0,0,,0,0,,0,0,boundary
416,25.625,6.875,,1000,0,0,,0,0,,0,0,boundary
417,25.625,7.125,,1000,0,0,,0,0,,0,0,boundary
418,25.625,7.375,,1000,0,0,,0,0,,0,0,boundary
419,25.625,7.625,,1000,0,0,,0,0,,0,0,boundary
420,25.625,7.875,,1000,0,0,,0,0,,0,0,boundary
421,25.625,8.125,,1000,0,0,,0,0,,0,0,boundary
422,25.625,8.375,,1000,0,0,,0,0,,0,0,boundary
423,25.625,8.625,,1000,0,0,,0,0,,0,0,boundary
424,25.625,8.875,,1000,0,0,,0,0,,0,0,boundary
425,25.625,9.125,,1000,0,0,,0,0,,0,0,boundary
426,25.625,9.375,,1000,0,0,,0,0,,0,0,boundary
427,25.625,9.625,,1000,0,0,,0,0,,0,0,boundary
428,25.625,9.875,,1000,0,0,,0,0,,0,0,boundary
429,0.126202,0.128569,,1008.13,26.5479,65415.7,,0.0458827,-0.0126737,,-512.905,11.484,fluid
430,0.128586,0.37222,,1007.76,33.3494,62356.8,,0.028438,-0.0821658,,-483.854,13.0837,fluid
431,0.133182,0.602897,,1007.39,-41.7559,59289,,0.0188004,-0.228965,,-442.608,13.9744,fluid
432,0.136262,0.815578,,1007.01,-62.6733,56210.9,,0.0199835,-0.120237,,-409.212,14.8425,fluid
433,0.13887,1.02048,,1006.64,1.41333,53137.5,,0.0357049,-0.145996,,-379.177,15.8651,fluid
434,0.140364,1.22434,,1006.26,14.8424,50033.1,,0.0498889,-0.269599,,-353.271,15.5868,fluid
435,0.141807,1.41898,,1005.89,-41.3336,47016.5,,0.0480952,-0.375577,,-328.752,15.5087,fluid
436,0.143059,1.61697,,1005.51,-17.2426,43926.7,,0.0472646,-0.228257,,-304.802,13.7478,fluid
437,0.144667,1.80815,,1005.15,96.8652,41033.7,,0.0561917,-0.234082,,-282.244,13.8723,fluid
438,0.144654,1.98269,,1004.83,105.718,38475.6,,0.0274265,-0.54837,,-264.872,16.9102,fluid
439,0.144143,2.17659,,1004.47,-66.6987,35574.3,,0.01191,-0.626072,,-245.845,15.9217,fluid
440,0.144305,2.37656,,1004.09,-225.688,32468,,-0.0115352,-0.500235,,-225.227,12.5386,fluid
441,0.145159,2.56352,,1003.73,-163.208,29634.8,,-0.00104613,-0.387676,,-205.78,11.7851,fluid
442,0.144199,2.7389,,1003.43,58.433,27202.1,,0.0384271,-0.276071,,-190.766,12.924,fluid
443,0.141252,2.92642,,1003.14,287.199,24867.7,,0.0788907,-0.453497,,-177.847,13.6445,fluid
444,0.13747,3.12852,,1002.85,300.357,22577.6,,0.0819218,-0.793645,,-165.351,13.1823,fluid
445,0.134954,3.34464,,1002.56,66.9289,20268,,0.0446203,-0.910334,,-151.081,10.9551,fluid
446,0.134399,3.56503,,1002.28,-108.933,18011.8,,0.0143017,-0.85921,,-135.347,9.23535,fluid
447,0.134662,3.7803,,1002.02,-95.7286,15952.1,,0.0125266,-0.815196,,-120.25,8.68195,fluid
448,0.134671,3.99468,,1001.79,-4.72227,14090.9,,0.0247173,-0.833651,,-106.532,8.212,fluid
449,0.134462,4.21144,,1001.57,54.8564,12405.8,,0.0328423,-0.905192,,-94.0703,7.48175,fluid
450,0.134453,4.4284,,1001.38,57.7626,10895.2,,0.031496,-0.975136,,-82.7156,6.67769,fluid
451,0.134669,4.64443,,1001.21,38.0333,9540.5,,0.0258847,-1.0206,,-72.3924,5.99973,fluid
452,0.134764,4.85944,,1001.06,19.7356,8319.15,,0.020242,-1.06128,,-63.1277,5.50889,fluid
453,0.13427,5.07356,,1000.92,3.7783,7210.14,,0.0154594,-1.08991,,-54.9117,5.14613,fluid
454,0.132899,5.29194,,1000.78,-7.01345,6167.61,,0.0122106,-1.10561,,-47.4194,4.82596,fluid
455,0.13078,5.51578,,1000.66,0.967666,5168.08,,0.0118329,-1.12669,,-40.3314,4.50491,fluid
456,0.128358,5.74894,,1000.53,36.0962,4196.16,,0.0142045,-1.13119,,-33.2459,4.18309,fluid
457,0.125945,5.99468,,1000.41,77.4823,3244.69,,0.0166964,-1.19841,,-25.8779,4.04112,fluid
458,0.124667,6.23422,,1000.29,87.5651,2309.66,,0.0120768,-1.25542,,-18.6756,3.93963,fluid
459,0.124025,6.51794,,1000.16,41.6682,1256.47,,0.00373262,-1.29114,,-11.0588,3.82263,fluid
460,0.131351,6.71112,,1000.09,64.6553,717.884,,0.0284921,-1.35692,,-6.34296,3.7292,fluid
461,0.378307,0.132447,,1008.18,27.0182,65832.9,,0.0878939,-0.0174001,,-172.118,11.6005,fluid
462,0.385273,0.377192,,1007.79,22.9832,62584.1,,0.0856732,-0.0842564,,-162.154,13.108,fluid
463,0.399802,0.606053,,1007.4,-35.0099,59416.6,,0.0659847,-0.182428,,-147.732,13.9057,fluid
464,0.408741,0.81841,,1007.03,-40.9131,56335.2,,0.0648105,-0.128688,,-136.52,14.9935,fluid
465,0.41629,1.02525,,1006.66,17.2798,53300.9,,0.0890012,-0.172279,,-126.789,15.4022,fluid
466,0.421672,1.22889,,1006.28,39.4786,50261.7,,0.0976813,-0.232009,,-118.416,14.9288,fluid
467,0.427067,1.4187,,1005.92,3.2603,47305.7,,0.0822595,-0.361686,,-110.338,15.6991,fluid
468,0.43077,1.61238,,1005.54,-12.7912,44172.5,,0.0771257,-0.323773,,-102.157,14.5491,fluid
469,0.434794,1.80217,,1005.16,26.7538,41147.2,,0.0972059,-0.291535,,-94.4457,13.9044,fluid
470,0.43577,1.97849,,1004.83,18.6314,38470.8,,0.0941981,-0.444121,,-88.6233,15.5072,fluid
471,0.434901,2.15975,,1004.5,-50.6756,35774.5,,0.0623561,-0.38197,,-83.1036,15.3538,fluid
472,0.43369,2.34958,,1004.14,-91.6488,32907.3,,0.0428662,-0.374459,,-76.8525,13.6496,fluid
473,0.432424,2.53547,,1003.8,-46.3995,30133.4,,0.0619797,-0.476428,,-70.3355,13.2871,fluid
474,0.427498,2.72472,,1003.47,91.9883,27523.2,,0.11962,-0.486962,,-64.7337,13.4583,fluid
475,0.419196,2.92622,,1003.16,231.968,25064.5,,0.174166,-0.627663,,-60.1923,13.2187,fluid
476,0.410692,3.13449,,1002.88,204.043,22762.9,,0.157072,-0.812963,,-56.0297,12.273,fluid
477,0.405797,3.34835,,1002.59,32.3018,20473.1,,0.0838761,-0.838205,,-51.2541,10.6021,fluid
478,0.404754,3.56382,,1002.3,-77.8402,18206.5,,0.0374819,-0.810354,,-45.917,9.40073,fluid
479,0.404853,3.77625,,1002.04,-62.126,16123.7,,0.0415557,-0.81678,,-40.8113,8.86986,fluid
480,0.404145,3.99005,,1001.81,2.42212,14258.1,,0.0646753,-0.84832,,-36.2401,8.32346,fluid
481,0.403091,4.20708,,1001.6,44.2271,12580.1,,0.0781047,-0.904032,,-32.1126,7.51771,fluid
482,0.402768,4.42492,,1001.4,48.2211,11057.8,,0.0760844,-0.955417,,-28.3031,6.70632,fluid
483,0.403207,4.64268,,1001.23,38.4367,9665.45,,0.068265,-0.994557,,-24.7689,6.03477,fluid
484,0.403549,4.85977,,1001.07,28.8211,8400,,0.0601117,-1.04089,,-21.5643,5.52911,fluid
485,0.402571,5.0755,,1000.92,16.4336,7259.96,,0.0504223,-1.08224,,-18.7168,5.15011,fluid
486,0.399252,5.29355,,1000.79,3.69226,6209.38,,0.0401221,-1.11064,,-16.1472,4.84061,fluid
487,0.393499,5.51484,,1000.66,4.15959,5216.38,,0.034751,-1.13683,,-13.7416,4.55667,fluid
488,0.386289,5.74509,,1000.54,28.8193,4243.03,,0.0385047,-1.13953,,-11.3384,4.26779,fluid
489,0.378683,5.98762,,1000.42,66.5562,3275.79,,0.0465978,-1.19128,,-8.8435,4.09688,fluid
490,0.374627,6.22796,,1000.29,83.8276,2316.43,,0.0469312,-1.23839,,-6.36823,3.94966,fluid
491,0.37358,6.50822,,1000.17,46.5058,1308.29,,0.0271255,-1.2795,,-3.76677,3.86595,fluid
492,0.399529,6.69432,,1000.11,80.2021,847.196,,0.0385891,-1.35404,,-2.18782,3.96093,fluid
493,0.627892,0.136664,,1008.24,17.547,66305.8,,0.138407,-0.0214673,,-104.534,11.7101,fluid
494,0.642922,0.381265,,1007.83,6.32893,62872.5,,0.131326,-0.0803301,,-97.4234,13.0031,fluid
495,0.667837,0.606766,,1007.43,-22.9535,59657.1,,0.11945,-0.126028,,-88.6471,13.714,fluid
496,0.682696,0.818424,,1007.06,-13.0489,56595.5,,0.127859,-0.132408,,-82.093,14.8793,fluid
497,0.695427,1.02287,,1006.7,17,53626.9,,0.147061,-0.225194,,-76.3991,15.0485,fluid
498,0.70638,1.2238,,1006.33,25.1004,50616.1,,0.153003,-0.206266,,-71.2709,14.2851,fluid
499,0.716145,1.40762,,1005.97,3.42308,47714.8,,0.137979,-0.313219,,-66.6359,15.542,fluid
500,0.723039,1.59282,,1005.59,-25.1329,44649.2,,0.118537,-0.315963,,-62.0758,15.296,fluid
501,0.728723,1.78012,,1005.21,-24.3504,41528,,0.124413,-0.293268,,-57.5037,14.223,fluid
502,0.730644,1.95834,,1004.86,-23.3447,38691.7,,0.127749,-0.385801,,-53.6408,14.8002,fluid
503,0.727847,2.13851,,1004.52,-10.4218,35990.2,,0.133399,-0.300689,,-50.331,14.8507,fluid
504,0.721353,2.3281,,1004.18,31.8532,33249.5,,0.159848,-0.388359,,-47.0397,14.3236,fluid
505,0.712665,2.51949,,1003.85,69.6503,30560.3,,0.187434,-0.584545,,-43.6019,14.3671,fluid
506,0.701959,2.72184,,1003.52,111.654,27887,,0.214453,-0.640999,,-40.3158,13.6457,fluid
507,0.691257,2.93222,,1003.2,136.405,25353.3,,0.223027,-0.724589,,-37.4507,12.5201,fluid
508,0.683445,3.14159,,1002.9,82.0624,22989.3,,0.17744,-0.775306,,-34.6633,11.4826,fluid
509,0.679505,3.35126,,1002.61,-4.83671,20655.8,,0.114919,-0.75141,,-31.5815,10.4471,fluid
510,0.67798,3.56212,,1002.33,-41.6505,18374.9,,0.088461,-0.77297,,-28.3277,9.63352,fluid
511,0.676505,3.77255,,1002.06,-25.4426,16298.9,,0.0961409,-0.826304,,-25.3107,9.10167,fluid
512,0.674037,3.98611,,1001.83,5.1327,14453.4,,0.111221,-0.86569,,-22.624,8.39354,fluid
513,0.671584,4.20283,,1001.62,24.0726,12793.3,,0.117731,-0.904322,,-20.1815,7.5422,fluid
514,0.670289,4.4207,,1001.43,29.055,11265,,0.115003,-0.937013,,-17.8807,6.77596,fluid
515,0.670152,4.63996,,1001.25,31.949,9839.69,,0.110406,-0.96794,,-15.6908,6.12744,fluid
516,0.670404,4.85973,,1001.08,34.8572,8528.91,,0.104982,-1.01438,,-13.6642,5.59694,fluid
517,0.669617,5.07849,,1000.93,30.2025,7345.16,,0.0938006,-1.06356,,-11.8313,5.18461,fluid
518,0.66597,5.29805,,1000.8,18.5586,6265.58,,0.0769933,-1.10481,,-10.1705,4.87026,fluid
519,0.658288,5.51729,,1000.67,11.5624,5265.33,,0.0627444,-1.14229,,-8.63625,4.62819,fluid
520,0.646969,5.74427,,1000.55,21.7955,4291.77,,0.0598466,-1.15002,,-7.12306,4.37887,fluid
521,0.633697,5.98161,,1000.42,52.0574,3327.15,,0.0690562,-1.18522,,-5.57272,4.19402,fluid
522,0.626058,6.21997,,1000.3,77.6577,2353.01,,0.0734329,-1.21912,,-4.01219,4.01898,fluid
523,0.624358,6.49853,,1000.17,44.1967,1337.91,,0.0430085,-1.2563,,-2.34569,3.93232,fluid
524,0.667964,6.68326,,1000.11,86.5309,890,,0.0699859,-1.34537,,-1.37413,4.10278,fluid
525,0.876031,0.137713,,1008.3,6.19299,66759.9,,0.181646,-0.0213118,,-75.341,11.7139,fluid
526,0.904419,0.379852,,1007.87,-5.32276,63216.1,,0.173103,-0.0716361,,-69.4232,12.837,fluid
527,0.93779,0.601162,,1007.48,-8.78971,60003.6,,0.180444,-0.0956817,,-63.3811,13.4366,fluid
528,0.959187,0.810763,,1007.11,10.5501,56969.8,,0.199757,-0.121271,,-58.8686,14.5221,fluid
529,0.978497,1.00918,,1006.75,10.8779,54037.3,,0.198306,-0.260865,,-54.8112,14.9652,fluid
530,0.996275,1.20413,,1006.38,-4.16082,51005.9,,0.19272,-0.19136,,-50.9876,14.0971,fluid
531,1.00987,1.38529,,1006.02,-18.9954,48074.6,,0.181266,-0.272386,,-47.7671,14.9116,fluid
532,1.01942,1.56453,,1005.65,-28.1631,45114.8,,0.165261,-0.250591,,-44.9382,15.1187,fluid
533,1.02344,1.748,,1005.28,-10.9229,42090.2,,0.179531,-0.259257,,-42.1867,14.5965,fluid
534,1.02152,1.92793,,1004.93,10.3493,39235.3,,0.208078,-0.394345,,-39.4523,15.2206,fluid
535,1.01265,2.11769,,1004.58,44.7687,36428.9,,0.244133,-0.396777,,-36.9085,14.9406,fluid
536,0.999243,2.31635,,1004.24,89.8168,33692.9,,0.284452,-0.524748,,-34.622,14.5214,fluid
537,0.985127,2.51753,,1003.91,97.2476,31044.9,,0.286676,-0.661449,,-32.4304,14.2987,fluid
538,0.973002,2.72543,,1003.58,80.1691,28392.2,,0.260904,-0.668708,,-30.322,13.1722,fluid
539,0.964354,2.9353,,1003.25,54.2544,25788.4,,0.228372,-0.709783,,-28.1613,12.0052,fluid
540,0.959082,3.14135,,1002.94,14.0224,23297.4,,0.188128,-0.723256,,-25.8611,11.2686,fluid
541,0.95536,3.34864,,1002.64,-11.858,20886.5,,0.161556,-0.718934,,-23.4698,10.5433,fluid
542,0.952007,3.55824,,1002.36,-10.9187,18625.5,,0.157086,-0.777486,,-21.1742,9.85222,fluid
543,0.948407,3.76873,,1002.1,-2.11648,16597.1,,0.158146,-0.839582,,-19.0991,9.2032,fluid
544,0.944398,3.98236,,1001.87,4.16584,14774.4,,0.155738,-0.872934,,-17.2185,8.3874,fluid
545,0.940717,4.19823,,1001.66,8.75873,13111.9,,0.151939,-0.905748,,-15.4721,7.56817,fluid
546,0.937949,4.41517,,1001.47,13.6476,11571.7,,0.148421,-0.933731,,-13.7992,6.88476,fluid
547,0.936157,4.63462,,1001.29,23.0247,10129.5,,0.147414,-0.960254,,-12.1833,6.27453,fluid
548,0.935301,4.85593,,1001.12,34.0143,8790.26,,0.146668,-1.00051,,-10.6535,5.72998,fluid
549,0.934531,5.07741,,1000.96,37.8187,7559.75,,0.138819,-1.04583,,-9.22677,5.28574,fluid
550,0.931676,5.29965,,1000.82,31.8389,6422.74,,0.120301,-1.09178,,-7.89935,4.95423,fluid
551,0.924079,5.51894,,1000.68,22.0539,5377.2,,0.0974779,-1.14005,,-6.67321,4.73523,fluid
552,0.91033,5.74371,,1000.56,19.6411,4384.17,,0.0821817,-1.15817,,-5.49119,4.52428,fluid
553,0.891548,5.97672,,1000.44,39.5601,3422.22,,0.086145,-1.18614,,-4.30282,4.3426,fluid
554,0.879068,6.21109,,1000.31,69.086,2438.52,,0.094306,-1.20658,,-3.11016,4.15758,fluid
555,0.875524,6.48981,,1000.17,41.7448,1371.15,,0.0593254,-1.24056,,-1.78549,4.04726,fluid
556,0.931882,6.67734,,1000.11,91.4608,898.443,,0.103989,-1.341,,-1.0523,4.21027,fluid
557,1.12622,0.136803,,1008.34,-1.15135,67094,,0.21922,-0.0201865,,-58.78,11.6773,fluid
558,1.17104,0.372103,,1007.91,-7.89714,63561.6,,0.21631,-0.0600448,,-53.7873,12.6276,fluid
559,1.2099,0.588806,,1007.52,1.6438,60372.3,,0.241619,-0.0906242,,-49.3051,13.2708,fluid
560,1.23945,0.794467,,1007.15,19.0678,57361.6,,0.263546,-0.118007,,-45.7854,14.0722,fluid
561,1.26687,0.985514,,1006.8,7.71365,54462,,0.246157,-0.224868,,-42.7392,14.7007,fluid
562,1.29068,1.17419,,1006.43,-9.20559,51436.1,,0.232615,-0.164428,,-40.0102,14.0569,fluid
563,1.3062,1.35387,,1006.07,-15.3432,48480.5,,0.228673,-0.266366,,-37.6026,14.5869,fluid
564,1.31447,1.53394,,1005.71,-7.74427,45550.2,,0.238717,-0.260633,,-35.483,14.8235,fluid
565,1.31248,1.72083,,1005.34,24.3954,42623.6,,0.279845,-0.308837,,-33.5464,14.8009,fluid
566,1.30231,1.90835,,1005,54.8028,39852.1,,0.324163,-0.45103,,-31.651,15.5172,fluid
567,1.28668,2.10869,,1004.66,81.5594,37074.3,,0.353462,-0.490517,,-29.836,14.9147,fluid
568,1.27013,2.31378,,1004.32,93.6304,34355.5,,0.359972,-0.605144,,-28.1891,14.2758,fluid
569,1.2569,2.51872,,1003.99,66.4794,31670.6,,0.319697,-0.661978,,-26.5717,13.7045,fluid
570,1.24751,2.72542,,1003.65,35.7488,28952.2,,0.274219,-0.634156,,-24.9227,12.6731,fluid
571,1.24099,2.93145,,1003.31,16.3215,26260.3,,0.249045,-0.678537,,-23.0939,11.8741,fluid
572,1.2359,3.13551,,1002.99,0.692048,23702.3,,0.231433,-0.709442,,-21.1692,11.4,fluid
573,1.23057,3.34319,,1002.69,-0.353778,21301.2,,0.222728,-0.733581,,-19.2967,10.6965,fluid
574,1.22517,3.5533,,1002.42,6.27271,19107.7,,0.219666,-0.79861,,-17.5848,9.94183,fluid
575,1.22011,3.7643,,1002.17,5.53853,17114.6,,0.210434,-0.844325,,-16.0168,9.19896,fluid
576,1.2152,3.97795,,1001.93,2.67189,15271.6,,0.198683,-0.870481,,-14.5432,8.37214,fluid
577,1.21058,4.19313,,1001.72,3.6922,13569.6,,0.190476,-0.907762,,-13.141,7.63021,fluid
578,1.20631,4.40923,,1001.52,7.54762,12002.5,,0.184349,-0.940359,,-11.7884,7.02113,fluid
579,1.20245,4.6281,,1001.34,16.1906,10548.1,,0.181325,-0.967301,,-10.4813,6.44848,fluid
580,1.1996,4.84948,,1001.17,28.3027,9192.69,,0.18156,-1.00127,,-9.22387,5.91587,fluid
581,1.19786,5.07229,,1001.01,37.8307,7922.15,,0.17856,-1.03749,,-8.01409,5.46366,fluid
582,1.19561,5.29702,,1000.85,39.8035,6714.97,,0.164052,-1.07982,,-6.84865,5.11483,fluid
583,1.18928,5.51812,,1000.71,32.4751,5589.1,,0.137849,-1.133,,-5.75412,4.89506,fluid
584,1.17512,5.74256,,1000.58,22.5402,4540.29,,0.10999,-1.1618,,-4.71077,4.70784,fluid
585,1.15207,5.97258,,1000.45,32.0258,3561.53,,0.102796,-1.19131,,-3.68544,4.54092,fluid
586,1.13375,6.20319,,1000.33,60.7058,2562.68,,0.110858,-1.20382,,-2.67458,4.35577,fluid
587,1.12773,6.47961,,1000.18,41.1241,1438.1,,0.0772547,-1.23478,,-1.52386,4.22928,fluid
588,1.19302,6.67141,,1000.12,95.1033,926.482,,0.138367,-1.34132,,-0.903333,4.3721,fluid
589,1.38082,0.134338,,1008.36,-4.69782,67245.8,,0.254456,-0.0195568,,-47.9088,11.6436,fluid
590,1.44339,0.361228,,1007.94,-5.51384,63794,,0.262679,-0.0502846,,-43.699,12.4136,fluid
591,1.48553,0.572935,,1007.56,9.09152,60658,,0.296121,-0.0844984,,-40.3061,13.1012,fluid
592,1.52591,0.772433,,1007.19,20.374,57687,,0.316512,-0.125869,,-37.3531,13.69,fluid
593,1.56003,0.958426,,1006.84,9.17503,54799.6,,0.301195,-0.189152,,-34.9623,14.1623,fluid
594,1.58554,1.14398,,1006.48,2.1173,51816,,0.291414,-0.167691,,-33.0115,13.8542,fluid
595,1.59939,1.32409,,1006.12,7.48328,48920.4,,0.301597,-0.277703,,-31.2101,14.5287,fluid
596,1.60176,1.50984,,1005.77,25.8107,46040.7,,0.337659,-0.299427,,-29.6116,14.7321,fluid
597,1.59182,1.70349,,1005.42,57.785,43220.7,,0.394149,-0.390182,,-28.1636,14.9231,fluid
598,1.57473,1.89997,,1005.09,78.2725,40547.1,,0.425652,-0.5069,,-26.7798,15.3653,fluid
599,1.55659,2.10589,,1004.75,84.8161,37847,,0.418286,-0.532382,,-25.5136,14.4569,fluid
600,1.54203,2.31174,,1004.41,68.4501,35099.9,,0.385497,-0.614123,,-24.2707,13.7648,fluid
601,1.53248,2.51522,,1004.06,31.083,32291.9,,0.334299,-0.630267,,-22.9194,13.2235,fluid
602,1.52508,2.71961,,1003.71,13.5797,29471.4,,0.306961,-0.614514,,-21.4403,12.4658,fluid
603,1.51821,2.92403,,1003.38,11.2507,26770.6,,0.300418,-0.682949,,-19.8551,11.9698,fluid
604,1.51158,3.12878,,1003.06,7.28426,24266.7,,0.29007,-0.72519,,-18.2951,11.5135,fluid
605,1.50461,3.33754,,1002.77,8.42468,21942,,0.278821,-0.756379,,-16.8567,10.7183,fluid
606,1.49797,3.5478,,1002.5,9.11755,19793.2,,0.269432,-0.812377,,-15.5244,9.93158,fluid
607,1.49197,3.75879,,1002.25,3.92009,17785.6,,0.255913,-0.843767,,-14.2458,9.1917,fluid
608,1.48616,3.97233,,1002.01,2.10807,15897.5,,0.243523,-0.870166,,-12.9997,8.41413,fluid
609,1.48053,4.18724,,1001.79,4.48369,14151.3,,0.234244,-0.912863,,-11.795,7.74151,fluid
610,1.47503,4.40315,,1001.59,7.02453,12548,,0.224279,-0.948,,-10.6312,7.17204,fluid
611,1.46947,4.62157,,1001.4,12.395,11064.3,,0.215985,-0.977644,,-9.50798,6.62999,fluid
612,1.46443,4.84229,,1001.23,21.7809,9683.14,,0.212965,-1.01019,,-8.4164,6.13288,fluid
613,1.46078,5.06509,,1001.06,33.2218,8378.84,,0.212008,-1.0397,,-7.34388,5.70046,fluid
614,1.45805,5.29115,,1000.9,41.9708,7110.13,,0.203323,-1.07587,,-6.28013,5.34642,fluid
615,1.45296,5.51434,,1000.75,39.931,5893.89,,0.179285,-1.12772,,-5.25825,5.11396,fluid
616,1.43986,5.73968,,1000.61,27.8894,4760.75,,0.14342,-1.16258,,-4.27882,4.93398,fluid
617,1.41442,5.9681,,1000.48,29.8752,3733.75,,0.123357,-1.19733,,-3.33112,4.78,fluid
618,1.39047,6.19587,,1000.34,54.6394,2704.41,,0.126275,-1.20841,,-2.42249,4.59732,fluid
619,1.38112,6.46851,,1000.2,40.3077,1532.79,,0.0952376,-1.23518,,-1.38019,4.46432,fluid
620,1.45238,6.66438,,1000.13,95.9199,981.563,,0.170466,-1.34435,,-0.819597,4.59893,fluid
621,1.64132,0.13057,,1008.35,-5.14591,67163.6,,0.289933,-0.0196638,,-40.1076,11.6282,fluid
622,1.72075,0.34846,,1007.94,-1.04301,63850.7,,0.311612,-0.0455952,,-36.564,12.2468,fluid
623,1.76574,0.555575,,1007.58,16.1084,60819,,0.340884,-0.0774294,,-34.0232,12.8122,fluid
624,1.81802,0.747775,,1007.22,26.3501,57933.1,,0.367948,-0.126922,,-31.4933,13.3458,fluid
625,1.85461,0.932418,,1006.87,20.3854,55052.3,,0.365663,-0.186217,,-29.6091,13.692,fluid
626,1.8772,1.11796,,1006.52,20.4149,52143.4,,0.370144,-0.204067,,-28.1286,13.7035,fluid
627,1.88632,1.30219,,1006.17,33.5464,49356.5,,0.397811,-0.30326,,-26.7506,14.4523,fluid
628,1.88045,1.49542,,1005.83,56.4315,46597.8,,0.442902,-0.343856,,-25.6168,14.5397,fluid
629,1.86393,1.69423,,1005.5,78.7236,43920.7,,0.487652,-0.449778,,-24.5723,14.8213,fluid
630,1.84474,1.89575,,1005.18,80.1479,41307.4,,0.485731,-0.529564,,-23.5253,14.8812,fluid
631,1.82875,2.10235,,1004.85,68.1308,38589,,0.447268,-0.537567,,-22.5608,13.8411,fluid
632,1.81782,2.30599,,1004.49,42.3025,35746.9,,0.405518,-0.60245,,-21.4876,13.3329,fluid
633,1.81029,2.50758,,1004.13,15.5693,32852.5,,0.371861,-0.611149,,-20.2618,13.009,fluid
634,1.80254,2.71171,,1003.78,14.0983,30036.3,,0.362422,-0.626289,,-18.9516,12.4401,fluid
635,1.79421,2.91642,,1003.46,17.848,27428.2,,0.358557,-0.707053,,-17.6429,12.0369,fluid
636,1.7863,3.12236,,1003.16,12.599,25012.2,,0.343129,-0.741829,,-16.4125,11.4725,fluid
637,1.77846,3.33155,,1002.87,9.55321,22726.6,,0.327388,-0.770251,,-15.2791,10.6298,fluid
638,1.77105,3.54139,,1002.6,6.46857,20566.7,,0.315321,-0.81998,,-14.1748,9.90461,fluid
639,1.7641,3.75219,,1002.34,2.07617,18526.2,,0.301186,-0.847316,,-13.0682,9.23098,fluid
640,1.75711,3.9656,,1002.1,3.31673,16610.6,,0.288928,-0.877954,,-11.9749,8.51429,fluid
641,1.75034,4.18039,,1001.88,6.44963,14836.7,,0.278568,-0.921565,,-10.9078,7.88946,fluid
642,1.74378,4.39643,,1001.67,7.98865,13190.5,,0.265876,-0.95466,,-9.87208,7.33715,fluid
643,1.73695,4.6147,,1001.48,11.335,11654.5,,0.253288,-0.986618,,-8.86573,6.82156,fluid
644,1.73009,4.83485,,1001.3,17.6401,10225.9,,0.245279,-1.02159,,-7.87847,6.36866,fluid
645,1.7242,5.05711,,1001.13,28.048,8882.59,,0.242317,-1.04876,,-6.8983,5.97115,fluid
646,1.71996,5.28332,,1000.96,40.4366,7563.32,,0.237321,-1.0801,,-5.91036,5.62666,fluid
647,1.71526,5.50802,,1000.8,43.7001,6263.5,,0.218193,-1.12786,,-4.94139,5.38114,fluid
648,1.70374,5.73466,,1000.64,33.1983,5034.64,,0.179838,-1.16409,,-4.00138,5.19884,fluid
649,1.67766,5.96247,,1000.5,31.3127,3933.86,,0.148889,-1.2035,,-3.09675,5.05055,fluid
650,1.6492,6.1884,,1000.36,51.4026,2854.52,,0.143172,-1.21686,,-2.24997,4.86784,fluid
651,1.63586,6.45699,,1000.21,39.5228,1641.04,,0.113163,-1.24067,,-1.28223,4.73585,fluid
652,1.71031,6.65642,,1000.13,94.8482,1053.27,,0.199681,-1.34995,,-0.755749,4.86878,fluid
653,1.90881,0.126009,,1008.31,-2.31959,66858.2,,0.324789,-0.0197888,,-34.2251,11.6131,fluid
654,2.00221,0.336555,,1007.93,5.36852,63709.2,,0.360531,-0.0456845,,-31.2479,12.1166,fluid
655,2.05173,0.538919,,1007.58,24.0641,60827.5,,0.384667,-0.0771128,,-29.3059,12.4915,fluid
656,2.113,0.725958,,1007.24,37.2163,58054.7,,0.432517,-0.133079,,-27.0788,12.9355,fluid
657,2.14725,0.911299,,1006.9,38.3877,55248.8,,0.44144,-0.194599,,-25.6746,13.3197,fluid
658,2.16382,1.09842,,1006.56,42.9348,52476.3,,0.456883,-0.242335,,-24.5943,13.6215,fluid
659,2.16664,1.28822,,1006.23,58.0244,49823.5,,0.494229,-0.330352,,-23.5612,14.268,fluid
660,2.15361,1.48716,,1005.91,76.7251,47204.1,,0.533946,-0.38638,,-22.7331,14.2149,fluid
661,2.13419,1.6883,,1005.59,84.0423,44633.7,,0.551888,-0.480893,,-21.9245,14.4776,fluid
662,2.11698,1.8911,,1005.27,70.1739,42008.4,,0.519876,-0.52645,,-21.1005,14.2627,fluid
663,2.10439,2.09611,,1004.92,51.5104,39207.6,,0.473738,-0.534561,,-20.2898,13.3339,fluid
664,2.0957,2.2977,,1004.56,30.3338,36310.8,,0.444026,-0.59922,,-19.3001,13.0952,fluid
665,2.08791,2.49913,,1004.21,17.2292,33448.9,,0.426652,-0.614604,,-18.2022,12.9093,fluid
666,2.07882,2.70393,,1003.87,22.3197,30741.1,,0.42078,-0.652037,,-17.1137,12.4011,fluid
667,2.06949,2.90905,,1003.56,21.8959,28236,,0.41054,-0.727746,,-16.0657,11.9738,fluid
668,2.06099,3.11548,,1003.26,12.2348,25856.7,,0.390727,-0.750029,,-15.0794,11.3321,fluid
669,2.05255,3.32457,,1002.98,8.21125,23559.1,,0.374878,-0.779733,,-14.1295,10.5306,fluid
670,2.04432,3.53398,,1002.7,5.62482,21376,,0.362328,-0.829382,,-13.1586,9.91344,fluid
671,2.03633,3.74471,,1002.44,2.95592,19319.1,,0.346917,-0.857006,,-12.1754,9.30574,fluid
672,2.02813,3.958,,1002.2,4.92254,17392.4,,0.333238,-0.890902,,-11.204,8.64041,fluid
673,2.02017,4.17259,,1001.98,7.1592,15593.9,,0.321502,-0.932256,,-10.2463,8.05558,fluid
674,2.01251,4.3887,,1001.76,8.55643,13899.9,,0.307618,-0.962364,,-9.30463,7.5217,fluid
675,2.00459,4.60697,,1001.56,11.8644,12302,,0.292642,-0.995858,,-8.37808,7.03254,fluid
676,1.99631,4.8268,,1001.37,16.1779,10811.3,,0.279994,-1.03332,,-7.46115,6.62067,fluid
677,1.98838,5.04859,,1001.2,24.3558,9415.46,,0.27267,-1.06076,,-6.54641,6.25934,fluid
678,1.9821,5.27442,,1001.02,37.5899,8044.94,,0.267973,-1.08972,,-5.61879,5.9328,fluid
679,1.97688,5.49975,,1000.85,44.664,6671.46,,0.253437,-1.13375,,-4.69654,5.68186,fluid
680,1.96665,5.7275,,1000.68,37.234,5348.19,,0.216358,-1.16879,,-3.78954,5.49265,fluid
681,1.94103,5.95534,,1000.53,34.3488,4159.01,,0.178098,-1.21086,,-2.91596,5.34399,fluid
682,1.90937,6.18035,,1000.38,50.478,3012.12,,0.16289,-1.22723,,-2.1114,5.15882,fluid
683,1.89196,6.44507,,1000.22,39.16,1756.66,,0.131691,-1.25027,,-1.20033,5.03314,fluid
684,1.96735,6.64748,,1000.14,92.8182,1135.36,,0.226323,-1.35819,,-0.694821,5.16658,fluid
685,2.18227,0.121405,,1008.25,3.33264,66386.1,,0.360501,-0.0199726,,-29.6306,11.5715,fluid
686,2.28744,0.326392,,1007.89,14.6995,63421.9,,0.404982,-0.0479017,,-27.1798,11.9704,fluid
687,2.34263,0.524242,,1007.56,35.3277,60715.3,,0.431978,-0.0808012,,-25.6536,12.1736,fluid
688,2.40863,0.708486,,1007.24,52.1634,58086.4,,0.510071,-0.148167,,-23.6691,12.5526,fluid
689,2.43668,0.895754,,1006.92,58.474,55422.1,,0.523804,-0.212627,,-22.678,13.0119,fluid
690,2.44575,1.08522,,1006.6,64.2889,52823.2,,0.544012,-0.275872,,-21.9106,13.4792,fluid
691,2.44226,1.27971,,1006.29,76.6636,50307.9,,0.581644,-0.353162,,-21.1153,13.9487,fluid
692,2.42504,1.48136,,1005.98,86.7932,47798.8,,0.604161,-0.415016,,-20.4804,13.8217,fluid
693,2.40626,1.6827,,1005.67,81.0083,45267.6,,0.595027,-0.489399,,-19.8245,14.0105,fluid
694,2.39247,1.88506,,1005.34,60.6569,42590.8,,0.55096,-0.519326,,-19.1449,13.6851,fluid
695,2.38207,2.08834,,1004.99,44.3186,39745.6,,0.512557,-0.539427,,-18.4088,12.9893,fluid
696,2.37369,2.28893,,1004.64,30.8874,36891.8,,0.495302,-0.606999,,-17.5083,12.9627,fluid
697,2.36481,2.49103,,1004.29,24.9221,34140.4,,0.484037,-0.62914,,-16.5741,12.7866,fluid
698,2.35467,2.69616,,1003.97,28.0537,31547.2,,0.47432,-0.675708,,-15.6973,12.2705,fluid
699,2.34493,2.90123,,1003.67,21.5647,29093.7,,0.458787,-0.739593,,-14.8459,11.8194,fluid
700,2.33599,3.10777,,1003.37,11.0636,26710.3,,0.438544,-0.756254,,-14.0152,11.1785,fluid
701,2.32679,3.31659,,1003.08,9.06284,24402.5,,0.423283,-0.792749,,-13.1751,10.4776,fluid
702,2.31762,3.5257,,1002.81,7.30809,22217.3,,0.409484,-0.842319,,-12.2984,9.95647,fluid
703,2.3086,3.73649,,1002.55,4.83368,20154.5,,0.392593,-0.869374,,-11.4193,9.38937,fluid
704,2.2993,3.94963,,1002.3,5.94655,18210.3,,0.377263,-0.905066,,-10.5507,8.76966,fluid
705,2.29018,4.16394,,1002.07,7.06634,16378.6,,0.363731,-0.944363,,-9.6825,8.23054,fluid
706,2.28133,4.37999,,1001.85,8.94371,14637.6,,0.348828,-0.972821,,-8.8141,7.72536,fluid
707,2.27228,4.59823,,1001.65,12.9655,12981.6,,0.332595,-1.00737,,-7.94831,7.26399,fluid
708,2.26282,4.81787,,1001.45,16.1872,11424.8,,0.316558,-1.04569,,-7.08579,6.88536,fluid
709,2.2532,5.03935,,1001.26,22.3152,9964.63,,0.304552,-1.07389,,-6.2231,6.55608,fluid
710,2.24481,5.2647,,1001.08,34.9328,8535.51,,0.297737,-1.10262,,-5.34611,6.25064,fluid
711,2.23836,5.49016,,1000.9,44.1309,7093.75,,0.285903,-1.14392,,-4.468,5.99921,fluid
712,2.22882,5.71856,,1000.72,39.8415,5683.33,,0.251667,-1.17739,,-3.59561,5.80367,fluid
713,2.20413,5.94669,,1000.56,37.6258,4401.12,,0.2092,-1.2205,,-2.75185,5.65086,fluid
714,2.1704,6.17149,,1000.4,51.0119,3174.58,,0.185489,-1.23897,,-1.9823,5.45917,fluid
715,2.14926,6.43267,,1000.24,39.2017,1874.82,,0.151282,-1.26284,,-1.11987,5.34605,fluid
716,2.22389,6.63752,,1000.16,90.4943,1222.02,,0.251102,-1.36903,,-0.629536,5.47841,fluid
717,2.46006,0.117291,,1008.18,11.0833,65805.9,,0.400557,-0.0206683,,-25.9492,11.5145,fluid
718,2.57594,0.318477,,1007.85,26.8018,63043.6,,0.444343,-0.0520412,,-24.0063,11.8224,fluid
719,2.63671,0.512332,,1007.54,49.8137,60533.7,,0.489444,-0.0885655,,-22.6972,11.8602,fluid
720,2.70307,0.695379,,1007.24,69.8961,58081.6,,0.593724,-0.164363,,-20.9784,12.241,fluid
721,2.72279,0.884967,,1006.94,78.3817,55594.2,,0.60531,-0.233821,,-20.3313,12.7437,fluid
722,2.72457,1.07658,,1006.64,82.1354,53168.8,,0.626289,-0.301561,,-19.7696,13.2644,fluid
723,2.71606,1.27389,,1006.35,89.0885,50771.4,,0.655826,-0.369937,,-19.1202,13.5547,fluid
724,2.69754,1.47607,,1006.05,90.8876,48329.7,,0.656679,-0.429305,,-18.6235,13.3902,fluid
725,2.68127,1.67672,,1005.74,77.579,45797,,0.631006,-0.48989,,-18.0759,13.5173,fluid
726,2.67008,1.87805,,1005.4,57.2241,43089.9,,0.588938,-0.51934,,-17.475,13.2258,fluid
727,2.66042,2.08008,,1005.05,45.3574,40273.1,,0.561599,-0.551587,,-16.7925,12.7626,fluid
728,2.65144,2.28045,,1004.71,36.7576,37519.9,,0.550949,-0.618661,,-16.0046,12.8245,fluid
729,2.64156,2.48307,,1004.39,31.9294,34883.5,,0.538912,-0.645135,,-15.2375,12.5958,fluid
730,2.63086,2.688,,1004.07,30.6515,32364.3,,0.524454,-0.693598,,-14.5209,12.0778,fluid
731,2.62081,2.89278,,1003.77,21.2692,29928.4,,0.506757,-0.747882,,-13.7988,11.6433,fluid
732,2.61119,3.09924,,1003.47,12.7659,27545.4,,0.4874,-0.766805,,-13.0662,11.0628,fluid
733,2.60108,3.30775,,1003.19,12.0276,25249.2,,0.471723,-0.809601,,-12.3037,10.4698,fluid
734,2.59099,3.51667,,1002.91,9.48612,23071.8,,0.45636,-0.856441,,-11.512,10.0099,fluid
735,2.58101,3.72748,,1002.65,6.50708,20998.4,,0.438317,-0.882512,,-10.7255,9.46858,fluid
736,2.57069,3.94041,,1002.41,7.0359,19027.4,,0.421513,-0.919706,,-9.94057,8.89805,fluid
737,2.56041,4.15444,,1002.17,7.57511,17158.9,,0.406079,-0.958003,,-9.14283,8.41133,fluid
738,2.55032,4.37036,,1001.95,9.76995,15374.5,,0.389738,-0.986332,,-8.33588,7.94174,fluid
739,2.54009,4.58846,,1001.73,14.1154,13665.3,,0.372391,-1.0214,,-7.52382,7.50907,fluid
740,2.52952,4.80798,,1001.53,16.7312,12042.4,,0.354133,-1.05932,,-6.70961,7.15619,fluid
741,2.51848,5.02925,,1001.33,21.5419,10512.5,,0.338113,-1.08815,,-5.89381,6.85409,fluid
742,2.50814,5.25413,,1001.15,33.1022,9019.56,,0.327927,-1.11769,,-5.0637,6.57004,fluid
743,2.50007,5.47951,,1000.95,43.1177,7512.22,,0.316848,-1.15733,,-4.22938,6.32073,fluid
744,2.49057,5.70821,,1000.77,41.4042,6022.35,,0.285476,-1.18925,,-3.39504,6.11942,fluid
745,2.46686,5.93661,,1000.59,40.6124,4648.91,,0.241064,-1.23271,,-2.58478,5.96005,fluid
746,2.43188,6.1616,,1000.42,52.3236,3337.18,,0.210486,-1.2525,,-1.84997,5.75984,fluid
747,2.40747,6.4197,,1000.25,39.5594,1990.88,,0.172114,-1.27785,,-1.03296,5.66343,fluid
748,2.48025,6.6265,,1000.17,88.2771,1308.59,,0.274736,-1.38244,,-0.557495,5.79156,fluid
749,2.74115,0.112686,,1008.1,20.7325,65175,,0.444159,-0.0213727,,-22.9736,11.4475,fluid
750,2.86634,0.310742,,1007.8,40.8649,62634.6,,0.481202,-0.0567681,,-21.4936,11.6769,fluid
751,2.93198,0.501646,,1007.52,66.0618,60335.3,,0.558187,-0.10015,,-20.2665,11.6012,fluid
752,2.9949,0.684689,,1007.24,88.2271,58081.5,,0.678072,-0.178744,,-18.7998,11.9774,fluid
753,3.00617,0.876503,,1006.96,96.6718,55780.8,,0.682432,-0.253456,,-18.415,12.4919,fluid
754,3.00175,1.06981,,1006.68,96.4984,53506.6,,0.699774,-0.320713,,-17.9778,13.0019,fluid
755,2.99019,1.26858,,1006.4,97.5408,51192.8,,0.716132,-0.381824,,-17.4316,13.1354,fluid
756,2.97223,1.47032,,1006.1,93.2967,48781.4,,0.700025,-0.437001,,-17.0296,12.9493,fluid
757,2.95867,1.67004,,1005.79,77.0681,46241.2,,0.669325,-0.492852,,-16.5451,13.0724,fluid
758,2.94881,1.8704,,1005.46,59.0842,43546.1,,0.63477,-0.525946,,-15.9929,12.8813,fluid
759,2.93903,2.0717,,1005.12,50.7126,40805.2,,0.615592,-0.565532,,-15.3747,12.5742,fluid
760,2.92929,2.27209,,1004.79,43.9025,38161.3,,0.606107,-0.630826,,-14.7051,12.6354,fluid
761,2.91869,2.47478,,1004.48,37.6293,35613.9,,0.590917,-0.660577,,-14.073,12.3629,fluid
762,2.90759,2.67924,,1004.17,32.9927,33138.8,,0.573481,-0.708339,,-13.46,11.8757,fluid
763,2.89706,2.88373,,1003.87,23.3888,30718.5,,0.555428,-0.75781,,-12.8202,11.488,fluid
764,2.88661,3.09,,1003.57,16.7335,28353.6,,0.536528,-0.781838,,-12.1604,10.9864,fluid
765,2.87556,3.29809,,1003.29,15.4953,26078,,0.519995,-0.827272,,-11.4687,10.4819,fluid
766,2.86457,3.50684,,1003.02,11.6726,23904.1,,0.503297,-0.870283,,-10.7576,10.0566,fluid
767,2.85363,3.71759,,1002.76,8.57903,21815.3,,0.484141,-0.896893,,-10.0502,9.54481,fluid
768,2.84228,3.93025,,1002.51,8.92302,19817.8,,0.465778,-0.935811,,-9.33048,9.03123,fluid
769,2.8309,4.14405,,1002.27,9.02595,17914.4,,0.44841,-0.973451,,-8.59018,8.59522,fluid
770,2.81956,4.3598,,1002.04,11.0962,16088.3,,0.430553,-1.00202,,-7.83888,8.16147,fluid
771,2.80811,4.57769,,1001.82,15.3056,14327.5,,0.412093,-1.03732,,-7.07813,7.75701,fluid
772,2.79639,4.79705,,1001.6,17.6521,12641,,0.392234,-1.07456,,-6.31136,7.42592,fluid
773,2.78407,5.01819,,1001.4,21.7902,11042,,0.373011,-1.10402,,-5.54159,7.1461,fluid
774,2.77201,5.24267,,1001.2,32.2239,9483.93,,0.359147,-1.13461,,-4.75841,6.88181,fluid
775,2.76219,5.46786,,1001.01,42.2076,7913.47,,0.347277,-1.17319,,-3.97001,6.63581,fluid
776,2.7522,5.69666,,1000.81,42.3854,6351.26,,0.318093,-1.20398,,-3.17783,6.42911,fluid
777,2.72926,5.92521,,1000.62,43.2335,4892.09,,0.273053,-1.24747,,-2.40614,6.26119,fluid
778,2.69355,6.1506,,1000.44,54.0139,3495.02,,0.237135,-1.26779,,-1.70894,6.05119,fluid
779,2.66641,6.40604,,1000.27,40.25,2101.75,,0.194444,-1.29517,,-0.937201,5.97538,fluid
780,2.73663,6.61437,,1000.18,86.3174,1391.94,,0.297721,-1.3983,,-0.478754,6.09582,fluid
781,3.02626,0.107199,,1008.03,31.9422,64518.5,,0.488881,-0.0220978,,-20.504,11.3779,fluid
782,3.15725,0.304071,,1007.74,56.2468,62199.1,,0.520274,-0.0618462,,-19.4117,11.5429,fluid
783,3.22779,0.492333,,1007.49,83.3893,60125.7,,0.632975,-0.113266,,-18.2384,11.4209,fluid
784,3.28399,0.67605,,1007.24,105.896,58079.4,,0.759087,-0.191554,,-16.9735,11.7491,fluid
785,3.28766,0.869653,,1006.98,112.778,55959.7,,0.754237,-0.26923,,-16.776,12.2471,fluid
786,3.2786,1.06395,,1006.72,108.155,53810.1,,0.764992,-0.334553,,-16.4108,12.7113,fluid
787,3.26561,1.26309,,1006.44,104.194,51551.8,,0.767009,-0.390061,,-15.9517,12.7216,fluid
788,3.24911,1.46401,,1006.15,96.3903,49152.1,,0.74109,-0.443576,,-15.6073,12.5389,fluid
789,3.23764,1.66276,,1005.84,79.8371,46617.6,,0.712296,-0.499225,,-15.1581,12.7026,fluid
790,3.22822,1.86238,,1005.51,64.4727,43967.9,,0.685464,-0.535684,,-14.6499,12.6056,fluid
791,3.21798,2.06318,,1005.18,58.0809,41320.3,,0.670014,-0.579629,,-14.1022,12.3817,fluid
792,3.20754,2.26348,,1004.87,51.1988,38772.5,,0.658924,-0.643579,,-13.5303,12.4138,fluid
793,3.19636,2.46591,,1004.56,43.036,36289.9,,0.641293,-0.67555,,-12.9898,12.1309,fluid
794,3.18486,2.66985,,1004.26,36.6078,33848.4,,0.622825,-0.722141,,-12.4447,11.6948,fluid
795,3.17368,2.87405,,1003.96,27.6475,31451.9,,0.604917,-0.770301,,-11.868,11.362,fluid
796,3.16233,3.08003,,1003.67,21.6231,29113.4,,0.585871,-0.799015,,-11.2709,10.933,fluid
797,3.15039,3.28771,,1003.39,19.1737,26856.2,,0.567995,-0.844129,,-10.6463,10.491,fluid
798,3.1385,3.49624,,1003.12,14.6425,24682.2,,0.549969,-0.884949,,-10.0073,10.0948,fluid
799,3.12651,3.70675,,1002.85,11.6595,22580.1,,0.529937,-0.913868,,-9.36261,9.62594,fluid
800,3.11409,3.91905,,1002.6,11.58,20560.1,,0.510182,-0.953279,,-8.69601,9.16967,fluid
801,3.10161,4.13264,,1002.36,11.1613,18624.1,,0.491095,-0.989979,,-8.00901,8.77614,fluid
802,3.08906,4.34827,,1002.12,12.9022,16756.4,,0.471582,-1.01953,,-7.31201,8.37536,fluid
803,3.07639,4.56596,,1001.89,16.77,14946.1,,0.451726,-1.05505,,-6.60206,7.99811,fluid
804,3.06351,4.78517,,1001.67,19.0265,13201.2,,0.430434,-1.09163,,-5.88313,7.6857,fluid
805,3.04995,5.00612,,1001.46,22.829,11538.1,,0.408665,-1.12164,,-5.16071,7.42541,fluid
806,3.03633,5.23025,,1001.26,32.1755,9916.77,,0.391324,-1.15325,,-4.42575,7.17781,fluid
807,3.02474,5.45522,,1001.05,41.6688,8286.2,,0.377814,-1.19112,,-3.68613,6.93484,fluid
808,3.0139,5.68398,,1000.85,43.1428,6659.1,,0.3499,-1.22123,,-2.94099,6.72325,fluid
809,2.99146,5.91257,,1000.65,45.5597,5122.13,,0.304899,-1.26468,,-2.21372,6.54527,fluid
810,2.9553,6.13845,,1000.46,55.8781,3643.65,,0.264963,-1.28498,,-1.55771,6.32483,fluid
811,2.92591,6.39157,,1000.28,41.164,2205.2,,0.218153,-1.31454,,-0.832256,6.27281,fluid
812,2.9931,6.60111,,1000.19,84.7089,1469.77,,0.320512,-1.4165,,-0.393775,6.38293,fluid
813,3.31447,0.103328,,1007.94,44.2228,63822.6,,0.533983,-0.0241148,,-18.4102,11.3298,fluid
814,3.44963,0.298873,,1007.69,72.2414,61736.9,,0.564794,-0.0675312,,-17.5987,11.4431,fluid
815,3.52343,0.48491,,1007.46,100.85,59895.6,,0.708401,-0.125978,,-16.4878,11.3053,fluid
816,3.5711,0.669266,,1007.24,122.279,58058.6,,0.835482,-0.203021,,-15.3824,11.5472,fluid
817,3.56822,0.864124,,1007,126.842,56105.1,,0.819886,-0.281923,,-15.3224,12.0068,fluid
818,3.55627,1.0587,,1006.75,118.109,54053.5,,0.823272,-0.344303,,-14.9995,12.4066,fluid
819,3.54276,1.25744,,1006.48,110.54,51830.4,,0.812797,-0.396197,,-14.6138,12.3312,fluid
820,3.52791,1.45732,,1006.18,101.023,49439.5,,0.783393,-0.450625,,-14.2983,12.1802,fluid
821,3.51778,1.65511,,1005.88,85.2782,46928.5,,0.758907,-0.50721,,-13.8713,12.398,fluid
822,3.50823,1.85408,,1005.56,72.0327,44343.4,,0.737586,-0.546515,,-13.4038,12.3673,fluid
823,3.49741,2.0544,,1005.24,66.2995,41787.6,,0.723201,-0.593834,,-12.918,12.1846,fluid
824,3.48637,2.25442,,1004.94,58.503,39318.3,,0.710295,-0.656428,,-12.4199,12.1907,fluid
825,3.47466,2.4564,,1004.64,48.9278,36885.8,,0.691453,-0.689995,,-11.9429,11.9213,fluid
826,3.46266,2.65985,,1004.34,41.7872,34477.1,,0.672583,-0.736239,,-11.4501,11.5389,fluid
827,3.45073,2.86371,,1004.04,33.4104,32110.6,,0.654503,-0.78474,,-10.9271,11.2576,fluid
828,3.43847,3.0693,,1003.75,27.1991,29799.5,,0.635011,-0.816775,,-10.3857,10.8906,fluid
829,3.42566,3.27657,,1003.47,23.5765,27556.8,,0.61592,-0.860949,,-9.82058,10.4949,fluid
830,3.4128,3.48483,,1003.2,18.7238,25382.9,,0.596583,-0.901156,,-9.24097,10.1304,fluid
831,3.39975,3.69501,,1002.94,15.6605,23271.1,,0.575496,-0.932432,,-8.64954,9.7115,fluid
832,3.38626,3.90693,,1002.68,14.9317,21231.6,,0.554602,-0.971836,,-8.03325,9.30573,fluid
833,3.37263,4.12029,,1002.44,14.0547,19265.5,,0.534054,-1.00816,,-7.39875,8.94659,fluid
834,3.35883,4.33565,,1002.2,15.4246,17360.2,,0.512936,-1.03885,,-6.75427,8.5769,fluid
835,3.34492,4.55304,,1001.96,18.8184,15506,,0.491556,-1.07434,,-6.0954,8.22571,fluid
836,3.33086,4.77211,,1001.74,20.9589,13709.3,,0.468809,-1.11061,,-5.4263,7.92951,fluid
837,3.31609,4.99295,,1001.52,24.4928,11987.8,,0.444932,-1.14121,,-4.75303,7.68481,fluid
838,3.30101,5.21681,,1001.31,32.8396,10307,,0.424522,-1.1736,,-4.06831,7.4501,fluid
839,3.28776,5.44158,,1001.09,41.6596,8621.17,,0.40882,-1.21102,,-3.38053,7.2096,fluid
840,3.27581,5.67019,,1000.88,43.9541,6937.57,,0.381324,-1.24077,,-2.68665,6.99394,fluid
841,3.25356,5.8987,,1000.68,47.7237,5332.26,,0.336599,-1.28419,,-2.00834,6.80494,fluid
842,3.2171,6.1251,,1000.48,57.8375,3778.97,,0.293629,-1.30423,,-1.3968,6.5741,fluid
843,3.18587,6.37618,,1000.29,42.2573,2299.27,,0.243126,-1.3359,,-0.71901,6.54827,fluid
844,3.24973,6.58667,,1000.2,83.486,1540.52,,0.343397,-1.43698,,-0.303729,6.6467,fluid
845,3.60454,0.0991953,,1007.86,57.2053,63120.8,,0.578333,-0.0260018,,-16.6167,11.28,fluid
846,3.74272,0.294253,,1007.63,88.1348,61257.6,,0.616956,-0.0729379,,-15.9551,11.3626,fluid
847,3.81854,0.478625,,1007.43,117.601,59639.6,,0.782902,-0.137664,,-14.9057,11.2305,fluid
848,3.85671,0.663336,,1007.23,137.278,58006.9,,0.905453,-0.214286,,-13.9617,11.3909,fluid
849,3.84891,0.858916,,1007.01,139.105,56201.8,,0.879248,-0.293285,,-13.9902,11.7825,fluid
850,3.83524,1.05341,,1006.77,126.966,54221.9,,0.876092,-0.351819,,-13.6874,12.1044,fluid
851,3.82177,1.25142,,1006.5,117.212,52018.7,,0.856819,-0.402174,,-13.359,11.9752,fluid
852,3.80839,1.45022,,1006.21,107.17,49639.3,,0.827904,-0.45884,,-13.0579,11.8758,fluid
853,3.79889,1.64711,,1005.9,92.539,47165.5,,0.807832,-0.516179,,-12.6504,12.1454,fluid
854,3.7889,1.84544,,1005.59,80.7034,44651.7,,0.789735,-0.558062,,-12.2207,12.1564,fluid
855,3.7775,2.04521,,1005.29,74.8595,42178.8,,0.77516,-0.607855,,-11.7854,11.9927,fluid
856,3.76589,2.2448,,1004.99,66.1505,39773.7,,0.760854,-0.668976,,-11.3444,11.9792,fluid
857,3.75365,2.44626,,1004.7,55.8138,37384.7,,0.741512,-0.704478,,-10.9165,11.7363,fluid
858,3.74102,2.64917,,1004.4,48.3524,35010.6,,0.72227,-0.751237,,-10.4672,11.4063,fluid
859,3.72826,2.85261,,1004.11,40.1943,32676.5,,0.703798,-0.800224,,-9.98974,11.1691,fluid
860,3.71509,3.05777,,1003.83,33.5175,30390.9,,0.683806,-0.834526,,-9.49756,10.8518,fluid
861,3.70139,3.26461,,1003.55,29.0239,28161.2,,0.663639,-0.878166,,-8.98516,10.496,fluid
862,3.68754,3.47255,,1003.28,23.9377,25988.7,,0.643246,-0.918914,,-8.45684,10.166,fluid
863,3.67338,3.68235,,1003.01,20.5127,23870,,0.621339,-0.952179,,-7.91339,9.79479,fluid
864,3.65881,3.89391,,1002.76,19.0967,21814,,0.599252,-0.991309,,-7.34711,9.43034,fluid
865,3.64402,4.10699,,1002.51,17.8751,19822.5,,0.577071,-1.02777,,-6.7656,9.10032,fluid
866,3.629,4.32205,,1002.26,18.8176,17885.5,,0.554313,-1.0598,,-6.17332,8.76039,fluid
867,3.61381,4.53913,,1002.03,21.6037,15993.6,,0.53139,-1.09535,,-5.56568,8.43262,fluid
868,3.5985,4.75796,,1001.79,23.5364,14153,,0.507341,-1.1315,,-4.94765,8.15038,fluid
869,3.58252,4.97858,,1001.57,26.7764,12380.9,,0.481622,-1.16271,,-4.3254,7.91869,fluid
870,3.56607,5.2021,,1001.35,34.2085,10647.8,,0.458404,-1.19565,,-3.69327,7.69365,fluid
871,3.55119,5.42666,,1001.13,42.2915,8913.65,,0.440372,-1.23292,,-3.05966,7.45514,fluid
872,3.53799,5.65516,,1000.91,45.0197,7181.87,,0.41268,-1.26262,,-2.41966,7.23532,fluid
873,3.51565,5.88357,,1000.7,49.864,5518.02,,0.368229,-1.306,,-1.79339,7.03461,fluid
874,3.47897,6.1105,,1000.5,59.8724,3898.16,,0.322873,-1.32558,,-1.22886,6.7937,fluid
875,3.44616,6.3598,,1000.3,43.5015,2382.48,,0.269142,-1.35924,,-0.599374,6.79602,fluid
876,3.50662,6.57101,,1000.2,82.6408,1603.35,,0.366531,-1.45966,,-0.210432,6.88276,fluid
877,3.89627,0.0951217,,1007.77,70.2404,62415.2,,0.617926,-0.0281736,,-15.0234,11.2334,fluid
878,4.03614,0.290367,,1007.57,103.688,60752.1,,0.677288,-0.077724,,-14.4567,11.2891,fluid
879,4.11339,0.473202,,1007.4,133.282,59340.6,,0.859434,-0.148343,,-13.3929,11.179,fluid
880,4.14159,0.657855,,1007.22,150.903,57902.8,,0.967219,-0.224782,,-12.6573,11.2887,fluid
881,4.13021,0.853801,,1007.02,149.805,56227,,0.933421,-0.302985,,-12.7314,11.5692,fluid
882,4.11567,1.04792,,1006.78,135.139,54298.2,,0.925556,-0.358024,,-12.4371,11.8131,fluid
883,4.10258,1.24496,,1006.51,124.332,52106.8,,0.900624,-0.408749,,-12.1551,11.6623,fluid
884,4.09029,1.44271,,1006.22,114.453,49743.2,,0.87403,-0.467662,,-11.8601,11.6208,fluid
885,4.08093,1.63876,,1005.92,100.94,47314.4,,0.85764,-0.525585,,-11.4723,11.9321,fluid
886,4.07036,1.8364,,1005.62,89.957,44871.6,,0.841274,-0.569966,,-11.078,11.9685,fluid
887,4.0584,2.03553,,1005.33,83.7205,42471.4,,0.826138,-0.621448,,-10.6861,11.8116,fluid
888,4.0462,2.2346,,1005.04,74.3753,40121,,0.810751,-0.681538,,-10.2909,11.784,fluid
889,4.03335,2.43546,,1004.74,63.6719,37772.6,,0.791183,-0.719401,,-9.90175,11.5737,fluid
890,4.02001,2.63777,,1004.46,55.9639,35434.2,,0.771761,-0.766875,,-9.49023,11.2924,fluid
891,4.00639,2.84073,,1004.17,47.8105,33132.5,,0.75295,-0.816311,,-9.05518,11.0904,fluid
892,3.99229,3.04539,,1003.89,40.6738,30871.6,,0.732382,-0.852638,,-8.60874,10.8135,fluid
893,3.97766,3.25174,,1003.61,35.5267,28655.8,,0.71122,-0.896292,,-8.14353,10.4943,fluid
894,3.96274,3.45928,,1003.34,30.2012,26488,,0.689839,-0.937839,,-7.6622,10.198,fluid
895,3.94749,3.66864,,1003.08,26.3415,24366.3,,0.667095,-0.972638,,-7.16658,9.86842,fluid
896,3.93181,3.87981,,1002.82,24.3112,22298.5,,0.643863,-1.0118,,-6.65062,9.53819,fluid
897,3.91583,4.09257,,1002.57,22.7099,20287.1,,0.620265,-1.04893,,-6.12009,9.2338,fluid
898,3.89956,4.30728,,1002.32,23.0736,18324.3,,0.595994,-1.08217,,-5.57877,8.92131,fluid
899,3.88309,4.52405,,1002.08,25.1567,16401.4,,0.57151,-1.1179,,-5.0234,8.614,fluid
900,3.8665,4.74264,,1001.84,26.8131,14524.6,,0.546002,-1.15413,,-4.4583,8.34313,fluid
901,3.8493,4.96305,,1001.61,29.7213,12710.4,,0.518636,-1.18607,,-3.88837,8.12188,fluid
902,3.83151,5.18627,,1001.39,36.2892,10932.8,,0.492984,-1.21955,,-3.30988,7.90347,fluid
903,3.81503,5.41064,,1001.16,43.5877,9158.52,,0.472485,-1.25679,,-2.73155,7.66651,fluid
904,3.80045,5.63893,,1000.94,46.4373,7388.19,,0.4441,-1.28652,,-2.14664,7.44328,fluid
905,3.7778,5.86721,,1000.72,52.0903,5675.98,,0.399789,-1.33001,,-1.57391,7.23069,fluid
906,3.74089,6.09465,,1000.51,62.0084,3999.01,,0.352566,-1.34903,,-1.05768,6.98008,fluid
907,3.70675,6.34234,,1000.31,44.9017,2453.91,,0.296068,-1.38458,,-0.476029,7.01211,fluid
908,3.76379,6.55409,,1000.21,82.1611,1657.71,,0.390059,-1.48451,,-0.115593,7.08821,fluid
909,4.18895,0.0924333,,1007.68,82.8166,61685.4,,0.655074,-0.031213,,-13.5409,11.1963,fluid
910,4.33063,0.286949,,1007.5,118.763,60203.4,,0.738309,-0.0822349,,-13.094,11.2288,fluid
911,4.40796,0.468472,,1007.35,147.479,58976.2,,0.938093,-0.157468,,-11.9262,11.1538,fluid
912,4.42657,0.652753,,1007.2,163.052,57719.4,,1.02312,-0.232782,,-11.4118,11.2141,fluid
913,4.41246,0.848691,,1007.01,159.264,56156.1,,0.983978,-0.311273,,-11.5165,11.3646,fluid
914,4.39777,1.0422,,1006.78,142.872,54264.8,,0.972633,-0.363696,,-11.2225,11.5418,fluid
915,4.38503,1.23811,,1006.51,131.775,52082.4,,0.944737,-0.415699,,-10.9766,11.3886,fluid
916,4.37351,1.43484,,1006.22,122.44,49739.2,,0.921486,-0.47661,,-10.6881,11.4049,fluid
917,4.36391,1.63004,,1005.93,109.917,47359.5,,0.907568,-0.535193,,-10.3236,11.7495,fluid
918,4.35271,1.8269,,1005.64,99.4529,44984.5,,0.891953,-0.5819,,-9.96208,11.7987,fluid
919,4.34019,2.02533,,1005.35,92.8674,42648.7,,0.876316,-0.634565,,-9.60911,11.6399,fluid
920,4.32736,2.22378,,1005.06,83.1709,40347.3,,0.860255,-0.694334,,-9.25404,11.6058,fluid
921,4.31383,2.42396,,1004.78,72.2645,38038.3,,0.840585,-0.734661,,-8.89898,11.4305,fluid
922,4.29971,2.62562,,1004.49,64.3837,35736,,0.820987,-0.782597,,-8.5232,11.1891,fluid
923,4.28521,2.82803,,1004.21,56.2735,33466.9,,0.801782,-0.832719,,-8.12968,11.0136,fluid
924,4.27015,3.03212,,1003.93,48.7678,31231.2,,0.780631,-0.871226,,-7.7271,10.7722,fluid
925,4.25452,3.23794,,1003.66,43.0494,29031.6,,0.758622,-0.915198,,-7.30644,10.4868,fluid
926,4.23853,3.44502,,1003.39,37.4528,26872.1,,0.736361,-0.957632,,-6.87066,10.22,fluid
927,4.22213,3.65392,,1003.12,33.1564,24752.2,,0.712777,-0.993995,,-6.42222,9.92527,fluid
928,4.2053,3.86465,,1002.86,30.5559,22678.5,,0.68837,-1.03349,,-5.95608,9.62471,fluid
929,4.1881,4.07705,,1002.61,28.5282,20653.7,,0.663461,-1.07147,,-5.47617,9.34374,fluid
930,4.17058,4.29139,,1002.36,28.2543,18671.7,,0.637834,-1.10581,,-4.98589,9.05451,fluid
931,4.15281,4.50781,,1002.12,29.6181,16725.6,,0.611858,-1.14191,,-4.4831,8.76475,fluid
932,4.1349,4.72611,,1001.88,30.8933,14821.4,,0.584852,-1.17853,,-3.97104,8.50402,fluid
933,4.11644,4.94627,,1001.65,33.3724,12974.2,,0.555885,-1.21116,,-3.45349,8.29131,fluid
934,4.09731,5.1692,,1001.42,39.097,11161.2,,0.528065,-1.24518,,-2.92863,8.07744,fluid
935,4.07927,5.39335,,1001.19,45.5608,9355.43,,0.505136,-1.28252,,-2.40521,7.8421,fluid
936,4.06325,5.62146,,1000.96,48.2674,7555.32,,0.475734,-1.31249,,-1.87485,7.61606,fluid
937,4.04006,5.84955,,1000.74,54.477,5805.05,,0.431405,-1.3561,,-1.35552,7.39168,fluid
938,4.00292,6.07747,,1000.52,64.2654,4080.83,,0.382651,-1.37449,,-0.887302,7.13182,fluid
939,3.96758,6.32376,,1000.32,46.4391,2513.04,,0.323717,-1.41191,,-0.351514,7.19439,fluid
940,4.02124,6.5359,,1000.22,81.9942,1703.37,,0.413947,-1.51152,,-0.0207749,7.26162,fluid
941,4.48252,0.0889814,,1007.59,94.3913,60914.8,,0.692844,-0.0340447,,-12.1457,11.1793,fluid
942,4.62511,0.283597,,1007.42,132.48,59584.9,,0.798272,-0.0865764,,-11.7835,11.1903,fluid
943,4.70259,0.463899,,1007.3,160.208,58520.8,,1.0172,-0.165123,,-10.5316,11.142,fluid
944,4.71212,0.64764,,1007.16,173.786,57432.6,,1.07473,-0.239153,,-10.1988,11.1375,fluid
945,4.69604,0.843116,,1006.98,167.684,55969.8,,1.03205,-0.319362,,-10.322,11.174,fluid
946,4.68142,1.03596,,1006.76,150.128,54107.5,,1.01848,-0.369192,,-10.0268,11.2944,fluid
947,4.66902,1.23074,,1006.49,139.315,51934.8,,0.989762,-0.422774,,-9.81034,11.1428,fluid
948,4.65795,1.4265,,1006.21,130.771,49616.4,,0.969758,-0.485949,,-9.53405,11.2141,fluid
949,4.64793,1.62082,,1005.92,119.037,47287.4,,0.957237,-0.545343,,-9.19801,11.5878,fluid
950,4.63606,1.81685,,1005.63,108.913,44975.9,,0.941857,-0.593694,,-8.8699,11.6414,fluid
951,4.62295,2.01454,,1005.35,102.192,42698.3,,0.925821,-0.647269,,-8.5531,11.4738,fluid
952,4.60944,2.21228,,1005.08,92.4381,40443.3,,0.909367,-0.707438,,-8.23554,11.4386,fluid
953,4.59517,2.41169,,1004.79,81.4615,38174.3,,0.889702,-0.750128,,-7.91508,11.2983,fluid
954,4.58023,2.61265,,1004.51,73.4997,35909.1,,0.86991,-0.798467,,-7.57626,11.0881,fluid
955,4.56479,2.81445,,1004.24,65.4947,33673.6,,0.850218,-0.849612,,-7.22345,10.9327,fluid
956,4.54872,3.01792,,1003.96,57.706,31465.4,,0.828519,-0.890307,,-6.86299,10.7226,fluid
957,4.53207,3.22313,,1003.69,51.5152,29285.4,,0.805848,-0.934675,,-6.48664,10.4674,fluid
958,4.51495,3.42969,,1003.42,45.679,27138.9,,0.782793,-0.978188,,-6.09703,10.2256,fluid
959,4.49739,3.63807,,1003.16,40.9665,25026.4,,0.758346,-1.01623,,-5.69612,9.96078,fluid
960,4.47936,3.84833,,1002.9,37.7949,22953.2,,0.732878,-1.05634,,-5.2791,9.68621,fluid
961,4.46091,4.06032,,1002.64,35.2929,20922.1,,0.706738,-1.09527,,-4.84917,9.42564,fluid
962,4.4421,4.27425,,1002.39,34.3716,18928.8,,0.67978,-1.13076,,-4.40999,9.15661,fluid
963,4.42301,4.4903,,1002.15,35.0215,16968,,0.652289,-1.16737,,-3.95966,8.88217,fluid
964,4.40375,4.7083,,1001.91,35.8217,15045.3,,0.623846,-1.20462,,-3.49987,8.631,fluid
965,4.38397,4.92817,,1001.67,37.7637,13174.2,,0.593429,-1.23793,,-3.03371,8.42556,fluid
966,4.36351,5.15082,,1001.44,42.6291,11334.6,,0.563529,-1.27263,,-2.56087,8.21523,fluid
967,4.34391,5.37475,,1001.21,48.2028,9505.66,,0.538278,-1.31012,,-2.09002,7.98158,fluid
968,4.32639,5.60266,,1000.98,50.5634,7684.46,,0.507647,-1.34041,,-1.61218,7.75376,fluid
969,4.30251,5.83056,,1000.75,57.1059,5905.83,,0.463136,-1.38427,,-1.14438,7.51802,fluid
970,4.26506,6.05892,,1000.53,66.6869,4144.1,,0.4131,-1.40195,,-0.722371,7.24944,fluid
971,4.22863,6.30398,,1000.33,48.1373,2560.21,,0.352067,-1.44126,,-0.229174,7.34302,fluid
972,4.27899,6.51638,,1000.22,82.1364,1740.67,,0.438323,-1.54067,,0.0719838,7.40379,fluid
973,4.77734,0.0862729,,1007.48,104.738,60053.7,,0.730376,-0.0369971,,-10.7766,11.1908,fluid
974,4.92012,0.280694,,1007.34,144.444,58861.1,,0.858854,-0.0914879,,-10.4883,11.1805,fluid
975,4.99745,0.45967,,1007.23,171.606,57946.3,,1.09417,-0.171885,,-9.20189,11.1463,fluid
976,4.99876,0.642733,,1007.11,182.928,57016.4,,1.12341,-0.244788,,-8.99544,11.046,fluid
977,4.98107,0.837457,,1006.94,175.014,55643.6,,1.07901,-0.326415,,-9.13217,10.9879,fluid
978,4.96662,1.02946,,1006.72,156.924,53808.2,,1.06435,-0.374315,,-8.84657,11.0583,fluid
979,4.95454,1.22301,,1006.46,146.739,51650.6,,1.0358,-0.429928,,-8.65745,10.9171,fluid
980,4.9436,1.41774,,1006.17,139.043,49362.9,,1.01796,-0.495078,,-8.39831,11.0391,fluid
981,4.93304,1.61111,,1005.89,128.022,47085.7,,1.00653,-0.555174,,-8.09407,11.4341,fluid
982,4.9205,1.80622,,1005.62,118.254,44835,,0.99136,-0.605068,,-7.80325,11.4878,fluid
983,4.90677,2.00309,,1005.34,111.598,42612.7,,0.974942,-0.659751,,-7.52402,11.3097,fluid
984,4.89254,2.20004,,1005.07,101.99,40404.4,,0.958089,-0.720699,,-7.24318,11.2758,fluid
985,4.87745,2.39862,,1004.8,91.0948,38177.2,,0.93847,-0.765524,,-6.95838,11.1656,fluid
986,4.86165,2.59883,,1004.52,83.1834,35951.2,,0.918534,-0.814442,,-6.65906,10.9802,fluid
987,4.84522,2.79995,,1004.25,75.3385,33751.9,,0.898374,-0.866951,,-6.34841,10.8419,fluid
988,4.82811,3.00272,,1003.98,67.3526,31574.5,,0.876203,-0.909695,,-6.03047,10.6591,fluid
989,4.81037,3.20729,,1003.71,60.817,29418.4,,0.8529,-0.954682,,-5.69881,10.4289,fluid
990,4.79209,3.41329,,1003.44,54.8028,27290.5,,0.829037,-0.999525,,-5.35584,10.2084,fluid
991,4.77332,3.6211,,1003.18,49.7077,25191.8,,0.803737,-1.03928,,-5.00268,9.9701,fluid
992,4.75404,3.83084,,1002.92,45.9914,23126.1,,0.777263,-1.08014,,-4.63468,9.71883,fluid
993,4.7343,4.04238,,1002.67,43.0078,21096.4,,0.749986,-1.12016,,-4.25453,9.47601,fluid
994,4.71417,4.25588,,1002.42,41.4342,19100.1,,0.721793,-1.15692,,-3.86571,9.22474,fluid
995,4.69372,4.47154,,1002.17,41.3319,17132.8,,0.692863,-1.19428,,-3.4661,8.96459,fluid
996,4.67308,4.68919,,1001.93,41.5546,15200.3,,0.662956,-1.23228,,-3.05665,8.72327,fluid
997,4.65194,4.90877,,1001.69,42.8833,13314.4,,0.631108,-1.26632,,-2.63993,8.5246,fluid
998,4.63012,5.13112,,1001.45,46.8866,11457,,0.59938,-1.30176,,-2.2166,8.31743,fluid
999,4.60898,5.35483,,1001.22,51.5192,9612.8,,0.571928,-1.33956,,-1.79531,8.08657,fluid
1000,4.58991,5.58252,,1000.99,53.3474,7778.53,,0.539822,-1.37019,,-1.36623,7.85833,fluid
1001,4.56516,5.81022,,1000.76,60.0177,5980.3,,0.495002,-1.41444,,-0.946159,7.61182,fluid
1002,4.52733,6.039,,1000.53,69.2877,4190.01,,0.44386,-1.43135,,-0.567047,7.33507,fluid
1003,4.48988,6.28294,,1000.33,49.9752,2596.39,,0.380993,-1.47254,,-0.112115,7.46009,fluid
1004,4.53703,6.49549,,1000.23,82.5752,1770.48,,0.463287,-1.5719,,0.160788,7.51747,fluid
1005,5.073,0.084104,,1007.36,113.794,59076.9,,0.771014,-0.0399475,,-9.42876,11.2165,fluid
1006,5.21609,0.27779,,1007.23,154.551,58011.8,,0.918732,-0.0964436,,-9.18658,11.2067,fluid
1007,5.2925,0.455448,,1007.14,181.245,57234.4,,1.16657,-0.177491,,-7.89709,11.1538,fluid
1008,5.28679,0.637729,,1007.04,190.511,56453.2,,1.17186,-0.249919,,-7.80741,10.9339,fluid
1009,5.26778,0.83148,,1006.89,181.299,55164.1,,1.12601,-0.332754,,-7.95727,10.797,fluid
1010,5.25349,1.02258,,1006.66,163.201,53356.9,,1.10998,-0.37925,,-7.68707,10.8261,fluid
1011,5.24158,1.21481,,1006.4,153.804,51221.6,,1.08246,-0.43734,,-7.52188,10.702,fluid
1012,5.23056,1.40846,,1006.13,146.929,48970.2,,1.06668,-0.504023,,-7.28628,10.8687,fluid
1013,5.21937,1.60084,,1005.85,136.62,46746.3,,1.05569,-0.564681,,-7.01934,11.276,fluid
1014,5.20614,1.79495,,1005.58,127.327,44555.7,,1.04046,-0.616251,,-6.76795,11.327,fluid
1015,5.19173,1.99093,,1005.32,120.933,42388.8,,1.02376,-0.672165,,-6.52814,11.1396,fluid
1016,5.17671,2.187,,1005.05,111.651,40229.4,,1.00673,-0.733947,,-6.2871,11.1074,fluid
1017,5.16076,2.3847,,1004.78,100.979,38047.7,,0.987083,-0.78086,,-6.04162,11.0224,fluid
1018,5.14403,2.58411,,1004.51,93.2352,35864.6,,0.966876,-0.830623,,-5.78384,10.8567,fluid
1019,5.12657,2.78449,,1004.24,85.6447,33705.4,,0.946238,-0.884562,,-5.51712,10.7328,fluid
1020,5.10838,2.98651,,1003.97,77.5947,31563.5,,0.923621,-0.929329,,-5.24398,10.5738,fluid
1021,5.08949,3.1904,,1003.71,70.8321,29437.1,,0.899726,-0.975188,,-4.95854,10.3656,fluid
1022,5.07002,3.39578,,1003.45,64.689,27334.1,,0.875107,-1.02151,,-4.66215,10.1638,fluid
1023,5.04998,3.60299,,1003.19,59.2562,25256,,0.849012,-1.06304,,-4.35613,9.94894,fluid
1024,5.02941,3.81217,,1002.93,55.0378,23205.2,,0.821556,-1.10484,,-4.03668,9.71872,fluid
1025,5.00834,4.02321,,1002.68,51.5881,21184.9,,0.793169,-1.14612,,-3.70526,9.4924,fluid
1026,4.98683,4.23625,,1002.43,49.378,19193.8,,0.763771,-1.18426,,-3.36491,9.25785,fluid
1027,4.965,4.45148,,1002.18,48.5104,17228.5,,0.733505,-1.22248,,-3.01386,9.01212,fluid
1028,4.94293,4.66877,,1001.94,48.082,15294.2,,0.702251,-1.2613,,-2.65208,8.78103,fluid
1029,4.92039,4.88804,,1001.7,48.7203,13401.7,,0.668963,-1.29624,,-2.28153,8.58962,fluid
1030,4.89715,5.11007,,1001.46,51.841,11534.8,,0.635485,-1.3325,,-1.9039,8.38664,fluid
1031,4.87447,5.33355,,1001.23,55.4961,9682.66,,0.605924,-1.37069,,-1.52739,8.16005,fluid
1032,4.85382,5.56101,,1001,56.6326,7842.16,,0.572347,-1.40179,,-1.14222,7.93321,fluid
1033,4.82807,5.78851,,1000.77,63.2359,6031.93,,0.527063,-1.44652,,-0.765375,7.67673,fluid
1034,4.78976,6.01767,,1000.54,72.0757,4220.98,,0.474972,-1.46264,,-0.424889,7.39237,fluid
1035,4.75132,6.26058,,1000.33,51.953,2623.2,,0.410451,-1.50569,,-0.00296654,7.54922,fluid
1036,4.79539,6.47321,,1000.23,83.2725,1794.13,,0.488808,-1.60511,,0.244286,7.60693,fluid
1037,5.36971,0.0817013,,1007.23,121.634,57978.4,,0.814118,-0.0428903,,-8.12226,11.2274,fluid
1038,5.51299,0.274738,,1007.11,162.693,57026.2,,0.980704,-0.10067,,-7.87036,11.2317,fluid
1039,5.58799,0.451078,,1007.03,188.802,56372.3,,1.23594,-0.182254,,-6.58094,11.137,fluid
1040,5.57639,0.63243,,1006.95,196.904,55732.3,,1.21969,-0.255559,,-6.65563,10.811,fluid
1041,5.55629,0.825001,,1006.81,186.576,54523.7,,1.17335,-0.339251,,-6.79884,10.5977,fluid
1042,5.54197,1.01519,,1006.59,168.727,52748,,1.15626,-0.384297,,-6.55347,10.5936,fluid
1043,5.53017,1.20606,,1006.33,160.248,50642.1,,1.13022,-0.444633,,-6.41254,10.4866,fluid
1044,5.51887,1.39861,,1006.06,154.289,48433.1,,1.11579,-0.512892,,-6.20832,10.6877,fluid
1045,5.50701,1.58996,,1005.79,144.718,46265.6,,1.10498,-0.574308,,-5.9837,11.1025,fluid
1046,5.49305,1.783,,1005.53,135.953,44136.7,,1.0895,-0.62738,,-5.77495,11.1519,fluid
1047,5.47791,1.97802,,1005.27,130.01,42027.7,,1.07255,-0.684339,,-5.57658,10.9538,fluid
1048,5.46205,2.17318,,1005.01,121.271,39921.6,,1.05536,-0.747216,,-5.37846,10.9211,fluid
1049,5.44519,2.36993,,1004.75,110.946,37790.7,,1.0356,-0.796329,,-5.17658,10.8588,fluid
1050,5.42747,2.56847,,1004.48,103.452,35655.8,,1.01504,-0.846957,,-4.96344,10.7103,fluid
1051,5.40893,2.76805,,1004.22,96.2364,33542,,0.993989,-0.902343,,-4.74202,10.5974,fluid
1052,5.3896,2.96928,,1003.96,88.2807,31441.7,,0.970995,-0.94926,,-4.51489,10.4589,fluid
1053,5.36952,3.17242,,1003.7,81.3926,29351.8,,0.94645,-0.99622,,-4.27678,10.2717,fluid
1054,5.3488,3.37713,,1003.44,75.1732,27280.8,,0.921027,-1.04405,,-4.02761,10.0874,fluid
1055,5.32746,3.58368,,1003.18,69.4907,25230.6,,0.894169,-1.0874,,-3.76861,9.89407,fluid
1056,5.30553,3.79226,,1002.93,64.8303,23202.2,,0.865798,-1.1304,,-3.49654,9.68376,fluid
1057,5.28309,4.00278,,1002.68,60.9114,21199.2,,0.836304,-1.17304,,-3.21211,9.47384,fluid
1058,5.26017,4.21531,,1002.43,58.0809,19221.5,,0.805747,-1.2126,,-2.91782,9.2563,fluid
1059,5.23688,4.43009,,1002.19,56.4673,17265.8,,0.774193,-1.25191,,-2.61174,9.02558,fluid
1060,5.21334,4.64699,,1001.94,55.3509,15337.2,,0.741557,-1.29167,,-2.29393,8.8062,fluid
1061,5.18935,4.86592,,1001.7,55.2467,13445.6,,0.706978,-1.32759,,-1.96559,8.62351,fluid
1062,5.16465,5.08763,,1001.47,57.4586,11576.3,,0.671948,-1.36477,,-1.62885,8.42618,fluid
1063,5.14043,5.31087,,1001.23,60.087,9722.47,,0.640322,-1.40343,,-1.29176,8.20643,fluid
1064,5.11812,5.53811,,1001,60.4008,7881.32,,0.605154,-1.43508,,-0.944357,7.98293,fluid
1065,5.09124,5.76539,,1000.77,66.7714,6065.14,,0.559333,-1.48042,,-0.605147,7.71744,fluid
1066,5.0524,5.99492,,1000.54,75.0549,4239.85,,0.506423,-1.49571,,-0.298186,7.42592,fluid
1067,5.01297,6.23687,,1000.34,54.0721,2642.62,,0.440432,-1.54067,,0.0966052,7.61543,fluid
1068,5.05404,6.4495,,1000.23,84.2035,1813.21,,0.514905,-1.64025,,0.321872,7.67772,fluid
1069,5.66775,0.0795766,,1007.08,128.196,56754.1,,0.856973,-0.0459881,,-6.8746,11.2324,fluid
1070,5.81126,0.271799,,1006.97,169.306,55894.1,,1.04503,-0.103852,,-6.61207,11.2318,fluid
1071,5.88431,0.44671,,1006.91,194.439,55350.6,,1.30565,-0.186319,,-5.26884,11.108,fluid
1072,5.86764,0.626892,,1006.85,202.2,54847.1,,1.26695,-0.261302,,-5.54705,10.6905,fluid
1073,5.84666,0.818229,,1006.71,190.787,53717.7,,1.22159,-0.345399,,-5.66839,10.3779,fluid
1074,5.83214,1.00745,,1006.5,173.386,51978.3,,1.2034,-0.389196,,-5.4602,10.349,fluid
1075,5.82036,1.19686,,1006.24,165.89,49909.5,,1.17908,-0.451979,,-5.34472,10.2621,fluid
1076,5.80864,1.38823,,1005.98,160.925,47750.3,,1.16527,-0.521434,,-5.17617,10.4874,fluid
1077,5.79603,1.57848,,1005.72,152.2,45644.5,,1.15442,-0.583666,,-4.99664,10.9029,fluid
1078,5.78132,1.77035,,1005.46,144.044,43581.5,,1.13885,-0.638343,,-4.83413,10.9517,fluid
1079,5.7654,1.96433,,1005.21,138.674,41535.4,,1.12161,-0.696425,,-4.68158,10.7436,fluid
1080,5.74865,2.1585,,1004.96,130.651,39488.8,,1.10412,-0.760473,,-4.52923,10.7084,fluid
1081,5.73082,2.35422,,1004.7,120.813,37415.7,,1.08422,-0.811902,,-4.37322,10.6653,fluid
1082,5.71205,2.55183,,1004.44,113.659,35335.7,,1.06332,-0.863486,,-4.20779,10.5326,fluid
1083,5.69238,2.75056,,1004.19,106.918,33273.9,,1.04172,-0.920338,,-4.03448,10.4292,fluid
1084,5.67187,2.95093,,1003.93,99.1924,31222.4,,1.01819,-0.969507,,-3.85472,10.3095,fluid
1085,5.65054,3.15327,,1003.68,92.2801,29176.4,,0.993035,-1.01775,,-3.66394,10.1427,fluid
1086,5.6285,3.35727,,1003.42,86.0516,27144.8,,0.966883,-1.06714,,-3.46147,9.97558,fluid
1087,5.60581,3.56313,,1003.17,80.2166,25129.8,,0.939235,-1.11235,,-3.24861,9.80286,fluid
1088,5.58248,3.77107,,1002.92,75.2,23131.7,,0.909943,-1.15674,,-3.02225,9.61313,fluid
1089,5.5586,3.98102,,1002.67,70.8424,21153.5,,0.879427,-1.20087,,-2.78215,9.42062,fluid
1090,5.53421,4.19301,,1002.43,67.4222,19196.3,,0.847754,-1.24192,,-2.53065,9.22101,fluid
1091,5.50943,4.40731,,1002.18,65.0931,17257.2,,0.814952,-1.28242,,-2.2661,9.0073,fluid
1092,5.48437,4.6238,,1001.94,63.2588,15340.9,,0.781025,-1.32333,,-1.98758,8.80188,fluid
1093,5.45886,4.84237,,1001.71,62.3633,13456.7,,0.745113,-1.36029,,-1.69624,8.62985,fluid
1094,5.43266,5.06375,,1001.47,63.6688,11591.2,,0.708574,-1.39845,,-1.395,8.44081,fluid
1095,5.40685,5.28674,,1001.24,65.2504,9740.4,,0.675091,-1.43768,,-1.09099,8.23082,fluid
1096,5.38285,5.51377,,1001,64.6227,7902.49,,0.638311,-1.47004,,-0.774845,8.01294,fluid
1097,5.35473,5.74081,,1000.77,70.6196,6084.94,,0.5919,-1.51601,,-0.467248,7.73932,fluid
1098,5.31527,5.9707,,1000.54,78.2274,4250.22,,0.538282,-1.53053,,-0.18823,7.4412,fluid
1099,5.27485,6.21175,,1000.34,56.3151,2657.04,,0.47087,-1.57746,,0.185789,7.6646,fluid
1100,5.31298,6.42432,,1000.23,85.3328,1829.5,,0.541554,-1.67726,,0.393536,7.73627,fluid
1101,5.9669,0.0775898,,1006.91,133.253,55392.4,,0.901388,-0.0487888,,-5.66372,11.211,fluid
1102,6.1111,0.26885,,1006.82,174.417,54601.6,,1.10944,-0.106537,,-5.43244,11.2011,fluid
1103,6.18199,0.442239,,1006.76,198.549,54161.1,,1.37767,-0.189503,,-4.01787,11.0648,fluid
1104,6.16054,0.621028,,1006.72,206.409,53796.1,,1.31385,-0.266371,,-4.48699,10.5518,fluid
1105,6.13894,0.811044,,1006.59,194.059,52747.9,,1.2717,-0.351237,,-4.57929,10.1357,fluid
1106,6.12411,0.999301,,1006.38,177.121,51051,,1.25176,-0.393946,,-4.41693,10.0833,fluid
1107,6.11221,1.18711,,1006.13,170.629,49028.1,,1.22897,-0.459185,,-4.33081,10.0181,fluid
1108,6.09999,1.37724,,1005.87,166.759,46926.5,,1.21584,-0.52972,,-4.20416,10.2575,fluid
1109,6.08659,1.56632,,1005.62,158.984,44888.9,,1.20475,-0.592961,,-4.0742,10.6672,fluid
1110,6.07111,1.75693,,1005.38,151.503,42898,,1.18891,-0.649301,,-3.96005,10.7166,fluid
1111,6.05433,1.94979,,1005.13,146.791,40921.5,,1.17129,-0.708629,,-3.85514,10.5005,fluid
1112,6.03661,2.14291,,1004.89,139.603,38942.1,,1.15338,-0.77388,,-3.75066,10.4614,fluid
1113,6.01775,2.33754,,1004.64,130.378,36934.9,,1.13319,-0.827589,,-3.64264,10.4345,fluid
1114,5.99788,2.53415,,1004.39,123.675,34917.8,,1.11185,-0.880259,,-3.52622,10.3162,fluid
1115,5.97702,2.73195,,1004.14,117.51,32915.9,,1.08971,-0.938651,,-3.40196,10.2225,fluid
1116,5.95526,2.93141,,1003.89,110.127,30920.9,,1.06566,-0.990114,,-3.26999,10.1213,fluid
1117,5.93262,3.1329,,1003.65,103.296,28926.7,,1.03983,-1.03972,,-3.12628,9.9751,fluid
1118,5.90922,3.33613,,1003.4,97.1532,26942.2,,1.0129,-1.09072,,-2.96976,9.82593,fluid
1119,5.88511,3.54126,,1003.15,91.251,24969.9,,0.984406,-1.13795,,-2.80123,9.67476,fluid
1120,5.86032,3.74852,,1002.91,85.9329,23009.1,,0.95414,-1.18384,,-2.61783,9.50712,fluid
1121,5.83494,3.95786,,1002.66,81.1887,21062.9,,0.92257,-1.22949,,-2.41887,9.33407,fluid
1122,5.80903,4.16931,,1002.42,77.2538,19132.8,,0.889827,-1.27215,,-2.20634,9.15437,fluid
1123,5.78269,4.3831,,1002.18,74.2536,17216.3,,0.855822,-1.31399,,-1.97859,8.96025,fluid
1124,5.75605,4.59914,,1001.94,71.6924,15317.8,,0.820593,-1.3561,,-1.73458,8.77195,fluid
1125,5.72897,4.81735,,1001.7,69.9787,13446,,0.783459,-1.39426,,-1.47493,8.61345,fluid
1126,5.70121,5.03837,,1001.47,70.3811,11589.1,,0.745556,-1.43346,,-1.20323,8.43562,fluid
1127,5.67376,5.2611,,1001.24,70.9095,9745.01,,0.710212,-1.47336,,-0.925824,8.23888,fluid
1128,5.64803,5.48791,,1001.01,69.2608,7913.03,,0.671867,-1.50653,,-0.634204,8.0293,fluid
1129,5.61856,5.71473,,1000.78,74.7643,6096.75,,0.624805,-1.55328,,-0.351725,7.74843,fluid
1130,5.57843,5.94496,,1000.54,81.5775,4255.77,,0.570569,-1.56695,,-0.0949417,7.44408,fluid
1131,5.53691,6.18519,,1000.34,58.6861,2668.88,,0.50186,-1.61599,,0.264966,7.70316,fluid
1132,5.57226,6.39761,,1000.23,86.6539,1844.84,,0.568902,-1.7161,,0.459932,7.78926,fluid
1133,6.26735,0.075358,,1006.73,136.712,53869.6,,0.948212,-0.0509516,,-4.49703,11.1884,fluid
1134,6.41236,0.265738,,1006.64,177.722,53137.8,,1.17489,-0.10956,,-4.31204,11.1565,fluid
1135,6.48153,0.437512,,1006.6,201.817,52801.5,,1.45273,-0.192407,,-2.89643,10.9959,fluid
1136,6.45512,0.614762,,1006.57,209.435,52582.4,,1.36048,-0.270909,,-3.48952,10.3692,fluid
1137,6.43324,0.803299,,1006.45,196.519,51620.7,,1.32408,-0.357215,,-3.55362,9.86854,fluid
1138,6.41795,0.990593,,1006.25,179.977,49975,,1.30207,-0.398822,,-3.44325,9.78917,fluid
1139,6.40583,1.17674,,1006.01,174.498,48007.2,,1.28074,-0.466111,,-3.38913,9.74128,fluid
1140,6.39303,1.36558,,1005.76,171.83,45971.6,,1.26782,-0.538088,,-3.3082,9.98693,fluid
1141,6.3788,1.55343,,1005.52,165.034,44010,,1.25616,-0.602714,,-3.22816,10.3899,fluid
1142,6.36247,1.7427,,1005.28,158.217,42098.6,,1.23989,-0.660442,,-3.16207,10.4422,fluid
1143,6.34479,1.93437,,1005.05,154.239,40199.3,,1.22189,-0.720891,,-3.10516,10.217,fluid
1144,6.32604,2.12636,,1004.81,148.019,38295.7,,1.20355,-0.787482,,-3.05069,10.1724,fluid
1145,6.30611,2.31982,,1004.57,139.49,36363.4,,1.18292,-0.843616,,-2.99244,10.1612,fluid
1146,6.28507,2.51536,,1004.33,133.282,34417.9,,1.16091,-0.897386,,-2.92518,10.0579,fluid
1147,6.26296,2.71219,,1004.09,127.779,32484.1,,1.13809,-0.957325,,-2.84894,9.97407,fluid
1148,6.23988,2.91067,,1003.85,120.857,30553.8,,1.11339,-1.01117,,-2.76394,9.89186,fluid
1149,6.21587,3.11125,,1003.61,114.2,28619.5,,1.08679,-1.06224,,-2.66619,9.76765,fluid
1150,6.19103,3.31366,,1003.37,108.228,26689.6,,1.05901,-1.11484,,-2.55366,9.63806,fluid
1151,6.16544,3.518,,1003.13,102.366,24767.3,,1.02968,-1.16414,,-2.42682,9.51033,fluid
1152,6.13912,3.72454,,1002.89,96.8272,22850.7,,0.998492,-1.21168,,-2.28321,9.36729,fluid
1153,6.11219,3.93325,,1002.65,91.7495,20942.7,,0.965885,-1.25887,,-2.12189,9.21645,fluid
1154,6.08468,4.1441,,1002.41,87.3774,19045.7,,0.93204,-1.30321,,-1.94406,9.05979,fluid
1155,6.05672,4.35737,,1002.17,83.7735,17156.8,,0.896858,-1.34654,,-1.74818,8.88863,fluid
1156,6.02844,4.57296,,1001.94,80.494,15280.1,,0.860381,-1.38996,,-1.53334,8.7208,fluid
1157,5.99972,4.79078,,1001.7,77.9649,13424.7,,0.822026,-1.42938,,-1.29994,8.57911,fluid
1158,5.97035,5.01144,,1001.47,77.4987,11579.6,,0.782778,-1.46972,,-1.05204,8.41624,fluid
1159,5.9412,5.23391,,1001.24,76.9777,9744.43,,0.745753,-1.51038,,-0.79469,8.23651,fluid
1160,5.91368,5.46049,,1001.01,74.2475,7919.44,,0.705843,-1.54447,,-0.520927,8.0379,fluid
1161,5.88277,5.68707,,1000.78,79.166,6105.69,,0.658095,-1.59207,,-0.257453,7.75074,fluid
1162,5.84187,5.91764,,1000.54,85.0773,4260.09,,0.60334,-1.6049,,-0.0171677,7.44062,fluid
1163,5.79918,6.15708,,1000.34,61.1554,2680.74,,0.533332,-1.65614,,0.335028,7.73752,fluid
1164,5.83186,6.36931,,1000.24,88.1339,1860.96,,0.59694,-1.75664,,0.521926,7.84298,fluid
1165,6.56942,0.0733709,,1006.52,138.693,52176.1,,0.999453,-0.0527921,,-3.35289,11.152,fluid
1166,6.71547,0.262506,,1006.44,179.808,51511.9,,1.24214,-0.113009,,-3.2715,11.1292,fluid
1167,6.78304,0.432574,,1006.41,204.526,51287.2,,1.52832,-0.19561,,-1.91301,10.8986,fluid
1168,6.75155,0.608168,,1006.4,211.246,51218.5,,1.40818,-0.275415,,-2.57436,10.1429,fluid
1169,6.72963,0.795114,,1006.3,198.211,50347.7,,1.37946,-0.362689,,-2.61604,9.56301,fluid
1170,6.71378,0.981412,,1006.1,182.161,48763.1,,1.3551,-0.403882,,-2.56355,9.4561,fluid
1171,6.70133,1.16576,,1005.87,177.575,46861,,1.33458,-0.47325,,-2.54053,9.42933,fluid
1172,6.68787,1.35322,,1005.63,176.077,44900.5,,1.32131,-0.546533,,-2.50264,9.67432,fluid
1173,6.67278,1.53977,,1005.39,170.298,43022.8,,1.3092,-0.612618,,-2.47043,10.0663,fluid
1174,6.65556,1.7276,,1005.17,164.163,41198.7,,1.29255,-0.671788,,-2.45336,10.1234,fluid
1175,6.63692,1.91799,,1004.94,160.932,39385.2,,1.27393,-0.733468,,-2.44431,9.89064,fluid
1176,6.61708,2.10881,,1004.72,155.764,37566.2,,1.25484,-0.801414,,-2.43756,9.83797,fluid
1177,6.596,2.30102,,1004.49,148.013,35718.1,,1.23365,-0.860072,,-2.42707,9.84182,fluid
1178,6.57372,2.49542,,1004.26,142.322,33853,,1.21093,-0.915025,,-2.40773,9.75563,fluid
1179,6.55028,2.69121,,1004.03,137.53,31995.6,,1.1873,-0.976365,,-2.37818,9.68282,fluid
1180,6.52582,2.88866,,1003.8,131.188,30138.1,,1.16187,-1.03264,,-2.33816,9.61994,fluid
1181,6.50038,3.08827,,1003.56,124.795,28271.4,,1.13447,-1.08532,,-2.28386,9.52011,fluid
1182,6.47403,3.28981,,1003.33,119.048,26403.4,,1.10571,-1.13951,,-2.21225,9.41318,fluid
1183,6.44687,3.49332,,1003.1,113.316,24537.5,,1.0754,-1.19088,,-2.12345,9.31111,fluid
1184,6.41896,3.6991,,1002.86,107.662,22671.3,,1.0432,-1.24015,,-2.01562,9.19581,fluid
1185,6.39039,3.90713,,1002.63,102.329,20807.2,,1.00951,-1.28899,,-1.88743,9.07091,fluid
1186,6.36122,4.11737,,1002.4,97.5958,18948,,0.974551,-1.33503,,-1.73962,8.94093,fluid
1187,6.33158,4.33008,,1002.16,93.4656,17090.6,,0.938201,-1.37995,,-1.57062,8.79681,fluid
1188,6.30158,4.54519,,1001.93,89.5049,15239.1,,0.900495,-1.42479,,-1.37958,8.65338,fluid
1189,6.27115,4.76262,,1001.7,86.1829,13402.8,,0.860929,-1.46551,,-1.1669,8.53194,fluid
1190,6.24011,4.98291,,1001.47,84.8914,11571.6,,0.820426,-1.50708,,-0.937089,8.38785,fluid
1191,6.20919,5.20512,,1001.24,83.3453,9746.13,,0.781763,-1.5486,,-0.693685,8.22944,fluid
1192,6.17984,5.43147,,1001.01,79.5103,7927.9,,0.740312,-1.58372,,-0.431762,8.04444,fluid
1193,6.14738,5.6578,,1000.78,83.7879,6116.4,,0.691915,-1.63229,,-0.181708,7.75184,fluid
1194,6.10563,5.88874,,1000.54,88.6927,4266.1,,0.636612,-1.64424,,0.0472227,7.43623,fluid
1195,6.06173,6.12738,,1000.34,63.7172,2694.68,,0.565433,-1.69785,,0.39741,7.77365,fluid
1196,6.0918,6.33939,,1000.24,89.7552,1879.26,,0.625754,-1.79881,,0.580909,7.9029,fluid
1197,6.87338,0.0714169,,1006.29,139.909,50337.7,,1.0577,-0.0552922,,-2.30998,11.0748,fluid
1198,7.02077,0.259039,,1006.22,181.165,49755.1,,1.31223,-0.116369,,-2.32416,11.0869,fluid
1199,7.08653,0.427347,,1006.21,205.903,49646.9,,1.60343,-0.199066,,-1.01349,10.7735,fluid
1200,7.04997,0.601206,,1006.22,212.405,49728.2,,1.45839,-0.279996,,-1.78001,9.89752,fluid
1201,7.02822,0.786419,,1006.12,199.412,48952,,1.43843,-0.368317,,-1.79137,9.21529,fluid
1202,7.01176,0.971714,,1005.94,183.849,47437.4,,1.41083,-0.409564,,-1.7974,9.08554,fluid
1203,6.99883,1.15411,,1005.71,179.926,45610.5,,1.39084,-0.480806,,-1.79936,9.08384,fluid
1204,6.98466,1.3401,,1005.48,179.542,43732.6,,1.3773,-0.555162,,-1.80169,9.32013,fluid
1205,6.96866,1.5253,,1005.26,174.855,41946.2,,1.36451,-0.622794,,-1.81395,9.69441,fluid
1206,6.9505,1.7116,,1005.05,169.418,40217.5,,1.3472,-0.683632,,-1.84208,9.75766,fluid
1207,6.93082,1.9006,,1004.83,166.85,38498.3,,1.32775,-0.746714,,-1.87763,9.52149,fluid
1208,6.90985,2.09017,,1004.62,162.707,36772.3,,1.30778,-0.815787,,-1.91519,9.46011,fluid
1209,6.88753,2.28107,,1004.4,155.792,35016.9,,1.28584,-0.876996,,-1.94865,9.47708,fluid
1210,6.86394,2.47424,,1004.18,150.652,33240.7,,1.26225,-0.933258,,-1.97334,9.40925,fluid
1211,6.83912,2.66893,,1003.96,146.588,31467.6,,1.23759,-0.995985,,-1.98716,9.34995,fluid
1212,6.8132,2.86529,,1003.74,140.89,29690.5,,1.21114,-1.05466,,-1.98842,9.3082,fluid
1213,6.78624,3.06388,,1003.52,134.85,27898.8,,1.18276,-1.10903,,-1.97336,9.2351,fluid
1214,6.7583,3.2645,,1003.29,129.403,26099,,1.15301,-1.1648,,-1.93892,9.15419,fluid
1215,6.7295,3.46715,,1003.07,123.883,24295.3,,1.12168,-1.21823,,-1.88453,9.08082,fluid
1216,6.69992,3.67213,,1002.84,118.202,22484.5,,1.08841,-1.26931,,-1.80817,8.99641,fluid
1217,6.66962,3.87945,,1002.61,112.701,20668.9,,1.0536,-1.3198,,-1.70852,8.9015,fluid
1218,6.63871,4.08905,,1002.38,107.7,18851.3,,1.01752,-1.3676,,-1.58581,8.80234,fluid
1219,6.60732,4.30118,,1002.16,103.128,17028.5,,0.979964,-1.41414,,-1.43879,8.68932,fluid
1220,6.57552,4.51579,,1001.93,98.5451,15204.3,,0.940992,-1.46047,,-1.26664,8.57426,fluid
1221,6.54331,4.7328,,1001.7,94.484,13388.8,,0.900261,-1.50257,,-1.06973,8.47688,fluid
1222,6.51052,4.95271,,1001.47,92.4341,11572.4,,0.858569,-1.54546,,-0.852677,8.35561,fluid
1223,6.47776,5.17465,,1001.24,89.8967,9756.49,,0.818337,-1.5879,,-0.617915,8.22267,fluid
1224,6.44654,5.40079,,1001.01,84.956,7943.69,,0.775338,-1.62419,,-0.36236,8.05419,fluid
1225,6.41243,5.62686,,1000.78,88.5842,6132.93,,0.726289,-1.67378,,-0.120844,7.75665,fluid
1226,6.36972,5.85818,,1000.54,92.3946,4276.58,,0.670525,-1.68493,,0.101314,7.43588,fluid
1227,6.3246,6.09602,,1000.35,66.34,2712.3,,0.598186,-1.74104,,0.453831,7.81609,fluid
1228,6.35204,6.30779,,1000.24,91.4847,1900.72,,0.655358,-1.84249,,0.638604,7.97359,fluid
1229,7.17964,0.0692624,,1006.06,141.038,48396.7,,1.11932,-0.0581046,,-1.46457,10.9982,fluid
1230,7.32851,0.255363,,1005.99,182.277,47900.1,,1.38726,-0.119022,,-1.54066,11.0048,fluid
1231,7.39208,0.421799,,1006,206.273,47911.4,,1.68072,-0.202138,,-0.229674,10.6483,fluid
1232,7.35059,0.593843,,1006.02,213.55,48141.3,,1.51127,-0.284515,,-1.13791,9.62458,fluid
1233,7.32922,0.77713,,1005.94,200.572,47463.8,,1.50105,-0.37518,,-1.10098,8.84027,fluid
1234,7.31195,0.961377,,1005.76,185.117,46027.3,,1.46944,-0.41624,,-1.16079,8.68631,fluid
1235,7.29853,1.14176,,1005.55,181.636,44281,,1.45029,-0.488411,,-1.1797,8.7057,fluid
1236,7.28355,1.32619,,1005.33,182.37,42491.6,,1.43597,-0.564293,,-1.21945,8.92496,fluid
1237,7.26662,1.50994,,1005.12,178.778,40802.7,,1.42243,-0.633879,,-1.26902,9.2799,fluid
1238,7.24744,1.69461,,1004.92,173.963,39176.8,,1.40417,-0.696137,,-1.33559,9.35069,fluid
1239,7.22666,1.88214,,1004.72,171.959,37559,,1.38386,-0.760593,,-1.40833,9.11234,fluid
1240,7.20446,2.0704,,1004.52,168.812,35933.2,,1.36292,-0.83079,,-1.48523,9.04054,fluid
1241,7.18085,2.2599,,1004.31,162.75,34277.9,,1.33997,-0.894578,,-1.5584,9.0703,fluid
1242,7.15588,2.45177,,1004.1,158.155,32598.2,,1.31524,-0.952231,,-1.62189,9.0227,fluid
1243,7.12958,2.64529,,1003.89,154.817,30916.4,,1.28944,-1.01625,,-1.67324,8.97881,fluid
1244,7.10212,2.84051,,1003.68,149.802,29226.2,,1.26193,-1.07736,,-1.71058,8.96018,fluid
1245,7.07355,3.03801,,1003.47,144.157,27515.6,,1.23243,-1.13345,,-1.72995,8.91671,fluid
1246,7.04394,3.23767,,1003.25,139.069,25789.7,,1.20147,-1.19069,,-1.72759,8.86494,fluid
1247,7.01341,3.43941,,1003.04,133.851,24052.9,,1.16893,-1.24623,,-1.70227,8.82327,fluid
1248,6.98207,3.64355,,1002.82,128.228,22302,,1.13449,-1.29916,,-1.65246,8.7736,fluid
1249,6.94997,3.85013,,1002.6,122.641,20538.4,,1.09846,-1.35126,,-1.57637,8.71292,fluid
1250,6.91723,4.05906,,1002.37,117.484,18765.3,,1.06119,-1.40081,,-1.47385,8.6486,fluid
1251,6.88399,4.27059,,1002.15,112.578,16978.8,,1.0224,-1.44908,,-1.34389,8.57059,fluid
1252,6.85034,4.48469,,1001.92,107.437,15183.2,,0.982159,-1.49695,,-1.18596,8.48801,fluid
1253,6.81626,4.70126,,1001.7,102.7,13389.1,,0.940216,-1.54051,,-1.0002,8.41843,fluid
1254,6.78163,4.92079,,1001.47,99.9845,11587.6,,0.89736,-1.58475,,-0.791438,8.32391,fluid
1255,6.74698,5.14244,,1001.24,96.5147,9780.26,,0.855609,-1.62822,,-0.560742,8.2204,fluid
1256,6.71379,5.36835,,1001.01,90.4939,7970.91,,0.811113,-1.66579,,-0.307265,8.07138,fluid
1257,6.67796,5.59418,,1000.78,93.4906,6158.29,,0.761381,-1.71647,,-0.0706306,7.76909,fluid
1258,6.63418,5.82588,,1000.55,96.1423,4293.64,,0.705203,-1.72686,,0.148251,7.44381,fluid
1259,6.58782,6.06294,,1000.35,69.0074,2734.82,,0.631711,-1.78565,,0.507569,7.86966,fluid
1260,6.61259,6.27444,,1000.25,93.2918,1926.07,,0.685799,-1.8876,,0.697847,8.05887,fluid
1261,7.48822,0.0671331,,1005.81,142.313,46377.1,,1.18342,-0.0607065,,-0.803768,10.9002,fluid
1262,7.6394,0.251569,,1005.76,182.884,45963.6,,1.46815,-0.121978,,-0.93161,10.8882,fluid
1263,7.69988,0.416009,,1005.77,206.595,46108.6,,1.76179,-0.204525,,0.375038,10.5165,fluid
1264,7.65357,0.586078,,1005.82,214.799,46488.8,,1.56656,-0.289684,,-0.649703,9.31649,fluid
1265,7.63274,0.767241,,1005.75,201.741,45914.6,,1.56749,-0.382436,,-0.554387,8.44492,fluid
1266,7.61453,0.95043,,1005.58,186.091,44562.3,,1.53162,-0.423717,,-0.661798,8.26047,fluid
1267,7.60056,1.12867,,1005.38,182.882,42901.2,,1.51331,-0.49641,,-0.691602,8.30064,fluid
1268,7.58472,1.31143,,1005.17,184.694,41204.4,,1.49783,-0.574051,,-0.761744,8.49625,fluid
1269,7.56679,1.49364,,1004.97,182.177,39617.9,,1.48346,-0.645821,,-0.839281,8.83013,fluid
1270,7.54654,1.6766,,1004.79,177.877,38099.6,,1.46427,-0.709444,,-0.936671,8.9097,fluid
1271,7.52458,1.86254,,1004.6,176.284,36589,,1.44283,-0.775295,,-1.03955,8.67104,fluid
1272,7.5011,2.04942,,1004.41,174.07,35068.7,,1.42059,-0.846556,,-1.14732,8.58653,fluid
1273,7.4761,2.23744,,1004.22,168.85,33519.3,,1.39646,-0.913076,,-1.2517,8.62858,fluid
1274,7.44966,2.42792,,1004.02,164.732,31941.9,,1.37042,-0.972159,,-1.34614,8.60344,fluid
1275,7.4218,2.62021,,1003.82,162.071,30356.8,,1.34322,-1.03727,,-1.428,8.57629,fluid
1276,7.3927,2.81422,,1003.62,157.778,28758.8,,1.31438,-1.10079,,-1.49497,8.58194,fluid
1277,7.36243,3.01059,,1003.42,152.576,27134.2,,1.28354,-1.15869,,-1.54279,8.57092,fluid
1278,7.33105,3.20923,,1003.22,147.876,25486.6,,1.25122,-1.21737,,-1.56709,8.5518,fluid
1279,7.29871,3.41002,,1003.01,143.023,23820.5,,1.21737,-1.27489,,-1.56577,8.54453,fluid
1280,7.2655,3.61328,,1002.8,137.552,22132.5,,1.18164,-1.32974,,-1.53744,8.53283,fluid
1281,7.23152,3.81909,,1002.58,131.959,20423.6,,1.14434,-1.38345,,-1.48029,8.51019,fluid
1282,7.19686,4.02732,,1002.37,126.742,18696.6,,1.10575,-1.4347,,-1.39339,8.48449,fluid
1283,7.16168,4.23823,,1002.15,121.616,16947.6,,1.06567,-1.48473,,-1.27598,8.44536,fluid
1284,7.12608,4.45179,,1001.92,116.012,15181,,1.02414,-1.5342,,-1.12805,8.39893,fluid
1285,7.09006,4.66792,,1001.7,110.689,13408.3,,0.981017,-1.57923,,-0.949624,8.36037,fluid
1286,7.0535,4.88706,,1001.47,107.408,11620.9,,0.937006,-1.6249,,-0.745542,8.29613,fluid
1287,7.0169,5.10843,,1001.25,103.072,9820.57,,0.893731,-1.6695,,-0.515399,8.22615,fluid
1288,6.98164,5.33411,,1001.02,96.0294,8012.12,,0.847725,-1.70841,,-0.26045,8.09902,fluid
1289,6.94399,5.55968,,1000.79,98.4491,6194.55,,0.797341,-1.76029,,-0.026052,7.79185,fluid
1290,6.89905,5.7918,,1000.55,99.8891,4318.46,,0.740746,-1.76988,,0.191767,7.46329,fluid
1291,6.85135,6.02809,,1000.35,71.6909,2763.05,,0.666101,-1.8316,,0.561713,7.9372,fluid
1292,6.87352,6.23929,,1000.25,95.1582,1955.81,,0.71715,-1.93405,,0.759744,8.16048,fluid
1293,7.79903,0.0649271,,1005.55,143.248,44286.9,,1.25255,-0.0628068,,-0.252274,10.814,fluid
1294,7.95383,0.247556,,1005.51,183.607,43972.6,,1.55542,-0.126038,,-0.503363,10.8171,fluid
1295,8.01018,0.40999,,1005.55,208.196,44278.8,,1.84578,-0.207059,,0.737175,10.3584,fluid
1296,7.9591,0.577894,,1005.61,216.056,44808.8,,1.62514,-0.296317,,-0.303354,8.98642,fluid
1297,7.93894,0.756726,,1005.56,202.894,44340.6,,1.6385,-0.39001,,-0.160597,8.02975,fluid
1298,7.91973,0.938854,,1005.4,186.991,43076.2,,1.59792,-0.43199,,-0.313738,7.81155,fluid
1299,7.90513,1.11482,,1005.21,183.944,41503.3,,1.58033,-0.505131,,-0.34646,7.87455,fluid
1300,7.88835,1.29576,,1005.01,186.693,39901.7,,1.56337,-0.584729,,-0.438339,8.04603,fluid
1301,7.86938,1.47636,,1004.82,185.185,38419.1,,1.54813,-0.658648,,-0.530523,8.35643,fluid
1302,7.84799,1.65751,,1004.65,181.301,37010.7,,1.52785,-0.723716,,-0.647642,8.44457,fluid
1303,7.82477,1.84173,,1004.48,179.905,35610,,1.50506,-0.791241,,-0.769816,8.20954,fluid
1304,7.7999,2.02715,,1004.3,178.458,34198.2,,1.4813,-0.863341,,-0.897935,8.11045,fluid
1305,7.77345,2.21363,,1004.12,174.057,32757.8,,1.45587,-0.932462,,-1.02386,8.16187,fluid
1306,7.74543,2.40263,,1003.94,170.361,31286.3,,1.42836,-0.9932,,-1.14081,8.16005,fluid
1307,7.71592,2.5936,,1003.75,168.272,29801.6,,1.39956,-1.05932,,-1.24521,8.15154,fluid
1308,7.68508,2.78636,,1003.57,164.68,28299.1,,1.36912,-1.12511,,-1.33389,8.18166,fluid
1309,7.653,2.98152,,1003.38,159.949,26764,,1.3368,-1.18491,,-1.40288,8.20501,fluid
1310,7.61976,3.17908,,1003.18,155.649,25197.7,,1.30292,-1.24491,,-1.44715,8.22157,fluid
1311,7.58549,3.37889,,1002.98,151.201,23604.6,,1.26751,-1.30435,,-1.46378,8.25084,fluid
1312,7.55033,3.58122,,1002.78,145.967,21981.8,,1.23033,-1.36108,,-1.45174,8.27967,fluid
1313,7.51434,3.78622,,1002.57,140.471,20329.3,,1.1916,-1.41635,,-1.40861,8.29843,fluid
1314,7.47766,3.99373,,1002.36,135.297,18649.5,,1.15163,-1.4693,,-1.33292,8.31463,fluid
1315,7.44046,4.20399,,1002.14,130.058,16938.3,,1.11017,-1.52109,,-1.2244,8.31765,fluid
1316,7.40281,4.417,,1001.93,124.097,15200.6,,1.06728,-1.57218,,-1.08301,8.31042,fluid
1317,7.36476,4.63269,,1001.7,118.299,13448.6,,1.0229,-1.61875,,-0.908927,8.30589,fluid
1318,7.32617,4.85142,,1001.48,114.572,11674.3,,0.977702,-1.66586,,-0.706592,8.27509,fluid
1319,7.28753,5.07251,,1001.25,109.448,9878.88,,0.932913,-1.71164,,-0.474326,8.24195,fluid
1320,7.25012,5.29798,,1001.02,101.466,8068.48,,0.8854,-1.75201,,-0.21596,8.13909,fluid
1321,7.21057,5.52331,,1000.79,103.397,6242.64,,0.834304,-1.80515,,0.0174729,7.82706,fluid
1322,7.16436,5.75588,,1000.55,103.593,4351.57,,0.777304,-1.81392,,0.235581,7.49567,fluid
1323,7.11524,5.99138,,1000.36,74.3629,2797.39,,0.701474,-1.87877,,0.61873,8.02055,fluid
1324,7.13481,6.20226,,1000.25,97.0751,1990.09,,0.749554,-1.98177,,0.826266,8.27933,fluid
1325,8.11254,0.0625286,,1005.29,143.641,42164.1,,1.33052,-0.0656788,,0.202678,10.7072,fluid
1326,8.27177,0.243224,,1005.27,185.433,41991.3,,1.64912,-0.130777,,-0.242416,10.7786,fluid
1327,8.32327,0.403654,,1005.33,210.389,42477,,1.93098,-0.210972,,0.903541,10.1892,fluid
1328,8.26736,0.569177,,1005.41,217.667,43147.9,,1.68749,-0.304204,,-0.120655,8.69461,fluid
1329,8.2481,0.745538,,1005.36,204.465,42785.3,,1.7146,-0.39825,,0.0658153,7.61836,fluid
1330,8.22775,0.926525,,1005.22,188.233,41611.3,,1.66872,-0.44169,,-0.123454,7.35199,fluid
1331,8.21247,1.10013,,1005.04,185.09,40125.7,,1.65176,-0.514692,,-0.148156,7.43972,fluid
1332,8.19466,1.27909,,1004.85,188.485,38616.5,,1.63304,-0.596635,,-0.249216,7.59051,fluid
1333,8.17459,1.45798,,1004.68,187.833,37234.9,,1.61692,-0.672797,,-0.341141,7.8777,fluid
1334,8.15197,1.63725,,1004.52,184.273,35934.9,,1.59536,-0.73907,,-0.463596,7.9716,fluid
1335,8.12741,1.81962,,1004.36,182.905,34643.9,,1.57121,-0.808425,,-0.592679,7.74213,fluid
1336,8.10106,2.00349,,1004.2,182.034,33340.4,,1.5458,-0.881322,,-0.729718,7.62655,fluid
1337,8.07305,2.18835,,1004.03,178.371,32009,,1.51874,-0.952949,,-0.866212,7.68384,fluid
1338,8.04336,2.37577,,1003.86,175.023,30644.5,,1.48949,-1.01549,,-0.994671,7.70508,fluid
1339,8.01209,2.56536,,1003.69,173.394,29261.3,,1.45887,-1.08255,,-1.11181,7.71594,fluid
1340,7.97939,2.75679,,1003.51,170.447,27855.8,,1.42661,-1.15048,,-1.2139,7.77027,fluid
1341,7.9454,2.95069,,1003.33,166.191,26411.8,,1.39251,-1.21214,,-1.2969,7.82822,fluid
1342,7.91019,3.14711,,1003.15,162.295,24928.2,,1.35685,-1.27346,,-1.35458,7.88205,fluid
1343,7.87388,3.34589,,1002.96,158.268,23409.3,,1.31972,-1.33471,,-1.38379,7.94966,fluid
1344,7.83664,3.54728,,1002.76,153.332,21852.5,,1.2809,-1.39329,,-1.38284,8.02006,fluid
1345,7.79855,3.75142,,1002.56,148.018,20257.3,,1.24059,-1.45008,,-1.34944,8.08273,fluid
1346,7.75975,3.95819,,1002.36,142.987,18625,,1.19909,-1.50463,,-1.28152,8.14352,fluid
1347,7.7204,4.16779,,1002.15,137.749,16951.3,,1.15614,-1.55823,,-1.17827,8.19085,fluid
1348,7.68061,4.38023,,1001.93,131.542,15242.1,,1.11183,-1.61092,,-1.04071,8.2255,fluid
1349,7.64041,4.59547,,1001.71,125.394,13510,,1.06616,-1.65903,,-0.868671,8.25707,fluid
1350,7.59972,4.81379,,1001.49,121.353,11747.3,,1.01974,-1.7076,,-0.66676,8.26206,fluid
1351,7.55893,5.03462,,1001.26,115.53,9954.96,,0.973403,-1.75467,,-0.430701,8.26905,fluid
1352,7.51929,5.25987,,1001.03,106.719,8140.03,,0.924318,-1.79653,,-0.16784,8.19213,fluid
1353,7.47774,5.48497,,1000.8,108.279,6302.53,,0.872481,-1.85099,,0.064584,7.87532,fluid
1354,7.43012,5.71802,,1000.56,107.207,4392.69,,0.81505,-1.85898,,0.283358,7.54168,fluid
1355,7.37956,5.95273,,1000.36,76.9875,2837.63,,0.737895,-1.92712,,0.681193,8.12032,fluid
1356,7.39645,6.16328,,1000.26,99.0147,2028.67,,0.783064,-2.03069,,0.899248,8.41504,fluid
1357,8.42952,0.0601468,,1005.03,145.158,40088.7,,1.41583,-0.0698775,,0.362311,10.6495,fluid
1358,8.59355,0.238612,,1005.03,188.592,40083.9,,1.74947,-0.135462,,-0.183889,10.7302,fluid
1359,8.63916,0.397008,,1005.11,212.242,40750,,2.01703,-0.215045,,0.914803,10.0719,fluid
1360,8.57862,0.559918,,1005.21,219.52,41547.3,,1.75545,-0.311719,,-0.0915414,8.46033,fluid
1361,8.56051,0.733685,,1005.18,206.818,41290,,1.79613,-0.406065,,0.131509,7.23672,fluid
1362,8.5388,0.913423,,1005.05,190.184,40208.5,,1.74419,-0.453317,,-0.0825906,6.8957,fluid
1363,8.52278,1.08455,,1004.87,186.417,38805.8,,1.72785,-0.525531,,-0.0878468,7.0168,fluid
1364,8.50387,1.26136,,1004.7,190.057,37381.1,,1.70716,-0.609518,,-0.183299,7.14962,fluid
1365,8.48263,1.43845,,1004.54,190.222,36092.8,,1.69044,-0.688044,,-0.261881,7.41122,fluid
1366,8.45871,1.61573,,1004.39,186.972,34895.9,,1.66755,-0.755691,,-0.377994,7.5083,fluid
1367,8.4327,1.79611,,1004.24,185.434,33711.2,,1.64172,-0.827101,,-0.502552,7.28596,fluid
1368,8.40481,1.97836,,1004.09,184.885,32512,,1.61452,-0.900635,,-0.635088,7.15047,fluid
1369,8.3751,2.16151,,1003.94,181.844,31286.5,,1.58562,-0.974726,,-0.769858,7.20981,fluid
1370,8.34365,2.34726,,1003.78,178.725,30026.3,,1.55451,-1.03924,,-0.898446,7.25345,fluid
1371,8.31048,2.53539,,1003.62,177.4,28743.1,,1.52178,-1.10708,,-1.01736,7.28236,fluid
1372,8.27582,2.72545,,1003.46,175.028,27433.5,,1.48745,-1.17699,,-1.1236,7.35878,fluid
1373,8.23978,2.91801,,1003.29,171.218,26080.3,,1.45135,-1.2406,,-1.21239,7.45017,fluid
1374,8.20245,3.11325,,1003.12,167.688,24679.4,,1.41363,-1.30314,,-1.27648,7.54187,fluid
1375,8.16399,3.31096,,1002.93,164.084,23234.5,,1.37449,-1.36603,,-1.31206,7.64745,fluid
1376,8.12455,3.51135,,1002.75,159.508,21744.1,,1.33382,-1.42642,,-1.31782,7.76,fluid
1377,8.08425,3.71462,,1002.56,154.462,20206.2,,1.29177,-1.48464,,-1.29046,7.86763,fluid
1378,8.04319,3.92062,,1002.36,149.664,18621.1,,1.24858,-1.54077,,-1.22678,7.97428,fluid
1379,8.00159,4.12954,,1002.15,144.534,16984.6,,1.20404,-1.5961,,-1.12694,8.06771,fluid
1380,7.95955,4.3414,,1001.94,138.204,15303.1,,1.15816,-1.65043,,-0.991422,8.14575,fluid
1381,7.9171,4.55617,,1001.72,131.853,13590.1,,1.11115,-1.70005,,-0.820388,8.21488,fluid
1382,7.87419,4.77409,,1001.5,127.63,11837.6,,1.06338,-1.75017,,-0.618075,8.25753,fluid
1383,7.83116,4.99465,,1001.28,121.203,10046.9,,1.01542,-1.79853,,-0.377775,8.30721,fluid
1384,7.78918,5.2197,,1001.04,111.703,8225.24,,0.964709,-1.84196,,-0.110755,8.25767,fluid
1385,7.74551,5.44457,,1000.81,113.042,6373.2,,0.912096,-1.89779,,0.119553,7.93606,fluid
1386,7.69641,5.67813,,1000.56,110.687,4441.18,,0.854123,-1.90495,,0.338237,7.60118,fluid
1387,7.64428,5.91206,,1000.37,79.5514,2883.02,,0.775513,-1.97665,,0.751682,8.23573,fluid
1388,7.65852,6.12228,,1000.26,100.967,2070.91,,0.817835,-2.08081,,0.980119,8.56588,fluid
1389,8.75023,0.0576229,,1004.79,149.375,38109.5,,1.50549,-0.0737392,,0.258928,10.6012,fluid
1390,8.91975,0.233736,,1004.81,191.582,38268.9,,1.86012,-0.140762,,-0.282338,10.7005,fluid
1391,8.9578,0.39005,,1004.91,214.561,39127.6,,2.10456,-0.218624,,0.763052,10.0052,fluid
1392,8.89355,0.550204,,1005.03,222.08,40041.7,,1.83161,-0.318788,,-0.210262,8.23598,fluid
1393,8.87627,0.721107,,1005.01,210.137,39895.5,,1.88282,-0.414,,0.0516715,6.87503,fluid
1394,8.85325,0.899474,,1004.89,192.927,38904.9,,1.8255,-0.467206,,-0.176216,6.46157,fluid
1395,8.83632,1.068,,1004.72,187.9,37577.4,,1.80902,-0.537529,,-0.154196,6.62637,fluid
1396,8.81625,1.2425,,1004.55,191.463,36225.1,,1.78654,-0.623265,,-0.230165,6.74198,fluid
1397,8.79378,1.4177,,1004.4,192.526,35018.3,,1.76931,-0.704454,,-0.283525,6.97307,fluid
1398,8.76845,1.59291,,1004.27,189.61,33916,,1.74487,-0.77393,,-0.381507,7.07163,fluid
1399,8.74091,1.77113,,1004.13,187.636,32830.1,,1.71722,-0.847525,,-0.487108,6.86293,fluid
1400,8.71131,1.95163,,1003.99,187.057,31728.1,,1.68803,-0.921495,,-0.600493,6.70326,fluid
1401,8.67982,2.13303,,1003.85,184.505,30600.7,,1.65716,-0.997796,,-0.72034,6.75771,fluid
1402,8.64645,2.31701,,1003.71,181.523,29439.2,,1.62391,-1.06458,,-0.838031,6.82064,fluid
1403,8.61129,2.50358,,1003.56,180.327,28251.4,,1.58889,-1.13315,,-0.948437,6.86582,fluid
1404,8.5745,2.69221,,1003.41,178.431,27034.2,,1.5522,-1.20477,,-1.0494,6.96048,fluid
1405,8.53629,2.88338,,1003.25,175.041,25769.3,,1.51379,-1.27039,,-1.13561,7.08188,fluid
1406,8.49672,3.07737,,1003.09,171.819,24449.3,,1.47379,-1.33411,,-1.19951,7.21003,fluid
1407,8.45595,3.27397,,1002.91,168.588,23077.3,,1.43237,-1.39847,,-1.23653,7.35246,fluid
1408,8.4142,3.47335,,1002.74,164.409,21652.2,,1.38958,-1.46056,,-1.24439,7.50454,fluid
1409,8.37152,3.6757,,1002.55,159.704,20171.4,,1.34558,-1.52022,,-1.21962,7.65691,fluid
1410,8.32811,3.88091,,1002.36,155.218,18633.1,,1.30052,-1.57778,,-1.15841,7.81011,fluid
1411,8.28413,4.08914,,1002.16,150.296,17033.1,,1.25422,-1.63484,,-1.05999,7.94959,fluid
1412,8.23971,4.3004,,1001.95,143.974,15379.1,,1.20671,-1.69077,,-0.925509,8.07162,fluid
1413,8.19491,4.5147,,1001.73,137.574,13684.5,,1.15821,-1.74192,,-0.755543,8.17917,fluid
1414,8.14965,4.73221,,1001.51,133.309,11941.5,,1.10901,-1.79356,,-0.553238,8.26069,fluid
1415,8.10427,4.95251,,1001.29,126.372,10151.3,,1.05932,-1.84325,,-0.309254,8.35499,fluid
1416,8.05985,5.17738,,1001.06,116.339,8321.57,,1.00686,-1.88831,,-0.039753,8.33395,fluid
1417,8.01395,5.40202,,1000.82,117.641,6452.65,,0.953356,-1.94554,,0.186006,8.00763,fluid
1418,7.96324,5.63615,,1000.57,113.999,4495.24,,0.894718,-1.95182,,0.402961,7.67274,fluid
1419,7.90941,5.86929,,1000.37,82.0384,2932.49,,0.814516,-2.02731,,0.832059,8.36491,fluid
1420,7.92101,6.07916,,1000.27,102.932,2115.92,,0.854075,-2.13209,,1.07005,8.72891,fluid
1421,9.07477,0.0548226,,1004.55,153.533,36219.6,,1.60124,-0.0771216,,0.114,10.5809,fluid
1422,9.25097,0.228599,,1004.6,195.59,36574.6,,1.98467,-0.146685,,-0.513796,10.7819,fluid
1423,9.27952,0.38273,,1004.73,218.779,37652.7,,2.1929,-0.223252,,0.423418,9.9678,fluid
1424,9.21255,0.53997,,1004.86,225.948,38676.2,,1.9151,-0.327908,,-0.477476,8.04461,fluid
1425,9.19571,0.707754,,1004.85,214.516,38644.2,,1.97476,-0.423288,,-0.164041,6.56103,fluid
1426,9.17139,0.884516,,1004.74,196.214,37737,,1.9136,-0.48341,,-0.378354,6.07291,fluid
1427,9.15339,1.05045,,1004.58,189.562,36471.4,,1.8962,-0.550072,,-0.325995,6.28109,fluid
1428,9.13209,1.22244,,1004.42,192.914,35176.3,,1.87185,-0.638111,,-0.375184,6.38378,fluid
1429,9.10832,1.39562,,1004.28,194.855,34035.9,,1.85404,-0.722645,,-0.39267,6.58492,fluid
1430,9.08148,1.56865,,1004.15,192.207,33014.6,,1.8278,-0.793966,,-0.459086,6.68494,fluid
1431,9.05225,1.74455,,1004.03,189.593,32015.9,,1.79822,-0.869731,,-0.531859,6.49398,fluid
1432,9.02086,1.92323,,1003.9,188.676,30999.4,,1.76716,-0.944092,,-0.613744,6.30562,fluid
1433,8.98741,2.10279,,1003.77,186.494,29959.7,,1.73402,-1.02233,,-0.707883,6.34678,fluid
1434,8.95202,2.2849,,1003.64,183.565,28887.6,,1.69853,-1.09165,,-0.802539,6.42364,fluid
1435,8.91469,2.46982,,1003.5,182.287,27787.8,,1.66088,-1.16101,,-0.893817,6.48233,fluid
1436,8.87566,2.65695,,1003.36,180.697,26656.6,,1.62153,-1.23402,,-0.979429,6.58997,fluid
1437,8.8351,2.84669,,1003.21,177.669,25475.2,,1.58048,-1.30161,,-1.05439,6.73559,fluid
1438,8.79313,3.03936,,1003.06,174.696,24232.8,,1.5379,-1.36659,,-1.11087,6.8965,fluid
1439,8.74994,3.2348,,1002.9,171.767,22930.9,,1.4939,-1.43223,,-1.14393,7.07223,fluid
1440,8.70569,3.43312,,1002.73,167.986,21569.7,,1.44871,-1.49592,,-1.15052,7.26049,fluid
1441,8.66052,3.63454,,1002.55,163.692,20145.1,,1.40256,-1.55692,,-1.12582,7.45435,fluid
1442,8.6146,3.83893,,1002.36,159.583,18653.2,,1.35548,-1.61587,,-1.06523,7.65243,fluid
1443,8.56812,4.04644,,1002.16,154.941,17089.7,,1.30722,-1.67459,,-0.967974,7.83752,fluid
1444,8.5212,4.2571,,1001.96,148.743,15463.1,,1.25788,-1.73206,,-0.834873,8.00309,fluid
1445,8.47391,4.47092,,1001.75,142.467,13787,,1.20778,-1.78472,,-0.666703,8.14842,fluid
1446,8.42618,4.68803,,1001.53,138.3,12053.3,,1.15698,-1.83788,,-0.465964,8.26963,fluid
1447,8.37833,4.90808,,1001.3,130.946,10263.6,,1.10534,-1.88894,,-0.220263,8.40981,fluid
1448,8.33135,5.13278,,1001.07,120.559,8425.43,,1.05103,-1.9356,,0.0496225,8.4181,fluid
1449,8.28311,5.35722,,1000.83,122.034,6538.34,,0.996501,-1.99423,,0.267305,8.08741,fluid
1450,8.23065,5.59199,,1000.58,117.098,4552.84,,0.937015,-1.99956,,0.480311,7.75401,fluid
1451,8.175,5.82432,,1000.38,84.4247,2984.68,,0.85501,-2.07906,,0.92412,8.50509,fluid
1452,8.18394,6.03384,,1000.28,104.889,2162.59,,0.891804,-2.18449,,1.17,8.90031,fluid
1453,9.40355,0.0519031,,1004.34,155.563,34468.8,,1.7082,-0.0827622,,-0.15011,10.6249,fluid
1454,9.5877,0.223187,,1004.41,202.203,35081.8,,2.12062,-0.153396,,-0.87959,10.927,fluid
1455,9.60472,0.375011,,1004.57,223.787,36373.8,,2.28023,-0.229608,,-0.0471418,10.0099,fluid
1456,9.53567,0.529063,,1004.71,230.507,37488.1,,2.00491,-0.338372,,-0.855791,8.00966,fluid
1457,9.51931,0.693608,,1004.72,219.422,37562.9,,2.07332,-0.431849,,-0.481508,6.34667,fluid
1458,9.49361,0.868516,,1004.62,199.982,36730.3,,2.00979,-0.501579,,-0.65697,5.74016,fluid
1459,9.47434,1.03187,,1004.46,191.712,35513.2,,1.9902,-0.563649,,-0.580188,5.99008,fluid
1460,9.45171,1.2011,,1004.31,194.674,34259.2,,1.96364,-0.654427,,-0.599453,6.08917,fluid
1461,9.42659,1.3721,,1004.17,197.299,33166.5,,1.94541,-0.742822,,-0.571478,6.2677,fluid
1462,9.39805,1.54285,,1004.05,194.791,32208.4,,1.91704,-0.815892,,-0.596798,6.37165,fluid
1463,9.36706,1.7163,,1003.94,191.422,31280.6,,1.8857,-0.893552,,-0.625823,6.19914,fluid
1464,9.33369,1.893,,1003.82,189.919,30335.1,,1.85239,-0.968676,,-0.664861,5.97837,fluid
1465,9.29819,2.07066,,1003.7,187.958,29368.7,,1.81687,-1.04856,,-0.722023,5.99691,fluid
1466,9.26058,2.25078,,1003.58,184.997,28373.8,,1.77872,-1.12062,,-0.783037,6.0817,fluid
1467,9.22094,2.43396,,1003.45,183.451,27351.2,,1.73837,-1.19079,,-0.84395,6.14856,fluid
1468,9.17948,2.61953,,1003.32,181.997,26297.1,,1.69614,-1.2649,,-0.905022,6.2623,fluid
1469,9.13642,2.80776,,1003.18,179.234,25191.9,,1.65221,-1.33447,,-0.960645,6.42435,fluid
1470,9.0919,2.99906,,1003.03,176.41,24021.7,,1.60669,-1.40069,,-1.00273,6.61133,fluid
1471,9.04609,3.1933,,1002.88,173.689,22786.4,,1.55982,-1.46753,,-1.02593,6.81519,fluid
1472,8.99921,3.39054,,1002.72,170.274,21486.5,,1.51192,-1.5327,,-1.02684,7.03365,fluid
1473,8.95139,3.59098,,1002.54,166.427,20117.3,,1.46332,-1.59499,,-0.999903,7.2643,fluid
1474,8.90281,3.79454,,1002.36,162.74,18671.5,,1.41394,-1.65525,,-0.938946,7.50367,fluid
1475,8.85369,4.00132,,1002.17,158.439,17144.6,,1.36354,-1.71554,,-0.842604,7.73148,fluid
1476,8.80412,4.21136,,1001.97,152.475,15546.3,,1.31227,-1.77453,,-0.711595,7.93906,fluid
1477,8.75421,4.42471,,1001.76,146.478,13889.4,,1.26033,-1.8286,,-0.547348,8.12063,fluid
1478,8.70387,4.64142,,1001.54,142.536,12165.7,,1.20767,-1.88326,,-0.350352,8.28147,fluid
1479,8.65339,4.86124,,1001.32,134.853,10377.6,,1.15391,-1.93567,,-0.105519,8.46831,fluid
1480,8.60373,5.0858,,1001.08,124.303,8532.05,,1.09755,-1.98391,,0.161031,8.50607,fluid
1481,8.55302,5.31006,,1000.84,126.188,6626.72,,1.04178,-2.04391,,0.365901,8.17157,fluid
1482,8.49866,5.54554,,1000.59,119.956,4611.58,,0.981224,-2.04823,,0.572052,7.84184,fluid
1483,8.44111,5.77703,,1000.39,86.7069,3037.9,,0.897218,-2.13199,,1.02913,8.6525,fluid
1484,8.44731,5.98623,,1000.28,106.842,2209.63,,0.931227,-2.23805,,1.28064,9.07537,fluid
1485,9.73729,0.0488523,,1004.15,162.07,32949.2,,1.8223,-0.0876825,,-0.688192,10.7309,fluid
1486,9.93047,0.217414,,1004.25,208.036,33799.1,,2.26948,-0.160023,,-1.29395,11.1151,fluid
1487,9.9332,0.366808,,1004.44,228.055,35283,,2.3666,-0.235456,,-0.589603,10.147,fluid
1488,9.86377,0.517549,,1004.58,234.186,36476.9,,2.10675,-0.346195,,-1.2387,8.08011,fluid
1489,9.84725,0.678617,,1004.61,224.453,36659.1,,2.17951,-0.43915,,-0.839412,6.20321,fluid
1490,9.82048,0.851372,,1004.51,204.765,35899.8,,2.11643,-0.522289,,-0.985121,5.4612,fluid
1491,9.79954,1.01214,,1004.37,194.644,34722.2,,2.09141,-0.578881,,-0.898105,5.76435,fluid
1492,9.77551,1.17834,,1004.21,196.756,33492.3,,2.06262,-0.67238,,-0.880058,5.87581,fluid
1493,9.74891,1.347,,1004.08,199.813,32425.2,,2.04387,-0.764781,,-0.800694,6.03773,fluid
1494,9.71854,1.5154,,1003.97,197.513,31509.3,,2.01352,-0.839777,,-0.777829,6.14725,fluid
1495,9.68563,1.68624,,1003.86,193.421,30634.3,,1.98013,-0.919239,,-0.758592,5.99583,fluid
1496,9.65017,1.86081,,1003.75,191.082,29742.5,,1.94447,-0.995366,,-0.746964,5.7399,fluid
1497,9.61241,2.0365,,1003.63,189.128,28832.5,,1.90638,-1.0766,,-0.758171,5.7266,fluid
1498,9.57243,2.21454,,1003.52,186.014,27898.5,,1.8655,-1.15151,,-0.776121,5.81211,fluid
1499,9.53029,2.39586,,1003.4,184.018,26939.2,,1.82213,-1.2226,,-0.797065,5.8815,fluid
1500,9.48622,2.57982,,1003.27,182.547,25950.3,,1.77672,-1.29758,,-0.823698,5.99237,fluid
1501,9.44048,2.76649,,1003.14,179.973,24911.9,,1.72959,-1.36905,,-0.851157,6.16091,fluid
1502,9.3932,2.95634,,1003.01,177.177,23807,,1.68083,-1.4367,,-0.87114,6.36562,fluid
1503,9.34462,3.14934,,1002.86,174.514,22633,,1.63071,-1.50456,,-0.878217,6.58979,fluid
1504,9.2949,3.34546,,1002.7,171.403,21391.4,,1.57979,-1.57108,,-0.86901,6.83117,fluid
1505,9.24427,3.5449,,1002.54,168.005,20075.7,,1.52845,-1.63462,,-0.836778,7.09148,fluid
1506,9.19288,3.74759,,1002.36,164.744,18676,,1.47653,-1.69616,,-0.77428,7.36628,fluid
1507,9.14096,3.95362,,1002.18,160.789,17186.6,,1.42375,-1.75796,,-0.679031,7.63221,fluid
1508,9.0886,4.16304,,1001.98,155.149,15618,,1.37026,-1.81831,,-0.551332,7.87789,fluid
1509,9.03589,4.37592,,1001.77,149.601,13982.2,,1.31628,-1.87377,,-0.392984,8.09289,fluid
1510,8.98279,4.59224,,1001.56,145.988,12270.4,,1.26156,-1.92987,,-0.202431,8.29256,fluid
1511,8.92955,4.81186,,1001.33,138.045,10486.3,,1.20536,-1.98361,,0.0382551,8.52616,fluid
1512,8.87706,5.03631,,1001.1,127.539,8635.89,,1.1467,-2.03337,,0.29716,8.59323,fluid
1513,8.82375,5.26041,,1000.85,130.079,6713.6,,1.0895,-2.09468,,0.484508,8.25592,fluid
1514,8.76733,5.49668,,1000.59,122.538,4668.35,,1.02754,-2.09787,,0.680123,7.93217,fluid
1515,8.70775,5.72733,,1000.39,88.8727,3090.09,,0.94129,-2.18614,,1.14796,8.80246,fluid
1516,8.71116,5.93621,,1000.29,108.788,2255.52,,0.972517,-2.29283,,1.40189,9.2487,fluid
1517,10.0766,0.0455197,,1003.98,170.037,31620.4,,1.94305,-0.0918442,,-1.15681,10.8389,fluid
1518,10.2797,0.211397,,1004.11,213.677,32687.8,,2.43733,-0.165672,,-1.67266,11.3896,fluid
1519,10.2655,0.358124,,1004.32,232.414,34365.5,,2.45602,-0.241814,,-1.16202,10.3647,fluid
1520,10.1976,0.505446,,1004.48,238.719,35647,,2.22464,-0.354168,,-1.63696,8.17008,fluid
1521,10.1801,0.662733,,1004.52,231.595,35950.8,,2.29451,-0.447906,,-1.25689,6.16605,fluid
1522,10.1524,0.832821,,1004.43,211.018,35269.2,,2.23393,-0.547638,,-1.34627,5.24778,fluid
1523,10.1295,0.991155,,1004.29,198.152,34117.2,,2.20112,-0.595776,,-1.25225,5.61259,fluid
1524,10.1039,1.15407,,1004.14,198.91,32890.2,,2.16989,-0.691591,,-1.19728,5.758,fluid
1525,10.0757,1.3202,,1004.01,202.263,31823.1,,2.15045,-0.788386,,-1.0692,5.90974,fluid
1526,10.0434,1.48616,,1003.89,200.469,30925.8,,2.11788,-0.865529,,-0.996007,6.02086,fluid
1527,10.0083,1.65425,,1003.79,195.912,30084.2,,2.08224,-0.946681,,-0.925721,5.8941,fluid
1528,9.97061,1.8265,,1003.68,192.538,29228.2,,2.04412,-1.02442,,-0.858414,5.60554,fluid
1529,9.93042,2.00017,,1003.57,190.331,28355.3,,2.00331,-1.10645,,-0.815539,5.55074,fluid
1530,9.88785,2.17603,,1003.46,186.993,27463.8,,1.95941,-1.18429,,-0.784109,5.62842,fluid
1531,9.84302,2.35537,,1003.35,184.386,26550.9,,1.91283,-1.25664,,-0.758056,5.69527,fluid
1532,9.79615,2.53763,,1003.23,182.703,25612.4,,1.86402,-1.33212,,-0.741952,5.79496,fluid
1533,9.7475,2.72268,,1003.11,180.224,24628.8,,1.81336,-1.40547,,-0.732079,5.9587,fluid
1534,9.69728,2.91104,,1002.98,177.337,23579.9,,1.7611,-1.47467,,-0.721416,6.16996,fluid
1535,9.64571,3.10273,,1002.84,174.554,22460.7,,1.70745,-1.54353,,-0.70546,6.40548,fluid
1536,9.59299,3.2977,,1002.69,171.617,21272.7,,1.65314,-1.61119,,-0.680308,6.65987,fluid
1537,9.53936,3.4961,,1002.53,168.639,20008.6,,1.59871,-1.67596,,-0.638479,6.94084,fluid
1538,9.48498,3.6979,,1002.36,165.775,18654.6,,1.54397,-1.73881,,-0.571418,7.24304,fluid
1539,9.43008,3.90318,,1002.18,162.128,17203.7,,1.48848,-1.80207,,-0.476229,7.54028,fluid
1540,9.37475,4.11197,,1001.98,156.845,15667.1,,1.43253,-1.86369,,-0.35214,7.81844,fluid
1541,9.31909,4.32439,,1001.78,151.871,14054.8,,1.37623,-1.92044,,-0.20199,8.06195,fluid
1542,9.26306,4.54035,,1001.57,148.655,12358,,1.31908,-1.97795,,-0.0206222,8.29883,fluid
1543,9.20688,4.75979,,1001.34,140.494,10582,,1.26009,-2.03296,,0.212837,8.57859,fluid
1544,9.15141,4.98416,,1001.11,130.25,8730.71,,1.19886,-2.08411,,0.459593,8.67412,fluid
1545,9.09533,5.20815,,1000.86,133.705,6794.33,,1.13993,-2.14667,,0.624272,8.33569,fluid
1546,9.03671,5.44532,,1000.6,124.823,4719.69,,1.07623,-2.14858,,0.805321,8.02047,fluid
1547,8.97494,5.6751,,1000.4,90.9273,3138.95,,0.987435,-2.24162,,1.28098,8.94943,fluid
1548,8.97553,5.88369,,1000.29,110.727,2298.61,,1.01581,-2.3489,,1.53346,9.41407,fluid
1549,10.4219,0.0419172,,1003.84,171.265,30463.7,,2.0769,-0.0983212,,-1.61174,11.0282,fluid
1550,10.6357,0.205182,,1004.01,221.79,31813.4,,2.61628,-0.171998,,-2.1118,11.6901,fluid
1551,10.6033,0.34892,,1004.23,238.055,33653.6,,2.55238,-0.25024,,-1.76233,10.6451,fluid
1552,10.5373,0.492562,,1004.4,246.297,35020.9,,2.35405,-0.364142,,-2.10381,8.45428,fluid
1553,10.5185,0.64578,,1004.46,239.522,35446.5,,2.41813,-0.457203,,-1.66402,6.25514,fluid
1554,10.49,0.812656,,1004.38,218.046,34843.4,,2.36362,-0.576745,,-1.69348,5.13639,fluid
1555,10.4645,0.968841,,1004.24,201.975,33703.6,,2.32037,-0.613687,,-1.60558,5.52809,fluid
1556,10.4374,1.12823,,1004.09,201.416,32462.1,,2.28715,-0.711362,,-1.52547,5.7269,fluid
1557,10.4074,1.29157,,1003.95,205.047,31372.9,,2.26584,-0.813557,,-1.36559,5.88339,fluid
1558,10.3729,1.45501,,1003.84,203.951,30470.8,,2.23087,-0.89335,,-1.24559,5.99796,fluid
1559,10.3356,1.62025,,1003.73,199.118,29641.1,,2.1927,-0.97577,,-1.12667,5.90106,fluid
1560,10.2954,1.78994,,1003.63,194.552,28800.5,,2.15184,-1.05572,,-1.00334,5.5884,fluid
1561,10.2526,1.96149,,1003.52,191.821,27943.7,,2.10826,-1.13812,,-0.902981,5.4812,fluid
1562,10.2072,2.1351,,1003.41,188.278,27074.4,,2.06105,-1.21877,,-0.817635,5.54034,fluid
1563,10.1595,2.31235,,1003.3,185.026,26189.4,,2.01117,-1.29276,,-0.738799,5.59869,fluid
1564,10.1096,2.4928,,1003.19,182.929,25284.3,,1.95872,-1.36875,,-0.673078,5.68134,fluid
1565,10.0578,2.67619,,1003.07,180.383,24340.3,,1.90426,-1.44371,,-0.618402,5.83026,fluid
1566,10.0044,2.86298,,1002.95,177.276,23335.5,,1.84809,-1.51467,,-0.568986,6.03597,fluid
1567,9.94963,3.05331,,1002.81,174.216,22262.2,,1.79061,-1.58454,,-0.521726,6.27153,fluid
1568,9.89369,3.24709,,1002.67,171.309,21121.7,,1.73259,-1.65321,,-0.473278,6.52827,fluid
1569,9.83685,3.44442,,1002.52,168.649,19905.2,,1.67477,-1.7192,,-0.415183,6.81824,fluid
1570,9.77929,3.6453,,1002.35,166.089,18595.8,,1.61682,-1.78341,,-0.338628,7.13793,fluid
1571,9.72123,3.84981,,1002.18,162.664,17184.7,,1.55834,-1.84812,,-0.239893,7.45772,fluid
1572,9.66274,4.05798,,1001.99,157.74,15682.6,,1.4996,-1.91088,,-0.118119,7.76037,fluid
1573,9.60394,4.26995,,1001.79,153.438,14097.1,,1.44066,-1.96889,,0.0231227,8.02582,fluid
1574,9.54477,4.48556,,1001.58,150.624,12419.2,,1.38073,-2.0277,,0.193856,8.29637,fluid
1575,9.48546,4.70487,,1001.35,142.244,10656.6,,1.31855,-2.08393,,0.417405,8.6206,fluid
1576,9.42684,4.92922,,1001.12,132.462,8810.09,,1.25438,-2.13637,,0.647641,8.7432,fluid
1577,9.36784,5.15312,,1000.87,137.083,6863.99,,1.19339,-2.20002,,0.785051,8.40559,fluid
1578,9.30682,5.39131,,1000.61,126.799,4762.12,,1.1275,-2.20044,,0.947138,8.1017,fluid
1579,9.24271,5.6202,,1000.4,92.8805,3182.11,,1.03586,-2.29855,,1.42782,9.08757,fluid
1580,9.24041,5.82854,,1000.3,112.668,2337.18,,1.06127,-2.40638,,1.67465,9.56495,fluid
1581,10.7741,0.0381327,,1003.72,183.224,29556.7,,2.21851,-0.102755,,-2.26333,11.2459,fluid
1582,10.9985,0.198671,,1003.92,226.569,31114,,2.80323,-0.176352,,-2.48037,12.0751,fluid
1583,10.9473,0.339087,,1004.16,242.427,33090.8,,2.66357,-0.258746,,-2.2736,11.0083,fluid
1584,10.8839,0.478923,,1004.35,250.691,34552.5,,2.49977,-0.371451,,-2.41064,8.81865,fluid
1585,10.8628,0.627783,,1004.41,246.855,35106.5,,2.5539,-0.465675,,-2.03189,6.41567,fluid
1586,10.8338,0.790753,,1004.35,225.608,34599.5,,2.5079,-0.60797,,-2.0145,5.11367,fluid
1587,10.8054,0.945161,,1004.21,206.636,33472.5,,2.45181,-0.632605,,-1.95497,5.48327,fluid
1588,10.7764,1.10075,,1004.05,204.939,32210.9,,2.41473,-0.731457,,-1.86613,5.75598,fluid
1589,10.7445,1.26099,,1003.91,208.672,31083.6,,2.39031,-0.839743,,-1.6857,5.94482,fluid
1590,10.7077,1.4218,,1003.8,208.322,30156.1,,2.35348,-0.923011,,-1.51877,6.07639,fluid
1591,10.6679,1.58408,,1003.69,203.362,29318.7,,2.3123,-1.00624,,-1.3582,6.01716,fluid
1592,10.625,1.75099,,1003.59,197.537,28474.1,,2.2687,-1.08877,,-1.18369,5.69327,fluid
1593,10.5793,1.92032,,1003.48,193.987,27612,,2.22194,-1.17145,,-1.02948,5.52375,fluid
1594,10.5309,2.09161,,1003.37,190.303,26742.8,,2.17139,-1.25468,,-0.891887,5.55331,fluid
1595,10.48,2.26661,,1003.26,186.486,25865,,2.1179,-1.33093,,-0.757654,5.59927,fluid
1596,10.4268,2.44516,,1003.15,183.847,24974.2,,2.06159,-1.40742,,-0.638208,5.65915,fluid
1597,10.3717,2.62681,,1003.04,181.075,24052.6,,2.00302,-1.48383,,-0.532261,5.78468,fluid
1598,10.3149,2.81197,,1002.91,177.568,23077.1,,1.94263,-1.55668,,-0.436975,5.97343,fluid
1599,10.2566,3.00088,,1002.78,174.022,22037.8,,1.88095,-1.62765,,-0.350269,6.19774,fluid
1600,10.1973,3.19344,,1002.65,170.965,20935.4,,1.8189,-1.69723,,-0.269421,6.44509,fluid
1601,10.137,3.38966,,1002.5,168.502,19760.4,,1.75736,-1.7644,,-0.186526,6.73128,fluid
1602,10.076,3.5896,,1002.34,166.101,18492.6,,1.69597,-1.83015,,-0.0925614,7.05606,fluid
1603,10.0146,3.79331,,1002.17,162.717,17121.4,,1.63408,-1.89634,,0.0158632,7.38789,fluid
1604,9.95273,4.00086,,1001.98,158.075,15655.6,,1.57215,-1.96011,,0.139392,7.70529,fluid
1605,9.89056,4.2124,,1001.79,154.499,14100,,1.51017,-2.01932,,0.273842,7.98371,fluid
1606,9.82807,4.42771,,1001.58,152.036,12445.5,,1.447,-2.07942,,0.434802,8.28301,fluid
1607,9.76541,4.64692,,1001.36,143.381,10702.7,,1.38117,-2.1368,,0.647664,8.6482,fluid
1608,9.70344,4.8713,,1001.13,134.251,8867.87,,1.31363,-2.19036,,0.85845,8.79528,fluid
1609,9.64134,5.09517,,1000.88,140.274,6917.72,,1.2502,-2.25486,,0.964587,8.46025,fluid
1610,9.57771,5.33453,,1000.61,128.473,4792.1,,1.18162,-2.25369,,1.10409,8.17112,fluid
1611,9.51112,5.56251,,1000.41,94.7464,3217.21,,1.08674,-2.35713,,1.58719,9.21103,fluid
1612,9.50584,5.77064,,1000.3,114.63,2369.53,,1.10909,-2.46542,,1.82416,9.69501,fluid
1613,11.1338,0.0340742,,1003.63,186.887,28784.3,,2.37458,-0.108655,,-2.51668,11.3106,fluid
1614,11.3689,0.191866,,1003.85,234.246,30548.7,,3.00282,-0.181642,,-2.84255,12.4133,fluid
1615,11.2987,0.328605,,1004.11,246.636,32650.5,,2.7996,-0.267589,,-2.57561,11.4347,fluid
1616,11.2385,0.464567,,1004.31,258.239,34228.4,,2.66947,-0.379499,,-2.69538,9.24818,fluid
1617,11.2135,0.608763,,1004.39,257.24,34935.7,,2.70031,-0.47627,,-2.41201,6.67371,fluid
1618,11.1848,0.767,,1004.35,235.78,34554.7,,2.66847,-0.64151,,-2.3369,5.1935,fluid
1619,11.1525,0.919959,,1004.21,212.781,33443.9,,2.59383,-0.654192,,-2.32125,5.45454,fluid
1620,11.1218,1.07162,,1004.05,209.224,32151.1,,2.55399,-0.751622,,-2.21919,5.82804,fluid
1621,11.0875,1.22834,,1003.9,212.55,30964.5,,2.52443,-0.865998,,-2.02825,6.08073,fluid
1622,11.0484,1.38641,,1003.78,213.196,29987.1,,2.48669,-0.953325,,-1.81198,6.24808,fluid
1623,11.0058,1.54565,,1003.67,208.715,29124.2,,2.44217,-1.03719,,-1.61535,6.23374,fluid
1624,10.96,1.7095,,1003.56,202.031,28262.5,,2.39552,-1.12292,,-1.39768,5.91409,fluid
1625,10.9112,1.87647,,1003.45,197.403,27379.5,,2.34541,-1.20637,,-1.19647,5.67424,fluid
1626,10.8595,2.04536,,1003.34,193.476,26490.6,,2.29107,-1.292,,-1.0152,5.66454,fluid
1627,10.8051,2.21798,,1003.23,189.123,25598.1,,2.23349,-1.37098,,-0.832097,5.69678,fluid
1628,10.7484,2.39451,,1003.12,185.828,24699.4,,2.17307,-1.44812,,-0.658185,5.73274,fluid
1629,10.6896,2.57435,,1003,182.751,23780,,2.11009,-1.52572,,-0.49778,5.82742,fluid
1630,10.629,2.75782,,1002.88,178.802,22816.6,,2.0452,-1.60062,,-0.35081,5.98871,fluid
1631,10.5671,2.94525,,1002.75,174.624,21796.9,,1.97905,-1.67291,,-0.217369,6.19159,fluid
1632,10.504,3.13652,,1002.62,171.198,20720.1,,1.91277,-1.74331,,-0.095559,6.41972,fluid
1633,10.4401,3.3316,,1002.48,168.738,19576.5,,1.84724,-1.81171,,0.0222104,6.68923,fluid
1634,10.3755,3.53056,,1002.32,166.332,18344.4,,1.78202,-1.87919,,0.143795,7.0052,fluid
1635,10.3104,3.73347,,1002.15,162.799,17011,,1.71638,-1.94696,,0.270948,7.33662,fluid
1636,10.2449,3.94041,,1001.97,158.29,15582,,1.65087,-2.01165,,0.403433,7.65699,fluid
1637,10.1791,4.15154,,1001.78,155.394,14058.1,,1.58535,-2.07204,,0.535908,7.93751,fluid
1638,10.1131,4.36658,,1001.58,153.122,12430.9,,1.51846,-2.13337,,0.69089,8.25908,fluid
1639,10.0468,4.58575,,1001.36,144.056,10714.2,,1.44837,-2.19185,,0.895335,8.65957,fluid
1640,9.98129,4.81023,,1001.13,135.734,8898.66,,1.37697,-2.24632,,1.08553,8.82651,fluid
1641,9.91588,5.03415,,1000.88,143.364,6951.07,,1.3107,-2.31141,,1.15848,8.49534,fluid
1642,9.84943,5.27482,,1000.61,129.877,4806.35,,1.23884,-2.30846,,1.2733,8.2243,fluid
1643,9.78016,5.50187,,1000.41,96.5728,3242.09,,1.14037,-2.41756,,1.7567,9.31427,fluid
1644,9.77185,5.70983,,1000.3,116.639,2394.17,,1.15948,-2.52622,,1.97974,9.79857,fluid
1645,11.5019,0.0296193,,1003.55,196.197,28148.1,,2.54029,-0.113634,,-3.09589,11.6717,fluid
1646,11.7477,0.184704,,1003.8,240.269,30133.2,,3.21014,-0.186097,,-3.2008,12.8665,fluid
1647,11.6595,0.31751,,1004.07,254.25,32344.7,,2.96266,-0.277074,,-2.86428,11.8955,fluid
1648,11.6013,0.449378,,1004.28,267.847,34050.2,,2.85367,-0.387111,,-2.91392,9.7811,fluid
1649,11.5717,0.58865,,1004.39,268.054,34920.2,,2.85925,-0.48911,,-2.69428,7.0447,fluid
1650,11.5437,0.74124,,1004.36,247.946,34693.9,,2.8442,-0.674423,,-2.60308,5.41208,fluid
1651,11.5067,0.893132,,1004.23,220.382,33612.1,,2.74864,-0.677928,,-2.64663,5.42793,fluid
1652,11.4741,1.04075,,1004.06,214.379,32286.9,,2.70575,-0.771372,,-2.54376,5.91388,fluid
1653,11.4372,1.19359,,1003.91,216.641,31025.5,,2.67114,-0.890917,,-2.35968,6.26262,fluid
1654,11.3954,1.34869,,1003.78,218.337,29975.7,,2.63139,-0.983446,,-2.11436,6.48742,fluid
1655,11.3499,1.50488,,1003.66,215.03,29067.9,,2.58387,-1.06809,,-1.88975,6.52773,fluid
1656,11.3009,1.66541,,1003.55,208.174,28177.5,,2.53383,-1.15757,,-1.64187,6.23355,fluid
1657,11.2487,1.82976,,1003.44,202.375,27263.2,,2.47959,-1.24276,,-1.40368,5.92325,fluid
1658,11.1934,1.99621,,1003.32,198.121,26340.4,,2.42121,-1.33035,,-1.18533,5.86179,fluid
1659,11.1352,2.1663,,1003.21,193.345,25415.6,,2.35915,-1.41257,,-0.964282,5.88006,fluid
1660,11.0746,2.34063,,1003.09,189.26,24488,,2.29428,-1.49077,,-0.742721,5.89738,fluid
1661,11.0119,2.51858,,1002.97,185.687,23548.2,,2.22628,-1.56936,,-0.533745,5.95834,fluid
1662,10.9473,2.70031,,1002.85,181.284,22576.4,,2.15638,-1.64634,,-0.334697,6.08384,fluid
1663,10.8813,2.88617,,1002.72,176.483,21558.9,,2.08552,-1.72024,,-0.149791,6.25609,fluid
1664,10.8143,3.0761,,1002.59,172.56,20492.1,,2.01482,-1.79159,,0.020733,6.45695,fluid
1665,10.7464,3.27001,,1002.45,169.869,19366,,1.9451,-1.86129,,0.182789,6.69967,fluid
1666,10.6779,3.46795,,1002.3,167.219,18159.4,,1.87571,-1.93073,,0.34238,6.99467,fluid
1667,10.6089,3.67004,,1002.13,163.34,16858.1,,1.80588,-2.00022,,0.499493,7.31229,fluid
1668,10.5395,3.87639,,1001.96,158.839,15463.6,,1.73638,-2.06575,,0.651136,7.62189,fluid
1669,10.4699,4.08714,,1001.77,156.546,13971.1,,1.66683,-2.12733,,0.789892,7.89225,fluid
1670,10.3999,4.30196,,1001.57,154.203,12373.7,,1.59561,-2.18983,,0.946654,8.22774,fluid
1671,10.3299,4.52116,,1001.36,144.514,10688.7,,1.52062,-2.24935,,1.14806,8.65593,fluid
1672,10.2605,4.74582,,1001.13,137.11,8899.52,,1.44482,-2.30456,,1.31927,8.8357,fluid
1673,10.1916,4.96988,,1000.88,146.49,6961.01,,1.37524,-2.36987,,1.35999,8.50817,fluid
1674,10.122,5.21203,,1000.61,131.058,4802.45,,1.29949,-2.36499,,1.44994,8.25809,fluid
1675,10.0499,5.43811,,1000.41,98.4183,3254.96,,1.19698,-2.48006,,1.93284,9.39268,fluid
1676,10.0385,5.64597,,1000.31,118.737,2409.85,,1.21262,-2.58895,,2.1386,9.87101,fluid
1677,11.879,0.0249166,,1003.49,202.528,27644.5,,2.71946,-0.119546,,-3.16777,11.6901,fluid
1678,12.1359,0.177177,,1003.75,249.477,29788.7,,3.43672,-0.192763,,-3.47551,13.237,fluid
1679,12.0309,0.305783,,1004.04,258.55,32115.3,,3.1624,-0.285986,,-2.86803,12.4608,fluid
1680,11.9736,0.433434,,1004.27,274.463,33958.9,,3.06629,-0.394416,,-2.94011,10.4126,fluid
1681,11.9383,0.567341,,1004.4,278.628,35000.5,,3.03438,-0.502385,,-2.98455,7.53847,fluid
1682,11.9113,0.713587,,1004.4,260.25,34959.9,,3.03738,-0.700345,,-2.8204,5.82908,fluid
1683,11.8688,0.864575,,1004.27,229.234,33934.3,,2.91753,-0.705037,,-2.93606,5.35852,fluid
1684,11.834,1.00817,,1004.1,221.129,32590.8,,2.87143,-0.790474,,-2.82484,5.97948,fluid
1685,11.7943,1.15671,,1003.94,222.117,31257.9,,2.83056,-0.914335,,-2.65587,6.44297,fluid
1686,11.7497,1.30857,,1003.8,224.619,30126,,2.78989,-1.01309,,-2.39145,6.75371,fluid
1687,11.701,1.46162,,1003.68,222.665,29161.5,,2.73934,-1.09917,,-2.14771,6.8688,fluid
1688,11.6485,1.61856,,1003.56,215.96,28232.9,,2.68543,-1.19248,,-1.88257,6.63169,fluid
1689,11.5926,1.78002,,1003.44,208.737,27276.9,,2.62659,-1.28045,,-1.62098,6.26722,fluid
1690,11.5334,1.9439,,1003.32,203.948,26307.7,,2.56313,-1.3696,,-1.378,6.13934,fluid
1691,11.4711,2.11135,,1003.2,199.121,25337.2,,2.49602,-1.45512,,-1.13077,6.13965,fluid
1692,11.4062,2.28332,,1003.08,194.453,24366.1,,2.42588,-1.53537,,-0.877363,6.14187,fluid
1693,11.3391,2.45926,,1002.95,190.269,23388.3,,2.3524,-1.61498,,-0.629319,6.17185,fluid
1694,11.2701,2.63918,,1002.83,185.367,22387.8,,2.27703,-1.69385,,-0.388997,6.25635,fluid
1695,11.1998,2.82341,,1002.7,179.994,21352.2,,2.20124,-1.76967,,-0.156951,6.39083,fluid
1696,11.1285,3.01191,,1002.56,175.556,20276.9,,2.12601,-1.84219,,0.063692,6.55901,fluid
1697,11.0564,3.20459,,1002.42,172.458,19151.7,,2.05187,-1.91334,,0.275357,6.76791,fluid
1698,10.9836,3.4015,,1002.27,169.3,17956.9,,1.97795,-1.985,,0.481031,7.03155,fluid
1699,10.9104,3.60277,,1002.11,164.823,16677.8,,1.90345,-2.05638,,0.677612,7.32403,fluid
1700,10.8368,3.80853,,1001.94,160.168,15310.5,,1.82942,-2.12269,,0.858449,7.60946,fluid
1701,10.763,4.01893,,1001.75,158.358,13845,,1.75524,-2.18545,,1.01378,7.85609,fluid
1702,10.6889,4.23361,,1001.56,155.598,12276.7,,1.67897,-2.24912,,1.18308,8.19614,fluid
1703,10.6146,4.45291,,1001.35,145.007,10627.2,,1.59838,-2.30964,,1.39063,8.64238,fluid
1704,10.5412,4.67783,,1001.13,138.631,8870.2,,1.51752,-2.36535,,1.54805,8.82494,fluid
1705,10.4684,4.90214,,1000.88,149.85,6946.48,,1.44426,-2.4305,,1.56026,8.4986,fluid
1706,10.3956,5.14596,,1000.61,132.07,4779.22,,1.36383,-2.4235,,1.6278,8.27138,fluid
1707,10.3204,5.37105,,1000.41,100.344,3254.8,,1.25679,-2.54496,,2.11132,9.44377,fluid
1708,10.3057,5.5789,,1000.31,120.959,2415.87,,1.26865,-2.65388,,2.29668,9.91076,fluid
1709,12.2663,0.0198224,,1003.42,216.728,27148.8,,2.91471,-0.125479,,-3.66502,12.1938,fluid
1710,12.5354,0.169236,,1003.71,260.311,29437.3,,3.67308,-0.197679,,-3.75449,13.8222,fluid
1711,12.4134,0.293353,,1004.02,272.132,31923.8,,3.39424,-0.296563,,-2.81105,13.0633,fluid
1712,12.3581,0.416905,,1004.27,288.359,33959.5,,3.31449,-0.401335,,-2.7997,11.0807,fluid
1713,12.3136,0.544811,,1004.43,293.025,35200.3,,3.21926,-0.519282,,-3.23588,8.20059,fluid
1714,12.289,0.684303,,1004.45,277.022,35382.2,,3.25258,-0.717172,,-2.96157,6.44838,fluid
1715,12.2399,0.833931,,1004.33,240.424,34437.5,,3.10295,-0.741012,,-3.17165,5.25588,fluid
1716,12.2026,0.973818,,1004.16,228.347,33068.5,,3.05162,-0.809996,,-3.05046,6.04502,fluid
1717,12.1599,1.11765,,1003.98,227.344,31649.6,,3.00435,-0.93538,,-2.89471,6.64369,fluid
1718,12.112,1.26592,,1003.83,230.652,30416.7,,2.96221,-1.04172,,-2.61139,7.04241,fluid
1719,12.06,1.41575,,1003.7,230.858,29384.4,,2.9105,-1.13061,,-2.33898,7.24136,fluid
1720,12.0037,1.56888,,1003.58,225.102,28418.4,,2.85271,-1.22761,,-2.06206,7.08918,fluid
1721,11.9437,1.72707,,1003.46,216.401,27422.4,,2.78863,-1.31938,,-1.7924,6.69736,fluid
1722,11.8801,1.88825,,1003.33,210.443,26400.5,,2.71921,-1.40989,,-1.54379,6.49053,fluid
1723,11.8133,2.05296,,1003.2,205.683,25373.3,,2.64591,-1.4985,,-1.29264,6.4637,fluid
1724,11.7438,2.22235,,1003.07,200.794,24348.1,,2.56932,-1.5817,,-1.02773,6.45673,fluid
1725,11.6719,2.39615,,1002.95,196.117,23321.2,,2.48955,-1.66276,,-0.758509,6.45807,fluid
1726,11.5981,2.57418,,1002.81,190.833,22278.4,,2.40811,-1.74354,,-0.490135,6.49951,fluid
1727,11.5231,2.75668,,1002.68,185.046,21207.3,,2.32703,-1.82144,,-0.223686,6.59091,fluid
1728,11.4471,2.94365,,1002.54,180.187,20103.7,,2.24709,-1.89552,,0.0387193,6.7245,fluid
1729,11.3704,3.13503,,1002.4,176.631,18960.4,,2.16826,-1.96831,,0.297395,6.898,fluid
1730,11.2931,3.33089,,1002.25,172.848,17761.8,,2.08937,-2.04237,,0.55175,7.12323,fluid
1731,11.2153,3.53132,,1002.09,167.684,16492.6,,2.00977,-2.11577,,0.793139,7.38006,fluid
1732,11.1371,3.73653,,1001.92,162.796,15141.9,,1.93076,-2.18278,,1.00974,7.62893,fluid
1733,11.0587,3.94663,,1001.74,161.286,13694.4,,1.85127,-2.24678,,1.1897,7.84022,fluid
1734,10.9801,4.16124,,1001.54,157.637,12150.4,,1.76914,-2.31156,,1.38242,8.17525,fluid
1735,10.9013,4.38074,,1001.34,145.806,10536.3,,1.68207,-2.37306,,1.60775,8.62791,fluid
1736,10.8234,4.60603,,1001.12,140.545,8814.36,,1.59552,-2.42904,,1.75881,8.8006,fluid
1737,10.7467,4.83073,,1000.88,153.652,6908.8,,1.51815,-2.49353,,1.74939,8.46982,fluid
1738,10.6702,5.07645,,1000.6,133.001,4736.94,,1.43222,-2.48428,,1.80019,8.26532,fluid
1739,10.5917,5.3005,,1000.41,102.469,3241.9,,1.32017,-2.61264,,2.28811,9.46702,fluid
1740,10.5736,5.50842,,1000.31,123.376,2412.64,,1.3279,-2.72136,,2.4516,9.91778,fluid
1741,12.6643,0.0143259,,1003.36,214.043,26663.7,,3.12049,-0.133196,,-3.67447,12.3928,fluid
1742,12.9476,0.160835,,1003.68,269.155,29185.7,,3.93623,-0.203573,,-4.16672,14.3549,fluid
1743,12.8098,0.280336,,1003.99,277.058,31715.6,,3.66792,-0.303677,,-2.59369,13.737,fluid
1744,12.7553,0.399625,,1004.27,298.705,33912.1,,3.59645,-0.405725,,-2.56494,11.9279,fluid
1745,12.6995,0.521194,,1004.45,306.486,35361.7,,3.41906,-0.53395,,-3.4603,9.0063,fluid
1746,12.678,0.653714,,1004.5,296.092,35817.4,,3.48996,-0.719814,,-2.93834,7.24874,fluid
1747,12.6213,0.800761,,1004.41,255.833,35045.4,,3.30833,-0.788051,,-3.25167,5.1828,fluid
1748,12.5807,0.937591,,1004.24,237.255,33682.6,,3.25109,-0.831323,,-3.09685,6.10083,fluid
1749,12.5348,1.07639,,1004.05,232.385,32183,,3.19684,-0.95355,,-2.99148,6.86192,fluid
1750,12.4836,1.22068,,1003.88,235.465,30826.2,,3.15276,-1.06798,,-2.7156,7.3693,fluid
1751,12.4279,1.3671,,1003.74,238.366,29702.4,,3.09981,-1.16231,,-2.42337,7.65712,fluid
1752,12.3676,1.51628,,1003.62,235.015,28693.9,,3.03906,-1.26258,,-2.13292,7.60095,fluid
1753,12.3031,1.67078,,1003.49,225.836,27669.2,,2.96926,-1.35919,,-1.8575,7.20896,fluid
1754,12.2347,1.82903,,1003.36,218.072,26604.2,,2.89288,-1.45144,,-1.60946,6.90896,fluid
1755,12.1629,1.99091,,1003.22,212.901,25520.9,,2.81188,-1.5425,,-1.37299,6.84059,fluid
1756,12.0882,2.15753,,1003.09,207.831,24436.7,,2.72734,-1.62955,,-1.12214,6.83042,fluid
1757,12.011,2.32896,,1002.95,202.74,23354.9,,2.63993,-1.71298,,-0.855577,6.81153,fluid
1758,11.932,2.50498,,1002.81,197.322,22263.3,,2.55175,-1.7955,,-0.581929,6.80757,fluid
1759,11.8518,2.68566,,1002.67,191.444,21147.2,,2.46484,-1.87574,,-0.302641,6.84897,fluid
1760,11.7708,2.871,,1002.53,186.257,20001,,2.37975,-1.95198,,-0.0184896,6.94652,fluid
1761,11.6891,3.061,,1002.38,182.116,18821.9,,2.29561,-2.02676,,0.271332,7.08775,fluid
1762,11.6068,3.25576,,1002.23,177.598,17602,,2.21105,-2.1033,,0.565184,7.27358,fluid
1763,11.524,3.45537,,1002.07,171.856,16328,,2.12578,-2.17873,,0.848229,7.48688,fluid
1764,11.4407,3.66007,,1001.9,166.915,14980.4,,2.04119,-2.24644,,1.10056,7.6882,fluid
1765,11.3573,3.86993,,1001.72,165.585,13538.5,,1.95555,-2.3117,,1.30924,7.85653,fluid
1766,11.2738,4.08457,,1001.52,160.54,12010.2,,1.86657,-2.37747,,1.53505,8.17887,fluid
1767,11.1901,4.30437,,1001.32,147.194,10428.1,,1.77223,-2.43992,,1.78825,8.62499,fluid
1768,11.1074,4.53015,,1001.11,143.163,8739.97,,1.67926,-2.49598,,1.94151,8.77141,fluid
1769,11.0263,4.75541,,1000.87,158.121,6852.35,,1.59736,-2.55917,,1.91823,8.42858,fluid
1770,10.9458,5.00329,,1000.59,133.872,4677.45,,1.50498,-2.54757,,1.96073,8.24535,fluid
1771,10.8638,5.22624,,1000.41,104.882,3217.58,,1.38734,-2.6834,,2.45821,9.46661,fluid
1772,10.8423,5.43433,,1000.31,126.064,2401.48,,1.39069,-2.79171,,2.60099,9.89629,fluid
1773,13.0747,0.00842503,,1003.32,239.428,26355,,3.3469,-0.136146,,-3.98617,12.6806,fluid
1774,13.3737,0.15202,,1003.64,288.135,28870.2,,4.22232,-0.211026,,-4.11748,14.9714,fluid
1775,13.2227,0.266884,,1003.97,290.641,31567.3,,3.99314,-0.311613,,-2.23486,14.5793,fluid
1776,13.166,0.381696,,1004.26,309.08,33903,,3.91537,-0.409798,,-2.20787,12.8424,fluid
1777,13.0975,0.496559,,1004.46,319.98,35506.7,,3.63946,-0.546305,,-3.70711,10.1284,fluid
1778,13.0802,0.622345,,1004.55,313.505,36212.3,,3.75709,-0.70571,,-2.77831,8.24409,fluid
1779,13.0142,0.764682,,1004.48,275.062,35656.9,,3.53437,-0.843469,,-3.2924,5.35664,fluid
1780,12.9702,0.89957,,1004.32,249.144,34337.1,,3.47542,-0.854364,,-2.98556,6.16077,fluid
1781,12.9204,1.03309,,1004.13,239.795,32794,,3.40988,-0.968805,,-2.94711,7.05959,fluid
1782,12.8657,1.17285,,1003.94,240.934,31321.3,,3.36449,-1.09231,,-2.67674,7.69669,fluid
1783,12.806,1.31549,,1003.79,245.239,30087.2,,3.31069,-1.19538,,-2.3696,8.11495,fluid
1784,12.7414,1.4606,,1003.66,244.505,29017.8,,3.24675,-1.29865,,-2.06109,8.18316,fluid
1785,12.6719,1.61103,,1003.53,236.033,27963.3,,3.17059,-1.40001,,-1.77577,7.82374,fluid
1786,12.5983,1.76601,,1003.39,226.402,26866.5,,3.08651,-1.49488,,-1.51904,7.41594,fluid
1787,12.5209,1.92498,,1003.25,220.18,25738.6,,2.99664,-1.58774,,-1.29584,7.26719,fluid
1788,12.4404,2.08863,,1003.11,214.828,24603.1,,2.90259,-1.67914,,-1.07387,7.24784,fluid
1789,12.3574,2.25745,,1002.96,209.339,23469.3,,2.80641,-1.7659,,-0.833891,7.2196,fluid
1790,12.2727,2.43128,,1002.82,204.051,22329.7,,2.7105,-1.85023,,-0.579605,7.17445,fluid
1791,12.1869,2.61,,1002.68,198.658,21168.9,,2.61714,-1.93289,,-0.315364,7.15951,fluid
1792,12.1003,2.79358,,1002.53,193.512,19978.1,,2.52609,-2.01193,,-0.0358499,7.21589,fluid
1793,12.013,2.9821,,1002.37,188.785,18756.6,,2.43578,-2.08938,,0.259536,7.32988,fluid
1794,11.9252,3.17572,,1002.22,183.422,17504.1,,2.34478,-2.16853,,0.569782,7.47969,fluid
1795,11.8369,3.37451,,1002.05,177.251,16211,,2.25294,-2.24577,,0.874324,7.64512,fluid
1796,11.7482,3.57876,,1001.88,172.568,14851.1,,2.16181,-2.31403,,1.14768,7.79112,fluid
1797,11.6593,3.78845,,1001.7,171.286,13399.8,,2.06892,-2.38062,,1.37975,7.91352,fluid
1798,11.5703,4.00325,,1001.51,164.26,11875.5,,1.97194,-2.44722,,1.64196,8.22086,fluid
1799,11.4813,4.22344,,1001.31,149.239,10318.1,,1.86928,-2.51065,,1.92906,8.64883,fluid
1800,11.3933,4.44988,,1001.1,146.733,8658.44,,1.76916,-2.56652,,2.09179,8.75046,fluid
1801,11.3075,4.67593,,1000.86,163.509,6784.25,,1.6824,-2.62765,,2.06186,8.38408,fluid
1802,11.2227,4.92622,,1000.59,134.689,4604.84,,1.58257,-2.61367,,2.1061,8.21842,fluid
1803,11.1368,5.14802,,1000.41,107.68,3184.47,,1.45871,-2.75771,,2.61904,9.44925,fluid
1804,11.1117,5.35639,,1000.3,129.093,2384.6,,1.45736,-2.86532,,2.7438,9.85353,fluid
1805,13.4981,0.0022023,,1003.25,243.465,25777.7,,3.59189,-0.145899,,-3.88915,13.2843,fluid
1806,13.8158,0.142827,,1003.56,312.095,28270.2,,4.52057,-0.217159,,-4.12381,15.7017,fluid
1807,13.6536,0.253084,,1003.93,309.197,31190,,4.36266,-0.319937,,-1.62523,15.4088,fluid
1808,13.5928,0.363279,,1004.25,323.59,33747.1,,4.27282,-0.414994,,-1.5852,13.8928,fluid
1809,13.5098,0.471242,,1004.47,335.574,35570.6,,3.88888,-0.557239,,-3.6797,11.3475,fluid
1810,13.4969,0.590658,,1004.59,332.262,36549.8,,4.05934,-0.685235,,-2.40173,9.28494,fluid
1811,13.4203,0.725393,,1004.56,297.029,36257.1,,3.7844,-0.903698,,-3.26699,5.97525,fluid
1812,13.3732,0.859679,,1004.4,261.666,34991.2,,3.73352,-0.881771,,-2.73454,6.27523,fluid
1813,13.3181,0.987901,,1004.2,248.656,33415,,3.64769,-0.980938,,-2.78942,7.27115,fluid
1814,13.2598,1.1225,,1004.01,247.99,31833.9,,3.60092,-1.11298,,-2.51968,8.01812,fluid
1815,13.1959,1.26087,,1003.84,252.996,30481.2,,3.54827,-1.2287,,-2.18313,8.58839,fluid
1816,13.1266,1.40169,,1003.7,254.504,29338.7,,3.48152,-1.33643,,-1.84257,8.82683,fluid
1817,13.0517,1.54775,,1003.56,247.161,28250.1,,3.39897,-1.44195,,-1.53711,8.56833,fluid
1818,12.9721,1.69901,,1003.42,235.623,27127.1,,3.30571,-1.54043,,-1.26915,8.07216,fluid
1819,12.8886,1.85492,,1003.28,227.282,25964.4,,3.20566,-1.63488,,-1.04611,7.77781,fluid
1820,12.8016,2.01545,,1003.13,221.42,24791.1,,3.10051,-1.73068,,-0.845766,7.70411,fluid
1821,12.7123,2.18136,,1002.98,215.573,23618.6,,2.99396,-1.822,,-0.64002,7.66182,fluid
1822,12.6213,2.35271,,1002.84,210.28,22440.6,,2.88904,-1.90861,,-0.425495,7.58438,fluid
1823,12.5292,2.52931,,1002.68,205.46,21242.1,,2.78752,-1.99346,,-0.19873,7.51675,fluid
1824,12.4365,2.71099,,1002.53,200.595,20014,,2.6888,-2.0761,,0.0509087,7.52629,fluid
1825,12.3431,2.89791,,1002.37,195.401,18756.7,,2.5908,-2.15711,,0.32905,7.61498,fluid
1826,12.2492,3.09031,,1002.21,189.421,17473.1,,2.49197,-2.23889,,0.626639,7.73371,fluid
1827,12.1547,3.28831,,1002.05,183.385,16154.4,,2.39253,-2.31741,,0.924497,7.84831,fluid
1828,12.0599,3.49217,,1001.87,179.617,14770.6,,2.2939,-2.38602,,1.19251,7.93473,fluid
1829,11.9649,3.70179,,1001.69,178.328,13297.5,,2.19256,-2.45399,,1.43046,8.01565,fluid
1830,11.87,3.91686,,1001.49,168.669,11766.8,,2.08628,-2.52132,,1.72287,8.3122,fluid
1831,11.775,4.1376,,1001.3,151.895,10224.7,,1.97388,-2.58577,,2.04128,8.71316,fluid
1832,11.6813,4.36493,,1001.09,151.37,8582.99,,1.86577,-2.6409,,2.21346,8.75159,fluid
1833,11.5904,4.59198,,1000.85,169.98,6712.68,,1.77386,-2.69911,,2.18133,8.34773,fluid
1834,11.5008,4.845,,1000.58,135.402,4523.87,,1.66556,-2.68304,,2.23611,8.19389,fluid
1835,11.4108,5.06552,,1000.4,110.962,3146.4,,1.53476,-2.83611,,2.77102,9.42445,fluid
1836,11.3819,5.27432,,1000.3,132.512,2365.15,,1.52827,-2.94265,,2.88115,9.79993,fluid
1837,13.9366,-0.00440464,,1003.16,239.341,24999.6,,3.8538,-0.153429,,-3.53124,13.5207,fluid
1838,14.2757,0.133276,,1003.48,329.119,27628,,4.84667,-0.219099,,-4.41748,15.9947,fluid
1839,14.1047,0.23903,,1003.85,321.65,30602,,4.77557,-0.321477,,-1.36367,16.002,fluid
1840,14.0382,0.344508,,1004.19,334.707,33329.9,,4.67131,-0.415246,,-1.1311,14.7908,fluid
1841,13.9385,0.445442,,1004.45,351.228,35386.8,,4.17325,-0.560686,,-3.4736,12.5421,fluid
1842,13.9304,0.558956,,1004.61,352.338,36684.8,,4.4033,-0.66139,,-1.85534,10.321,fluid
1843,13.8417,0.683106,,1004.62,327.317,36757.7,,4.06556,-0.955988,,-3.16626,7.10789,fluid
1844,13.7914,0.817432,,1004.48,279.043,35628.6,,4.03168,-0.922362,,-2.40772,6.36403,fluid
1845,13.7305,0.941043,,1004.28,260.578,34031.5,,3.92161,-0.992463,,-2.56595,7.46239,fluid
1846,13.6676,1.06973,,1004.07,257.069,32333.9,,3.86722,-1.12901,,-2.36977,8.34403,fluid
1847,13.5996,1.20319,,1003.88,262.079,30829.3,,3.81731,-1.25935,,-1.9919,9.08711,fluid
1848,13.525,1.33943,,1003.73,265.975,29586.7,,3.74836,-1.37523,,-1.5886,9.51198,fluid
1849,13.4442,1.48085,,1003.59,260.811,28460,,3.66004,-1.48528,,-1.21241,9.44469,fluid
1850,13.358,1.62784,,1003.45,247.853,27322.7,,3.55601,-1.58861,,-0.899744,8.94563,fluid
1851,13.2675,1.78039,,1003.3,235.971,26134.9,,3.4437,-1.68532,,-0.655274,8.46926,fluid
1852,13.1735,1.9377,,1003.15,228.975,24930.4,,3.32637,-1.78463,,-0.450126,8.25551,fluid
1853,13.0771,2.10038,,1003,223.196,23731,,3.20858,-1.88137,,-0.260078,8.15689,fluid
1854,12.9791,2.26893,,1002.85,217.767,22530.9,,3.09337,-1.97098,,-0.0785951,8.04066,fluid
1855,12.8802,2.44315,,1002.69,212.887,21313.2,,2.98187,-2.05789,,0.104493,7.92465,fluid
1856,12.7806,2.62277,,1002.54,207.683,20067.5,,2.87326,-2.14469,,0.308911,7.88434,fluid
1857,12.6804,2.80794,,1002.38,201.535,18794.1,,2.76514,-2.23044,,0.544616,7.93945,fluid
1858,12.5796,2.99903,,1002.21,194.949,17493.5,,2.65621,-2.31486,,0.797516,8.02255,fluid
1859,12.4782,3.19627,,1002.05,189.58,16152.2,,2.54737,-2.39387,,1.05149,8.08168,fluid
1860,12.3765,3.39985,,1001.87,187.4,14738.1,,2.43951,-2.46255,,1.28025,8.10672,fluid
1861,12.2748,3.60946,,1001.68,185.996,13236.4,,2.32782,-2.53216,,1.50178,8.16236,fluid
1862,12.1732,3.82496,,1001.48,173.217,11694.9,,2.21046,-2.60012,,1.81127,8.46023,fluid
1863,12.0717,4.04648,,1001.29,155.039,10162.5,,2.08683,-2.66564,,2.15023,8.82772,fluid
1864,11.9717,4.27488,,1001.08,157.243,8527.69,,1.97,-2.71938,,2.32195,8.78551,fluid
1865,11.8752,4.50326,,1000.84,177.66,6646.65,,1.87276,-2.77379,,2.28575,8.33065,fluid
1866,11.7804,4.75928,,1000.56,135.818,4439.42,,1.75471,-2.75628,,2.35793,8.18256,fluid
1867,11.6858,4.97841,,1000.4,114.812,3107.13,,1.61603,-2.91929,,2.91841,9.40285,fluid
1868,11.6531,5.18782,,1000.3,136.376,2346.58,,1.60393,-3.02423,,3.01673,9.74727,fluid
1869,14.3913,-0.0112373,,1003.07,248.761,24351.2,,4.14477,-0.155419,,-3.45422,13.1631,fluid
1870,14.755,0.123449,,1003.4,339.679,26943.8,,5.20967,-0.219471,,-4.23914,16.1348,fluid
1871,14.5792,0.224938,,1003.77,327.636,29926.3,,5.23247,-0.317892,,-1.3619,16.4268,fluid
1872,14.5033,0.325348,,1004.12,338.443,32724.1,,5.11099,-0.411018,,-0.878128,15.6239,fluid
1873,14.3874,0.419493,,1004.39,364.266,34949.5,,4.51742,-0.553849,,-3.21431,13.699,fluid
1874,14.3831,0.527472,,1004.59,368.009,36548.7,,4.79374,-0.635224,,-1.3177,11.4483,fluid
1875,14.2806,0.638523,,1004.65,362.846,37035.3,,4.38262,-0.980463,,-3.06444,8.85594,fluid
1876,14.2275,0.772136,,1004.55,306.793,36214.2,,4.3744,-0.981022,,-2.11576,6.48484,fluid
1877,14.1601,0.892644,,1004.36,279.41,34665.3,,4.24007,-1.00943,,-2.34481,7.49125,fluid
1878,14.0918,1.01485,,1004.14,270.492,32886.2,,4.16972,-1.14172,,-2.30727,8.58707,fluid
1879,14.0193,1.14257,,1003.93,272.378,31200.4,,4.12166,-1.2853,,-1.94574,9.56308,fluid
1880,13.9391,1.27376,,1003.75,277.678,29797,,4.05074,-1.41341,,-1.48545,10.2167,fluid
1881,13.8516,1.41024,,1003.6,276.559,28591.6,,3.95744,-1.5294,,-1.0015,10.3932,fluid
1882,13.758,1.55247,,1003.46,264.999,27435.5,,3.84311,-1.63846,,-0.583315,9.99512,fluid
1883,13.6598,1.70112,,1003.31,249.17,26228.7,,3.71686,-1.7398,,-0.279784,9.36573,fluid
1884,13.558,1.85503,,1003.15,238.61,24986,,3.5857,-1.84178,,-0.0439521,8.94616,fluid
1885,13.4537,2.01424,,1003,232.053,23747.9,,3.45491,-1.94351,,0.169216,8.74217,fluid
1886,13.348,2.17957,,1002.85,226.294,22524,,3.3276,-2.03765,,0.367315,8.57412,fluid
1887,13.2414,2.35108,,1002.69,220.545,21300.3,,3.20402,-2.12763,,0.552921,8.40723,fluid
1888,13.1341,2.52843,,1002.54,214.204,20061.9,,3.08272,-2.21902,,0.740573,8.31246,fluid
1889,13.0261,2.71166,,1002.38,206.991,18803.5,,2.96185,-2.31013,,0.941179,8.31778,fluid
1890,12.9174,2.90134,,1002.22,200.347,17515.4,,2.84081,-2.39696,,1.13992,8.34524,fluid
1891,12.8083,3.09783,,1002.05,196.452,16171.3,,2.72087,-2.47533,,1.31663,8.3285,fluid
1892,12.6989,3.3012,,1001.87,196.071,14735.9,,2.60169,-2.54392,,1.46712,8.28907,fluid
1893,12.5896,3.51092,,1001.67,193.556,13209.9,,2.47698,-2.61555,,1.64493,8.34326,fluid
1894,12.4805,3.72706,,1001.48,177.062,11660.1,,2.34591,-2.68419,,1.94849,8.6612,fluid
1895,12.3716,3.94957,,1001.29,158.154,10136.1,,2.20901,-2.75059,,2.28977,8.99323,fluid
1896,12.2646,4.17929,,1001.08,164.386,8499.52,,2.08281,-2.80199,,2.44056,8.85943,fluid
1897,12.1622,4.40941,,1000.84,186.715,6592.47,,1.98049,-2.85189,,2.39387,8.33963,fluid
1898,12.0618,4.66869,,1000.55,135.651,4355.69,,1.85106,-2.83409,,2.4846,8.19561,fluid
1899,11.9621,4.8863,,1000.39,119.255,3069.98,,1.70331,-3.00794,,3.0716,9.39572,fluid
1900,11.9252,5.09652,,1000.3,140.728,2331.73,,1.68487,-3.11064,,3.1564,9.70629,fluid
1901,14.8637,-0.0182207,,1002.99,262.111,23649.7,,4.46978,-0.154418,,-2.95548,12.8771,fluid
1902,15.2559,0.113535,,1003.26,350.755,25847.9,,5.61774,-0.220278,,-3.01469,16.1524,fluid
1903,15.0774,0.210809,,1003.65,340.441,28996.6,,5.72561,-0.314329,,-0.965902,16.7074,fluid
1904,14.9931,0.306174,,1004.01,342.717,31880.6,,5.60713,-0.404794,,-0.340755,16.2851,fluid
1905,14.8605,0.393787,,1004.31,372.474,34273.8,,4.94511,-0.540091,,-2.38662,14.7775,fluid
1906,14.8567,0.496219,,1004.54,380.187,36133.9,,5.23713,-0.610041,,-0.570076,12.5953,fluid
1907,14.7403,0.593318,,1004.65,395.678,37011,,4.75035,-0.962304,,-2.84693,10.8888,fluid
1908,14.6845,0.723392,,1004.61,345.335,36676.7,,4.77147,-1.04653,,-1.78336,7.10133,fluid
1909,14.6099,0.842488,,1004.44,305.927,35294.7,,4.61425,-1.03765,,-2.06375,7.23513,fluid
1910,14.5352,0.95832,,1004.22,291.067,33524.5,,4.51916,-1.14869,,-2.26136,8.57741,fluid
1911,14.4577,1.07939,,1003.99,287.834,31693.9,,4.46916,-1.30025,,-2.01434,9.82636,fluid
1912,14.3712,1.20471,,1003.79,293.186,30088.3,,4.39672,-1.44519,,-1.57472,10.7891,fluid
1913,14.2766,1.33596,,1003.62,297.434,28731.4,,4.30154,-1.57061,,-1.01601,11.2897,fluid
1914,14.1748,1.47307,,1003.47,291.565,27509.5,,4.17903,-1.68605,,-0.48619,11.1015,fluid
1915,14.068,1.61716,,1003.31,275.291,26272.7,,4.03866,-1.79372,,-0.084573,10.4299,fluid
1916,13.9575,1.76729,,1003.15,259.009,24984.2,,3.89181,-1.89932,,0.218216,9.78241,fluid
1917,13.8446,1.92276,,1002.99,248.12,23688.4,,3.74588,-2.00541,,0.494887,9.4449,fluid
1918,13.7303,2.08437,,1002.83,239.453,22421.8,,3.60336,-2.10636,,0.765491,9.23519,fluid
1919,13.615,2.25266,,1002.68,230.648,21186.7,,3.46353,-2.20252,,1.01768,9.01953,fluid
1920,13.4988,2.42744,,1002.52,221.096,19963,,3.32533,-2.29962,,1.24547,8.84487,fluid
1921,13.3819,2.60857,,1002.37,211.737,18731.6,,3.18744,-2.39603,,1.44567,8.76007,fluid
1922,13.2643,2.79668,,1002.21,205.317,17470.4,,3.05108,-2.48502,,1.60459,8.69509,fluid
1923,13.1463,2.99234,,1002.04,203.929,16142.2,,2.91714,-2.56238,,1.71298,8.57632,fluid
1924,13.0281,3.19564,,1001.86,205.464,14708.5,,2.78322,-2.6305,,1.77525,8.46751,fluid
1925,12.9101,3.40568,,1001.67,200.352,13185.4,,2.64235,-2.70451,,1.90837,8.54108,fluid
1926,12.7925,3.62267,,1001.48,179.715,11650.4,,2.49443,-2.77367,,2.18574,8.89864,fluid
1927,12.6752,3.84637,,1001.29,161.132,10142.9,,2.34235,-2.84056,,2.49719,9.20495,fluid
1928,12.5607,4.07765,,1001.08,172.795,8497.38,,2.20631,-2.88928,,2.59951,8.96679,fluid
1929,12.4517,4.30992,,1000.83,197.158,6549.94,,2.09903,-2.93341,,2.52593,8.37902,fluid
1930,12.3451,4.57275,,1000.54,134.569,4274.14,,1.95595,-2.9174,,2.63493,8.24185,fluid
1931,12.2398,4.78869,,1000.39,124.325,3037.16,,1.79762,-3.10287,,3.24296,9.41138,fluid
1932,12.1984,4.99999,,1000.3,145.594,2322.53,,1.77178,-3.20252,,3.30913,9.6842,fluid
1933,15.3548,-0.025194,,1002.83,271.204,22431.7,,4.82762,-0.155751,,-1.66864,12.5957,fluid
1934,15.7813,0.103812,,1003.02,357.07,23887.3,,6.08536,-0.221975,,-0.767455,15.9342,fluid
1935,15.6028,0.197036,,1003.45,354.752,27363.1,,6.24386,-0.312986,,0.0551476,16.7204,fluid
1936,15.5085,0.28702,,1003.83,343.026,30421,,6.1387,-0.40121,,0.762486,16.6682,fluid
1937,15.362,0.368676,,1004.16,374.723,33092.5,,5.467,-0.524022,,-0.649162,15.5481,fluid
1938,15.3562,0.465854,,1004.43,385.206,35212.9,,5.74985,-0.587997,,0.792224,13.4494,fluid
1939,15.2237,0.548864,,1004.59,418.606,36504.9,,5.18006,-0.911959,,-1.85308,12.5975,fluid
1940,15.166,0.671248,,1004.63,392.441,36825.5,,5.23281,-1.09639,,-1.06471,8.47296,fluid
1941,15.0836,0.789576,,1004.5,340.689,35822.7,,5.05735,-1.09175,,-1.49057,6.69647,fluid
1942,15.0011,0.900245,,1004.3,319.354,34201.4,,4.93054,-1.16051,,-2.00498,8.00443,fluid
1943,14.9181,1.01432,,1004.07,310.677,32337.3,,4.87231,-1.30553,,-2.05154,9.54836,fluid
1944,14.8248,1.13283,,1003.85,311.614,30561,,4.79553,-1.46726,,-1.79867,10.8574,fluid
1945,14.7226,1.25841,,1003.66,319.573,29005.5,,4.69898,-1.60765,,-1.25919,11.804,fluid
1946,14.6119,1.39013,,1003.49,321.303,27656.6,,4.56982,-1.73341,,-0.675078,12.0472,fluid
1947,14.4954,1.52887,,1003.33,308.457,26359,,4.41321,-1.84949,,-0.224013,11.5906,fluid
1948,14.3751,1.67439,,1003.16,287.147,25014.5,,4.24559,-1.96094,,0.158934,10.8413,fluid
1949,14.2525,1.82568,,1002.99,268.951,23639.4,,4.08009,-2.07192,,0.550408,10.3366,fluid
1950,14.1284,1.98302,,1002.82,255.619,22294.4,,3.91936,-2.18102,,0.960847,10.1009,fluid
1951,14.0032,2.14743,,1002.66,244.218,21013,,3.76165,-2.28525,,1.3662,9.87427,fluid
1952,13.8771,2.3192,,1002.5,233.045,19784.4,,3.60604,-2.38785,,1.72051,9.57477,fluid
1953,13.75,2.49803,,1002.35,222.796,18572.5,,3.45108,-2.48802,,1.98227,9.30009,fluid
1954,13.6221,2.68436,,1002.19,215.943,17332.9,,3.29688,-2.57783,,2.11969,9.0758,fluid
1955,13.4937,2.87919,,1002.03,215.209,16019.3,,3.14431,-2.6538,,2.16952,8.83589,fluid
1956,13.3653,3.08264,,1001.85,215.826,14600.3,,2.98981,-2.72239,,2.17295,8.65176,fluid
1957,13.2373,3.29313,,1001.66,205.003,13113.1,,2.82723,-2.79873,,2.28396,8.76701,fluid
1958,13.11,3.51105,,1001.48,180.481,11632.1,,2.65862,-2.8697,,2.54161,9.16548,fluid
1959,12.9833,3.73611,,1001.29,164.25,10165.6,,2.48957,-2.93703,,2.80518,9.43594,fluid
1960,12.8604,3.96922,,1001.08,182.773,8512.9,,2.34342,-2.98229,,2.82818,9.09013,fluid
1961,12.7445,4.20426,,1000.83,208.995,6511.71,,2.23117,-3.01834,,2.70425,8.43922,fluid
1962,12.6308,4.47091,,1000.53,132.069,4190.79,,2.07093,-3.00729,,2.82745,8.32648,fluid
1963,12.5192,4.68503,,1000.38,130.062,3007.6,,1.90029,-3.20492,,3.44597,9.45217,fluid
1964,12.4728,4.89776,,1000.3,151.04,2318.81,,1.86578,-3.30059,,3.485,9.68158,fluid
1965,15.8643,-0.0318163,,1002.57,273.481,20316.8,,5.21774,-0.159749,,0.429258,11.8503,fluid
1966,16.3322,0.0947552,,1002.61,365.54,20668.3,,6.6169,-0.22617,,1.64431,15.56,fluid
1967,16.1571,0.184122,,1003.1,379.25,24550.9,,6.78419,-0.313758,,1.52031,16.5006,fluid
1968,16.0522,0.268417,,1003.51,353.025,27876.6,,6.71427,-0.398855,,2.47342,16.5389,fluid
1969,15.8957,0.344582,,1003.9,381.441,30963.1,,6.09432,-0.506982,,1.7605,15.6767,fluid
1970,15.8849,0.436502,,1004.19,394.234,33330.9,,6.34289,-0.568307,,2.71505,13.6138,fluid
1971,15.7367,0.507397,,1004.42,437.371,35136.5,,5.7166,-0.841186,,0.294888,13.3729,fluid
1972,15.6757,0.617892,,1004.55,442.103,36165.8,,5.77549,-1.09088,,0.394344,10.2387,fluid
1973,15.5856,0.733692,,1004.51,387.19,35844.6,,5.58873,-1.16166,,-0.287321,6.26945,fluid
1974,15.4941,0.841156,,1004.35,353.542,34601.1,,5.42536,-1.18445,,-1.05886,6.68029,fluid
1975,15.4045,0.948706,,1004.14,339.682,32919.8,,5.34811,-1.2984,,-1.50844,8.5477,fluid
1976,15.3036,1.05956,,1003.92,331.944,31153,,5.26423,-1.47058,,-1.55995,10.2412,fluid
1977,15.1935,1.17838,,1003.72,337.819,29487.6,,5.16824,-1.63202,,-1.17063,11.7701,fluid
1978,15.0731,1.30404,,1003.53,347.149,28034.9,,5.03294,-1.77491,,-0.688787,12.6646,fluid
1979,14.946,1.43674,,1003.37,342.937,26693.1,,4.85701,-1.90247,,-0.368458,12.7632,fluid
1980,14.8145,1.57648,,1003.2,322.777,25324.7,,4.66446,-2.02432,,-0.0473238,12.1896,fluid
1981,14.6808,1.72289,,1003.02,297.064,23879.6,,4.47405,-2.14285,,0.374756,11.5151,fluid
1982,14.5457,1.87559,,1002.83,276.988,22411.7,,4.28961,-2.25965,,0.859959,11.1598,fluid
1983,14.4094,2.03548,,1002.65,262.749,20988.7,,4.11037,-2.37314,,1.36217,10.8906,fluid
1984,14.2721,2.20353,,1002.48,251.546,19638,,3.93484,-2.48145,,1.8374,10.471,fluid
1985,14.1334,2.3797,,1002.32,242.727,18345.4,,3.76014,-2.58329,,2.2305,9.95483,fluid
1986,13.9933,2.56415,,1002.16,236.831,17068,,3.58374,-2.67347,,2.45952,9.49067,fluid
1987,13.8528,2.75796,,1002,234.291,15754,,3.40727,-2.75062,,2.55168,9.11713,fluid
1988,13.7124,2.9614,,1001.82,228.474,14375.4,,3.22627,-2.82226,,2.60235,8.89319,fluid
1989,13.5728,3.1724,,1001.64,207.531,12968.8,,3.03688,-2.90063,,2.75361,9.05703,fluid
1990,13.4342,3.3913,,1001.47,179.654,11580.1,,2.84354,-2.97428,,3.00751,9.46755,fluid
1991,13.2968,3.61788,,1001.29,168.326,10176.2,,2.65511,-3.04123,,3.21136,9.66948,fluid
1992,13.1647,3.85332,,1001.08,194.992,8522.24,,2.49769,-3.08132,,3.13639,9.20781,fluid
1993,13.041,4.09183,,1000.82,222.285,6462.37,,2.38023,-3.10666,,2.94438,8.50584,fluid
1994,12.9193,4.36256,,1000.52,127.51,4098.6,,2.19745,-3.10512,,3.07938,8.44976,fluid
1995,12.8003,4.57464,,1000.38,136.498,2977.38,,2.01316,-3.315,,3.69173,9.51385,fluid
1996,12.7486,4.78921,,1000.3,157.165,2317.47,,1.96815,-3.40553,,3.69218,9.69004,fluid
1997,16.3912,-0.0376061,,1002.16,264.122,17037,,5.63651,-0.168934,,1.76101,11.6048,fluid
1998,16.9097,0.0867668,,1002.09,390.907,16510.1,,7.21131,-0.238141,,1.88456,16.4238,fluid
1999,16.7417,0.17256,,1002.59,432.593,20523.6,,7.36009,-0.315507,,2.10673,16.9618,fluid
2000,16.627,0.25094,,1003.04,394.651,24045.5,,7.34394,-0.399069,,3.47108,16.3888,fluid
2001,16.4685,0.322427,,1003.46,396.197,27449.9,,6.82718,-0.493681,,3.77993,15.5315,fluid
2002,16.4465,0.408805,,1003.79,412.411,30063.8,,6.99894,-0.557005,,4.17935,13.4438,fluid
2003,16.2842,0.469595,,1004.07,451.259,32371.9,,6.37173,-0.770727,,2.94012,13.451,fluid
2004,16.2191,0.566572,,1004.28,471.193,34038,,6.409,-1.02471,,2.58091,11.5678,fluid
2005,16.1208,0.675198,,1004.36,433.093,34663.4,,6.21166,-1.22321,,1.77298,6.82872,fluid
2006,16.0185,0.780176,,1004.29,380.569,34136.8,,6.01446,-1.24855,,0.996337,5.21465,fluid
2007,15.9208,0.88262,,1004.15,356.698,32939.3,,5.90889,-1.30588,,0.24036,7.08306,fluid
2008,15.8118,0.985546,,1003.97,342.522,31492,,5.8143,-1.46733,,-0.153806,9.09213,fluid
2009,15.6929,1.0963,,1003.77,339.876,29962.9,,5.71544,-1.6449,,-0.0794674,11.1257,fluid
2010,15.562,1.21494,,1003.6,354.065,28539.7,,5.57044,-1.81069,,0.120041,12.7421,fluid
2011,15.4229,1.34104,,1003.43,366.529,27223.2,,5.36884,-1.95258,,0.0806419,13.5998,fluid
2012,15.2791,1.47413,,1003.27,362.056,25891,,5.14777,-2.08439,,0.0458158,13.5011,fluid
2013,15.1332,1.61485,,1003.08,342.562,24423.7,,4.93397,-2.21018,,0.213811,12.7852,fluid
2014,14.986,1.76265,,1002.88,322.244,22837.8,,4.72977,-2.329,,0.557264,12.1982,fluid
2015,14.8375,1.91759,,1002.68,310.147,21230.2,,4.53401,-2.4479,,1.01764,11.8336,fluid
2016,14.6877,2.08107,,1002.49,301.017,19676.6,,4.34149,-2.56408,,1.49977,11.3254,fluid
2017,14.5358,2.25383,,1002.3,289.481,18199.4,,4.14516,-2.6715,,1.98068,10.6549,fluid
2018,14.3818,2.43589,,1002.13,275.053,16784.2,,3.93659,-2.76768,,2.37038,10.0116,fluid
2019,14.2268,2.62803,,1001.95,258.417,15402.1,,3.71969,-2.854,,2.64468,9.54871,fluid
2020,14.0722,2.83094,,1001.78,236.942,14039.3,,3.49927,-2.93304,,2.91549,9.33331,fluid
2021,13.9187,3.04246,,1001.61,206.956,12735.4,,3.27613,-3.01251,,3.23695,9.48702,fluid
2022,13.7667,3.26222,,1001.46,179.952,11482.3,,3.05381,-3.08911,,3.54902,9.8275,fluid
2023,13.617,3.49048,,1001.29,175.902,10161.4,,2.84439,-3.15462,,3.69673,9.89445,fluid
2024,13.4744,3.72887,,1001.08,210.293,8502.21,,2.67413,-3.18693,,3.50621,9.3029,fluid
2025,13.3423,3.97184,,1000.81,236.928,6377.49,,2.5508,-3.19808,,3.24207,8.56602,fluid
2026,13.211,4.24683,,1000.51,120.524,3987.61,,2.33716,-3.21289,,3.4012,8.6102,fluid
2027,13.0838,4.45666,,1000.37,143.86,2941.11,,2.13827,-3.4341,,3.9885,9.5885,fluid
2028,13.026,4.67363,,1000.29,164.146,2313.84,,2.08102,-3.51828,,3.93457,9.6948,fluid
2029,16.9313,-0.0422709,,1001.66,273.587,13127.8,,6.05305,-0.176177,,0.262693,12.7296,fluid
2030,17.5152,0.0803024,,1001.68,409.828,13269.5,,7.83461,-0.240617,,0.441515,19.0812,fluid
2031,17.3602,0.163196,,1002.12,502.007,16712.1,,7.94435,-0.315719,,0.786316,18.7503,fluid
2032,17.2333,0.235043,,1002.52,461.884,19942.3,,7.9851,-0.399947,,2.21914,18.3471,fluid
2033,17.0866,0.302864,,1002.92,425.395,23100.7,,7.63657,-0.487338,,3.71049,16.7501,fluid
2034,17.0401,0.382182,,1003.26,443.602,25865.5,,7.67051,-0.557471,,3.95493,14.6661,fluid
2035,16.8747,0.437383,,1003.57,467.403,28358.9,,7.15586,-0.711918,,4.71241,13.9193,fluid
2036,16.7987,0.520104,,1003.83,492.564,30425.3,,7.12865,-0.931732,,4.30375,12.8399,fluid
2037,16.6941,0.617286,,1004.01,482.079,31884,,6.94355,-1.22237,,3.8982,9.21691,fluid
2038,16.5794,0.717062,,1004.06,422.035,32270.2,,6.72155,-1.33292,,3.50782,5.08185,fluid
2039,16.4722,0.817019,,1004,381.079,31744,,6.5916,-1.33291,,2.86055,5.45933,fluid
2040,16.3543,0.913407,,1003.88,365.57,30844.5,,6.48317,-1.4495,,2.20431,7.48675,fluid
2041,16.2259,1.01566,,1003.75,355.945,29726.6,,6.37612,-1.62138,,1.9576,9.58801,fluid
2042,16.0836,1.1263,,1003.6,366.341,28567.3,,6.21859,-1.80175,,1.85054,11.6718,fluid
2043,15.9316,1.24537,,1003.46,393.695,27445.8,,5.9917,-1.96725,,1.36794,13.1518,fluid
2044,15.7747,1.37112,,1003.32,411.049,26301.6,,5.74048,-2.1165,,0.739462,13.6769,fluid
2045,15.6158,1.50494,,1003.15,405.319,24969.5,,5.49779,-2.25284,,0.325626,13.3737,fluid
2046,15.4553,1.64698,,1002.95,385.227,23382.7,,5.26596,-2.38103,,0.236973,12.6662,fluid
2047,15.2932,1.79599,,1002.73,365.536,21631.6,,5.04127,-2.50921,,0.429532,12.2934,fluid
2048,15.129,1.95325,,1002.51,353.213,19846.5,,4.8185,-2.6419,,0.837093,11.999,fluid
2049,14.9619,2.12088,,1002.3,338.082,18139.2,,4.58944,-2.76419,,1.37904,11.5301,fluid
2050,14.7916,2.2992,,1002.1,313.862,16573.5,,4.34557,-2.87293,,2.02392,10.9978,fluid
2051,14.6196,2.48857,,1001.92,279.454,15142.8,,4.08519,-2.97234,,2.62713,10.529,fluid
2052,14.4481,2.69023,,1001.75,240.284,13800.6,,3.81895,-3.05966,,3.16149,10.2418,fluid
2053,14.278,2.90199,,1001.59,204.556,12544.1,,3.55348,-3.13868,,3.6475,10.2167,fluid
2054,14.1101,3.12245,,1001.44,184.481,11352.7,,3.29683,-3.21446,,4.0481,10.3174,fluid
2055,13.946,3.35256,,1001.28,192.222,10095.1,,3.06626,-3.27729,,4.18052,10.1126,fluid
2056,13.7914,3.59471,,1001.07,230.92,8433.63,,2.87977,-3.30059,,3.89279,9.35096,fluid
2057,13.6496,3.8435,,1000.79,251.416,6236.92,,2.74784,-3.29177,,3.56791,8.60599,fluid
2058,13.5067,4.12267,,1000.49,111.157,3846.45,,2.49145,-3.33345,,3.78831,8.81258,fluid
2059,13.37,4.3301,,1000.37,152.424,2889.33,,2.27858,-3.56298,,4.33213,9.66555,fluid
2060,13.3054,4.55019,,1000.29,172.387,2300.1,,2.20721,-3.63981,,4.20906,9.67758,fluid
2061,17.4822,-0.0451778,,1001.32,333.961,10405.8,,6.4361,-0.170356,,-3.28939,13.9156,fluid
2062,18.1411,0.0757946,,1001.44,368.506,11340.7,,8.39654,-0.227827,,0.856185,19.6367,fluid
2063,18.0087,0.156487,,1001.8,512.719,14180.5,,8.52941,-0.294604,,0.685877,20.9991,fluid
2064,17.8775,0.222399,,1002.14,524.265,16881.9,,8.60939,-0.373807,,0.909377,20.4246,fluid
2065,17.7334,0.285046,,1002.47,475.729,19518,,8.3822,-0.46424,,2.17268,19.3977,fluid
2066,17.6798,0.359329,,1002.78,492.071,21998.6,,8.40865,-0.535993,,2.72045,17.1651,fluid
2067,17.5077,0.410001,,1003.06,509.219,24243.7,,8.00651,-0.651737,,4.40563,15.8477,fluid
2068,17.4214,0.480804,,1003.31,531.701,26217.2,,7.9464,-0.814018,,4.46077,14.4829,fluid
2069,17.3073,0.56282,,1003.52,545.369,27895.6,,7.77063,-1.11931,,4.4271,12.5858,fluid
2070,17.1832,0.655036,,1003.64,504.191,28842.6,,7.55918,-1.35091,,4.56697,7.57956,fluid
2071,17.0645,0.752408,,1003.64,445.057,28865.5,,7.40629,-1.37298,,4.47369,4.68106,fluid
2072,16.9355,0.844984,,1003.59,422.125,28446.6,,7.27749,-1.42076,,4.11281,5.69934,fluid
2073,16.7959,0.93982,,1003.51,402.899,27802.7,,7.1548,-1.55971,,3.99267,7.63358,fluid
2074,16.6408,1.04158,,1003.41,394.742,27066,,6.97914,-1.7383,,3.99051,9.78332,fluid
2075,16.4744,1.15208,,1003.32,414.541,26327.7,,6.72439,-1.92818,,3.54359,11.7878,fluid
2076,16.3032,1.26981,,1003.23,442.667,25594.4,,6.44026,-2.10972,,2.66097,12.9402,fluid
2077,16.1304,1.39555,,1003.12,450.505,24720.9,,6.16802,-2.26403,,1.83428,13.4413,fluid
2078,15.9559,1.53018,,1002.97,433.715,23545.3,,5.91049,-2.40638,,1.3559,13.3447,fluid
2079,15.7793,1.67244,,1002.79,402.926,22050.5,,5.6569,-2.54828,,1.20487,13.1813,fluid
2080,15.5999,1.82214,,1002.58,371.235,20371.7,,5.4008,-2.70446,,1.34115,13.281,fluid
2081,15.4165,1.9825,,1002.36,343.012,18632,,5.12468,-2.85875,,1.66082,13.1792,fluid
2082,15.2285,2.15543,,1002.14,302.339,16900.1,,4.81916,-2.98745,,2.07105,12.9325,fluid
2083,15.0372,2.34025,,1001.94,268.211,15280.8,,4.50165,-3.10665,,2.69739,12.4227,fluid
2084,14.845,2.53871,,1001.75,236.482,13830.2,,4.18006,-3.20642,,3.38426,11.8179,fluid
2085,14.6545,2.74949,,1001.59,215.045,12545.9,,3.87404,-3.28128,,4.01423,11.3705,fluid
2086,14.4673,2.97034,,1001.44,207.084,11334.8,,3.58694,-3.34758,,4.42854,11.0089,fluid
2087,14.2862,3.20263,,1001.27,221.992,10004.1,,3.33287,-3.40539,,4.5418,10.3945,fluid
2088,14.1176,3.44958,,1001.05,259.67,8268.49,,3.12532,-3.42214,,4.23541,9.38255,fluid
2089,13.9648,3.70607,,1000.76,264.63,6014.98,,2.98003,-3.38776,,3.89164,8.61401,fluid
2090,13.8072,3.98873,,1000.47,100.802,3681.61,,2.66117,-3.47128,,4.23001,9.06747,fluid
2091,13.6595,4.19379,,1000.36,161.688,2815.35,,2.4374,-3.70149,,4.69818,9.74367,fluid
2092,13.5872,4.41791,,1000.29,182.355,2262.41,,2.3501,-3.77084,,4.49655,9.61872,fluid
2093,18.0334,-0.045689,,1001.17,384.338,9183.65,,6.72031,-0.152648,,-4.54746,14.597,fluid
2094,18.7812,0.0742688,,1001.13,448.783,8894.11,,8.94037,-0.193627,,0.802981,18.8134,fluid
2095,18.6948,0.154093,,1001.43,497.858,11271,,9.19735,-0.255813,,1.76163,19.7505,fluid
2096,18.5558,0.214984,,1001.74,553.605,13697.3,,9.22923,-0.317996,,1.70617,19.4997,fluid
2097,18.4227,0.272578,,1002.03,527.724,15990.1,,9.11999,-0.401334,,2.0975,19.1559,fluid
2098,18.3526,0.339738,,1002.28,521.514,18051.2,,9.14041,-0.474481,,2.79426,17.7418,fluid
2099,18.1917,0.389817,,1002.54,537.177,20118.3,,8.90144,-0.575887,,4.0788,16.8027,fluid
2100,18.0887,0.449997,,1002.76,574.897,21860.3,,8.82113,-0.692541,,4.10823,15.5689,fluid
2101,17.9695,0.519966,,1002.96,593.645,23429.4,,8.68086,-0.935502,,4.03581,14.856,fluid
2102,17.833,0.599247,,1003.1,582.787,24559,,8.47175,-1.23681,,4.27131,11.7829,fluid
2103,17.7024,0.691949,,1003.14,525.86,24889.4,,8.31629,-1.37278,,4.56301,6.81281,fluid
2104,17.561,0.782527,,1003.12,482.049,24712.5,,8.17591,-1.40387,,4.75915,5.6462,fluid
2105,17.4081,0.871511,,1003.08,448.294,24361,,8.03287,-1.48915,,4.97425,7.17082,fluid
2106,17.2382,0.96448,,1003.03,408.88,23987.4,,7.8321,-1.64836,,5.52664,9.09295,fluid
2107,17.0562,1.06474,,1002.99,395.847,23682.8,,7.5494,-1.85966,,5.73451,11.2092,fluid
2108,16.8696,1.17253,,1002.96,404.206,23456.9,,7.22943,-2.08785,,5.25909,12.8554,fluid
2109,16.6819,1.28894,,1002.93,411.854,23196.9,,6.92171,-2.28117,,4.6451,13.9889,fluid
2110,16.4926,1.4145,,1002.87,401.008,22754.9,,6.63097,-2.44779,,4.1279,14.6871,fluid
2111,16.3001,1.54821,,1002.78,371.52,21988.7,,6.33477,-2.61072,,3.64912,15.0195,fluid
2112,16.1037,1.68936,,1002.64,343.753,20848.1,,6.02834,-2.78257,,3.32932,15.3003,fluid
2113,15.9024,1.84051,,1002.45,327.793,19373.6,,5.71249,-2.95825,,3.25351,15.5661,fluid
2114,15.6951,2.00585,,1002.25,320.479,17781.1,,5.37169,-3.10362,,3.33132,15.3881,fluid
2115,15.4834,2.18404,,1002.05,305.501,16188.5,,5.01478,-3.22978,,3.44425,14.8691,fluid
2116,15.2689,2.37617,,1001.84,275.036,14552.7,,4.64435,-3.3459,,3.71709,13.9295,fluid
2117,15.0547,2.5838,,1001.64,254.663,12946.4,,4.28185,-3.42364,,4.161,12.8427,fluid
2118,14.844,2.80483,,1001.45,258.905,11431.6,,3.94752,-3.47246,,4.53597,11.8537,fluid
2119,14.6429,3.03937,,1001.26,283.081,9900.16,,3.67247,-3.52881,,4.70377,10.7723,fluid
2120,14.4571,3.29152,,1001.02,298.868,8006.56,,3.43143,-3.55083,,4.45304,9.48249,fluid
2121,14.2905,3.55815,,1000.72,266.44,5668.71,,3.25476,-3.48813,,4.14055,8.6198,fluid
2122,14.1134,3.84285,,1000.45,95.6862,3510.37,,2.8484,-3.6321,,4.71053,9.37332,fluid
2123,13.9532,4.04607,,1000.35,170.894,2733.13,,2.61917,-3.84882,,5.05301,9.83622,fluid
2124,13.8721,4.27556,,1000.28,194.05,2194.74,,2.51395,-3.91181,,4.76893,9.5229,fluid
2125,18.5773,-0.0438699,,1000.98,318.804,7740.55,,6.9739,-0.133146,,-3.63614,14.4061,fluid
2126,19.4199,0.0771262,,1000.95,478.62,7502.97,,9.2322,-0.145156,,-1.12324,15.1165,fluid
2127,19.4214,0.157657,,1001.11,485.016,8747.24,,9.78178,-0.185068,,1.15124,16.0582,fluid
2128,19.2615,0.213114,,1001.3,498.132,10212.3,,9.75322,-0.253401,,1.31733,17.4995,fluid
2129,19.1394,0.265826,,1001.5,530.353,11812.7,,9.7401,-0.327208,,1.91047,17.7178,fluid
2130,19.0674,0.327546,,1001.71,535.617,13484.1,,9.8134,-0.393663,,2.69068,17.4394,fluid
2131,18.9176,0.375721,,1001.94,528.704,15313.6,,9.71804,-0.488444,,4.14594,17.0659,fluid
2132,18.8012,0.427228,,1002.14,546.202,16929.1,,9.67179,-0.577726,,4.78458,16.3312,fluid
2133,18.6757,0.486924,,1002.34,565.617,18498.3,,9.5776,-0.746303,,5.01068,16.2623,fluid
2134,18.5309,0.55535,,1002.51,576.786,19858.2,,9.41067,-1.03477,,5.18034,15.6893,fluid
2135,18.386,0.636446,,1002.61,549.849,20664.1,,9.26073,-1.28716,,5.3325,12.0423,fluid
2136,18.2297,0.724698,,1002.64,491.073,20873.9,,9.12341,-1.36767,,5.56177,8.92746,fluid
2137,18.0602,0.810517,,1002.62,452.577,20759.7,,8.95906,-1.40367,,5.64792,9.33663,fluid
2138,17.8731,0.895092,,1002.61,405.463,20607.7,,8.7347,-1.52707,,6.26668,11.0385,fluid
2139,17.6737,0.98449,,1002.59,381.173,20504.8,,8.43182,-1.73493,,6.91479,12.8717,fluid
2140,17.4707,1.0821,,1002.59,374.331,20481.5,,8.09265,-1.98933,,7.06321,14.4215,fluid
2141,17.2677,1.18855,,1002.6,375.285,20564.3,,7.77435,-2.22431,,7.09889,15.6289,fluid
2142,17.0634,1.30449,,1002.62,383.607,20731.3,,7.47054,-2.41913,,7.09495,16.52,fluid
2143,16.8551,1.42943,,1002.63,378.845,20767.3,,7.15071,-2.59422,,6.75809,17.0064,fluid
2144,16.6424,1.562,,1002.59,367.076,20465.9,,6.81861,-2.7822,,6.26612,17.0157,fluid
2145,16.4237,1.70308,,1002.5,350.428,19749.9,,6.46102,-2.98676,,5.56957,17.0772,fluid
2146,16.1974,1.85667,,1002.35,359.288,18541.3,,6.06488,-3.17823,,4.8834,16.9315,fluid
2147,15.9636,2.02526,,1002.14,360.241,16918.2,,5.63922,-3.3134,,4.41196,16.6129,fluid
2148,15.7264,2.20748,,1001.93,373.503,15222.1,,5.24122,-3.43481,,4.3413,15.6944,fluid
2149,15.4879,2.4079,,1001.71,381.957,13498.9,,4.85001,-3.52217,,4.36194,14.2872,fluid
2150,15.2518,2.626,,1001.49,363.609,11719.9,,4.46248,-3.58594,,4.38794,12.6588,fluid
2151,15.0255,2.86223,,1001.24,358.348,9778.54,,4.11954,-3.62967,,4.55808,11.2925,fluid
2152,14.8189,3.11886,,1000.96,358.041,7541.55,,3.84387,-3.66782,,4.5302,9.83584,fluid
2153,14.6333,3.39714,,1000.66,238.839,5174.86,,3.59476,-3.60762,,4.32221,8.76894,fluid
2154,14.428,3.68132,,1000.43,99.8047,3367.18,,3.05655,-3.82475,,5.22177,9.74294,fluid
2155,14.2528,3.88468,,1000.34,181.026,2660.53,,2.82873,-4.00703,,5.36038,9.96344,fluid
2156,14.1608,4.12166,,1000.27,207.577,2108.61,,2.70386,-4.06309,,5.00474,9.43499,fluid
2157,19.1027,-0.0380992,,1000.76,239.169,5986.52,,7.03231,-0.0978161,,-2.97298,11.3859,fluid
2158,20.0169,0.0843112,,1000.61,434.106,4809.34,,9.37617,-0.132427,,0.232492,15.5335,fluid
2159,20.1915,0.168075,,1000.66,289.292,5204.84,,10.2906,-0.137395,,1.90661,11.6024,fluid
2160,19.9814,0.217667,,1000.9,488.858,7105.99,,10.3147,-0.217956,,2.66113,17.4108,fluid
2161,19.8755,0.267087,,1001.09,514.038,8570.32,,10.3436,-0.25947,,2.51218,16.8501,fluid
2162,19.8053,0.322961,,1001.25,502.96,9865.88,,10.4207,-0.309045,,2.83215,16.7745,fluid
2163,19.6658,0.36783,,1001.42,479.769,11197.8,,10.3858,-0.375776,,3.70451,16.4048,fluid
2164,19.5506,0.415584,,1001.57,487.794,12367.4,,10.4136,-0.451231,,4.34396,16.3999,fluid
2165,19.4198,0.466153,,1001.72,506.133,13608,,10.4083,-0.572994,,4.91377,16.6724,fluid
2166,19.2665,0.523002,,1001.9,560.19,15008.4,,10.3227,-0.799222,,5.34557,17.264,fluid
2167,19.1083,0.593638,,1002.06,577.928,16283.7,,10.1879,-1.09437,,5.5978,15.606,fluid
2168,18.9345,0.675277,,1002.16,541.308,17097.7,,10.0414,-1.26736,,5.88589,11.654,fluid
2169,18.7451,0.758588,,1002.2,507.549,17398.7,,9.85921,-1.30004,,5.9544,10.1949,fluid
2170,18.5381,0.83631,,1002.22,484.263,17518.6,,9.61354,-1.39175,,6.249,11.4809,fluid
2171,18.3211,0.91437,,1002.22,463.891,17526.5,,9.30569,-1.58302,,6.65951,13.4607,fluid
2172,18.1027,1.0013,,1002.21,454.187,17420.2,,8.97667,-1.83412,,6.80977,15.2161,fluid
2173,17.8849,1.09829,,1002.2,452.074,17363.8,,8.67216,-2.08804,,7.17833,16.4053,fluid
2174,17.6652,1.20445,,1002.22,464.664,17511.4,,8.37416,-2.30574,,7.68824,17.2693,fluid
2175,17.4409,1.31929,,1002.25,474.148,17811.7,,8.04912,-2.49889,,7.95052,17.7773,fluid
2176,17.2107,1.44223,,1002.29,480.834,18087.3,,7.69557,-2.69987,,7.94208,17.6555,fluid
2177,16.9744,1.57419,,1002.29,475.704,18056.6,,7.31534,-2.8943,,7.60323,17.3922,fluid
2178,16.7323,1.71733,,1002.22,473.625,17576.4,,6.92875,-3.08145,,7.04251,17.2943,fluid
2179,16.4841,1.87369,,1002.12,497.149,16705.9,,6.52684,-3.2744,,6.2488,16.7992,fluid
2180,16.2297,2.04536,,1001.93,496.452,15249.2,,6.07362,-3.41437,,5.17341,16.1225,fluid
2181,15.9707,2.23402,,1001.68,480.487,13277.4,,5.60491,-3.54019,,4.31106,14.9728,fluid
2182,15.7101,2.44139,,1001.43,491.728,11262.7,,5.1721,-3.656,,4.19533,13.2821,fluid
2183,15.454,2.67525,,1001.17,467.677,9212.24,,4.79701,-3.70454,,4.67859,11.8492,fluid
2184,15.2146,2.93404,,1000.89,368.009,6994.39,,4.39168,-3.73766,,4.39992,10.6424,fluid
2185,14.9974,3.22301,,1000.57,129.165,4481.01,,3.96527,-3.7647,,4.59676,9.66849,fluid
2186,14.7527,3.49883,,1000.42,128.622,3311.1,,3.31157,-4.05927,,5.84377,10.2932,fluid
2187,14.5595,3.7068,,1000.34,192.841,2670.15,,3.07153,-4.17954,,5.69619,10.1737,fluid
2188,14.4534,3.95493,,1000.26,221.626,2042.77,,2.91617,-4.22284,,5.21179,9.45957,fluid
2189,19.6178,-0.0306325,,1000.77,398.848,6023.05,,7.2743,-0.0889551,,-0.0581586,11.4053,fluid
2190,20.5797,0.0942596,,1000.35,371.22,2746.76,,9.42562,-0.132259,,-0.543048,14.6372,fluid
2191,20.9759,0.181023,,1000.34,292.067,2659.68,,10.5125,-0.119376,,-0.966726,11.1068,fluid
2192,20.7489,0.22494,,1000.57,515.447,4486.34,,10.887,-0.228407,,1.30886,18.8978,fluid
2193,20.6436,0.273535,,1000.77,592.831,6067.32,,10.8558,-0.27089,,2.17085,17.9994,fluid
2194,20.5843,0.330682,,1000.95,648.351,7439.23,,10.9,-0.300393,,2.528,16.1472,fluid
2195,20.4377,0.369577,,1001.1,650.229,8665.01,,10.8399,-0.355744,,2.47945,15.6525,fluid
2196,20.3248,0.410576,,1001.2,614.679,9446.85,,10.9603,-0.412498,,2.61809,14.9924,fluid
2197,20.204,0.459249,,1001.29,602.075,10130.5,,11.0872,-0.492017,,2.86002,14.4251,fluid
2198,20.0486,0.510236,,1001.38,638.708,10891.2,,11.1385,-0.635182,,3.47664,14.7908,fluid
2199,19.8736,0.572276,,1001.49,673.737,11710.7,,11.0553,-0.868119,,4.05457,14.4971,fluid
2200,19.6778,0.64759,,1001.57,668.166,12359.7,,10.9161,-1.07216,,4.4624,11.4603,fluid
2201,19.4665,0.723977,,1001.63,638.619,12836.6,,10.7485,-1.1412,,5.00111,9.19131,fluid
2202,19.2394,0.795253,,1001.69,622.34,13355.7,,10.5086,-1.20061,,5.51937,9.4428,fluid
2203,19.0061,0.864966,,1001.74,597.127,13718.2,,10.2138,-1.34372,,5.8632,11.0519,fluid
2204,18.7742,0.942203,,1001.74,591.158,13759.5,,9.924,-1.56408,,5.87198,13.0278,fluid
2205,18.5427,1.02948,,1001.73,586.832,13611.1,,9.64895,-1.81202,,5.96623,14.6136,fluid
2206,18.3078,1.12572,,1001.71,594.153,13472.1,,9.36212,-2.05555,,6.21194,15.7933,fluid
2207,18.0673,1.23001,,1001.71,604.273,13500.2,,9.04275,-2.29159,,6.60558,16.3597,fluid
2208,17.8209,1.3425,,1001.74,608.46,13696.8,,8.68621,-2.5221,,7.06202,16.3421,fluid
2209,17.569,1.46405,,1001.76,598.574,13894.2,,8.29953,-2.73904,,7.32459,16.1345,fluid
2210,17.3114,1.59518,,1001.76,581.092,13925.1,,7.89062,-2.95015,,7.52858,16.0323,fluid
2211,17.0475,1.73897,,1001.72,577.653,13562.1,,7.45372,-3.14152,,7.44296,16.1417,fluid
2212,16.7789,1.89875,,1001.61,580.286,12726.5,,7.01877,-3.29434,,6.99484,16.2042,fluid
2213,16.5069,2.07461,,1001.48,575.454,11632.6,,6.5731,-3.43153,,6.00097,15.53,fluid
2214,16.2364,2.26983,,1001.26,505.082,9953.74,,6.1859,-3.59003,,5.53563,13.9784,fluid
2215,15.9615,2.49249,,1000.99,303.73,7756.34,,5.70712,-3.68647,,5.18721,13.3462,fluid
2216,15.6769,2.74457,,1000.71,101.821,5590.3,,5.02885,-3.81152,,5.06218,13.0805,fluid
2217,15.394,3.01858,,1000.53,77.8508,4195.53,,4.26395,-4.12966,,5.89,12.1403,fluid
2218,15.0942,3.28246,,1000.43,182.024,3343.08,,3.64319,-4.32047,,6.39552,11.3139,fluid
2219,14.8778,3.50451,,1000.35,222.437,2781.65,,3.37879,-4.37519,,6.22654,10.5473,fluid
2220,14.7492,3.7732,,1000.27,236.645,2124.66,,3.15463,-4.38796,,5.6048,9.75678,fluid
2221,20.0719,-0.0198495,,1000.46,467.295,3592.89,,7.49128,-0.0845528,,-0.468528,12.2027,fluid
2222,21.0895,0.118377,,1000.24,157.196,1887.49,,9.20854,-0.0155318,,-1.03763,0.466924,fluid
2223,21.6278,0.205862,,1000.45,407.45,3558.68,,10.449,-0.0929135,,1.38484,8.9226,fluid
2224,21.5414,0.246771,,1000.49,472.224,3886.85,,10.8602,-0.128194,,0.529121,11.3327,fluid
2225,21.4282,0.28524,,1000.55,595.362,4329.92,,11.0629,-0.172418,,-0.607814,12.8055,fluid
2226,21.3564,0.331761,,1000.59,641.617,4659.19,,11.2142,-0.20999,,-0.715811,12.7976,fluid
2227,21.2368,0.375366,,1000.64,641.911,5059.82,,11.2931,-0.274391,,-0.430093,13.0028,fluid
2228,21.1162,0.414691,,1000.7,663.2,5512.38,,11.4287,-0.3377,,0.294032,12.5547,fluid
2229,20.9998,0.464299,,1000.78,708.391,6118.42,,11.6205,-0.388746,,1.12673,11.228,fluid
2230,20.8388,0.518589,,1000.89,714.137,6994.03,,11.7575,-0.450431,,2.50255,9.96372,fluid
2231,20.6454,0.581011,,1001,728.327,7839.54,,11.7079,-0.536277,,3.42195,9.19527,fluid
2232,20.4358,0.650608,,1001.03,709.536,8089.5,,11.6224,-0.651602,,3.33862,8.7515,fluid
2233,20.2091,0.719806,,1001.02,694.001,8041.52,,11.5385,-0.705224,,3.42205,8.26489,fluid
2234,19.9666,0.786884,,1001.04,674.367,8201.7,,11.3745,-0.745287,,4.12215,8.4589,fluid
2235,19.7217,0.850419,,1001.08,654.684,8525.01,,11.1422,-0.861863,,4.74078,9.47873,fluid
2236,19.4788,0.919782,,1001.11,639.475,8703,,10.9075,-1.0368,,5.07929,10.9645,fluid
2237,19.2345,0.998743,,1001.1,616.457,8675.39,,10.673,-1.24795,,5.36245,12.4921,fluid
2238,18.9853,1.08479,,1001.09,605.389,8545.53,,10.4208,-1.49806,,5.48846,13.9016,fluid
2239,18.7297,1.17788,,1001.08,599.448,8480.62,,10.1299,-1.76062,,5.59102,14.8216,fluid
2240,18.4685,1.27908,,1001.08,588.464,8517.56,,9.79456,-2.01827,,5.83328,15.1988,fluid
2241,18.2037,1.38957,,1001.09,565.13,8584.58,,9.43149,-2.26378,,6.19711,15.2186,fluid
2242,17.9355,1.50973,,1001.09,512.941,8604.22,,9.04498,-2.50892,,6.75516,15.1297,fluid
2243,17.6634,1.64018,,1001.08,442.747,8510.79,,8.62452,-2.76491,,7.24655,15.1774,fluid
2244,17.3861,1.78362,,1001.05,365.574,8241.4,,8.15504,-3.02336,,7.50998,15.4585,fluid
2245,17.1036,1.94165,,1000.98,266.264,7675.4,,7.63906,-3.28456,,7.73546,16.0028,fluid
2246,16.8151,2.11597,,1000.87,126.171,6848.6,,7.07667,-3.58387,,8.076,16.9617,fluid
2247,16.5061,2.31294,,1000.78,70.3102,6105.63,,6.29108,-3.92728,,7.63335,17.5917,fluid
2248,16.1794,2.51959,,1000.71,156.312,5598.7,,5.4834,-4.29287,,7.00846,16.9419,fluid
2249,15.8264,2.7535,,1000.59,237.349,4624.2,,4.72756,-4.49391,,6.5334,15.4256,fluid
2250,15.4802,3.016,,1000.48,253.982,3765.5,,4.21044,-4.53703,,6.83567,12.9027,fluid
2251,15.2259,3.26164,,1000.39,259.684,3061.86,,3.80223,-4.59875,,6.71037,11.5355,fluid
2252,15.0472,3.57446,,1000.29,261.262,2293.47,,3.43867,-4.55431,,6.22304,10.2656,fluid
2253,20.5452,-0.000658502,,1000.21,221.633,1685.64,,7.76076,-0.0246729,,-1.77284,4.64669,fluid
2254,21.4813,0.142609,,1000.47,434.048,3717.43,,9.03491,-0.120729,,-0.641828,12.8313,fluid
2255,22.2435,0.254207,,1000.23,475.817,1767.41,,10.6152,-0.139389,,1.80638,9.95947,fluid
2256,22.2589,0.292878,,1000.23,439.693,1803.62,,10.8875,-0.139642,,1.98328,8.65763,fluid
2257,22.165,0.312574,,1000.25,478.489,1943.61,,11.0739,-0.161572,,1.19343,9.56744,fluid
2258,22.1175,0.352348,,1000.26,511.473,2047.76,,11.3321,-0.186121,,0.794435,9.97173,fluid
2259,22.0155,0.394156,,1000.28,536.469,2210.98,,11.5278,-0.223548,,0.431837,10.4097,fluid
2260,21.9009,0.438955,,1000.3,493.492,2385.6,,11.7215,-0.282231,,0.632687,10.6314,fluid
2261,21.769,0.498987,,1000.34,482.034,2641.53,,11.912,-0.369938,,1.1384,10.4272,fluid
2262,21.5924,0.578881,,1000.39,504.013,3087.17,,12.0131,-0.4553,,1.73293,9.13965,fluid
2263,21.3848,0.652524,,1000.45,520.392,3546.31,,11.9597,-0.454988,,1.76551,7.82682,fluid
2264,21.1654,0.710424,,1000.48,508.235,3780.99,,11.8708,-0.483738,,1.68566,7.55924,fluid
2265,20.9337,0.760791,,1000.49,455.233,3814.39,,11.7917,-0.582567,,2.28182,8.20286,fluid
2266,20.693,0.810738,,1000.49,399.975,3854.79,,11.7025,-0.693968,,3.07968,9.60901,fluid
2267,20.4473,0.863847,,1000.5,389.982,3946.81,,11.5746,-0.828193,,3.47708,11.1184,fluid
2268,20.1974,0.921325,,1000.52,401.222,4109.28,,11.4216,-1.03005,,3.90526,12.3341,fluid
2269,19.944,0.985514,,1000.54,394.923,4280.31,,11.2515,-1.2619,,4.55842,13.49,fluid
2270,19.683,1.05713,,1000.56,391.068,4422.19,,11.0421,-1.51107,,5.09129,14.7238,fluid
2271,19.4133,1.13553,,1000.58,392.804,4582.64,,10.7782,-1.77989,,5.49285,15.8675,fluid
2272,19.1382,1.22153,,1000.6,394.274,4737.83,,10.4698,-2.05879,,5.85623,16.7715,fluid
2273,18.8582,1.31655,,1000.62,392.415,4899.15,,10.1183,-2.3387,,6.19164,17.3688,fluid
2274,18.5737,1.42077,,1000.64,377.053,5066.4,,9.72125,-2.626,,6.66333,17.7307,fluid
2275,18.2848,1.53427,,1000.66,353.582,5205.54,,9.28036,-2.92381,,7.22804,17.9801,fluid
2276,17.9904,1.65759,,1000.67,329.214,5300.1,,8.79146,-3.23471,,7.81887,18.2447,fluid
2277,17.6881,1.79163,,1000.69,314.602,5396.41,,8.24908,-3.55921,,8.27088,18.6812,fluid
2278,17.3735,1.93775,,1000.7,317.063,5540.69,,7.64041,-3.8738,,8.33675,19.2658,fluid
2279,17.0405,2.09688,,1000.7,338.226,5520.82,,6.95876,-4.17358,,8.19342,19.4258,fluid
2280,16.6798,2.27894,,1000.69,346.503,5395.42,,6.25795,-4.37275,,8.4846,18.8312,fluid
2281,16.2937,2.48654,,1000.68,324.37,5343.08,,5.63129,-4.57032,,8.40903,17.9259,fluid
2282,15.8898,2.74009,,1000.58,307.111,4578.17,,4.81261,-4.63552,,7.09683,15.8233,fluid
2283,15.5966,2.99338,,1000.45,319.257,3536.76,,4.41604,-4.75803,,7.53362,13.4753,fluid
2284,15.3503,3.36368,,1000.33,285.387,2568.16,,3.80018,-4.71071,,6.96871,11.248,fluid
2285,20.9575,0.0357339,,1000.13,411.522,1030.07,,7.80259,-0.103939,,-2.10363,14.1551,fluid
2286,21.7386,0.167999,,1000.41,469.397,3215.66,,9.14753,-0.0974415,,3.44217,10.3717,fluid
2287,22.6757,0.296185,,1000.21,373.646,1627.44,,10.4195,-0.12851,,0.39359,7.10593,fluid
2288,22.8189,0.331295,,1000.21,496.711,1621.42,,10.9569,-0.184538,,1.39038,10.3927,fluid
2289,22.798,0.365492,,1000.21,498.235,1682.83,,11.1099,-0.203566,,1.44148,10.2549,fluid
2290,22.7729,0.407508,,1000.23,510.965,1773.79,,11.3004,-0.227229,,1.30903,10.0969,fluid
2291,22.7061,0.44915,,1000.25,534.001,1940.76,,11.4618,-0.254235,,0.842768,9.72208,fluid
2292,22.5803,0.483671,,1000.27,548.615,2140.48,,11.6311,-0.326489,,0.358505,10.3865,fluid
2293,22.4159,0.530932,,1000.29,505.592,2297.1,,11.8934,-0.50383,,0.560324,11.8503,fluid
2294,22.2115,0.592615,,1000.31,545.928,2470.52,,12.0556,-0.535664,,1.01971,10.2365,fluid
2295,21.9804,0.642767,,1000.32,580.643,2542.15,,11.969,-0.573774,,1.254,9.50435,fluid
2296,21.7406,0.688942,,1000.32,562.698,2542.45,,11.8618,-0.673762,,1.9841,8.7603,fluid
2297,21.5051,0.738982,,1000.35,533.358,2737.8,,11.7933,-0.711857,,2.55345,8.69002,fluid
2298,21.265,0.786507,,1000.37,528.354,2922.25,,11.7112,-0.728903,,2.42316,9.16405,fluid
2299,21.017,0.831257,,1000.36,526.758,2848.52,,11.6496,-0.829216,,2.46712,9.78357,fluid
2300,20.7628,0.880667,,1000.34,515.801,2665.78,,11.6079,-0.991375,,3.00483,10.978,fluid
2301,20.4953,0.937612,,1000.34,514.163,2656.65,,11.4872,-1.16619,,3.60325,12.4926,fluid
2302,20.218,0.999936,,1000.37,526.076,2867.67,,11.2913,-1.37552,,4.06176,13.7445,fluid
2303,19.9366,1.0691,,1000.39,522.581,3099.71,,11.0673,-1.61227,,4.59301,14.8451,fluid
2304,19.6503,1.14608,,1000.42,520.832,3314.62,,10.8114,-1.86213,,5.07129,15.992,fluid
2305,19.3593,1.23061,,1000.45,521.502,3563.86,,10.5105,-2.13455,,5.52033,17.0547,fluid
2306,19.0638,1.32367,,1000.49,519.298,3822.01,,10.1613,-2.42537,,5.94768,17.8268,fluid
2307,18.7641,1.42574,,1000.52,510.524,4060.61,,9.76799,-2.72915,,6.33546,18.2211,fluid
2308,18.4604,1.53759,,1000.54,489.307,4231.84,,9.34049,-3.04489,,6.88561,18.3923,fluid
2309,18.151,1.66022,,1000.55,463.297,4351.43,,8.8761,-3.36348,,7.59668,18.5469,fluid
2310,17.8334,1.79461,,1000.57,441.525,4480.51,,8.36812,-3.68405,,8.40419,18.8818,fluid
2311,17.5047,1.94196,,1000.6,422.172,4716.29,,7.79543,-3.9925,,9.08061,19.5209,fluid
2312,17.1546,2.10453,,1000.62,415.885,4893.01,,7.12459,-4.27285,,9.1528,20.1771,fluid
2313,16.7584,2.29848,,1000.61,393.054,4777.34,,6.34314,-4.47797,,9.17369,19.5265,fluid
2314,16.3541,2.51073,,1000.61,359.221,4777.7,,5.68633,-4.67629,,9.4072,18.5509,fluid
2315,16.0114,2.76406,,1000.54,353.908,4231.05,,4.97828,-4.79189,,8.22546,16.7639,fluid
2316,15.6844,3.14821,,1000.38,326.562,2982.33,,4.25575,-4.80339,,7.92924,12.8592,fluid
2317,22.15,0.145686,,1000.24,443.591,1879.01,,9.43403,-0.104802,,0.163137,10.8523,fluid
2318,23.1417,0.251567,,1000.17,509.901,1353.07,,10.9822,-0.0897809,,1.2218,8.34962,fluid
2319,23.2134,0.332002,,1000.12,466.536,951.152,,11.013,-0.120683,,2.57817,8.60049,fluid
2320,23.2127,0.357072,,1000.11,463.05,868.831,,11.02,-0.139708,,2.72563,8.90992,fluid
2321,23.2057,0.383251,,1000.1,459.782,803.217,,11.0344,-0.164223,,2.79962,9.25757,fluid
2322,23.1935,0.41524,,1000.09,454.808,745.106,,11.066,-0.201817,,2.82285,9.70101,fluid
2323,23.1614,0.459563,,1000.09,444.057,728.064,,11.1814,-0.282755,,2.62751,10.6935,fluid
2324,23.0341,0.536814,,1000.13,471.625,1034.47,,11.6792,-0.437948,,1.5138,11.1449,fluid
2325,22.8084,0.604278,,1000.24,514.454,1898.24,,11.7799,-0.361979,,1.81537,8.8599,fluid
2326,22.5864,0.638619,,1000.31,525.724,2447.07,,11.7392,-0.38324,,1.5002,9.17493,fluid
2327,22.3823,0.673244,,1000.34,537.632,2642.81,,11.8433,-0.5049,,1.49786,9.22174,fluid
2328,22.1641,0.716961,,1000.35,545.287,2763.35,,11.8593,-0.567037,,1.73653,9.38289,fluid
2329,21.9293,0.762354,,1000.34,556.061,2677.85,,11.7581,-0.654146,,1.97393,9.30345,fluid
2330,21.6959,0.809506,,1000.31,550.729,2431.78,,11.7039,-0.759137,,2.43099,9.24111,fluid
2331,21.4557,0.861717,,1000.29,539.661,2284.69,,11.666,-0.821765,,2.58,9.84212,fluid
2332,21.1982,0.913867,,1000.27,546.607,2104.3,,11.5796,-0.890044,,2.30237,10.355,fluid
2333,20.9358,0.963783,,1000.22,568.268,1723.59,,11.5214,-1.01997,,2.21287,10.5475,fluid
2334,20.6683,1.01743,,1000.19,586.022,1464.02,,11.4626,-1.20704,,2.61766,11.1,fluid
2335,20.391,1.07868,,1000.2,597.462,1584.66,,11.3259,-1.41338,,3.19185,12.1407,fluid
2336,20.1075,1.14689,,1000.24,599.693,1863.88,,11.1359,-1.64674,,3.76667,13.23,fluid
2337,19.8184,1.22265,,1000.27,597.308,2108.85,,10.91,-1.90382,,4.33264,14.3137,fluid
2338,19.5236,1.30641,,1000.31,594.516,2401.11,,10.634,-2.17782,,4.88219,15.4536,fluid
2339,19.2239,1.39908,,1000.35,586.869,2735.73,,10.3023,-2.47406,,5.47521,16.486,fluid
2340,18.9197,1.50145,,1000.38,572.38,3019.39,,9.91607,-2.78693,,6.01961,17.1864,fluid
2341,18.6116,1.61377,,1000.4,552.425,3159.44,,9.4886,-3.11106,,6.49132,17.4801,fluid
2342,18.2978,1.73697,,1000.41,530.057,3207.26,,9.02511,-3.4372,,7.00926,17.6572,fluid
2343,17.9774,1.87148,,1000.42,509.315,3310.11,,8.51909,-3.76086,,7.67203,18.0057,fluid
2344,17.6502,2.01703,,1000.46,487.539,3605.62,,7.96905,-4.0834,,8.45503,18.6597,fluid
2345,17.3158,2.17198,,1000.51,468.491,4015.73,,7.38501,-4.38525,,8.9779,19.5038,fluid
2346,16.9775,2.33747,,1000.52,454.474,4068.82,,6.76269,-4.62998,,9.112,19.4574,fluid
2347,16.6407,2.53584,,1000.5,435.942,3902.11,,6.1086,-4.79356,,8.9111,18.5608,fluid
2348,16.2385,2.88074,,1000.58,399.054,4531.66,,5.19266,-4.97667,,8.57309,15.6827,fluid
