h/dp :,2
L2norm Pressure,KE,dp,Nparticles
38263.3,113545,0.5,448

t,21.67
ID,x,y,,rho,drhodt,pressure,,u,v,,dudt,dvdt,type
0,-1.25,-0.25,,1005.94,0,47427.1,,0,0,,0,0,boundary
1,-0.75,-0.25,,1005.94,0,47479.7,,0,0,,0,0,boundary
2,-0.25,-0.25,,1005.95,0,47539.5,,0,0,,0,0,boundary
3,0.25,-0.25,,1005.98,0,47811.9,,0,0,,0,0,boundary
4,0.75,-0.25,,1006.02,0,48071.6,,0,0,,0,0,boundary
5,1.25,-0.25,,1006.03,0,48214.2,,0,0,,0,0,boundary
6,1.75,-0.25,,1006.06,0,48448.4,,0,0,,0,0,boundary
7,2.25,-0.25,,1006.1,0,48763.9,,0,0,,0,0,boundary
8,2.75,-0.25,,1006.13,0,49003.1,,0,0,,0,0,boundary
9,3.25,-0.25,,1006.16,0,49243.6,,0,0,,0,0,boundary
10,3.75,-0.25,,1006.18,0,49428.4,,0,0,,0,0,boundary
11,4.25,-0.25,,1006.21,0,49656.5,,0,0,,0,0,boundary
12,4.75,-0.25,,1006.24,0,49861.3,,0,0,,0,0,boundary
13,5.25,-0.25,,1006.27,0,50167.4,,0,0,,0,0,boundary
14,5.75,-0.25,,1006.32,0,50526.1,,0,0,,0,0,boundary
15,6.25,-0.25,,1006.38,0,51070.5,,0,0,,0,0,boundary
16,6.75,-0.25,,1006.43,0,51482.5,,0,0,,0,0,boundary
17,7.25,-0.25,,1006.43,0,51442.7,,0,0,,0,0,boundary
18,7.75,-0.25,,1006.36,0,50852,,0,0,,0,0,boundary
19,8.25,-0.25,,1006.26,0,50095.7,,0,0,,0,0,boundary
20,8.75,-0.25,,1006.2,0,49593,,0,0,,0,0,boundary
21,9.25,-0.25,,1006.14,0,49097.5,,0,0,,0,0,boundary
22,9.75,-0.25,,1006.09,0,48688.1,,0,0,,0,0,boundary
23,10.25,-0.25,,1006.05,0,48389.7,,0,0,,0,0,boundary
24,10.75,-0.25,,1006.01,0,48050,,0,0,,0,0,boundary
25,11.25,-0.25,,1005.96,0,47609.9,,0,0,,0,0,boundary
26,11.75,-0.25,,1005.88,0,47003.2,,0,0,,0,0,boundary
27,12.25,-0.25,,1005.81,0,46423.2,,0,0,,0,0,boundary
28,12.75,-0.25,,1005.74,0,45857,,0,0,,0,0,boundary
29,13.25,-0.25,,1005.68,0,45346,,0,0,,0,0,boundary
30,13.75,-0.25,,1005.62,0,44831.6,,0,0,,0,0,boundary
31,14.25,-0.25,,1005.52,0,44084.9,,0,0,,0,0,boundary
32,14.75,-0.25,,1005.41,0,43124.1,,0,0,,0,0,boundary
33,15.25,-0.25,,1005.31,0,42323.9,,0,0,,0,0,boundary
34,15.75,-0.25,,1005.23,0,41662.5,,0,0,,0,0,boundary
35,16.25,-0.25,,1005.15,0,41070.3,,0,0,,0,0,boundary
36,16.75,-0.25,,1005.08,0,40515.5,,0,0,,0,0,boundary
37,17.25,-0.25,,1005,0,39808.5,,0,0,,0,0,boundary
38,17.75,-0.25,,1004.88,0,38869.5,,0,0,,0,0,boundary
39,18.25,-0.25,,1004.8,0,38238.1,,0,0,,0,0,boundary
40,18.75,-0.25,,1004.73,0,37620,,0,0,,0,0,boundary
41,19.25,-0.25,,1004.62,0,36794.6,,0,0,,0,0,boundary
42,19.75,-0.25,,1004.53,0,36041.2,,0,0,,0,0,boundary
43,20.25,-0.25,,1004.44,0,35304.3,,0,0,,0,0,boundary
44,20.75,-0.25,,1004.34,0,34484.7,,0,0,,0,0,boundary
45,21.25,-0.25,,1004.23,0,33591.9,,0,0,,0,0,boundary
46,21.75,-0.25,,1004.14,0,32915.1,,0,0,,0,0,boundary
47,22.25,-0.25,,1004.07,0,32311.1,,0,0,,0,0,boundary
48,22.75,-0.25,,1003.95,0,31379.6,,0,0,,0,0,boundary
49,23.25,-0.25,,1003.84,0,30482.1,,0,0,,0,0,boundary
50,23.75,-0.25,,1003.75,0,29774.8,,0,0,,0,0,boundary
51,24.25,-0.25,,1003.66,0,29034,,0,0,,0,0,boundary
52,24.75,-0.25,,1003.54,0,28101.9,,0,0,,0,0,boundary
53,25.25,-0.25,,1003.46,0,27407.4,,0,0,,0,0,boundary
54,25.75,-0.25,,1003.44,0,27262.6,,0,0,,0,0,boundary
55,26.25,-0.25,,1003.43,0,27210.9,,0,0,,0,0,boundary
56,-1.25,-0.75,,1006.46,0,51656,,0,0,,0,0,boundary
57,-0.75,-0.75,,1006.46,0,51704.1,,0,0,,0,0,boundary
58,-0.25,-0.75,,1006.5,0,51993.4,,0,0,,0,0,boundary
59,0.25,-0.75,,1006.53,0,52261,,0,0,,0,0,boundary
60,0.75,-0.75,,1006.55,0,52418.1,,0,0,,0,0,boundary
61,1.25,-0.75,,1006.56,0,52482.2,,0,0,,0,0,boundary
62,1.75,-0.75,,1006.58,0,52658.1,,0,0,,0,0,boundary
63,2.25,-0.75,,1006.61,0,52912.2,,0,0,,0,0,boundary
64,2.75,-0.75,,1006.62,0,52997,,0,0,,0,0,boundary
65,3.25,-0.75,,1006.65,0,53258.2,,0,0,,0,0,boundary
66,3.75,-0.75,,1006.72,0,53780,,0,0,,0,0,boundary
67,4.25,-0.75,,1006.76,0,54147.6,,0,0,,0,0,boundary
68,4.75,-0.75,,1006.79,0,54349.4,,0,0,,0,0,boundary
69,5.25,-0.75,,1006.83,0,54729.5,,0,0,,0,0,boundary
70,5.75,-0.75,,1006.89,0,55170.6,,0,0,,0,0,boundary
71,6.25,-0.75,,1006.97,0,55850.1,,0,0,,0,0,boundary
72,6.75,-0.75,,1007.05,0,56489.2,,0,0,,0,0,boundary
73,7.25,-0.75,,1007.06,0,56569.2,,0,0,,0,0,boundary
74,7.75,-0.75,,1006.97,0,55848.4,,0,0,,0,0,boundary
75,8.25,-0.75,,1006.85,0,54882.8,,0,0,,0,0,boundary
76,8.75,-0.75,,1006.79,0,54360.8,,0,0,,0,0,boundary
77,9.25,-0.75,,1006.74,0,53957.8,,0,0,,0,0,boundary
78,9.75,-0.75,,1006.68,0,53508.1,,0,0,,0,0,boundary
79,10.25,-0.75,,1006.62,0,53003.3,,0,0,,0,0,boundary
80,10.75,-0.75,,1006.56,0,52491.1,,0,0,,0,0,boundary
81,11.25,-0.75,,1006.5,0,51995.3,,0,0,,0,0,boundary
82,11.75,-0.75,,1006.41,0,51321.6,,0,0,,0,0,boundary
83,12.25,-0.75,,1006.34,0,50676.3,,0,0,,0,0,boundary
84,12.75,-0.75,,1006.27,0,50156.1,,0,0,,0,0,boundary
85,13.25,-0.75,,1006.21,0,49633.8,,0,0,,0,0,boundary
86,13.75,-0.75,,1006.13,0,49036.2,,0,0,,0,0,boundary
87,14.25,-0.75,,1006.04,0,48230,,0,0,,0,0,boundary
88,14.75,-0.75,,1005.9,0,47119.9,,0,0,,0,0,boundary
89,15.25,-0.75,,1005.79,0,46227.2,,0,0,,0,0,boundary
90,15.75,-0.75,,1005.72,0,45665.4,,0,0,,0,0,boundary
91,16.25,-0.75,,1005.63,0,44977.5,,0,0,,0,0,boundary
92,16.75,-0.75,,1005.54,0,44232.6,,0,0,,0,0,boundary
93,17.25,-0.75,,1005.46,0,43570.4,,0,0,,0,0,boundary
94,17.75,-0.75,,1005.38,0,42878,,0,0,,0,0,boundary
95,18.25,-0.75,,1005.31,0,42332.3,,0,0,,0,0,boundary
96,18.75,-0.75,,1005.21,0,41561.7,,0,0,,0,0,boundary
97,19.25,-0.75,,1005.1,0,40672.9,,0,0,,0,0,boundary
98,19.75,-0.75,,1004.99,0,39788.6,,0,0,,0,0,boundary
99,20.25,-0.75,,1004.9,0,39033.9,,0,0,,0,0,boundary
100,20.75,-0.75,,1004.81,0,38282.8,,0,0,,0,0,boundary
101,21.25,-0.75,,1004.7,0,37380.9,,0,0,,0,0,boundary
102,21.75,-0.75,,1004.6,0,36640.2,,0,0,,0,0,boundary
103,22.25,-0.75,,1004.52,0,35944.8,,0,0,,0,0,boundary
104,22.75,-0.75,,1004.41,0,35048.8,,0,0,,0,0,boundary
105,23.25,-0.75,,1004.33,0,34417.2,,0,0,,0,0,boundary
106,23.75,-0.75,,1004.26,0,33845.4,,0,0,,0,0,boundary
107,24.25,-0.75,,1004.18,0,33217.6,,0,0,,0,0,boundary
108,24.75,-0.75,,1004.08,0,32418.2,,0,0,,0,0,boundary
109,25.25,-0.75,,1004.02,0,31894.7,,0,0,,0,0,boundary
110,25.75,-0.75,,1003.99,0,31690.9,,0,0,,0,0,boundary
111,26.25,-0.75,,1003.97,0,31502,,0,0,,0,0,boundary
112,-1.25,-1.25,,1007.07,0,56700.9,,0,0,,0,0,boundary
113,-0.75,-1.25,,1007.06,0,56557.8,,0,0,,0,0,boundary
114,-0.25,-1.25,,1007.11,0,56969.8,,0,0,,0,0,boundary
115,0.25,-1.25,,1007.15,0,57358,,0,0,,0,0,boundary
116,0.75,-1.25,,1007.16,0,57427.6,,0,0,,0,0,boundary
117,1.25,-1.25,,1007.18,0,57585.9,,0,0,,0,0,boundary
118,1.75,-1.25,,1007.19,0,57640.5,,0,0,,0,0,boundary
119,2.25,-1.25,,1007.17,0,57533.2,,0,0,,0,0,boundary
120,2.75,-1.25,,1007.19,0,57697.7,,0,0,,0,0,boundary
121,3.25,-1.25,,1007.29,0,58449.8,,0,0,,0,0,boundary
122,3.75,-1.25,,1007.42,0,59508.5,,0,0,,0,0,boundary
123,4.25,-1.25,,1007.49,0,60138.7,,0,0,,0,0,boundary
124,4.75,-1.25,,1007.48,0,60067.9,,0,0,,0,0,boundary
125,5.25,-1.25,,1007.48,0,60074.5,,0,0,,0,0,boundary
126,5.75,-1.25,,1007.53,0,60463.4,,0,0,,0,0,boundary
127,6.25,-1.25,,1007.55,0,60624.3,,0,0,,0,0,boundary
128,6.75,-1.25,,1007.55,0,60632.8,,0,0,,0,0,boundary
129,7.25,-1.25,,1007.54,0,60490.1,,0,0,,0,0,boundary
130,7.75,-1.25,,1007.46,0,59843,,0,0,,0,0,boundary
131,8.25,-1.25,,1007.35,0,58991.1,,0,0,,0,0,boundary
132,8.75,-1.25,,1007.3,0,58536.9,,0,0,,0,0,boundary
133,9.25,-1.25,,1007.3,0,58539.8,,0,0,,0,0,boundary
134,9.75,-1.25,,1007.26,0,58208.6,,0,0,,0,0,boundary
135,10.25,-1.25,,1007.18,0,57537.7,,0,0,,0,0,boundary
136,10.75,-1.25,,1007.1,0,56903.9,,0,0,,0,0,boundary
137,11.25,-1.25,,1007.01,0,56188.8,,0,0,,0,0,boundary
138,11.75,-1.25,,1006.89,0,55173,,0,0,,0,0,boundary
139,12.25,-1.25,,1006.76,0,54125.9,,0,0,,0,0,boundary
140,12.75,-1.25,,1006.69,0,53604.1,,0,0,,0,0,boundary
141,13.25,-1.25,,1006.66,0,53343.9,,0,0,,0,0,boundary
142,13.75,-1.25,,1006.59,0,52751.7,,0,0,,0,0,boundary
143,14.25,-1.25,,1006.48,0,51881,,0,0,,0,0,boundary
144,14.75,-1.25,,1006.35,0,50814.4,,0,0,,0,0,boundary
145,15.25,-1.25,,1006.22,0,49773.3,,0,0,,0,0,boundary
146,15.75,-1.25,,1006.12,0,48948.9,,0,0,,0,0,boundary
147,16.25,-1.25,,1006.03,0,48189.3,,0,0,,0,0,boundary
148,16.75,-1.25,,1005.89,0,47084.8,,0,0,,0,0,boundary
149,17.25,-1.25,,1005.79,0,46200.8,,0,0,,0,0,boundary
150,17.75,-1.25,,1005.71,0,45627,,0,0,,0,0,boundary
151,18.25,-1.25,,1005.65,0,45132.1,,0,0,,0,0,boundary
152,18.75,-1.25,,1005.55,0,44325.7,,0,0,,0,0,boundary
153,19.25,-1.25,,1005.42,0,43195.5,,0,0,,0,0,boundary
154,19.75,-1.25,,1005.28,0,42098.6,,0,0,,0,0,boundary
155,20.25,-1.25,,1005.21,0,41525.2,,0,0,,0,0,boundary
156,20.75,-1.25,,1005.14,0,40942.3,,0,0,,0,0,boundary
157,21.25,-1.25,,1005.02,0,40007.8,,0,0,,0,0,boundary
158,21.75,-1.25,,1004.87,0,38821.9,,0,0,,0,0,boundary
159,22.25,-1.25,,1004.74,0,37742.3,,0,0,,0,0,boundary
160,22.75,-1.25,,1004.61,0,36686.5,,0,0,,0,0,boundary
161,23.25,-1.25,,1004.54,0,36138.4,,0,0,,0,0,boundary
162,23.75,-1.25,,1004.52,0,35975.6,,0,0,,0,0,boundary
163,24.25,-1.25,,1004.48,0,35612.3,,0,0,,0,0,boundary
164,24.75,-1.25,,1004.42,0,35112.8,,0,0,,0,0,boundary
165,25.25,-1.25,,1004.36,0,34692.3,,0,0,,0,0,boundary
166,25.75,-1.25,,1004.3,0,34160.7,,0,0,,0,0,boundary
167,26.25,-1.25,,1004.22,0,33529.6,,0,0,,0,0,boundary
168,-0.25,0.25,,1005.45,0,43473.2,,0,0,,0,0,boundary
169,-0.25,0.75,,1004.95,0,39406.6,,0,0,,0,0,boundary
170,-0.25,1.25,,1004.4,0,34973.6,,0,0,,0,0,boundary
171,-0.25,1.75,,1003.81,0,30255.7,,0,0,,0,0,boundary
172,-0.25,2.25,,1003.27,0,25881.7,,0,0,,0,0,boundary
173,-0.25,2.75,,1002.75,0,21721.4,,0,0,,0,0,boundary
174,-0.25,3.25,,1002.3,0,18175.5,,0,0,,0,0,boundary
175,-0.25,3.75,,1001.97,0,15576.3,,0,0,,0,0,boundary
176,-0.25,4.25,,1001.58,0,12457.7,,0,0,,0,0,boundary
177,-0.25,4.75,,1001.08,0,8528.36,,0,0,,0,0,boundary
178,-0.25,5.25,,1000.9,0,7076.23,,0,0,,0,0,boundary
179,-0.25,5.75,,1000.77,0,6025.24,,0,0,,0,0,boundary
180,-0.25,6.25,,1000.69,0,5404.16,,0,0,,0,0,boundary
181,-0.25,6.75,,1000,0,0,,0,0,,0,0,boundary
182,-0.25,7.25,,1000,0,0,,0,0,,0,0,boundary
183,-0.25,7.75,,1000,0,0,,0,0,,0,0,boundary
184,-0.25,8.25,,1000,0,0,,0,0,,0,0,boundary
185,-0.25,8.75,,1000,0,0,,0,0,,0,0,boundary
186,-0.25,9.25,,1000,0,0,,0,0,,0,0,boundary
187,-0.25,9.75,,1000,0,0,,0,0,,0,0,boundary
188,-0.75,0.25,,1005.44,0,43416.9,,0,0,,0,0,boundary
189,-0.75,0.75,,1004.92,0,39220.7,,0,0,,0,0,boundary
190,-0.75,1.25,,1004.38,0,34864.1,,0,0,,0,0,boundary
191,-0.75,1.75,,1003.83,0,30392.1,,0,0,,0,0,boundary
192,-0.75,2.25,,1003.3,0,26116.6,,0,0,,0,0,boundary
193,-0.75,2.75,,1002.78,0,22039.9,,0,0,,0,0,boundary
194,-0.75,3.25,,1002.34,0,18461.7,,0,0,,0,0,boundary
195,-0.75,3.75,,1001.99,0,15742.6,,0,0,,0,0,boundary
196,-0.75,4.25,,1001.48,0,11671.9,,0,0,,0,0,boundary
197,-0.75,4.75,,1000.68,0,5320.49,,0,0,,0,0,boundary
198,-0.75,5.25,,1000.85,0,6701.3,,0,0,,0,0,boundary
199,-0.75,5.75,,1000.74,0,5854.29,,0,0,,0,0,boundary
200,-0.75,6.25,,1000.69,0,5445.16,,0,0,,0,0,boundary
201,-0.75,6.75,,1000,0,0,,0,0,,0,0,boundary
202,-0.75,7.25,,1000,0,0,,0,0,,0,0,boundary
203,-0.75,7.75,,1000,0,0,,0,0,,0,0,boundary
204,-0.75,8.25,,1000,0,0,,0,0,,0,0,boundary
205,-0.75,8.75,,1000,0,0,,0,0,,0,0,boundary
206,-0.75,9.25,,1000,0,0,,0,0,,0,0,boundary
207,-0.75,9.75,,1000,0,0,,0,0,,0,0,boundary
208,-1.25,0.25,,1005.44,0,43384.9,,0,0,,0,0,boundary
209,-1.25,0.75,,1004.94,0,39309.8,,0,0,,0,0,boundary
210,-1.25,1.25,,1004.41,0,35091.6,,0,0,,0,0,boundary
211,-1.25,1.75,,1003.85,0,30605.5,,0,0,,0,0,boundary
212,-1.25,2.25,,1003.31,0,26222.3,,0,0,,0,0,boundary
213,-1.25,2.75,,1002.82,0,22286.6,,0,0,,0,0,boundary
214,-1.25,3.25,,1002.36,0,18622.4,,0,0,,0,0,boundary
215,-1.25,3.75,,1001.9,0,14981.8,,0,0,,0,0,boundary
216,-1.25,4.25,,1001.33,0,10517.4,,0,0,,0,0,boundary
217,-1.25,4.75,,1000.64,0,5024.59,,0,0,,0,0,boundary
218,-1.25,5.25,,1000.83,0,6566.47,,0,0,,0,0,boundary
219,-1.25,5.75,,1000.74,0,5804.91,,0,0,,0,0,boundary
220,-1.25,6.25,,1000.69,0,5435.92,,0,0,,0,0,boundary
221,-1.25,6.75,,1000,0,0,,0,0,,0,0,boundary
222,-1.25,7.25,,1000,0,0,,0,0,,0,0,boundary
223,-1.25,7.75,,1000,0,0,,0,0,,0,0,boundary
224,-1.25,8.25,,1000,0,0,,0,0,,0,0,boundary
225,-1.25,8.75,,1000,0,0,,0,0,,0,0,boundary
226,-1.25,9.25,,1000,0,0,,0,0,,0,0,boundary
227,-1.25,9.75,,1000,0,0,,0,0,,0,0,boundary
228,25.25,0.25,,1002.96,0,23436.6,,0,0,,0,0,boundary
229,25.25,0.75,,1002.49,0,19727.1,,0,0,,0,0,boundary
230,25.25,1.25,,1002.02,0,15939.4,,0,0,,0,0,boundary
231,25.25,1.75,,1001.61,0,12726.2,,0,0,,0,0,boundary
232,25.25,2.25,,1001.34,0,10597.4,,0,0,,0,0,boundary
233,25.25,2.75,,1000.99,0,7763.08,,0,0,,0,0,boundary
234,25.25,3.25,,1000.56,0,4374.16,,0,0,,0,0,boundary
235,25.25,3.75,,1000.57,0,4495.58,,0,0,,0,0,boundary
236,25.25,4.25,,1000.53,0,4150.06,,0,0,,0,0,boundary
237,25.25,4.75,,1000.56,0,4403.08,,0,0,,0,0,boundary
238,25.25,5.25,,1000.59,0,4640.13,,0,0,,0,0,boundary
239,25.25,5.75,,1000,0,0,,0,0,,0,0,boundary
240,25.25,6.25,,1000,0,0,,0,0,,0,0,boundary
241,25.25,6.75,,1000,0,0,,0,0,,0,0,boundary
242,25.25,7.25,,1000,0,0,,0,0,,0,0,boundary
243,25.25,7.75,,1000,0,0,,0,0,,0,0,boundary
244,25.25,8.25,,1000,0,0,,0,0,,0,0,boundary
245,25.25,8.75,,1000,0,0,,0,0,,0,0,boundary
246,25.25,9.25,,1000,0,0,,0,0,,0,0,boundary
247,25.25,9.75,,1000,0,0,,0,0,,0,0,boundary
248,25.75,0.25,,1002.92,0,23130.8,,0,0,,0,0,boundary
249,25.75,0.75,,1002.44,0,19261.8,,0,0,,0,0,boundary
250,25.75,1.25,,1001.94,0,15344.7,,0,0,,0,0,boundary
251,25.75,1.75,,1001.53,0,12048.8,,0,0,,0,0,boundary
252,25.75,2.25,,1001.21,0,9541.43,,0,0,,0,0,boundary
253,25.75,2.75,,1000.81,0,6390.88,,0,0,,0,0,boundary
254,25.75,3.25,,1000.31,0,2462.54,,0,0,,0,0,boundary
255,25.75,3.75,,1000.57,0,4463.18,,0,0,,0,0,boundary
256,25.75,4.25,,1000.51,0,4037.35,,0,0,,0,0,boundary
257,25.75,4.75,,1000.54,0,4226.74,,0,0,,0,0,boundary
258,25.75,5.25,,1000.56,0,4425.44,,0,0,,0,0,boundary
259,25.75,5.75,,1000,0,0,,0,0,,0,0,boundary
260,25.75,6.25,,1000,0,0,,0,0,,0,0,boundary
261,25.75,6.75,,1000,0,0,,0,0,,0,0,boundary
262,25.75,7.25,,1000,0,0,,0,0,,0,0,boundary
263,25.75,7.75,,1000,0,0,,0,0,,0,0,boundary
264,25.75,8.25,,1000,0,0,,0,0,,0,0,boundary
265,25.75,8.75,,1000,0,0,,0,0,,0,0,boundary
266,25.75,9.25,,1000,0,0,,0,0,,0,0,boundary
267,25.75,9.75,,1000,0,0,,0,0,,0,0,boundary
268,26.25,0.25,,1002.9,0,22960.1,,0,0,,0,0,boundary
269,26.25,0.75,,1002.4,0,18949.8,,0,0,,0,0,boundary
270,26.25,1.25,,1001.88,0,14848.3,,0,0,,0,0,boundary
271,26.25,1.75,,1001.46,0,11481.8,,0,0,,0,0,boundary
272,26.25,2.25,,1001.15,0,9081.92,,0,0,,0,0,boundary
273,26.25,2.75,,1000.77,0,6034.03,,0,0,,0,0,boundary
274,26.25,3.25,,1000.37,0,2911.09,,0,0,,0,0,boundary
275,26.25,3.75,,999.975,0,-198.283,,0,0,,0,0,boundary
276,26.25,4.25,,1000.51,0,3996.5,,0,0,,0,0,boundary
277,26.25,4.75,,1000.51,0,4041.49,,0,0,,0,0,boundary
278,26.25,5.25,,1000.56,0,4425.44,,0,0,,0,0,boundary
279,26.25,5.75,,1000,0,0,,0,0,,0,0,boundary
280,26.25,6.25,,1000,0,0,,0,0,,0,0,boundary
281,26.25,6.75,,1000,0,0,,0,0,,0,0,boundary
282,26.25,7.25,,1000,0,0,,0,0,,0,0,boundary
283,26.25,7.75,,1000,0,0,,0,0,,0,0,boundary
284,26.25,8.25,,1000,0,0,,0,0,,0,0,boundary
285,26.25,8.75,,1000,0,0,,0,0,,0,0,boundary
286,26.25,9.25,,1000,0,0,,0,0,,0,0,boundary
287,26.25,9.75,,1000,0,0,,0,0,,0,0,boundary
288,0.650425,0.953724,,1004.75,2.32959,37836.9,,-0.0716869,-0.000687097,,-0.367069,9.88379,fluid
289,0.237594,1.26642,,1004.47,2.52153,35526.6,,-0.197513,0.0541386,,-0.113359,9.81831,fluid
290,0.279513,2.4611,,1003.1,1.71965,24580.6,,-0.0389344,0.0811937,,-0.207608,10.1639,fluid
291,0.251276,0.177658,,1005.53,2.21977,44161.7,,0.0685627,0.0100345,,0.0368995,9.51708,fluid
292,0.714082,0.375801,,1005.44,1.89816,43429.9,,0.102116,-0.0230304,,-0.192661,9.98885,fluid
293,0.22219,1.90103,,1003.61,1.5338,28617.2,,0.123234,0.0853667,,0.119624,10.3012,fluid
294,1.36127,3.52916,,1001.72,0.16103,13545.4,,-0.258661,0.474434,,-0.112878,10.3346,fluid
295,0.56266,1.58597,,1004.22,1.9718,33570.8,,-0.0279926,-0.160513,,0.192526,9.99067,fluid
296,0.339113,2.99144,,1002.51,1.45693,19808.3,,-0.186073,0.165934,,8.09031e-05,10.2057,fluid
297,2.1602,2.31191,,1003.3,1.73829,26184.6,,-0.272583,0.313632,,-0.221688,10.2238,fluid
298,0.379009,3.42217,,1001.95,0.763417,15383.1,,-0.0469573,0.359547,,-0.00175049,10.532,fluid
299,0.860927,3.05207,,1002.6,0.921658,20583.3,,-0.183675,0.0562581,,-0.16254,10.4072,fluid
300,1.24806,2.78469,,1002.81,1.69363,22233,,-0.257439,0.372573,,0.165322,10.5081,fluid
301,1.37033,4.13974,,1001.53,0.984007,12039.7,,-0.0922175,0.29278,,0.386942,10.6475,fluid
302,1.61868,3.31357,,1002.18,1.30489,17222.4,,-0.165244,0.272577,,-0.0879867,10.0137,fluid
303,2.43078,3.78404,,1001.9,0.966153,14994.7,,-0.179082,0.334751,,0.199338,10.4041,fluid
304,1.11636,0.180032,,1005.58,2.03938,44512.4,,0.0936493,0.0719838,,-0.170382,9.74928,fluid
305,0.223253,0.684827,,1005.06,2.33915,40346.8,,0.0613464,-0.146456,,0.0385511,10.3721,fluid
306,1.67337,0.96828,,1004.81,3.12008,38334.6,,0.0446653,0.0470357,,-0.328324,9.88646,fluid
307,1.7492,0.178616,,1005.61,2.69443,44803.5,,0.0763191,0.0482947,,-0.196847,9.93574,fluid
308,2.015,0.612318,,1005.21,2.87761,41569.2,,0.0463402,0.0582704,,-0.279677,10.271,fluid
309,1.04253,0.969283,,1004.78,2.18463,38073.3,,-0.0339772,-0.0827724,,0.136022,9.83822,fluid
310,1.35585,0.573052,,1005.25,2.4389,41864.7,,0.0909766,0.0079658,,0.0141773,10.1176,fluid
311,1.98453,3.42906,,1001.76,-0.0437534,13872.9,,-0.299233,0.479914,,0.0294671,10.2089,fluid
312,0.655256,2.4093,,1003.18,1.45242,25161.4,,-0.0235283,0.095977,,-0.0232202,10.1288,fluid
313,1.14774,2.31897,,1003.14,1.5859,24911.5,,-0.11665,0.243302,,-0.0962687,10.1541,fluid
314,1.44604,1.82519,,1004.02,2.29662,31936.4,,-0.18861,-0.100139,,-0.143576,10.2655,fluid
315,2.96283,3.7358,,1001.81,1.59643,14248.6,,-0.121893,0.369937,,-0.058355,10.9471,fluid
316,3.87145,4.00148,,1001.58,1.59553,12457.1,,-0.215308,0.579558,,0.198841,10.3315,fluid
317,2.22573,2.91559,,1002.69,2.54763,21302.1,,-0.45292,0.160354,,-0.0629383,10.4228,fluid
318,3.41974,4.23993,,1001.06,1.61478,8370.46,,-0.116959,0.576186,,-0.0451492,10.0609,fluid
319,3.53189,4.64598,,1000.61,0.465383,4781.72,,-0.129693,0.654648,,0.530667,10.0867,fluid
320,2.32033,0.280229,,1005.57,3.18289,44435.6,,-0.0246508,0.0138974,,-0.23801,9.67074,fluid
321,4.54291,0.413701,,1005.45,5.59906,43465.9,,-0.418067,0.257131,,-0.428472,10.4862,fluid
322,5.59672,0.207517,,1005.84,7.52078,46665.3,,-0.697866,-0.145931,,-0.140937,9.80357,fluid
323,1.19425,1.37991,,1004.46,2.03625,35442.3,,-0.15198,0.0937768,,-0.217518,10.1609,fluid
324,1.7964,1.39324,,1004.47,2.49947,35555,,-0.239831,0.150309,,-0.0832009,9.981,fluid
325,2.75458,0.220989,,1005.64,3.54438,45054.3,,0.0524607,0.0192536,,-0.157364,10.1575,fluid
326,1.71779,2.1907,,1003.33,1.73526,26405,,-0.263048,0.176613,,-0.252783,10.1112,fluid
327,2.1159,1.68682,,1004.05,2.3869,32192.2,,-0.286941,0.318693,,-0.0904682,10.4282,fluid
328,3.41244,1.02693,,1004.94,4.42574,39367.5,,-0.310017,0.22812,,-0.621814,10.5489,fluid
329,0.89891,1.8797,,1003.82,2.00665,30334,,-0.140214,0.065013,,-0.1989,10.2377,fluid
330,2.78465,2.64539,,1002.87,2.26711,22697.6,,-0.397661,0.392123,,-0.0467226,10.6388,fluid
331,2.53923,2.22441,,1003.51,2.59734,27852.7,,-0.339472,0.171308,,0.120465,9.94103,fluid
332,6.28728,4.35842,,1000.68,1.16652,5374.64,,-0.330013,1.15849,,0.193747,11.3429,fluid
333,6.61899,4.17707,,1000.83,1.82617,6556.26,,-0.478085,1.16581,,0.269883,11.2968,fluid
334,4.38171,4.21574,,1000.81,0.643107,6339.34,,-0.183654,0.845744,,0.484116,10.8727,fluid
335,8.20415,4.43592,,1000.79,1.89079,6193.28,,-0.957894,1.34382,,-0.632671,11.7383,fluid
336,6.71614,1.10102,,1004.8,7.76919,38185.5,,-1.35049,0.175447,,0.315383,10.242,fluid
337,7.06606,1.40847,,1004.25,7.40238,33771.2,,-1.46691,0.723656,,0.00723945,10.3988,fluid
338,6.61917,1.84591,,1004.12,7.15909,32754.4,,-1.15344,0.573374,,-0.218572,10.0688,fluid
339,4.92063,0.210361,,1005.81,6.33445,46425,,-0.469795,-0.0638502,,-0.110279,9.85542,fluid
340,4.3263,2.17877,,1003.66,4.63104,29075.4,,-0.66856,0.520244,,-0.145704,10.0914,fluid
341,3.3453,0.187352,,1005.76,4.22486,45980.9,,-0.194247,-0.0501762,,-0.153245,10.2217,fluid
342,6.37662,2.20655,,1003.53,5.41928,28014.9,,-0.985353,0.785717,,-0.000512145,11.1776,fluid
343,2.28976,1.04567,,1004.65,3.00917,36987.2,,-0.115422,0.277467,,-0.376357,10.3432,fluid
344,5.28344,1.79323,,1004.09,5.84798,32490.4,,-0.899594,0.527566,,-0.125834,10.4452,fluid
345,2.65428,0.840909,,1005.03,3.47452,40096.6,,-0.170754,-0.129985,,-0.278541,9.80727,fluid
346,2.9945,1.70011,,1004.17,3.05684,33152,,-0.33826,0.237422,,-0.292758,10.3276,fluid
347,2.53634,1.58025,,1004.33,3.58713,34418.7,,-0.256767,0.0647069,,-0.371941,10.1389,fluid
348,1.88191,4.50909,,1000.67,0.330965,5260.81,,0.221912,0.428627,,-0.0268217,11.0431,fluid
349,3.05484,4.45739,,1000.79,0.781091,6188.39,,-0.167028,0.625882,,-0.387031,10.2141,fluid
350,0.813827,4.52707,,1000.68,-0.0330118,5315.46,,0.0412463,0.380406,,0.507654,10.2396,fluid
351,2.2153,4.15792,,1001.07,1.41083,8410.96,,0.0598651,0.488697,,0.369214,10.6107,fluid
352,7.07893,1.92635,,1003.96,7.85871,31446.3,,-1.3262,0.471692,,0.185203,10.5291,fluid
353,6.9708,0.199956,,1005.87,8.4611,46884.6,,-1.17011,0.205988,,0.00663212,10.9001,fluid
354,6.33138,1.24553,,1004.61,6.7943,36661.9,,-1.30145,0.486789,,-0.134286,10.7209,fluid
355,7.95594,2.68201,,1002.8,5.8741,22194.9,,-1.19937,0.755617,,0.022458,10.2602,fluid
356,5.63371,0.897599,,1005.19,7.3346,41381.2,,-0.922021,0.235721,,-0.244887,9.99748,fluid
357,6.64251,0.636915,,1005.42,8.82316,43220.8,,-1.1147,0.369121,,-0.222691,10.249,fluid
358,8.27665,2.23591,,1003.36,7.51657,26654.5,,-1.44516,0.464868,,0.230183,10.749,fluid
359,3.76288,0.382669,,1005.49,4.80294,43829.8,,-0.212712,0.0671756,,-0.237899,10.2401,fluid
360,3.11204,0.615823,,1005.13,3.97578,40917.9,,-0.0569742,0.287754,,-0.360023,9.90266,fluid
361,3.84721,1.52376,,1004.35,4.09575,34591.2,,-0.526678,0.228699,,-0.293933,10.2459,fluid
362,2.98209,1.21745,,1004.6,3.74163,36603.9,,-0.314365,0.248315,,-0.298415,10.0346,fluid
363,5.31242,1.26173,,1004.58,5.69355,36414.4,,-0.699944,0.474425,,-0.0543395,10.8612,fluid
364,11.0836,4.39889,,1001.02,3.64913,8008.79,,-2.14547,0.620417,,-0.0516317,9.13733,fluid
365,1.12485,4.53087,,1000.7,0.0627734,5501.59,,0.0617626,0.374184,,0.868067,10.5295,fluid
366,9.77627,4.41715,,1000.75,1.96537,5891.65,,-1.95516,1.14104,,-0.532208,10.6967,fluid
367,17.6981,4.11188,,1000.59,3.37555,4614.3,,-1.03199,-1.11487,,1.21247,8.59289,fluid
368,12.6136,2.38137,,1003.02,9.05787,23896.8,,-1.97381,-0.165737,,1.05663,9.45691,fluid
369,12.4682,1.74457,,1003.71,11.6189,29442.8,,-2.21038,0.0202497,,1.1212,9.65387,fluid
370,5.72512,1.65242,,1004.24,6.48146,33662.3,,-0.913195,0.574026,,-0.270882,10.2175,fluid
371,7.50622,2.60321,,1002.97,5.48467,23509.6,,-1.28912,0.627303,,0.289926,10.5249,fluid
372,13.0074,2.34578,,1002.81,9.23446,22253.3,,-1.80454,0.00983741,,1.00563,9.43158,fluid
373,13.3972,2.62408,,1002.53,8.64113,19996.6,,-1.87107,0.0333611,,0.977099,9.07971,fluid
374,11.9785,2.72731,,1002.56,9.23219,20238.2,,-1.9858,-0.0425016,,0.372153,9.86408,fluid
375,10.0903,4.02408,,1001.59,3.68537,12513.2,,-1.67564,0.653768,,-0.13476,9.45147,fluid
376,6.00077,0.388398,,1005.57,7.4574,44423.3,,-0.839662,0.280272,,-0.0849013,10.3622,fluid
377,3.02104,3.15025,,1002.27,2.14946,17942,,-0.5151,0.45857,,-0.0898078,10.0498,fluid
378,10.7168,3.98464,,1001.69,5.92469,13366.4,,-1.72824,0.331841,,-0.059863,9.15813,fluid
379,4.97957,1.00104,,1005.04,6.49634,40142,,-0.623961,0.162872,,-0.134033,9.97864,fluid
380,3.39035,3.4794,,1001.85,1.55602,14604.7,,-0.288541,0.532648,,0.211692,10.8746,fluid
381,5.63309,4.38096,,1000.72,1.18469,5646.05,,-0.278109,1.06496,,0.228715,11.2766,fluid
382,8.67365,4.39033,,1000.81,2.1412,6374.97,,-1.39121,1.28286,,-0.69888,11.5537,fluid
383,13.4475,4.66869,,1000.64,3.02945,5067.4,,-2.31644,-0.297219,,1.24999,8.9855,fluid
384,16.8144,2.78444,,1001.85,8.75378,14614.1,,-1.43443,-0.633494,,1.41089,8.61378,fluid
385,10.0997,2.42632,,1002.92,8.32387,23094.4,,-1.65069,0.338258,,0.607581,9.91804,fluid
386,7.43595,1.26682,,1004.35,7.22957,34615.4,,-1.39712,0.584554,,0.478763,11.0291,fluid
387,13.4071,1.48879,,1003.72,11.3507,29527.2,,-2.26907,-0.0244763,,1.24313,9.61175,fluid
388,8.66255,2.42171,,1003.06,7.01909,24241.2,,-1.5474,0.48886,,0.181897,10.1689,fluid
389,13.6942,2.10606,,1002.98,9.38994,23587,,-1.9666,0.0078808,,1.29847,9.41353,fluid
390,14.2587,2.28325,,1002.86,9.59433,22612.8,,-1.9248,-0.261977,,1.20018,9.25854,fluid
391,11.8037,3.30784,,1002.07,6.5068,16377,,-1.84975,0.0768715,,0.56614,9.2297,fluid
392,12.9042,3.1046,,1002.21,8.04738,17455.4,,-2.00072,-0.187466,,0.682876,8.82522,fluid
393,11.4125,2.36356,,1003.08,9.28974,24433,,-2.04272,0.0360855,,0.559856,9.94675,fluid
394,9.02847,4.16199,,1001.05,3.44651,8277.73,,-1.41601,1.11088,,-1.07415,10.7612,fluid
395,3.45222,1.7593,,1004.08,3.4282,32441.8,,-0.414137,0.425602,,0.0636261,10.0887,fluid
396,3.78904,0.922972,,1005.09,5.23747,40595.8,,-0.340229,0.159831,,-0.357693,9.81085,fluid
397,13.7436,3.73733,,1001.72,5.95574,13600.9,,-2.07483,-0.183149,,0.700312,9.17897,fluid
398,7.28461,4.44562,,1000.72,1.46666,5667.19,,-0.517276,1.22858,,-0.162961,11.665,fluid
399,2.73757,4.59157,,1000.73,0.22536,5744.66,,0.104985,0.646362,,-0.820652,10.5725,fluid
400,10.7265,2.88104,,1002.41,6.75192,19077.7,,-1.69183,0.266203,,0.56024,9.15723,fluid
401,12.9076,-675.594,,971.109,0,-208004,,0.0507704,-114.897,,0,0,fluid
402,5.91326,3.14531,,1002.35,4.02133,18591,,-0.753936,0.849811,,0.176723,10.8698,fluid
403,11.7544,2.19502,,1003.18,9.8544,25191.3,,-1.88222,0.212804,,0.90066,9.63658,fluid
404,6.27844,2.76416,,1002.93,5.30704,23158.1,,-0.945696,0.80399,,0.0464892,10.5066,fluid
405,3.90138,2.71001,,1002.94,2.89618,23310.2,,-0.588298,0.474724,,-0.088623,10.337,fluid
406,8.09229,1.61367,,1004.08,9.14667,32448.6,,-1.76233,0.356885,,-0.128062,9.72841,fluid
407,14.2108,3.65538,,1001.42,6.04316,11225.6,,-2.07221,-0.164579,,0.819955,8.87431,fluid
408,7.47534,0.251995,,1005.8,9.71011,46298.3,,-1.44264,0.0109267,,0.574642,10.3301,fluid
409,11.552,1.73157,,1003.69,10.5841,29249.6,,-2.27572,0.0415638,,1.08932,9.92434,fluid
410,14.8451,4.20492,,1000.64,3.69773,5059.99,,-2.15048,-0.528914,,1.05909,8.4494,fluid
411,3.91253,3.36106,,1001.88,2.28028,14868.4,,-0.475747,0.663704,,-0.013831,10.569,fluid
412,11.7006,4.49195,,1001.14,4.3513,8978.41,,-2.40818,0.2573,,0.304723,9.097,fluid
413,16.2144,3.66564,,1000.92,4.94647,7205.3,,-1.45272,-0.712265,,1.31307,8.58088,fluid
414,13.7636,4.32703,,1000.93,4.01866,7286.38,,-2.36116,-0.368308,,1.19492,9.17475,fluid
415,2.58554,3.21446,,1002.19,1.8386,17330.3,,-0.449111,0.453324,,-0.264614,10.2394,fluid
416,9.77809,2.72105,,1002.68,6.44571,21221.2,,-1.71199,0.310975,,0.164716,9.54173,fluid
417,11.7654,3.86021,,1001.61,5.40969,12695.3,,-2.0958,0.119991,,0.382873,9.9609,fluid
418,10.8757,2.40975,,1002.99,9.44911,23646.1,,-1.88449,0.115198,,0.0125504,10.19,fluid
419,10.1125,1.48124,,1004.06,10.3142,32287.3,,-1.93538,0.141069,,0.608501,9.44153,fluid
420,12.1865,2.03522,,1003.53,10.3822,28036.5,,-2.10487,0.0775156,,0.675139,9.37914,fluid
421,10.9438,1.98419,,1003.51,9.62225,27875.3,,-2.09024,0.282568,,0.610767,9.69368,fluid
422,13.2388,1.96367,,1003.29,10.6203,26099.9,,-2.03433,-0.264877,,0.727932,9.35528,fluid
423,16.6253,2.24418,,1002.38,9.0973,18798.8,,-1.69196,-0.408324,,1.37691,8.98201,fluid
424,5.91136,2.3872,,1003.4,5.439,26983.5,,-0.937632,0.597172,,0.0143622,10.8592,fluid
425,9.28987,4.02139,,1001.37,3.34011,10817.8,,-1.23888,0.882951,,-0.486266,9.66185,fluid
426,15.7787,2.04451,,1002.83,9.6719,22366.7,,-1.86488,-0.232461,,1.29052,8.96537,fluid
427,12.5976,4.18419,,1001.2,4.55046,9428.83,,-2.31079,-0.00380647,,0.530946,9.16193,fluid
428,4.0297,4.45325,,1000.61,0.509124,4814.9,,0.00871419,0.724292,,0.722553,10.526,fluid
429,6.82879,3.28203,,1001.94,3.83253,15330.2,,-0.88114,1.01595,,0.492082,11.2281,fluid
430,18.5698,4.09278,,1000.53,3.03508,4171.42,,-0.817794,-1.12349,,0.775023,8.0544,fluid
431,10.5392,4.77003,,1000.68,1.85198,5341.63,,-2.39415,0.905956,,-0.959169,10.0422,fluid
432,13.9146,2.64406,,1002.36,8.33796,18668.5,,-1.8544,-0.126048,,0.967118,8.9676,fluid
433,7.8287,0.470763,,1005.53,10.0991,44162,,-1.52161,0.274124,,0.39824,10.0114,fluid
434,9.08162,2.33612,,1003.14,8.06103,24878.6,,-1.5339,0.452581,,0.188616,9.78933,fluid
435,19.8834,2.68901,,1001.65,8.2129,12984.8,,-0.707211,-0.912579,,1.31446,8.0484,fluid
436,13.965,1.76136,,1003.39,10.88,26866.2,,-2.14008,-0.122473,,1.32731,9.20093,fluid
437,14.4494,1.52624,,1003.45,11.3205,27375.9,,-2.29559,-0.177907,,1.21377,9.41292,fluid
438,4.34906,2.7449,,1002.8,2.6951,22167.7,,-0.609913,0.63713,,-0.013834,10.7177,fluid
439,18.0894,3.06069,,1001.61,7.11812,12708.4,,-1.18777,-0.750784,,0.96223,8.29964,fluid
440,11.8808,1.38681,,1004.06,11.7448,32230,,-2.39752,0.0970303,,1.3432,9.97741,fluid
441,7.67217,3.33013,,1001.82,4.86943,14371.9,,-1.01804,0.734256,,-0.0287023,10.8491,fluid
442,3.86489,2.10462,,1003.73,4.16382,29621.8,,-0.528012,0.413933,,-0.170365,10.3363,fluid
443,7.25379,3.69376,,1001.56,2.58368,12271.2,,-0.785134,0.733188,,-0.227799,10.4359,fluid
444,7.89418,4.03309,,1001.13,2.85489,8914.57,,-0.886915,1.16935,,0.116618,11.1416,fluid
445,0.461566,4.01364,,1001.95,0.563739,15419.7,,0.0636481,0.257087,,-0.0811174,10.2827,fluid
446,0.868244,3.52202,,1001.81,0.764688,14317.7,,-0.125764,0.436215,,-0.0842146,10.5099,fluid
447,0.671933,4.3852,,1000.9,0.0490795,7099.83,,0.0649463,0.380604,,0.11175,10.0998,fluid
448,10.4405,2.0516,,1003.43,9.93285,27213.2,,-2.18469,0.265629,,0.855107,10.1796,fluid
449,8.56103,1.75134,,1003.93,8.62851,31241.2,,-1.75749,0.510321,,0.449421,10.8294,fluid
450,9.98772,1.94448,,1003.68,9.64598,29179.1,,-2.11042,0.210557,,0.289307,10.2342,fluid
451,11.0744,1.5636,,1003.95,10.7732,31379.1,,-2.31841,0.103177,,0.706682,9.62462,fluid
452,9.48043,2.13898,,1003.51,9.24693,27842,,-1.71919,0.342746,,0.56868,10.5668,fluid
453,17.9007,2.62844,,1001.77,8.47033,13985.2,,-1.32791,-0.68523,,1.21664,8.3906,fluid
454,16.7135,1.8328,,1002.91,10.0352,23068.9,,-1.77992,-0.405616,,1.33481,9.11682,fluid
455,4.57805,1.00141,,1005.04,6.0074,40196.1,,-0.613432,0.240104,,-0.0746552,10.1764,fluid
456,6.37949,3.81756,,1001.39,1.78246,10918.4,,-0.752502,0.918998,,0.111881,10.6352,fluid
457,5.11876,3.31159,,1001.96,3.2862,15504.3,,-0.656024,0.782354,,0.079025,10.9882,fluid
458,18.5157,2.60331,,1001.79,8.26078,14094.4,,-1.17862,-0.752391,,1.32379,8.30824,fluid
459,17.4343,2.82565,,1001.9,8.05892,14979.5,,-1.39856,-0.729023,,1.20074,8.57127,fluid
460,16.7824,3.7196,,1000.84,4.4002,6582.6,,-1.457,-0.843245,,1.08401,8.47378,fluid
461,10.3509,4.33856,,1000.97,3.36142,7596.1,,-1.97404,0.938524,,-0.600948,10.1055,fluid
462,5.91543,4.20963,,1000.89,1.73155,7010.03,,-0.340826,1.07357,,0.255133,11.1951,fluid
463,11.2,4.77238,,1000.66,1.75238,5200.69,,-2.56155,0.590628,,-0.232257,9.35971,fluid
464,9.64382,1.38429,,1004.16,9.95011,33091.3,,-1.96797,0.0984555,,0.599346,9.78408,fluid
465,7.85413,1.96508,,1003.8,8.08684,30184.8,,-1.43704,0.572034,,0.283798,10.5102,fluid
466,9.34156,0.900984,,1004.88,10.649,38862.6,,-2.05678,0.211148,,0.573021,10.2373,fluid
467,13.2847,1.01689,,1004.26,12.1443,33825.7,,-2.40019,-0.132175,,1.29661,9.63534,fluid
468,10.5454,1.46663,,1004.14,10.9778,32860.6,,-2.02945,0.0885119,,0.682608,9.89125,fluid
469,14.581,1.94554,,1003.05,10.2857,24180.9,,-1.98321,-0.205298,,1.40441,9.37993,fluid
470,18.6684,3.02025,,1001.54,6.51017,12104.1,,-0.944368,-0.884892,,1.15068,8.17312,fluid
471,17.1452,2.39679,,1002.13,8.87033,16826.6,,-1.43283,-0.582681,,1.24857,8.72636,fluid
472,19.0191,3.92852,,1000.48,3.41488,3790.22,,-0.804301,-1.09253,,0.900652,7.844,fluid
473,17.2349,4.10484,,1000.62,3.67834,4867.67,,-1.27599,-1.12776,,1.10227,8.63514,fluid
474,9.6858,3.12012,,1002.06,6.05898,16247.4,,-1.50652,0.758886,,0.14336,10.4466,fluid
475,4.77097,2.55791,,1003.16,3.9847,25061.4,,-0.664458,0.465776,,-0.0711387,10.6742,fluid
476,15.8285,3.03256,,1001.98,7.86952,15610.1,,-1.58179,-0.470635,,1.16321,8.8779,fluid
477,15.7679,2.58555,,1002.15,8.60608,16953.8,,-1.74377,-0.402799,,1.38601,8.9386,fluid
478,15.8144,3.55772,,1001.37,4.30285,10770.5,,-1.67297,-0.591331,,1.4427,8.74265,fluid
479,12.3362,4.8068,,1000.76,3.20817,5965.06,,-2.39188,0.048401,,0.89912,8.9123,fluid
480,9.18055,2.81,,1002.7,5.87971,21377.4,,-1.52201,0.507399,,0.0946239,9.91977,fluid
481,8.95149,1.67227,,1003.96,9.66256,31460.2,,-1.94463,0.264415,,0.437777,10.3606,fluid
482,9.36551,1.6884,,1003.79,9.32788,30105.6,,-1.89975,0.455051,,0.353061,10.1539,fluid
483,10.9967,0.985567,,1004.61,12.041,36647.2,,-2.34734,-0.029209,,1.25384,9.94857,fluid
484,9.77444,0.857407,,1004.89,11.4075,38927,,-2.20852,0.12512,,0.97929,10.0424,fluid
485,12.3373,1.2431,,1004.09,11.8047,32498.6,,-2.45894,0.0747565,,0.825759,10.0363,fluid
486,15.0391,1.47544,,1003.5,11.1893,27767.8,,-2.25224,-0.270618,,1.32284,9.49664,fluid
487,14.938,1.01959,,1004.01,11.9503,31820.3,,-2.16343,-0.111798,,1.51784,9.31171,fluid
488,12.8827,1.54893,,1003.7,11.5864,29362.2,,-2.29481,0.0621235,,1.27898,9.78352,fluid
489,8.41621,2.96084,,1002.48,6.16869,19608.7,,-1.26276,0.794669,,-0.0155412,10.443,fluid
490,5.2423,0.527234,,1005.4,6.42841,43097,,-0.660412,0.278884,,-0.301954,10.0815,fluid
491,12.3839,2.67054,,1002.57,8.315,20344.3,,-1.79419,0.0267791,,0.735483,10.1489,fluid
492,14.8409,2.41543,,1002.58,9.40817,20420.6,,-1.80462,-0.341396,,0.934081,8.95307,fluid
493,11.3418,2.85525,,1002.35,7.67521,18548.1,,-1.84755,0.0830301,,0.613503,9.15499,fluid
494,4.96184,4.08927,,1001.02,1.14113,8015.86,,-0.358338,0.911333,,0.472163,11.0416,fluid
495,13.2132,3.5971,,1001.51,6.12114,11924.9,,-2.08835,0.00184019,,0.826715,9.35321,fluid
496,8.20647,0.210562,,1005.66,10.2188,45165.8,,-1.58465,-0.0217541,,0.292739,10.052,fluid
497,8.43144,0.651064,,1005.11,9.98069,40715.8,,-1.65242,0.155131,,0.529067,10.2675,fluid
498,7.69406,0.979612,,1004.95,8.93824,39438.3,,-1.6553,-0.00552736,,0.113547,10.0308,fluid
499,13.8391,0.74685,,1004.4,12.267,35016.9,,-2.3532,-0.0308268,,1.30837,9.65638,fluid
500,9.06025,0.505499,,1005.3,10.7265,42247.1,,-1.83282,0.0725952,,0.516176,10.0286,fluid
501,16.7512,1.37084,,1003.32,10.8592,26279.4,,-1.84367,-0.374965,,1.27125,8.94268,fluid
502,13.8062,1.25527,,1003.88,11.8544,30844.5,,-2.34002,-0.0429636,,1.75499,9.56454,fluid
503,15.3768,0.690957,,1004.18,11.9038,33237,,-2.17781,-0.0768123,,1.52311,9.7023,fluid
504,15.4721,1.32954,,1003.56,11.5822,28268.8,,-2.13803,-0.169332,,1.3464,9.21462,fluid
505,3.08873,2.20643,,1003.51,2.79591,27840.2,,-0.505903,0.424902,,-0.221232,10.4645,fluid
506,17.5762,3.64497,,1000.83,3.91324,6497.28,,-1.14899,-0.854992,,1.24419,8.27941,fluid
507,4.89604,2.06382,,1003.84,4.96489,30488.2,,-0.906715,0.570314,,-0.180855,10.5134,fluid
508,4.30026,3.34997,,1002.03,2.86746,15990,,-0.444395,0.569822,,-0.00408201,10.5531,fluid
509,15.1634,1.90674,,1003.06,10.3976,24258.3,,-1.97446,-0.208523,,1.51002,9.18882,fluid
510,3.43538,2.45679,,1003.25,3.16092,25776.4,,-0.475948,0.394666,,-0.168836,10.4346,fluid
511,7.29955,3.03167,,1002.41,4.95516,19041.6,,-0.985451,0.937177,,0.0978687,10.9377,fluid
512,8.93912,1.05185,,1004.63,9.95181,36809.1,,-1.87959,0.243083,,0.470303,10.2271,fluid
513,8.54918,1.1853,,1004.43,9.24034,35235.1,,-1.84718,0.351577,,0.320771,10.1243,fluid
514,8.09184,1.06993,,1004.71,9.58946,37514.6,,-1.69388,0.188304,,0.559949,10.3312,fluid
515,12.1985,0.807594,,1004.64,11.6082,36953.9,,-2.30171,0.0145145,,1.22665,9.67019,fluid
516,10.3153,0.210861,,1005.54,11.824,44245.4,,-1.83055,-0.0597075,,1.08579,9.73081,fluid
517,12.783,1.02586,,1004.26,11.3587,33828.2,,-2.41615,0.0841451,,1.21879,9.88009,fluid
518,16.344,0.952742,,1003.78,11.7552,30016.8,,-2.03387,-0.136956,,1.58603,9.35837,fluid
519,14.2808,0.696255,,1004.45,12.3065,35372.3,,-2.24032,-0.137621,,1.71857,9.41067,fluid
520,15.8372,1.04717,,1003.73,11.9887,29579.7,,-2.14645,-0.116315,,1.50912,9.35543,fluid
521,16.2687,1.48635,,1003.14,10.9414,24847.4,,-1.98051,-0.267353,,1.45803,9.31837,fluid
522,15.8655,1.65275,,1003.18,10.9303,25189.7,,-2.06792,-0.248751,,1.48473,9.18911,fluid
523,18.9864,3.50858,,1000.87,3.77966,6882.96,,-0.973478,-0.964818,,0.907667,7.83461,fluid
524,6.01245,0.972624,,1005.14,8.24133,40968.2,,-1.01718,0.158873,,0.316241,9.8994,fluid
525,9.23791,3.24079,,1001.84,5.81719,14549.5,,-1.43109,0.653757,,-0.0468035,11.1174,fluid
526,14.8728,3.73038,,1001.19,4.24898,9345.82,,-1.88557,-0.232073,,1.10323,8.45163,fluid
527,14.6157,3.3685,,1002.15,7.30029,16980.1,,-1.95428,-0.564567,,1.01344,9.04723,fluid
528,8.75479,0.206968,,1005.69,10.7583,45427.5,,-1.73609,0.0291452,,0.742322,9.98991,fluid
529,9.44722,0.199997,,1005.57,11.5368,44426.5,,-1.84955,0.0086672,,0.700277,9.93961,fluid
530,9.86893,0.333416,,1005.42,11.4379,43215,,-1.80722,-0.0856485,,0.760451,9.88644,fluid
531,14.6139,0.203273,,1004.92,12.3366,39154.2,,-1.97121,-0.00312361,,1.99646,9.55615,fluid
532,11.7524,0.730131,,1004.79,11.9944,38098.7,,-2.2865,0.0817579,,1.13264,9.72318,fluid
533,12.8017,0.600213,,1004.81,12.5736,38277.6,,-2.28112,0.0288233,,1.29795,9.6059,fluid
534,14.8705,0.568208,,1004.41,12.5669,35078.6,,-2.24394,0.0277177,,1.71728,9.46464,fluid
535,13.4123,0.535963,,1004.77,12.1564,37970.2,,-2.38543,0.0429756,,1.17519,10.0098,fluid
536,17.2825,1.82959,,1002.69,10.4842,21309.4,,-1.72908,-0.417918,,1.35201,8.75963,fluid
537,17.7005,1.49618,,1002.9,10.5277,22935.3,,-1.61925,-0.528448,,1.06306,9.15091,fluid
538,14.3989,1.12255,,1003.94,11.9774,31256.4,,-2.38023,-0.211113,,1.28199,9.57913,fluid
539,18.7939,2.22811,,1001.87,9.40507,14784.8,,-1.2583,-0.596017,,1.37486,8.41321,fluid
540,18.255,3.49691,,1000.96,4.55299,7535.18,,-1.07534,-0.880302,,0.986434,8.11151,fluid
541,8.04147,3.18846,,1002.05,5.41868,16167.9,,-1.22301,0.755701,,0.170537,11.1139,fluid
542,13.8208,3.20703,,1001.86,7.48357,14646.3,,-1.87479,-0.22344,,1.12583,9.22985,fluid
543,15.3504,3.53852,,1001.67,5.74027,13148.5,,-1.8167,-0.543482,,1.06715,8.61492,fluid
544,10.6175,0.927096,,1004.67,11.6083,37143.5,,-2.32356,0.0260932,,0.433765,9.88178,fluid
545,10.2045,0.830565,,1004.82,12.0554,38376.2,,-2.38072,-0.0382153,,0.874221,10.1864,fluid
546,12.7924,0.165553,,1005.25,12.7913,41884,,-2.05696,-0.010422,,1.49975,10.0205,fluid
547,18.7675,0.539272,,1003.71,11.9134,29449.4,,-1.39409,-0.124344,,1.52604,9.27255,fluid
548,11.4666,1.16413,,1004.32,11.5728,34337.4,,-2.35016,0.090567,,0.894608,9.84022,fluid
549,18.432,0.933316,,1003.33,11.5259,26363.5,,-1.58176,-0.278603,,1.88265,8.9686,fluid
550,17.4518,0.447723,,1004.07,12.0408,32362.3,,-1.96229,-0.17287,,1.85009,9.34445,fluid
551,18.4289,1.39168,,1002.92,10.6587,23093,,-1.45305,-0.430377,,1.61985,8.79702,fluid
552,18.1711,2.19651,,1002.17,8.51996,17124.7,,-1.33136,-0.636132,,1.34119,8.71853,fluid
553,17.9491,1.14306,,1003.2,10.8816,25379.9,,-1.66834,-0.438686,,1.29293,8.89486,fluid
554,17.5719,2.16294,,1002.3,8.82724,18165.5,,-1.41695,-0.570839,,1.45903,8.64093,fluid
555,20.7591,2.90049,,1001.49,5.65169,11746.8,,-0.602688,-0.8125,,1.4105,7.91798,fluid
556,3.49746,3.00878,,1002.47,2.15805,19504.3,,-0.508971,0.497229,,-0.163388,10.3221,fluid
557,7.5146,1.97717,,1003.81,7.9698,30217.7,,-1.39014,0.632957,,-0.0790452,10.3453,fluid
558,5.21809,2.691,,1002.96,3.71894,23461.7,,-0.621461,0.671214,,-0.0559473,10.679,fluid
559,6.78561,2.82405,,1002.76,5.1228,21852.2,,-1.06636,0.906695,,0.205022,10.5566,fluid
560,11.1664,0.166453,,1005.53,12.6746,44128.8,,-1.89387,-0.139161,,1.20199,9.91413,fluid
561,11.829,0.179065,,1005.37,12.488,42811.6,,-1.96477,0.031736,,1.08482,10.154,fluid
562,15.2692,0.186101,,1004.84,12.4937,38512.4,,-1.9016,-0.189703,,1.60616,9.84647,fluid
563,20.4597,0.557463,,1003.38,12.0219,26780.1,,-0.880886,-0.00208877,,1.51545,8.93671,fluid
564,11.3166,0.566516,,1005.03,12.2012,40048.2,,-2.10305,0.0762411,,0.96332,10.0258,fluid
565,20.7136,1.65599,,1002.26,10.7032,17889.3,,-0.551205,-0.510197,,1.13758,8.22245,fluid
566,20.0258,0.815352,,1003.13,11.0505,24828.5,,-1.05206,-0.175012,,1.63058,8.84413,fluid
567,13.4574,0.168911,,1005.18,12.6979,41255.8,,-1.92417,-0.0573325,,1.9389,9.79213,fluid
568,17.1785,1.30239,,1003.14,11.348,24905.2,,-1.82198,-0.187852,,1.90489,8.88921,fluid
569,15.8794,0.595008,,1004.3,12.2808,34174.4,,-2.08606,-0.158657,,1.90268,9.62332,fluid
570,19.3669,2.49979,,1001.84,8.17346,14524.2,,-0.912339,-0.785975,,1.33163,8.32766,fluid
571,19.3664,2.10005,,1002.1,9.06849,16609,,-1.17795,-0.688052,,1.00923,8.41275,fluid
572,19.3766,3.85746,,1000.49,3.67996,3882.22,,-0.797886,-1.11732,,1.1859,7.86661,fluid
573,5.66674,3.61336,,1001.54,2.44431,12107.8,,-0.702329,0.737957,,0.256143,10.8242,fluid
574,16.7061,3.23904,,1001.87,6.31546,14722.2,,-1.52557,-0.646685,,1.38867,8.80668,fluid
575,5.34029,3.97111,,1001.29,1.51159,10165.4,,-0.374735,0.886194,,0.271233,11.0153,fluid
576,10.7058,0.379454,,1005.28,11.7562,42089.4,,-1.88119,0.147118,,0.97745,9.79642,fluid
577,12.2744,0.311395,,1005.21,12.673,41501.9,,-2.03277,0.0186403,,1.49291,9.64671,fluid
578,21.364,1.64859,,1002.17,10.2074,17168.6,,-0.595408,-0.496494,,1.78842,8.47469,fluid
579,17.0807,0.225335,,1004.56,12.5299,36244.9,,-1.70192,-0.206307,,1.61658,9.23603,fluid
580,23.204,0.980183,,1002.43,10.8253,19209.2,,-0.203525,-0.154054,,1.03371,8.4394,fluid
581,23.3437,1.37627,,1002.08,12.1862,16461.3,,-0.0675461,-0.229202,,0.948476,8.07925,fluid
582,21.3021,0.984851,,1002.8,10.8777,22160.7,,-0.584028,-0.374991,,1.54976,8.31331,fluid
583,19.9185,1.53921,,1002.57,10.0885,20353.1,,-0.896904,-0.370703,,1.87584,8.56882,fluid
584,17.5025,0.886903,,1003.5,12.177,27732.9,,-1.80286,-0.290732,,1.57281,9.40814,fluid
585,19.641,0.567447,,1003.6,12.1368,28534.2,,-1.18351,-0.0467974,,1.44733,9.03437,fluid
586,21.2179,2.6058,,1001.45,8.27944,11392.5,,-0.219541,-0.723932,,1.23778,8.00448,fluid
587,20.03,2.13823,,1001.92,9.94242,15194.8,,-0.995547,-0.724586,,1.45125,8.5459,fluid
588,19.5725,3.23429,,1001.15,5.75934,9073.71,,-0.779056,-0.97486,,1.35339,7.93397,fluid
589,4.72985,3.21317,,1002.13,3.24931,16804.3,,-0.581456,0.675184,,0.14728,10.6178,fluid
590,5.5158,2.28128,,1003.57,4.97659,28298.3,,-0.935727,0.598063,,-0.0953715,10.5546,fluid
591,7.00484,4.12186,,1000.97,2.35736,7628.69,,-0.738997,1.14346,,0.118216,11.3516,fluid
592,18.0444,0.61463,,1003.87,12.5591,30739.6,,-1.74097,-0.342215,,1.51303,9.42608,fluid
593,15.8484,0.194988,,1004.72,12.0623,37585.3,,-1.91959,0.0817472,,1.96478,9.39939,fluid
594,20.6354,0.969293,,1002.87,12.0101,22691.9,,-0.764831,-0.273826,,1.48358,9.0197,fluid
595,14.1006,0.215942,,1005.08,12.7238,40459.4,,-2.09674,-0.0432647,,1.22731,9.78867,fluid
596,24.3721,1.55064,,1001.67,13.4522,13188.4,,0.0692221,-0.257797,,0.615027,7.44343,fluid
597,23.941,1.14892,,1002.29,11.2014,18125.8,,-0.0416503,-0.128991,,0.973763,8.37108,fluid
598,23.9006,1.58099,,1001.68,13.1065,13217.2,,-0.193608,-0.271849,,0.538212,7.87667,fluid
599,22.7203,1.20183,,1002.25,11.8095,17805.3,,-0.413785,-0.332523,,1.15775,8.4432,fluid
600,20.3135,1.30818,,1002.54,11.6033,20123.6,,-1.06997,-0.307574,,1.72483,8.59944,fluid
601,18.0944,1.81149,,1002.61,9.48419,20654.2,,-1.55085,-0.592812,,1.22563,8.58884,fluid
602,19.0506,1.14016,,1002.97,11.3659,23487.3,,-1.43737,-0.379681,,1.27573,8.92953,fluid
603,20.4138,2.57628,,1001.73,7.84123,13620.1,,-0.45046,-0.763932,,0.889804,7.84391,fluid
604,5.5317,3.03978,,1002.5,3.77448,19770.6,,-0.75983,0.820722,,-0.000858567,10.6807,fluid
605,15.6393,4.15363,,1000.71,3.99604,5577.59,,-1.92587,-0.822639,,1.39683,8.67817,fluid
606,9.75403,3.62093,,1001.75,6.89925,13817.6,,-1.42751,0.290058,,-0.196146,9.97296,fluid
607,17.3817,3.26295,,1001.67,5.53902,13164.2,,-1.20513,-0.740172,,1.05896,8.60781,fluid
608,21.9754,1.4291,,1002.18,12.0599,17255.5,,-0.442701,-0.427392,,1.2183,8.21725,fluid
609,21.7577,1.04822,,1002.57,11.2235,20327.3,,-0.624445,-0.24985,,1.41966,8.64002,fluid
610,21.0968,1.34371,,1002.58,10.4839,20389.8,,-0.797409,-0.430869,,1.13488,8.44031,fluid
611,16.4821,0.181527,,1004.61,12.351,36709.2,,-1.70986,-0.0618041,,1.4781,9.4672,fluid
612,23.8815,0.805292,,1002.62,11.1861,20725.2,,-0.253486,-0.195703,,0.704457,8.04217,fluid
613,24.3283,0.21444,,1003.18,16.0393,25218.7,,-0.103877,-0.00741677,,0.564402,8.03586,fluid
614,22.07,0.193567,,1003.68,13.5418,29208,,-0.588,-0.0799197,,1.43957,8.63069,fluid
615,24.8081,0.258715,,1002.99,14.1797,23692.3,,-0.221687,-0.164875,,1.37474,8.30667,fluid
616,20.469,1.97881,,1001.76,9.70685,13912,,-0.758866,-0.531049,,0.999365,8.01262,fluid
617,16.9649,0.814319,,1003.7,11.5085,29375.4,,-1.8971,-0.198518,,1.67705,9.33977,fluid
618,21.3952,2.07047,,1001.71,9.74423,13462.5,,-0.436912,-0.549102,,1.40147,8.02821,fluid
619,16.5752,0.567745,,1004.1,11.6157,32571.3,,-2.11488,0.0158444,,1.50375,9.52445,fluid
620,6.37056,3.31266,,1002,3.40327,15791.2,,-0.805079,0.885695,,0.111071,11.0772,fluid
621,13.1398,4.19439,,1001.33,3.46836,10503.7,,-2.29674,-0.10171,,0.897876,8.90618,fluid
622,16.3322,4.2177,,1000.69,3.37955,5409.29,,-1.6462,-1.08499,,1.18183,9.24039,fluid
623,8.69889,3.65383,,1001.45,3.79488,11407.8,,-1.08792,0.574151,,-0.05937,10.1517,fluid
624,21.959,0.617482,,1003.06,11.8363,24274.6,,-0.320799,-0.121581,,1.15262,9.01891,fluid
625,22.3201,0.901133,,1002.72,12.1534,21530.8,,-0.379195,-0.237818,,1.3714,8.77858,fluid
626,21.0395,0.585889,,1003.35,12.6361,26535.2,,-0.707479,-0.251083,,1.45703,9.20154,fluid
627,19.7475,0.179311,,1004.05,12.5998,32137.7,,-0.901516,-0.00570635,,1.66973,9.2561,fluid
628,22.7743,0.677712,,1002.82,12.11,22315.9,,-0.33689,-0.164256,,1.06764,8.58261,fluid
629,24.7345,0.819261,,1002.53,12.9407,20031.8,,-0.00333009,-0.200138,,1.02602,8.21638,fluid
630,23.7313,0.200801,,1003.27,16.0425,25883.2,,-0.246941,-0.096906,,1.58756,8.65449,fluid
631,22.4964,1.57072,,1002,11.3957,15824.6,,-0.460958,-0.310468,,1.04872,7.98046,fluid
632,19.6668,1.15501,,1002.91,10.5066,23053,,-1.21656,-0.290407,,1.05553,8.4868,fluid
633,19.1779,0.755784,,1003.42,11.831,27102.4,,-1.24615,-0.284623,,1.78144,8.99688,fluid
634,22.9852,2.21659,,1001.43,9.42159,11240.7,,-0.256126,-0.405081,,0.925448,7.91924,fluid
635,19.5914,1.76205,,1002.45,9.61337,19362,,-1.03738,-0.572741,,1.15277,8.50104,fluid
636,19.7792,3.72172,,1000.58,4.99831,4558.39,,-0.942409,-1.17658,,1.07231,8.03022,fluid
637,4.28749,1.60286,,1004.17,4.21228,33155.1,,-0.574416,0.411389,,-0.184858,10.6058,fluid
638,10.8275,3.36115,,1001.88,6.38712,14869.8,,-1.90642,0.486043,,-0.0613133,10.2391,fluid
639,13.3541,3.09621,,1002.03,7.44439,15994.4,,-1.93126,-0.163153,,1.05686,9.27905,fluid
640,23.3965,0.566537,,1002.98,12.1324,23633,,-0.143343,-0.0504609,,1.12285,8.73771,fluid
641,21.0792,0.174184,,1003.85,13.5836,30530.8,,-0.894561,0.00584984,,1.51006,8.75856,fluid
642,22.5853,0.259617,,1003.38,14.2829,26833.7,,-0.357009,-0.147587,,1.45339,8.93661,fluid
643,17.8588,0.141111,,1004.34,11.9077,34543.7,,-1.26767,0.0915492,,1.64485,9.66415,fluid
644,24.8208,1.76111,,1001.49,10.9984,11733.1,,-0.0940692,-0.190586,,0.271377,7.39824,fluid
645,15.2551,2.97346,,1001.85,8.42512,14565.7,,-1.8083,-0.26358,,1.33072,8.88467,fluid
646,24.7247,1.24862,,1002.08,12.6527,16461.2,,0.0441353,-0.145149,,0.543247,7.63151,fluid
647,24.2853,0.653053,,1002.72,12.5591,21535.8,,0.0303163,0.0494021,,0.955741,8.40692,fluid
648,23.3838,1.85344,,1001.64,12.058,12970.2,,-0.300123,-0.387622,,1.10755,8.03125,fluid
649,19.212,2.86327,,1001.8,7.0692,14164.1,,-0.954941,-0.887316,,0.951756,8.36639,fluid
650,20.8703,2.21394,,1001.71,8.01606,13491.2,,-0.637092,-0.677302,,1.39707,8.08422,fluid
651,20.2257,3.1434,,1001.2,5.06654,9449.32,,-0.626215,-0.990694,,0.967329,7.85479,fluid
652,11.2155,3.73045,,1001.75,6.19832,13827.2,,-1.81732,0.240423,,0.138166,10.0239,fluid
653,12.638,3.38751,,1001.8,6.29727,14165.4,,-1.85665,-0.062173,,0.908543,9.1969,fluid
654,14.2024,4.42892,,1000.72,3.34942,5699.7,,-2.18811,-0.533622,,0.973464,9.02793,fluid
655,1.97376,4.28081,,1000.96,1.06432,7546.4,,0.0923144,0.430728,,-0.185969,10.7877,fluid
656,23.1392,0.187659,,1003.36,14.0501,26644.6,,-0.249255,0.00681019,,0.981099,8.72307,fluid
657,22.3648,2.09077,,1001.76,8.76851,13864.9,,0.0236944,-0.515999,,1.10717,8.08008,fluid
658,21.5526,0.337997,,1003.34,13.1625,26480.4,,-0.581909,-0.234971,,1.41977,8.8841,fluid
659,20.3731,0.188847,,1003.9,12.6673,31003.4,,-0.963382,-0.0594952,,1.67854,9.15081,fluid
660,22.243,2.49044,,1001.58,6.89094,12483.8,,-0.385213,-0.582479,,1.16234,7.94733,fluid
661,22.746,2.77363,,1001.41,7.77012,11121.2,,-0.00920245,-0.746853,,0.791259,7.69225,fluid
662,23.4271,2.78255,,1001.2,4.81145,9457.16,,0.0244186,-0.0626593,,-0.0322709,7.68197,fluid
663,19.0614,1.52254,,1002.53,10.8038,19987.6,,-1.33391,-0.432357,,1.52344,8.70416,fluid
664,22.9365,1.80247,,1001.85,10.967,14574.7,,-0.203381,-0.377107,,0.883131,7.97637,fluid
665,24.7399,2.41192,,1001.52,7.96916,11992.8,,0.0675037,-0.322703,,0.130104,6.89291,fluid
666,-16.0343,-421.946,,968.775,0,-223258,,-3.70661,-90.6891,,0,0,fluid
667,15.3211,2.37976,,1002.6,9.0222,20526.5,,-1.80583,-0.394576,,1.32725,9.10192,fluid
668,20.2526,3.60283,,1000.56,5.69496,4394.25,,-0.757442,-1.21799,,0.827595,7.59188,fluid
669,6.99504,2.40788,,1003.1,5.42998,24531.6,,-1.10896,0.877551,,-0.00550404,10.889,fluid
670,4.1607,0.210356,,1005.82,5.30364,46458.9,,-0.299748,-0.103724,,-0.110237,10.0994,fluid
671,10.3457,2.98387,,1002.46,6.68419,19430.8,,-1.77283,0.371193,,0.0511777,9.58267,fluid
672,21.7847,2.90521,,1001.11,6.1132,8742.5,,-0.0870719,-0.605023,,0.944623,7.73339,fluid
673,21.9579,1.84861,,1001.69,10.6276,13321.3,,-0.525444,-0.452973,,0.945623,8.05811,fluid
674,7.62232,4.07117,,1000.99,2.54922,7771.72,,-0.768551,1.17421,,-0.285657,11.2329,fluid
675,21.7233,2.46583,,1001.66,8.51563,13122.9,,-0.360109,-0.59544,,1.21458,7.76828,fluid
676,19.0932,0.188834,,1004.12,12.8124,32751.1,,-1.02118,-0.0906888,,1.96668,8.99999,fluid
677,23.8871,2.10929,,1001.56,10.0755,12279.3,,-0.119021,-0.321489,,0.264216,7.36674,fluid
678,21.6683,3.47523,,1000.62,5.33615,4894.87,,-0.434022,-0.931461,,0.94461,7.35258,fluid
679,24.3572,2.66329,,1001.3,5.24144,10255.1,,-0.254047,-0.356359,,0.264412,7.15492,fluid
680,24.291,2.06815,,1001.43,11.0979,11290.7,,-0.219686,-0.240866,,0.817125,7.14038,fluid
681,21.0726,3.21981,,1000.81,6.5036,6396.72,,-0.324265,-0.898161,,1.51284,7.481,fluid
682,23.6223,2.54102,,1001.68,5.01777,13235.6,,-0.125503,-0.301558,,0.552216,7.04258,fluid
683,14.2982,2.89081,,1002.18,7.96152,17219.6,,-1.70996,-0.298788,,1.05172,9.12456,fluid
684,6.09475,1.73138,,1004.18,6.47246,33218.9,,-0.968377,0.666457,,0.0211844,10.605,fluid
685,15.7167,4.39579,,1000.6,2.9646,4738.23,,-1.95564,-0.879657,,1.56302,8.84848,fluid
686,16.2125,2.28306,,1002.5,9.09631,19791.8,,-1.61996,-0.513502,,1.36935,8.92377,fluid
687,7.1789,0.730371,,1005.31,9.25816,42357.3,,-1.34728,0.427452,,0.10531,9.96249,fluid
688,18.7083,1.78993,,1002.47,10.3767,19528.9,,-1.4111,-0.566114,,1.35562,8.76271,fluid
689,18.2065,3.88104,,1000.6,4.24009,4710.25,,-1.1653,-1.05668,,0.816389,8.32642,fluid
690,12.3755,3.85757,,1001.46,5.72155,11505.4,,-2.22931,0.0198134,,0.476791,9.46021,fluid
691,18.4407,0.24866,,1004.26,11.9046,33881.6,,-1.25777,-0.0992538,,1.68757,8.93935,fluid
692,4.1874,0.963168,,1005.11,5.63188,40719.2,,-0.466903,0.20402,,-0.154748,9.8579,fluid
693,22.7102,3.11911,,1000.63,6.5523,4976.27,,-0.181199,-0.438321,,0.85318,7.87688,fluid
694,23.4258,3.30647,,1000.38,7.37548,2983.46,,0.000836915,-0.11797,,0.0623629,7.39797,fluid
695,24.7739,3.29863,,1000.6,7.7001,4713.83,,0.236098,-0.677691,,-1.5132,6.17909,fluid
696,24.389,3.07247,,1000.26,8.42434,2005.24,,0.0201552,-0.628909,,0.169121,6.3921,fluid
697,8.32638,3.8145,,1001.44,2.95461,11377.2,,-1.04233,0.8816,,-0.29277,10.4435,fluid
698,22.2007,3.39683,,1000.7,5.2874,5491.11,,0.174759,-0.805664,,1.47666,7.83454,fluid
699,4.58192,3.86316,,1001.68,2.16971,13283.1,,-0.408457,0.694517,,0.318285,10.7086,fluid
700,15.1027,4.4469,,1000.54,2.6465,4251.28,,-1.89165,-0.693813,,1.22802,8.5266,fluid
701,8.77018,3.14997,,1002.17,6.39909,17167.3,,-1.34895,0.675023,,-0.00910349,10.8641,fluid
702,11.3536,3.26771,,1001.94,5.90397,15304.1,,-1.94282,0.272842,,0.295932,9.5053,fluid
703,20.435,4.0406,,1000.59,3.2884,4664.98,,-0.411744,-1.27455,,0.567289,7.58824,fluid
704,16.3078,2.9254,,1002.02,8.54488,15922.9,,-1.63982,-0.568663,,1.26981,8.6598,fluid
705,6.38885,0.258785,,1005.87,8.42803,46894.5,,-0.882954,-0.133368,,-0.118975,10.018,fluid
706,44.2311,-1581.72,,997.966,-0.00990971,-15862.3,,3.91828,-178.635,,10.9568,15.1562,fluid
707,44.71,-1581.05,,997.976,-0.00992775,-15791.9,,0.442503,-176.132,,-2.09533,-3.0481,fluid
708,-137.063,-1268.91,,997.747,-4.76662,-17563.5,,-9.88249,-159.376,,5.09597,-1.88214,fluid
709,-136.083,-1269.27,,997.865,-2.75619,-16649.2,,-8.8771,-156.759,,-2.50399,0.961012,fluid
710,24.0964,3.29146,,1000.51,8.00399,3990.65,,-0.408375,-0.549539,,0.407769,7.2681,fluid
711,20.8472,3.67207,,1000.58,4.85299,4595.35,,-0.448712,-1.12319,,1.06805,7.41777,fluid
712,22.9976,3.35548,,1000.48,7.29998,3761.99,,-0.136399,-0.309401,,0.694062,8.05902,fluid
713,23.9067,3.47749,,1000.56,5.32599,4425.95,,-0.600208,-0.417292,,0.21456,8.04208,fluid
714,22.1061,3.60248,,1000.49,5.25589,3839.49,,-0.169678,-0.810571,,1.43565,7.52756,fluid
715,4.72215,1.60773,,1004.29,5.10276,34137.3,,-0.60494,0.278524,,-0.11157,10.3277,fluid
716,10.2424,3.30604,,1001.82,5.91536,14368.4,,-1.61687,0.672152,,-0.0551117,10.8893,fluid
717,12.2195,3.38053,,1001.91,7.09342,15108.8,,-1.93637,0.00222399,,0.59945,8.95858,fluid
718,9.45028,4.46718,,1000.64,1.43593,5051.38,,-1.7146,1.21817,,-0.865,10.781,fluid
719,11.9331,4.73889,,1000.78,3.0288,6097.37,,-2.40595,0.198666,,0.433295,9.04766,fluid
720,-187.181,-1641.55,,979.989,-0.0875055,-147926,,-12.613,-178.902,,-9.56757,-19.8081,fluid
721,14.7953,2.87995,,1002.06,8.20357,16239.1,,-1.72584,-0.185937,,1.22089,8.90246,fluid
722,44.7113,-1581.05,,997.983,0.191823,-15733.6,,0.403824,-176.119,,-2.22415,-3.45576,fluid
723,-140.626,-1033.07,,970.471,0,-212194,,-10.2059,-142.185,,0,0,fluid
724,44.7121,-1581.05,,997.946,-0.0256691,-16019.3,,0.46186,-176.108,,-2.35584,-2.85042,fluid
725,44.7103,-1581.05,,997.965,-0.0532342,-15870,,0.45575,-176.128,,-2.14481,-2.9105,fluid
726,44.7102,-1581.05,,997.965,-0.0641875,-15871,,0.457472,-176.129,,-2.13662,-2.89141,fluid
727,-187.285,-1641.69,,979.96,0.0184234,-148130,,-9.50022,-181.138,,38.443,47.8614,fluid
728,-187.145,-1641.53,,979.875,0.130625,-148718,,-12.9872,-178.066,,-28.8754,-28.0533,fluid
729,-136.081,-1269.27,,997.878,-2.67681,-16546.9,,-8.88194,-156.747,,-2.59197,0.921126,fluid
730,21.3488,3.83421,,1000.56,3.78773,4391.78,,-0.385051,-1.04431,,1.12403,7.32596,fluid
731,16.8499,4.18219,,1000.64,3.42448,4994.43,,-1.44755,-1.12675,,0.876121,8.97613,fluid
732,14.4953,4.4825,,1000.61,2.56302,4786.55,,-2.04111,-0.579279,,1.06392,8.82088,fluid
733,1.76486,2.71097,,1002.87,2.57405,22693.8,,-0.389687,0.336196,,-0.159409,10.6657,fluid
734,4.93263,4.64122,,1000.8,1.25067,6332.67,,0.0596741,0.926361,,0.273634,11.2417,fluid
735,12.9597,4.70192,,1000.67,3.18076,5274.12,,-2.44478,-0.118424,,0.703924,8.94548,fluid
