h/dp :,2
L2norm Pressure,KE,dp,Nparticles
38039.3,67010.4,0.5,448

t,18.66
ID,x,y,,rho,drhodt,pressure,,u,v,,dudt,dvdt,type
0,-1.25,-0.25,,1004.61,0,36646.7,,0,0,,0,0,boundary
1,-0.75,-0.25,,1004.61,0,36721.8,,0,0,,0,0,boundary
2,-0.25,-0.25,,1004.63,0,36831.7,,0,0,,0,0,boundary
3,0.25,-0.25,,1004.63,0,36828.4,,0,0,,0,0,boundary
4,0.75,-0.25,,1004.61,0,36661.2,,0,0,,0,0,boundary
5,1.25,-0.25,,1004.59,0,36548.4,,0,0,,0,0,boundary
6,1.75,-0.25,,1004.58,0,36461.8,,0,0,,0,0,boundary
7,2.25,-0.25,,1004.61,0,36679.4,,0,0,,0,0,boundary
8,2.75,-0.25,,1004.64,0,36950.9,,0,0,,0,0,boundary
9,3.25,-0.25,,1004.64,0,36947.6,,0,0,,0,0,boundary
10,3.75,-0.25,,1004.64,0,36919.6,,0,0,,0,0,boundary
11,4.25,-0.25,,1004.68,0,37254.6,,0,0,,0,0,boundary
12,4.75,-0.25,,1004.75,0,37783.9,,0,0,,0,0,boundary
13,5.25,-0.25,,1004.79,0,38115.2,,0,0,,0,0,boundary
14,5.75,-0.25,,1004.79,0,38135.5,,0,0,,0,0,boundary
15,6.25,-0.25,,1004.75,0,37826.7,,0,0,,0,0,boundary
16,6.75,-0.25,,1004.75,0,37853.7,,0,0,,0,0,boundary
17,7.25,-0.25,,1004.77,0,37982.3,,0,0,,0,0,boundary
18,7.75,-0.25,,1004.75,0,37779.7,,0,0,,0,0,boundary
19,8.25,-0.25,,1004.73,0,37616.8,,0,0,,0,0,boundary
20,8.75,-0.25,,1004.77,0,37964.2,,0,0,,0,0,boundary
21,9.25,-0.25,,1004.79,0,38166.3,,0,0,,0,0,boundary
22,9.75,-0.25,,1004.86,0,38692.7,,0,0,,0,0,boundary
23,10.25,-0.25,,1004.95,0,39438.6,,0,0,,0,0,boundary
24,10.75,-0.25,,1004.94,0,39380.7,,0,0,,0,0,boundary
25,11.25,-0.25,,1004.88,0,38824.2,,0,0,,0,0,boundary
26,11.75,-0.25,,1004.8,0,38218.2,,0,0,,0,0,boundary
27,12.25,-0.25,,1004.77,0,37937.4,,0,0,,0,0,boundary
28,12.75,-0.25,,1004.78,0,38017.9,,0,0,,0,0,boundary
29,13.25,-0.25,,1004.8,0,38185.1,,0,0,,0,0,boundary
30,13.75,-0.25,,1004.82,0,38356.3,,0,0,,0,0,boundary
31,14.25,-0.25,,1004.84,0,38567.6,,0,0,,0,0,boundary
32,14.75,-0.25,,1004.87,0,38806.4,,0,0,,0,0,boundary
33,15.25,-0.25,,1004.94,0,39352.3,,0,0,,0,0,boundary
34,15.75,-0.25,,1005.06,0,40314.7,,0,0,,0,0,boundary
35,16.25,-0.25,,1005.18,0,41316.3,,0,0,,0,0,boundary
36,16.75,-0.25,,1005.3,0,42258.7,,0,0,,0,0,boundary
37,17.25,-0.25,,1005.41,0,43140.5,,0,0,,0,0,boundary
38,17.75,-0.25,,1005.53,0,44150,,0,0,,0,0,boundary
39,18.25,-0.25,,1005.71,0,45558.7,,0,0,,0,0,boundary
40,18.75,-0.25,,1005.92,0,47290.8,,0,0,,0,0,boundary
41,19.25,-0.25,,1006.16,0,49256.3,,0,0,,0,0,boundary
42,19.75,-0.25,,1006.41,0,51260,,0,0,,0,0,boundary
43,20.25,-0.25,,1006.63,0,53102.4,,0,0,,0,0,boundary
44,20.75,-0.25,,1006.84,0,54757.3,,0,0,,0,0,boundary
45,21.25,-0.25,,1007.02,0,56241.8,,0,0,,0,0,boundary
46,21.75,-0.25,,1007.18,0,57580.9,,0,0,,0,0,boundary
47,22.25,-0.25,,1007.32,0,58735.9,,0,0,,0,0,boundary
48,22.75,-0.25,,1007.44,0,59694.4,,0,0,,0,0,boundary
49,23.25,-0.25,,1007.5,0,60192.7,,0,0,,0,0,boundary
50,23.75,-0.25,,1007.54,0,60492.4,,0,0,,0,0,boundary
51,24.25,-0.25,,1007.57,0,60738.9,,0,0,,0,0,boundary
52,24.75,-0.25,,1007.57,0,60738.7,,0,0,,0,0,boundary
53,25.25,-0.25,,1007.55,0,60638.4,,0,0,,0,0,boundary
54,25.75,-0.25,,1007.6,0,61033.1,,0,0,,0,0,boundary
55,26.25,-0.25,,1007.77,0,62406.6,,0,0,,0,0,boundary
56,-1.25,-0.75,,1005.15,0,41069.2,,0,0,,0,0,boundary
57,-0.75,-0.75,,1005.13,0,40863.1,,0,0,,0,0,boundary
58,-0.25,-0.75,,1005.12,0,40838.1,,0,0,,0,0,boundary
59,0.25,-0.75,,1005.13,0,40920.4,,0,0,,0,0,boundary
60,0.75,-0.75,,1005.12,0,40822.6,,0,0,,0,0,boundary
61,1.25,-0.75,,1005.14,0,40965.1,,0,0,,0,0,boundary
62,1.75,-0.75,,1005.16,0,41111.4,,0,0,,0,0,boundary
63,2.25,-0.75,,1005.2,0,41465.8,,0,0,,0,0,boundary
64,2.75,-0.75,,1005.23,0,41674.3,,0,0,,0,0,boundary
65,3.25,-0.75,,1005.21,0,41529.1,,0,0,,0,0,boundary
66,3.75,-0.75,,1005.17,0,41209.2,,0,0,,0,0,boundary
67,4.25,-0.75,,1005.18,0,41313.7,,0,0,,0,0,boundary
68,4.75,-0.75,,1005.24,0,41796.4,,0,0,,0,0,boundary
69,5.25,-0.75,,1005.28,0,42079.7,,0,0,,0,0,boundary
70,5.75,-0.75,,1005.29,0,42195,,0,0,,0,0,boundary
71,6.25,-0.75,,1005.25,0,41896.1,,0,0,,0,0,boundary
72,6.75,-0.75,,1005.25,0,41889.6,,0,0,,0,0,boundary
73,7.25,-0.75,,1005.3,0,42234.4,,0,0,,0,0,boundary
74,7.75,-0.75,,1005.31,0,42304.9,,0,0,,0,0,boundary
75,8.25,-0.75,,1005.3,0,42243.2,,0,0,,0,0,boundary
76,8.75,-0.75,,1005.3,0,42242.7,,0,0,,0,0,boundary
77,9.25,-0.75,,1005.29,0,42196.9,,0,0,,0,0,boundary
78,9.75,-0.75,,1005.36,0,42715.2,,0,0,,0,0,boundary
79,10.25,-0.75,,1005.44,0,43374.2,,0,0,,0,0,boundary
80,10.75,-0.75,,1005.42,0,43249.2,,0,0,,0,0,boundary
81,11.25,-0.75,,1005.35,0,42634.5,,0,0,,0,0,boundary
82,11.75,-0.75,,1005.27,0,42028.3,,0,0,,0,0,boundary
83,12.25,-0.75,,1005.23,0,41729.3,,0,0,,0,0,boundary
84,12.75,-0.75,,1005.24,0,41776.5,,0,0,,0,0,boundary
85,13.25,-0.75,,1005.26,0,41918.2,,0,0,,0,0,boundary
86,13.75,-0.75,,1005.27,0,42057,,0,0,,0,0,boundary
87,14.25,-0.75,,1005.3,0,42283.4,,0,0,,0,0,boundary
88,14.75,-0.75,,1005.36,0,42708.9,,0,0,,0,0,boundary
89,15.25,-0.75,,1005.45,0,43506.3,,0,0,,0,0,boundary
90,15.75,-0.75,,1005.56,0,44343,,0,0,,0,0,boundary
91,16.25,-0.75,,1005.65,0,45092.5,,0,0,,0,0,boundary
92,16.75,-0.75,,1005.77,0,46107.4,,0,0,,0,0,boundary
93,17.25,-0.75,,1005.96,0,47587.5,,0,0,,0,0,boundary
94,17.75,-0.75,,1006.16,0,49244.5,,0,0,,0,0,boundary
95,18.25,-0.75,,1006.33,0,50646.1,,0,0,,0,0,boundary
96,18.75,-0.75,,1006.52,0,52157.9,,0,0,,0,0,boundary
97,19.25,-0.75,,1006.72,0,53844.9,,0,0,,0,0,boundary
98,19.75,-0.75,,1006.93,0,55491.3,,0,0,,0,0,boundary
99,20.25,-0.75,,1007.13,0,57165,,0,0,,0,0,boundary
100,20.75,-0.75,,1007.33,0,58837.5,,0,0,,0,0,boundary
101,21.25,-0.75,,1007.51,0,60320.2,,0,0,,0,0,boundary
102,21.75,-0.75,,1007.71,0,61918.2,,0,0,,0,0,boundary
103,22.25,-0.75,,1007.95,0,63882.9,,0,0,,0,0,boundary
104,22.75,-0.75,,1008.11,0,65188.8,,0,0,,0,0,boundary
105,23.25,-0.75,,1008.17,0,65743.6,,0,0,,0,0,boundary
106,23.75,-0.75,,1008.2,0,65995.6,,0,0,,0,0,boundary
107,24.25,-0.75,,1008.24,0,66322.6,,0,0,,0,0,boundary
108,24.75,-0.75,,1008.25,0,66391.6,,0,0,,0,0,boundary
109,25.25,-0.75,,1008.23,0,66213.6,,0,0,,0,0,boundary
110,25.75,-0.75,,1008.26,0,66452.2,,0,0,,0,0,boundary
111,26.25,-0.75,,1008.44,0,67975.4,,0,0,,0,0,boundary
112,-1.25,-1.25,,1005.9,0,47090.5,,0,0,,0,0,boundary
113,-0.75,-1.25,,1005.93,0,47414.7,,0,0,,0,0,boundary
114,-0.25,-1.25,,1005.95,0,47567.2,,0,0,,0,0,boundary
115,0.25,-1.25,,1005.98,0,47812.5,,0,0,,0,0,boundary
116,0.75,-1.25,,1005.96,0,47618,,0,0,,0,0,boundary
117,1.25,-1.25,,1005.88,0,46997.3,,0,0,,0,0,boundary
118,1.75,-1.25,,1005.86,0,46793.5,,0,0,,0,0,boundary
119,2.25,-1.25,,1005.84,0,46652.5,,0,0,,0,0,boundary
120,2.75,-1.25,,1005.9,0,47104,,0,0,,0,0,boundary
121,3.25,-1.25,,1005.95,0,47504.2,,0,0,,0,0,boundary
122,3.75,-1.25,,1005.92,0,47288.4,,0,0,,0,0,boundary
123,4.25,-1.25,,1005.87,0,46905.3,,0,0,,0,0,boundary
124,4.75,-1.25,,1005.87,0,46864,,0,0,,0,0,boundary
125,5.25,-1.25,,1005.88,0,46976.3,,0,0,,0,0,boundary
126,5.75,-1.25,,1005.88,0,46955.5,,0,0,,0,0,boundary
127,6.25,-1.25,,1005.85,0,46711.3,,0,0,,0,0,boundary
128,6.75,-1.25,,1005.84,0,46650.2,,0,0,,0,0,boundary
129,7.25,-1.25,,1005.9,0,47101.7,,0,0,,0,0,boundary
130,7.75,-1.25,,1005.97,0,47731.5,,0,0,,0,0,boundary
131,8.25,-1.25,,1005.97,0,47723,,0,0,,0,0,boundary
132,8.75,-1.25,,1005.9,0,47120.7,,0,0,,0,0,boundary
133,9.25,-1.25,,1005.84,0,46637.4,,0,0,,0,0,boundary
134,9.75,-1.25,,1005.9,0,47139.1,,0,0,,0,0,boundary
135,10.25,-1.25,,1005.95,0,47518.6,,0,0,,0,0,boundary
136,10.75,-1.25,,1005.87,0,46924.7,,0,0,,0,0,boundary
137,11.25,-1.25,,1005.76,0,46021.3,,0,0,,0,0,boundary
138,11.75,-1.25,,1005.68,0,45332.2,,0,0,,0,0,boundary
139,12.25,-1.25,,1005.63,0,44920.3,,0,0,,0,0,boundary
140,12.75,-1.25,,1005.64,0,45020.8,,0,0,,0,0,boundary
141,13.25,-1.25,,1005.65,0,45072.8,,0,0,,0,0,boundary
142,13.75,-1.25,,1005.64,0,45049.2,,0,0,,0,0,boundary
143,14.25,-1.25,,1005.66,0,45197.6,,0,0,,0,0,boundary
144,14.75,-1.25,,1005.72,0,45682.5,,0,0,,0,0,boundary
145,15.25,-1.25,,1005.8,0,46287.3,,0,0,,0,0,boundary
146,15.75,-1.25,,1005.87,0,46915.6,,0,0,,0,0,boundary
147,16.25,-1.25,,1005.98,0,47772.8,,0,0,,0,0,boundary
148,16.75,-1.25,,1006.15,0,49138,,0,0,,0,0,boundary
149,17.25,-1.25,,1006.36,0,50879.4,,0,0,,0,0,boundary
150,17.75,-1.25,,1006.53,0,52262.9,,0,0,,0,0,boundary
151,18.25,-1.25,,1006.63,0,53051.2,,0,0,,0,0,boundary
152,18.75,-1.25,,1006.79,0,54387.6,,0,0,,0,0,boundary
153,19.25,-1.25,,1007.05,0,56482.6,,0,0,,0,0,boundary
154,19.75,-1.25,,1007.36,0,59083,,0,0,,0,0,boundary
155,20.25,-1.25,,1007.69,0,61777.3,,0,0,,0,0,boundary
156,20.75,-1.25,,1007.95,0,63877.2,,0,0,,0,0,boundary
157,21.25,-1.25,,1008.2,0,65924.6,,0,0,,0,0,boundary
158,21.75,-1.25,,1008.43,0,67855,,0,0,,0,0,boundary
159,22.25,-1.25,,1008.63,0,69477.7,,0,0,,0,0,boundary
160,22.75,-1.25,,1008.83,0,71151.1,,0,0,,0,0,boundary
161,23.25,-1.25,,1009.01,0,72634.4,,0,0,,0,0,boundary
162,23.75,-1.25,,1009.07,0,73180.8,,0,0,,0,0,boundary
163,24.25,-1.25,,1009.06,0,73068.2,,0,0,,0,0,boundary
164,24.75,-1.25,,1009,0,72529.1,,0,0,,0,0,boundary
165,25.25,-1.25,,1008.97,0,72356.1,,0,0,,0,0,boundary
166,25.75,-1.25,,1009.07,0,73166.2,,0,0,,0,0,boundary
167,26.25,-1.25,,1009.33,0,75337.1,,0,0,,0,0,boundary
168,-0.25,0.25,,1004.03,0,32023.6,,0,0,,0,0,boundary
169,-0.25,0.75,,1003.43,0,27168,,0,0,,0,0,boundary
170,-0.25,1.25,,1002.81,0,22203.5,,0,0,,0,0,boundary
171,-0.25,1.75,,1002.11,0,16699,,0,0,,0,0,boundary
172,-0.25,2.25,,1001.32,0,10434.3,,0,0,,0,0,boundary
173,-0.25,2.75,,1000.45,0,3558.23,,0,0,,0,0,boundary
174,-0.25,3.25,,1001.01,0,7984.72,,0,0,,0,0,boundary
175,-0.25,3.75,,1000.88,0,6931.16,,0,0,,0,0,boundary
176,-0.25,4.25,,1000.78,0,6131.7,,0,0,,0,0,boundary
177,-0.25,4.75,,1000,0,0,,0,0,,0,0,boundary
178,-0.25,5.25,,1000,0,0,,0,0,,0,0,boundary
179,-0.25,5.75,,1000,0,0,,0,0,,0,0,boundary
180,-0.25,6.25,,1000,0,0,,0,0,,0,0,boundary
181,-0.25,6.75,,1000,0,0,,0,0,,0,0,boundary
182,-0.25,7.25,,1000,0,0,,0,0,,0,0,boundary
183,-0.25,7.75,,1000,0,0,,0,0,,0,0,boundary
184,-0.25,8.25,,1000,0,0,,0,0,,0,0,boundary
185,-0.25,8.75,,1000,0,0,,0,0,,0,0,boundary
186,-0.25,9.25,,1000,0,0,,0,0,,0,0,boundary
187,-0.25,9.75,,1000,0,0,,0,0,,0,0,boundary
188,-0.75,0.25,,1004.03,0,32016.4,,0,0,,0,0,boundary
189,-0.75,0.75,,1003.45,0,27355.7,,0,0,,0,0,boundary
190,-0.75,1.25,,1002.84,0,22462.4,,0,0,,0,0,boundary
191,-0.75,1.75,,1002.1,0,16547.6,,0,0,,0,0,boundary
192,-0.75,2.25,,1001.24,0,9756.96,,0,0,,0,0,boundary
193,-0.75,2.75,,1000.36,0,2805.09,,0,0,,0,0,boundary
194,-0.75,3.25,,1000.92,0,7242.78,,0,0,,0,0,boundary
195,-0.75,3.75,,1000.79,0,6225.02,,0,0,,0,0,boundary
196,-0.75,4.25,,1000.7,0,5539.75,,0,0,,0,0,boundary
197,-0.75,4.75,,1000.68,0,5310.16,,0,0,,0,0,boundary
198,-0.75,5.25,,1000,0,0,,0,0,,0,0,boundary
199,-0.75,5.75,,1000,0,0,,0,0,,0,0,boundary
200,-0.75,6.25,,1000,0,0,,0,0,,0,0,boundary
201,-0.75,6.75,,1000,0,0,,0,0,,0,0,boundary
202,-0.75,7.25,,1000,0,0,,0,0,,0,0,boundary
203,-0.75,7.75,,1000,0,0,,0,0,,0,0,boundary
204,-0.75,8.25,,1000,0,0,,0,0,,0,0,boundary
205,-0.75,8.75,,1000,0,0,,0,0,,0,0,boundary
206,-0.75,9.25,,1000,0,0,,0,0,,0,0,boundary
207,-0.75,9.75,,1000,0,0,,0,0,,0,0,boundary
208,-1.25,0.25,,1004.03,0,31995.9,,0,0,,0,0,boundary
209,-1.25,0.75,,1003.45,0,27389.2,,0,0,,0,0,boundary
210,-1.25,1.25,,1002.88,0,22761,,0,0,,0,0,boundary
211,-1.25,1.75,,1002.11,0,16638.7,,0,0,,0,0,boundary
212,-1.25,2.25,,1001.21,0,9550.38,,0,0,,0,0,boundary
213,-1.25,2.75,,1000.35,0,2771.8,,0,0,,0,0,boundary
214,-1.25,3.25,,1000.85,0,6650.66,,0,0,,0,0,boundary
215,-1.25,3.75,,1000.73,0,5713.61,,0,0,,0,0,boundary
216,-1.25,4.25,,1000.66,0,5208.71,,0,0,,0,0,boundary
217,-1.25,4.75,,1000.65,0,5106.36,,0,0,,0,0,boundary
218,-1.25,5.25,,1000,0,0,,0,0,,0,0,boundary
219,-1.25,5.75,,1000,0,0,,0,0,,0,0,boundary
220,-1.25,6.25,,1000,0,0,,0,0,,0,0,boundary
221,-1.25,6.75,,1000,0,0,,0,0,,0,0,boundary
222,-1.25,7.25,,1000,0,0,,0,0,,0,0,boundary
223,-1.25,7.75,,1000,0,0,,0,0,,0,0,boundary
224,-1.25,8.25,,1000,0,0,,0,0,,0,0,boundary
225,-1.25,8.75,,1000,0,0,,0,0,,0,0,boundary
226,-1.25,9.25,,1000,0,0,,0,0,,0,0,boundary
227,-1.25,9.75,,1000,0,0,,0,0,,0,0,boundary
228,25.25,0.25,,1006.92,0,55434.9,,0,0,,0,0,boundary
229,25.25,0.75,,1006.27,0,50111.8,,0,0,,0,0,boundary
230,25.25,1.25,,1005.6,0,44709.6,,0,0,,0,0,boundary
231,25.25,1.75,,1004.99,0,39769.9,,0,0,,0,0,boundary
232,25.25,2.25,,1004.4,0,34965.9,,0,0,,0,0,boundary
233,25.25,2.75,,1003.77,0,29910.1,,0,0,,0,0,boundary
234,25.25,3.25,,1003.23,0,25612,,0,0,,0,0,boundary
235,25.25,3.75,,1003.02,0,23886.1,,0,0,,0,0,boundary
236,25.25,4.25,,1002.93,0,23223.6,,0,0,,0,0,boundary
237,25.25,4.75,,1001.98,0,15665.9,,0,0,,0,0,boundary
238,25.25,5.25,,1001.68,0,13268.3,,0,0,,0,0,boundary
239,25.25,5.75,,1001.38,0,10908.7,,0,0,,0,0,boundary
240,25.25,6.25,,1000.97,0,7626.35,,0,0,,0,0,boundary
241,25.25,6.75,,1000.8,0,6283.96,,0,0,,0,0,boundary
242,25.25,7.25,,1000,0,0,,0,0,,0,0,boundary
243,25.25,7.75,,1000,0,0,,0,0,,0,0,boundary
244,25.25,8.25,,1000,0,0,,0,0,,0,0,boundary
245,25.25,8.75,,1000,0,0,,0,0,,0,0,boundary
246,25.25,9.25,,1000,0,0,,0,0,,0,0,boundary
247,25.25,9.75,,1000,0,0,,0,0,,0,0,boundary
248,25.75,0.25,,1006.97,0,55873.4,,0,0,,0,0,boundary
249,25.75,0.75,,1006.32,0,50549.9,,0,0,,0,0,boundary
250,25.75,1.25,,1005.65,0,45118.9,,0,0,,0,0,boundary
251,25.75,1.75,,1005.04,0,40138.6,,0,0,,0,0,boundary
252,25.75,2.25,,1004.42,0,35178.8,,0,0,,0,0,boundary
253,25.75,2.75,,1003.75,0,29770.5,,0,0,,0,0,boundary
254,25.75,3.25,,1003.16,0,25061.3,,0,0,,0,0,boundary
255,25.75,3.75,,1002.89,0,22882.4,,0,0,,0,0,boundary
256,25.75,4.25,,1002.71,0,21479.4,,0,0,,0,0,boundary
257,25.75,4.75,,1001.99,0,15736.6,,0,0,,0,0,boundary
258,25.75,5.25,,1000.02,0,154.783,,0,0,,0,0,boundary
259,25.75,5.75,,1001.22,0,9637.05,,0,0,,0,0,boundary
260,25.75,6.25,,1000.94,0,7371.49,,0,0,,0,0,boundary
261,25.75,6.75,,1000.66,0,5174.95,,0,0,,0,0,boundary
262,25.75,7.25,,1000,0,0,,0,0,,0,0,boundary
263,25.75,7.75,,1000,0,0,,0,0,,0,0,boundary
264,25.75,8.25,,1000,0,0,,0,0,,0,0,boundary
265,25.75,8.75,,1000,0,0,,0,0,,0,0,boundary
266,25.75,9.25,,1000,0,0,,0,0,,0,0,boundary
267,25.75,9.75,,1000,0,0,,0,0,,0,0,boundary
268,26.25,0.25,,1007.14,0,57256.2,,0,0,,0,0,boundary
269,26.25,0.75,,1006.52,0,52186,,0,0,,0,0,boundary
270,26.25,1.25,,1005.88,0,46948.4,,0,0,,0,0,boundary
271,26.25,1.75,,1005.22,0,41606.5,,0,0,,0,0,boundary
272,26.25,2.25,,1004.5,0,35832,,0,0,,0,0,boundary
273,26.25,2.75,,1003.78,0,29996.9,,0,0,,0,0,boundary
274,26.25,3.25,,1003.15,0,24924.9,,0,0,,0,0,boundary
275,26.25,3.75,,1002.53,0,20017.1,,0,0,,0,0,boundary
276,26.25,4.25,,1002.01,0,15880,,0,0,,0,0,boundary
277,26.25,4.75,,1001.34,0,10567.9,,0,0,,0,0,boundary
278,26.25,5.25,,999.833,0,-1313.85,,0,0,,0,0,boundary
279,26.25,5.75,,1001.16,0,9108.96,,0,0,,0,0,boundary
280,26.25,6.25,,1000.99,0,7797.99,,0,0,,0,0,boundary
281,26.25,6.75,,1000.75,0,5921.88,,0,0,,0,0,boundary
282,26.25,7.25,,1000,0,0,,0,0,,0,0,boundary
283,26.25,7.75,,1000,0,0,,0,0,,0,0,boundary
284,26.25,8.25,,1000,0,0,,0,0,,0,0,boundary
285,26.25,8.75,,1000,0,0,,0,0,,0,0,boundary
286,26.25,9.25,,1000,0,0,,0,0,,0,0,boundary
287,26.25,9.75,,1000,0,0,,0,0,,0,0,boundary
288,0.79218,1.07363,,1003.21,-21.8211,25427.7,,0.272926,-0.228136,,-0.269885,11.3033,fluid
289,0.176721,1.05892,,1003.12,-22.5818,24679.8,,0.0597284,0.133761,,0.6743,11.273,fluid
290,0.181341,1.91044,,1001.95,-15.8605,15375.8,,-0.0202491,-0.0537009,,0.533696,11.7664,fluid
291,0.270888,0.166099,,1004.18,-24.7758,33256.7,,-0.131959,-0.0296547,,0.697209,10.2476,fluid
292,0.786902,0.632479,,1003.52,-22.949,27885.6,,-0.144325,-0.233788,,0.350309,10.1859,fluid
293,0.448161,1.50011,,1002.63,-19.3284,20827.6,,-0.0885036,-0.144478,,0.134328,11.5398,fluid
294,2.29877,2.60951,,1000.98,-7.72605,7685.95,,-0.00392683,-0.0594617,,-0.673554,10.9244,fluid
295,0.976201,1.47459,,1002.76,-19.2084,21862.2,,0.00928733,-0.192491,,-0.0938216,11.5786,fluid
296,0.711904,2.20762,,1001.45,-9.42134,11461.9,,0.107945,-0.0865367,,-0.642836,12.371,fluid
297,3.45969,1.55774,,1002.73,-17.5337,21636,,0.16866,0.0121971,,-0.559712,10.9096,fluid
298,0.252624,2.39489,,1001.16,-10.3442,9117.92,,-0.11712,-0.0340767,,0.314096,13.1305,fluid
299,1.88014,2.18826,,1001.68,-11.7945,13217,,0.0120447,-0.0412514,,-0.838613,11.29,fluid
300,2.50151,1.99387,,1002.17,-13.0587,17102.5,,-0.140038,-0.12131,,-0.444104,11.4671,fluid
301,2.14663,2.81539,,1000.65,-7.10117,5094.71,,-0.0107625,-0.063735,,-0.867802,10.9393,fluid
302,2.82637,2.51397,,1001.45,-7.87981,11457.2,,-0.109132,-0.16557,,-0.501912,11.2492,fluid
303,3.96461,2.7722,,1000.85,-6.82172,6671.2,,-0.0026419,-0.107469,,-0.710386,11.3187,fluid
304,0.978747,0.146009,,1004.19,-23.6471,33299.1,,0.236915,-0.050613,,-0.200236,10.6591,fluid
305,0.311572,0.577922,,1003.53,-25.0386,28018,,0.0856756,0.0461826,,0.366543,10.8623,fluid
306,1.70588,0.995514,,1003.29,-20.6256,26053,,0.248333,-0.259762,,-0.376005,10.8983,fluid
307,1.75126,0.239553,,1003.98,-21.8853,31625.5,,0.215194,0.0633186,,0.460674,9.86966,fluid
308,2.11067,0.718413,,1003.52,-21.2863,27930.9,,0.201649,-0.0828749,,-0.377912,10.1075,fluid
309,1.27641,0.86358,,1003.16,-21.2899,25027.6,,0.197643,0.104794,,-0.0461576,10.7684,fluid
310,1.42892,0.398728,,1003.85,-22.9226,30585.1,,0.0767405,-0.0982188,,-0.297268,10.387,fluid
311,3.56432,2.49693,,1001.39,-8.07155,10935.4,,-0.205827,-0.0385389,,-0.582457,11.1265,fluid
312,1.11194,1.98177,,1001.95,-14.7885,15369.3,,-0.15075,-0.122714,,-0.184999,11.5017,fluid
313,1.75145,1.77386,,1002.24,-16.1092,17733.7,,-0.0884804,-0.0566022,,-0.178319,11.4145,fluid
314,2.40493,1.6669,,1002.54,-16.2562,20107.8,,-0.0554809,-0.0400302,,-0.803644,10.6799,fluid
315,4.73296,2.78328,,1000.92,-6.71908,7235.27,,0.064709,-0.0902573,,-1.03127,11.3403,fluid
316,5.78734,2.93768,,1000.77,-5.93774,6060.61,,0.150508,-0.0209915,,-1.09361,10.6082,fluid
317,3.90847,2.11092,,1002.04,-13.4446,16082.4,,-0.0114886,0.107416,,-0.63615,10.9483,fluid
318,5.0648,2.94911,,1000.69,-6.14705,5415.35,,0.175264,-0.023837,,-1.24909,11.0723,fluid
319,5.24956,3.31343,,1000.66,-3.88379,5167.37,,0.19955,-0.0429786,,-1.32414,10.9027,fluid
320,2.28451,0.231063,,1004.04,-21.3347,32082.6,,0.337553,0.0112355,,-0.69355,10.0921,fluid
321,5.856,0.175793,,1004.44,-17.9183,35321.4,,0.304606,-0.0466239,,-0.693493,9.58687,fluid
322,7.60297,0.217521,,1004.38,-14.9362,34865.6,,0.104873,-0.0754004,,0.0354004,9.84037,fluid
323,2.07643,1.29912,,1002.66,-19.4171,21054.6,,0.00532358,0.0653571,,-0.357505,11.0376,fluid
324,2.52704,0.962206,,1003.23,-20.5983,25559.2,,0.211485,0.0217698,,-0.487778,10.4609,fluid
325,2.93907,0.172788,,1004.22,-21.5004,33572,,0.351993,-0.0461003,,0.351505,10.3454,fluid
326,2.96797,1.63899,,1002.44,-17.0582,19321.6,,0.0341033,-0.0434466,,-0.473337,11.0977,fluid
327,2.88572,1.1986,,1003.11,-19.6743,24649.4,,0.147805,-0.0813825,,-0.103061,10.6639,fluid
328,4.33204,0.455175,,1003.96,-19.8667,31441.6,,0.236814,0.108313,,-0.331155,10.4849,fluid
329,1.47796,1.52927,,1002.53,-17.8389,20016.2,,-0.133429,-0.0309449,,-0.429239,10.8998,fluid
330,4.45485,1.7655,,1002.72,-15.7025,21499.5,,-0.0375503,0.0702623,,-0.174917,10.8909,fluid
331,3.99841,1.69825,,1002.74,-16.4711,21716,,0.061131,-0.12657,,-0.681955,10.7913,fluid
332,8.02983,3.55609,,1000.51,-2.29068,3997.55,,0.285203,-0.125674,,-0.941531,9.46892,fluid
333,8.23106,3.36023,,1000.68,-3.61034,5344.11,,0.366129,-0.150639,,-0.755424,9.54198,fluid
334,6.27219,3.14149,,1000.64,-4.52925,5040.8,,0.261395,-0.05814,,-1.24164,10.1757,fluid
335,9.38294,3.89473,,1000.58,-1.97144,4569.05,,0.690892,-0.154606,,-1.39227,8.72118,fluid
336,9.64381,0.677499,,1003.88,-10.2743,30831.4,,0.243848,0.0347704,,-0.237605,9.64384,fluid
337,10.1021,0.546333,,1004.02,-9.38363,31962.9,,0.262318,0.237976,,0.247668,9.78555,fluid
338,9.20536,0.840032,,1003.61,-11.6747,28645,,0.316254,0.278216,,-0.0195755,9.70674,fluid
339,6.39595,0.226893,,1004.17,-17.6835,33146.1,,0.318819,0.131536,,0.0258175,9.97587,fluid
340,6.32651,1.3975,,1003.18,-16.5118,25157,,0.204021,0.01375,,-0.306642,10.1017,fluid
341,3.94071,0.168741,,1004.22,-20.4597,33553,,0.426694,0.0783369,,-0.398045,10.1722,fluid
342,8.91819,1.28956,,1003.28,-11.2241,25985,,0.202251,0.157001,,-0.202674,9.36153,fluid
343,2.72432,0.486402,,1003.86,-21.6036,30632,,0.256538,0.0278895,,-0.30636,10.9365,fluid
344,7.38741,1.10462,,1003.48,-15.2519,27623.1,,0.385144,0.00817278,,-0.32046,10.0124,fluid
345,3.22059,0.811894,,1003.58,-19.7691,28384.2,,0.197276,-0.0308617,,-0.648958,10.1327,fluid
346,4.14364,1.22598,,1003.25,-18.5576,25725.4,,0.226225,-0.0385842,,-0.205921,10.4208,fluid
347,3.63081,1.08248,,1003.31,-20.476,26271.7,,0.111107,0.0427738,,-0.503604,10.8079,fluid
348,2.70633,3.0327,,1000.54,-4.80557,4219.7,,0.0832562,-0.0621028,,-0.440416,10.922,fluid
349,4.32279,3.03804,,1000.63,-4.70793,4991.5,,0.239215,-0.122717,,-0.530615,11.2232,fluid
350,1.4393,2.8877,,1000.68,-6.31957,5310.16,,-0.09077,-0.0424647,,-1.34699,11.78,fluid
351,3.32991,2.82126,,1000.63,-7.1719,4957.52,,0.153643,-0.0115269,,-0.616618,11.3226,fluid
352,9.98183,1.0811,,1003.54,-8.16387,28080.8,,0.254691,0.167922,,-0.105869,9.01276,fluid
353,9.61433,0.169901,,1004.39,-10.0306,34874.2,,0.159904,0.059289,,-0.0326126,9.34875,fluid
354,8.72547,0.813889,,1003.84,-12.5871,30489.3,,0.425621,-0.0676077,,-0.400263,9.60165,fluid
355,10.3549,1.32974,,1003.22,-8.14363,25513.6,,0.268483,0.521698,,-0.0162788,8.98613,fluid
356,7.62663,0.680688,,1003.94,-15.0125,31325.7,,0.353753,-0.00727947,,-0.150466,9.54046,fluid
357,9.12392,0.341206,,1004.11,-10.9565,32687.6,,0.250586,0.0852886,,-0.0653734,9.00742,fluid
358,10.8177,1.68619,,1002.88,-5.12462,22780.9,,0.442544,0.250758,,-0.0208485,8.49863,fluid
359,4.73601,0.184285,,1004.31,-19.4747,34253.1,,0.255052,0.0318518,,-0.708297,10.0003,fluid
360,3.46824,0.314319,,1004.01,-20.2847,31868.7,,0.361905,-0.0221216,,-0.822701,10.2195,fluid
361,5.49004,1.06608,,1003.47,-17.9478,27495.7,,0.128472,-0.0268722,,-0.520103,10.2089,fluid
362,3.80903,0.697782,,1003.65,-20.5115,28956.8,,0.282521,0.0501079,,-0.048127,10.184,fluid
363,7.08724,0.615915,,1003.93,-16.1566,31246.3,,0.391308,0.0899928,,-0.235685,10.0433,fluid
364,12.5944,4.19732,,1000.57,0.922576,4484.9,,1.48924,-0.469339,,-1.49116,6.84193,fluid
365,1.96261,2.99304,,1000.59,-5.23502,4642.36,,-0.0218004,-0.0724044,,-1.15665,10.9666,fluid
366,10.8104,3.97179,,1000.49,-0.449148,3868.05,,1.12779,-0.234446,,-1.08267,7.84887,fluid
367,18.8937,5.09001,,1000.63,3.37369,4971.91,,2.53982,-0.285439,,-1.29652,8.7469,fluid
368,14.1052,3.02092,,1001.81,3.4206,14314.2,,1.20101,-0.461511,,-1.10858,7.24394,fluid
369,15.1951,2.15984,,1002.64,4.98816,20856.9,,1.00032,-0.743494,,-1.20615,8.3175,fluid
370,7.97177,1.06672,,1003.68,-14.3861,29165.3,,0.350398,-0.0867202,,-0.415406,10.0749,fluid
371,10.0138,1.77019,,1002.68,-8.03038,21236.5,,0.221087,0.139397,,-0.570472,9.05422,fluid
372,14.8153,2.72433,,1001.99,4.38954,15712.4,,1.17026,-0.492201,,-1.10843,7.16058,fluid
373,15.1125,2.55223,,1002,5.16666,15788.2,,1.3504,-0.342353,,-0.731154,7.63939,fluid
374,13.4295,2.73476,,1001.83,0.3295,14457.7,,0.994397,-0.2859,,-0.68847,7.58196,fluid
375,11.3232,3.83188,,1000.43,-0.997845,3362.47,,1.14031,-0.17659,,-1.01345,7.35908,fluid
376,8.16328,0.208947,,1004.16,-14.5313,33021.1,,0.199047,0.114974,,-0.468373,9.81813,fluid
377,4.84263,2.12535,,1002.17,-12.5425,17143,,0.134261,-0.0741946,,-0.937011,10.7146,fluid
378,11.8307,3.94028,,1000.47,0.889321,3684.66,,1.23202,-0.318419,,-0.714519,7.19718,fluid
379,6.57407,0.654492,,1003.79,-16.9485,30118,,0.410106,0.151446,,-0.450174,9.86432,fluid
380,5.27921,2.70279,,1001.04,-6.88856,8170.11,,0.0171423,0.0495654,,-0.790318,10.6131,fluid
381,7.29307,3.46692,,1000.56,-3.34704,4367.65,,0.436212,-0.0458804,,-1.22625,9.60695,fluid
382,9.97322,3.93217,,1000.51,-0.975795,4031.17,,0.829832,-0.230299,,-1.16383,8.304,fluid
383,15.1623,4.80969,,1000.46,3.36332,3622.15,,1.75986,-0.795879,,-0.570678,6.89144,fluid
384,18.2495,3.30689,,1002.21,7.29958,17468.8,,1.94562,-0.358555,,-2.01887,8.77185,fluid
385,12.5463,2.36457,,1002.02,-0.0597747,15944.5,,0.680148,-0.0535417,,-0.439648,7.51112,fluid
386,10.7415,0.394901,,1004.14,-7.07675,32923.6,,-0.0184017,0.23777,,0.0183296,9.4442,fluid
387,16.7466,1.70151,,1003.32,7.74798,26307.5,,0.802933,-0.407534,,-1.74592,8.55929,fluid
388,11.1952,2.08652,,1002.31,-3.70087,18261.2,,0.350296,0.0675212,,-0.328231,8.39927,fluid
389,16.4395,2.15868,,1002.66,5.09983,21029.9,,1.07514,-0.143568,,-1.35603,7.79963,fluid
390,16.0608,2.80438,,1002.27,5.9379,17902,,1.34273,-0.453847,,-1.56015,7.53792,fluid
391,12.876,3.54511,,1001.13,0.824954,8888.69,,1.36724,-0.330523,,-0.765612,7.05759,fluid
392,14.4799,2.91751,,1001.88,3.96142,14873.5,,1.2179,-0.39732,,-0.951225,7.32282,fluid
393,13.704,2.53764,,1001.97,1.78712,15537.8,,0.896309,-0.289842,,-0.449324,7.20251,fluid
394,10.0676,3.65213,,1000.55,-1.33848,4290.88,,0.868363,-0.174157,,-0.878058,8.20492,fluid
395,4.49433,0.890996,,1003.47,-18.9351,27494.8,,0.436252,0.0634542,,-0.662881,10.2462,fluid
396,4.9557,0.916104,,1003.5,-19.0385,27764.7,,0.353468,-0.00403321,,-0.18504,10.0808,fluid
397,15.0402,3.93995,,1001.36,2.29898,10721.6,,1.71954,-0.484559,,-1.40534,7.21659,fluid
398,8.71228,3.77763,,1000.61,-2.17114,4782.72,,0.577383,-0.175603,,-1.17187,9.36196,fluid
399,3.95564,3.17622,,1000.64,-4.14855,5055.48,,-0.0325878,-0.12106,,-0.958112,11.2533,fluid
400,12.5223,2.73482,,1001.83,-0.556151,14423.5,,0.935451,-0.0418399,,-0.602251,7.39147,fluid
401,12.7547,-374.194,,971.109,0,-208004,,0.0507704,-85.3688,,0,0,fluid
402,8.16747,2.12415,,1002.33,-10.2023,18392.9,,-0.0611357,-0.00969037,,-0.000429616,9.56283,fluid
403,14.1872,2.36348,,1002.17,4.15062,17120.1,,1.01821,-0.151037,,-0.667054,7.88469,fluid
404,8.89639,1.98932,,1002.57,-9.78105,20339,,0.122086,0.0823404,,-0.4023,9.09716,fluid
405,5.89232,1.9314,,1002.62,-13.893,20743.5,,0.21089,-0.0887126,,-0.765081,10.3315,fluid
406,11.2651,1.55026,,1003,-3.5953,23755.2,,0.313148,-0.0136947,,-0.399198,8.26152,fluid
407,15.4573,3.91806,,1001.33,2.85472,10485.4,,1.679,-0.506258,,-1.08129,7.05414,fluid
408,11.1369,0.239761,,1004.34,-4.70435,34519.8,,-0.187636,-0.154952,,0.0157595,8.94902,fluid
409,15.1135,1.79519,,1003.06,5.56198,24229,,0.505794,-0.389167,,-1.31681,7.81129,fluid
410,16.4956,4.64834,,1000.55,2.47235,4285.88,,2.0023,-0.787963,,-0.841116,7.43907,fluid
411,5.84557,2.38722,,1001.96,-10.7243,15502.5,,0.197638,0.0381362,,-1.13193,10.5772,fluid
412,13.1775,4.32859,,1000.55,0.875676,4297.39,,1.70673,-0.243078,,-0.724321,6.88318,fluid
413,17.4058,4.19042,,1001.56,3.47792,12277.8,,2.20569,-0.665098,,-1.31209,7.76186,fluid
414,15.4455,4.55128,,1000.64,1.07117,5052.14,,1.82323,-0.695413,,-0.680163,7.16046,fluid
415,4.41429,2.4656,,1001.3,-8.46861,10208.4,,0.0628201,-0.104521,,-0.713921,10.814,fluid
416,11.9748,2.3816,,1002,-1.19393,15826.7,,0.619808,-0.0565397,,-0.286644,7.87142,fluid
417,12.9401,3.91935,,1000.72,0.798355,5700.12,,1.57893,-0.284533,,-0.829113,6.87336,fluid
418,13.1019,2.20774,,1002.26,1.04487,17840,,0.703401,0.0308376,,-0.667407,8.17124,fluid
419,13.831,1.34946,,1003.08,3.75744,24402,,0.108158,-0.0235515,,-0.727276,8.15301,fluid
420,14.6013,2.02131,,1002.47,3.36054,19526.7,,0.648042,0.0218887,,-0.578561,7.94406,fluid
421,14.1463,1.91264,,1002.63,2.27987,20837,,0.543866,-0.25288,,-0.678987,8.07346,fluid
422,15.8292,1.99258,,1002.8,5.90697,22149.4,,0.951383,-0.276754,,-1.64704,7.56166,fluid
423,18.2831,2.85389,,1002.39,7.0583,18890.3,,1.81103,-0.121276,,-1.89943,8.11667,fluid
424,8.50214,1.72933,,1002.68,-11.0952,21209.7,,0.186414,0.0907062,,-0.460174,9.59736,fluid
425,10.533,3.38112,,1000.75,-5.17707,5904.66,,0.861544,0.259656,,-0.712104,8.15405,fluid
426,17.9219,2.37257,,1003.02,7.05665,23904.8,,1.21394,-0.469408,,-2.1439,8.89403,fluid
427,14.1622,4.23389,,1000.74,0.957422,5809.32,,1.72522,-0.500269,,-1.22128,6.50625,fluid
428,5.84236,3.25874,,1000.6,-3.65946,4704.69,,0.237643,-0.0379962,,-1.20465,10.4384,fluid
429,9.2506,2.46414,,1002.19,-7.26238,17286.3,,0.284748,-0.0927259,,-0.142097,8.99553,fluid
430,19.3362,5.15695,,1000.58,3.17262,4544.72,,3.04898,-0.0458113,,-0.839328,9.54611,fluid
431,11.8308,4.45074,,1000.58,-0.651842,4552.9,,1.23974,-0.415679,,-1.13231,7.32172,fluid
432,15.728,2.31321,,1002.52,5.57798,19915.7,,1.21001,-0.0997506,,-1.80527,8.39772,fluid
433,11.5808,0.350644,,1004.17,-3.59288,33137,,-0.165893,0.0429631,,-0.038507,8.9348,fluid
434,12.0501,1.76806,,1002.73,-2.13354,21563.1,,0.35477,0.0259026,,-0.285794,8.60466,fluid
435,20.6491,3.91029,,1001.78,-0.440136,14040.2,,1.94135,1.24525,,-1.77383,9.45703,fluid
436,17.2047,1.85678,,1002.97,7.90055,23554.2,,0.850984,-0.237735,,-1.94959,7.73487,fluid
437,17.7544,1.8636,,1003.23,7.56604,25574.4,,1.08816,-0.0373325,,-2.25747,7.80026,fluid
438,6.46291,1.78077,,1002.73,-14.1436,21602.2,,0.056087,0.0617671,,-0.418315,10.3789,fluid
439,18.8721,3.78323,,1002.11,4.80201,16649.7,,2.05908,-0.19784,,-1.67072,8.70064,fluid
440,15.7218,1.49888,,1003.12,7.04218,24700.3,,0.585555,-0.121898,,-1.35465,8.77566,fluid
441,9.89953,2.60861,,1002.09,-6.42265,16534.1,,0.479031,-0.00142846,,-0.860378,8.56098,fluid
442,5.70318,1.52404,,1002.99,-16.2684,23672.4,,0.0759024,-0.0627594,,-0.607597,10.2837,fluid
443,9.17842,2.93938,,1001.63,-5.67135,12835.7,,0.377635,-0.0624079,,-1.04516,9.19253,fluid
444,9.63911,3.48207,,1000.27,-0.959107,2118.55,,0.40685,-0.0464208,,-0.853121,8.16008,fluid
445,0.629392,2.56078,,1000.83,-9.30643,6528.41,,0.0904309,-0.00283665,,-0.692641,13.1896,fluid
446,1.35986,2.50759,,1001.12,-7.86626,8808.22,,-0.0272598,-0.0387418,,-0.844844,11.9949,fluid
447,1.07216,2.71917,,1000.72,-7.71151,5646.01,,-0.0877531,-0.00429095,,-1.50175,12.4339,fluid
448,13.6962,1.9417,,1002.66,2.5349,21009.3,,0.362685,-0.445053,,-0.869819,8.23944,fluid
449,11.7034,1.36994,,1002.95,-2.92325,23352.9,,0.161486,0.0647015,,-0.413726,8.29334,fluid
450,13.2262,1.85665,,1002.49,1.46113,19654.6,,0.426004,0.0439254,,-0.512206,7.76947,fluid
451,14.6999,1.37823,,1003.15,4.62587,24951.2,,0.276114,-0.0198985,,-1.08878,8.39251,fluid
452,12.5554,1.93798,,1002.45,0.824718,19408.3,,0.205974,-0.157986,,-0.214135,8.17681,fluid
453,19.5062,3.17195,,1003.24,4.71898,25690.3,,1.63012,0.0206834,,-1.63929,10.6197,fluid
454,18.7961,2.40991,,1002.79,6.85904,22097.1,,1.25604,-0.227816,,-1.95371,8.79488,fluid
455,5.91999,0.645512,,1003.98,-18.3349,31630.7,,0.360376,-0.0541526,,-0.138387,10.3762,fluid
456,8.40635,2.68577,,1001.66,-7.64883,13057.8,,0.539077,0.111406,,-0.789263,9.64479,fluid
457,7.38835,2.55312,,1001.96,-8.42237,15486.8,,0.361171,-0.0532551,,-0.470404,10.1242,fluid
458,20.0364,3.30768,,1002.18,8.98834,17239.7,,1.77771,0.0339837,,-1.87929,9.40155,fluid
459,18.7809,3.21651,,1002.85,5.71943,22564,,1.76465,-0.0264637,,-2.14062,9.05269,fluid
460,17.9659,4.26945,,1001.81,2.53496,14320.8,,2.37424,-0.123356,,-1.54578,8.03005,fluid
461,11.367,4.01543,,1000.38,0.420631,3004.01,,1.26893,-0.223325,,-1.04706,7.30991,fluid
462,7.69553,3.36171,,1000.51,-3.53085,3987.31,,0.552967,-0.00414986,,-1.11258,9.37352,fluid
463,12.6512,4.50863,,1000.48,0.357227,3811.14,,1.66485,-0.411527,,-1.19568,6.87987,fluid
464,13.3718,1.35598,,1003.08,2.23968,24425.3,,-0.0253985,-0.132726,,-0.365425,8.37368,fluid
465,10.9881,0.950726,,1003.45,-6.20654,27340,,0.0365039,0.225188,,0.048448,9.18015,fluid
466,13.5058,0.824174,,1003.55,1.39623,28179.6,,0.0877106,0.0290971,,-0.545803,9.10056,fluid
467,17.1598,1.27733,,1003.79,8.07658,30124.2,,0.591556,-0.197581,,-1.53218,9.22676,fluid
468,14.2848,1.43469,,1003.1,4.12952,24520.1,,0.259013,-0.084847,,-0.779873,8.00701,fluid
469,17.0081,2.34542,,1002.77,7.201,21923.4,,1.19648,-0.164671,,-1.92259,8.04783,fluid
470,19.4076,3.6848,,1002.01,6.00954,15881.7,,1.86651,0.0131005,,-1.27929,8.6523,fluid
471,19.0401,2.87722,,1002.86,5.97412,22637.9,,1.73377,0.0713244,,-2.7157,8.4567,fluid
472,19.7103,4.96545,,1000.79,3.43347,6178.52,,3.0121,0.293507,,-0.811918,9.80852,fluid
473,18.4997,4.98936,,1000.73,2.33435,5755.59,,2.59215,-0.381754,,-1.1176,8.54194,fluid
474,11.3933,2.56515,,1001.74,-2.28526,13699.7,,0.771916,0.155405,,-0.5442,7.7931,fluid
475,6.78199,2.07774,,1002.38,-12.129,18848.7,,0.274136,-0.0343907,,-0.835523,9.92536,fluid
476,16.9728,3.22902,,1001.76,6.38796,13901.7,,1.73581,-0.327805,,-1.94156,7.62375,fluid
477,17.4523,3.03275,,1002.4,5.51854,18931.9,,1.76455,-0.415045,,-2.19855,7.63159,fluid
478,17.0183,3.79354,,1001.95,3.83079,15424.8,,1.90938,-0.604353,,-0.938277,8.07082,fluid
479,14.126,4.74296,,1000.51,2.23876,4032.35,,1.05898,-0.623903,,-1.03697,6.81999,fluid
480,11.6579,1.98499,,1002.3,-3.2519,18196.4,,0.355694,0.279527,,-0.245116,8.24556,fluid
481,12.2701,1.36044,,1003.07,-1.66531,24300.4,,0.215106,0.0605063,,-0.398525,8.20068,fluid
482,12.7787,1.48575,,1002.97,0.329626,23542.8,,0.130113,-0.161817,,-0.195495,8.80994,fluid
483,15.1848,1.29985,,1003.35,6.29576,26575.6,,0.203873,-0.238596,,-1.25661,8.49642,fluid
484,13.9694,0.805769,,1003.67,3.32998,29137.6,,0.00626909,-0.102205,,-0.639551,9.01918,fluid
485,16.2062,1.16404,,1003.62,7.30452,28709.7,,0.395546,-0.0685682,,-1.60384,8.98057,fluid
486,18.2093,1.81727,,1003.68,6.95277,29197.4,,1.0035,-0.229313,,-2.26183,8.58255,fluid
487,18.5292,1.13111,,1004.02,8.53108,31947.2,,0.688253,-0.273785,,-2.88641,8.88828,fluid
488,16.2785,1.71379,,1003.21,7.5529,25450.5,,0.673597,-0.400836,,-1.89535,7.89333,fluid
489,10.4476,1.92438,,1002.46,-6.20828,19457.7,,0.417121,0.330827,,0.025739,8.93988,fluid
490,7.00899,0.166098,,1004.39,-16.6155,34949.4,,0.154958,0.0512919,,-0.264315,10.0505,fluid
491,13.8507,3.34023,,1001.33,1.87911,10455.5,,1.22356,-0.396492,,-0.952976,7.09246,fluid
492,16.4023,2.58063,,1002.48,5.4075,19623.1,,1.41335,-0.376388,,-1.29485,7.99658,fluid
493,13.099,2.88224,,1001.82,0.888587,14323.6,,0.836519,-0.336763,,-0.667113,7.57509,fluid
494,6.79935,3.08052,,1000.75,-5.35203,5917.07,,0.503094,-0.0218116,,-0.943078,10.1412,fluid
495,14.6837,3.54168,,1001.52,3.56363,11969,,1.25184,-0.488722,,-1.32418,7.62687,fluid
496,12.0081,0.180183,,1004.24,-2.10842,33724.8,,-0.242448,0.040437,,-0.0588811,9.28959,fluid
497,12.4216,0.51655,,1003.93,-0.897895,31177.6,,-0.10917,0.0729377,,-0.115129,8.95149,fluid
498,11.3613,0.864669,,1003.55,-4.49048,28129.3,,0.0248401,0.0987678,,0.119995,9.19536,fluid
499,17.7197,0.732895,,1004.64,7.54714,36949.6,,0.545002,0.00707071,,-2.78065,8.68042,fluid
500,13.0211,0.718456,,1003.69,0.425805,29291.2,,-0.108538,-0.336878,,-0.516633,8.93462,fluid
501,19.7748,1.56596,,1004.3,7.93504,34170.3,,0.944017,0.0501952,,-2.17566,10.3201,fluid
502,17.6792,1.38977,,1003.47,9.1057,27512.6,,0.511173,-0.208313,,-2.46833,8.79366,fluid
503,19.0228,1.19172,,1004.16,6.14806,33094.6,,0.84201,-0.261552,,-3.26038,8.25765,fluid
504,18.5457,1.61011,,1003.82,6.83961,30325.6,,0.91653,-0.060385,,-2.64598,8.83536,fluid
505,4.81394,1.38927,,1002.95,-17.7481,23322.2,,0.150918,0.171273,,-0.962521,10.3631,fluid
506,18.6587,4.30558,,1001.75,1.84961,13835.5,,2.34292,0.308333,,-1.06475,8.95616,fluid
507,7.09127,1.47471,,1003.11,-14.5579,24603.8,,0.22799,-0.00230969,,-0.573126,10.0398,fluid
508,6.29072,2.4422,,1001.83,-9.89111,14417.8,,0.0207348,0.0178973,,-0.374788,10.3125,fluid
509,17.4472,2.27003,,1003.01,6.27217,23871.2,,1.27065,-0.263284,,-2.04704,8.99325,fluid
510,5.17797,1.56826,,1002.87,-16.8519,22752.1,,0.0871542,0.138903,,-0.299758,10.5732,fluid
511,9.55943,2.05601,,1002.33,-7.80982,18388.6,,0.224972,0.118836,,-0.069075,9.18029,fluid
512,12.8638,1.10385,,1003.3,-0.502195,26128.8,,0.123776,-0.0111023,,-0.337477,8.28133,fluid
513,12.2642,0.866873,,1003.44,-1.51373,27257.7,,-0.0126324,-0.0168005,,-0.105691,9.12989,fluid
514,11.8152,0.840355,,1003.49,-2.42495,27655.2,,-0.154545,-0.0796216,,-0.00513786,9.02226,fluid
515,16.4901,0.732015,,1004.09,7.85834,32478,,0.271573,-0.215923,,-2.05387,8.69721,fluid
516,14.1228,0.197881,,1004.35,4.08255,34602.4,,-0.0310162,0.141674,,-0.588613,8.61024,fluid
517,16.7339,1.17303,,1003.73,7.04431,29566.9,,0.434144,-0.0682494,,-2.14792,8.56116,fluid
518,19.4302,1.16103,,1004.45,4.32898,35362.9,,0.885286,0.0318659,,-2.99837,8.87925,fluid
519,18.2164,0.678481,,1004.84,7.71951,38520,,0.585897,-0.011134,,-2.35625,9.28384,fluid
520,19.0633,1.67312,,1004.1,6.19129,32570.1,,0.931538,-0.0547301,,-2.56239,9.04777,fluid
521,19.0464,2.09904,,1003.58,9.68671,28365,,1.16477,-0.44181,,-2.00739,9.58779,fluid
522,18.4173,2.36656,,1003.14,7.20435,24873.8,,1.46651,-0.462845,,-2.56876,8.49327,fluid
523,19.7781,4.2389,,1002.67,3.74593,21131.7,,2.00492,0.21947,,-2.42626,10.0777,fluid
524,8.2498,0.679327,,1003.94,-13.8291,31284.7,,0.44447,-0.00430577,,0.0601498,9.43341,fluid
525,10.8722,2.79865,,1001.78,-3.39487,14011.2,,0.710353,0.140037,,-0.227205,8.44465,fluid
526,16.3158,4.23832,,1000.86,3.56792,6736.12,,1.77351,-0.444339,,-1.36451,6.7007,fluid
527,15.8009,3.81135,,1001.15,4.10307,9058.3,,1.73344,-0.545717,,-0.950714,7.06924,fluid
528,12.7077,0.170575,,1004.33,0.191648,34462.5,,-0.211653,-0.00688,,-0.118723,9.30457,fluid
529,13.2223,0.265329,,1004.23,2.07564,33594.5,,-0.0907007,-0.0785449,,-0.106627,8.62078,fluid
530,13.6839,0.31851,,1004.19,2.7162,33304.4,,-0.0154349,0.00326474,,-0.615989,8.45754,fluid
531,18.2747,0.245058,,1005.1,8.25882,40607.6,,0.44615,-0.0520686,,-2.80308,8.4034,fluid
532,15.9764,0.726434,,1004.05,7.37427,32183.1,,0.236936,-0.208126,,-1.63006,8.63626,fluid
533,16.9055,0.506402,,1004.41,8.13261,35108.9,,0.292835,-0.040176,,-2.12069,8.82174,fluid
534,18.7629,0.654714,,1005.01,9.70694,39897.7,,0.57797,-0.116296,,-2.7301,9.74082,fluid
535,17.2664,0.842414,,1004.22,7.35518,33508.9,,0.571593,-0.0797894,,-1.99258,8.57557,fluid
536,19.5096,1.90327,,1003.6,10.1651,28523.1,,0.999182,-0.0676802,,-1.84626,9.83719,fluid
537,19.7908,2.49652,,1003.25,2.94386,25736.2,,1.32905,0.0871989,,-2.89843,8.03108,fluid
538,18.0058,1.16068,,1003.95,8.5785,31402,,0.619166,-0.297157,,-2.11219,9.42287,fluid
539,20.5091,2.95253,,1002.9,8.05368,22955.6,,1.45509,0.419859,,-1.28409,10.7739,fluid
540,19.2137,4.04333,,1001.38,4.09114,10865.8,,2.36221,0.356566,,-1.57424,9.07511,fluid
541,10.1503,2.34615,,1002.2,-5.55461,17419.1,,0.577982,0.193846,,-0.0847864,8.39472,fluid
542,15.4323,3.13263,,1001.83,5.13513,14457.6,,1.39291,-0.454972,,-1.49429,7.56975,fluid
543,16.6688,3.8748,,1001.62,4.59012,12769.5,,1.89655,-0.602612,,-1.69749,7.62877,fluid
544,14.8661,0.850225,,1003.71,5.07232,29460.2,,0.237086,-0.234739,,-1.07469,8.65433,fluid
545,14.4031,0.83507,,1003.56,3.6661,28206.6,,0.112104,0.0620302,,-0.953117,8.82726,fluid
546,16.5155,0.158783,,1004.86,7.99274,38716.8,,0.36165,-0.0166005,,-1.77445,9.56677,fluid
547,21.1893,0.656711,,1005.48,6.06378,43724,,0.60755,-0.0672221,,-2.65478,9.32896,fluid
548,15.6336,1.09145,,1003.43,6.02003,27160.7,,0.232729,-0.0883678,,-1.32973,8.34771,fluid
549,21.0075,1.49488,,1004.72,6.23814,37532.5,,0.928162,0.140859,,-1.7698,11.1707,fluid
550,20.4428,1.03402,,1005.04,3.98696,40135.8,,0.767964,0.0834083,,-2.87777,8.4625,fluid
551,21.0742,2.09824,,1003.55,2.85685,28181.1,,0.750577,0.0634925,,-2.47569,8.03396,fluid
552,20.0973,2.80769,,1002.94,2.76102,23248.6,,1.40461,0.526365,,-1.81905,9.86295,fluid
553,20.3923,1.92327,,1003.75,7.65968,29795,,0.994384,0.0178292,,-2.16628,8.99774,fluid
554,19.443,2.68315,,1002.99,4.8942,23667.6,,1.49252,0.235927,,-2.63334,7.94055,fluid
555,21.7802,4.00214,,1003.75,1.50066,29771.9,,1.3797,1.0344,,-2.17583,12.3335,fluid
556,5.28947,2.08455,,1002.4,-13.4179,18968.4,,0.279377,0.138865,,-0.578834,10.5654,fluid
557,10.6496,1.01827,,1003.49,-6.96061,27654,,-0.0205671,0.11372,,-0.472746,8.7303,fluid
558,7.3359,1.87362,,1002.62,-13.1505,20754.9,,0.14121,-0.0506379,,-0.36023,9.76427,fluid
559,9.29724,1.63637,,1002.93,-10.0964,23235.2,,0.239088,0.117656,,-0.488416,9.30239,fluid
560,14.9914,0.180812,,1004.39,6.20369,34892.1,,-0.024594,-0.0452147,,-1.11089,8.79969,fluid
561,15.5164,0.283672,,1004.43,6.72213,35204.4,,0.146947,0.071029,,-1.44164,8.43306,fluid
562,18.8424,0.189372,,1005.38,7.509,42901.9,,0.534946,0.0153504,,-3.16534,9.15688,fluid
563,22.3192,0.88556,,1005.74,0.94628,45802.6,,0.587172,0.0686967,,-1.88469,9.15657,fluid
564,15.3206,0.679139,,1004.15,5.89373,33006,,0.168281,-0.224544,,-1.52962,9.03948,fluid
565,22.4386,2.69137,,1003.99,1.80275,31685.7,,0.615547,0.608398,,-1.6219,12.9219,fluid
566,21.9593,1.075,,1005.7,0.667626,45510.6,,0.61996,0.338013,,-2.1474,9.76142,fluid
567,17.2328,0.223744,,1004.9,9.30069,38986.1,,0.351084,-0.0809008,,-2.05576,8.85075,fluid
568,20.0594,2.14589,,1003.41,5.13849,27011.9,,0.990128,0.0400614,,-2.90419,7.94686,fluid
569,19.6916,0.852021,,1004.81,6.99715,38260.7,,0.762933,-0.187985,,-3.1236,8.57111,fluid
570,20.4154,3.66778,,1001.92,2.56545,15188.1,,1.90941,0.535188,,-2.15139,7.39806,fluid
571,21.0621,3.23439,,1002.47,4.52471,19512.9,,1.10421,0.321819,,-2.10922,9.07509,fluid
572,20.1394,4.94227,,1000.5,1.69487,3903.13,,2.80373,0.698425,,-1.2293,9.60662,fluid
573,7.97624,2.77836,,1001.65,-6.98164,13012.2,,0.139945,0.00392685,,-0.755224,9.47254,fluid
574,17.9804,3.70381,,1001.38,8.37425,10878.4,,2.12219,-0.466109,,-2.01878,8.04692,fluid
575,7.45935,3.10964,,1000.82,-5.41562,6454.84,,0.143187,-0.00383801,,-1.18398,9.78397,fluid
576,14.571,0.358524,,1004.24,4.80299,33740.6,,-0.0913806,-0.0322603,,-0.851448,8.74331,fluid
577,15.9819,0.230831,,1004.55,7.51521,36178.5,,0.214961,0.0607119,,-1.49959,9.08268,fluid
578,22.8462,2.67485,,1003.93,3.28713,31181.9,,0.470898,0.710439,,-0.779141,12.253,fluid
579,20.1442,0.165482,,1006.13,5.31412,48967.2,,0.621498,0.0802187,,-2.85008,10.7577,fluid
580,23.8766,1.58061,,1005.27,-0.169966,42003.1,,0.294456,0.365086,,-1.04843,11.2171,fluid
581,23.9073,2.36752,,1004.05,-1.14817,32181.7,,0.294437,0.573564,,-0.463797,9.87005,fluid
582,22.5936,1.5212,,1004.96,4.36725,39518.7,,0.548478,0.188116,,-1.7623,11.8471,fluid
583,21.8951,2.27885,,1003.98,0.340287,31600.9,,0.689867,0.382573,,-1.70503,8.45316,fluid
584,20.5771,1.54873,,1004.58,7.43246,36481.3,,0.688186,0.0437144,,-2.43005,10.6224,fluid
585,21.7152,0.643991,,1005.6,4.28758,44717.5,,0.70708,0.030906,,-2.34077,9.66559,fluid
586,21.1509,3.7788,,1002.05,1.50335,16193.9,,1.98058,1.24337,,-0.546316,9.09145,fluid
587,21.6117,3.39354,,1002.16,1.70431,17062.2,,0.924741,0.49396,,-0.830196,8.06462,fluid
588,20.398,4.54293,,1002.79,4.73367,22045.8,,2.34511,0.350064,,-1.39509,10.4068,fluid
589,7.03429,2.4087,,1002.04,-10.4687,16097.1,,-0.0362865,0.0668051,,-0.872583,10.1595,fluid
590,7.78107,1.56736,,1002.91,-13.1535,23062,,0.340984,0.0254075,,-0.262677,9.66058,fluid
591,8.71309,3.37008,,1000.83,-3.96939,6513.12,,0.579505,-0.163108,,-1.13415,9.60803,fluid
592,20.9348,1.03427,,1005.22,2.73453,41603,,0.727678,0.182357,,-2.49518,8.81473,fluid
593,19.2264,0.508238,,1005.35,9.72695,42668.1,,0.653796,0.0789293,,-2.65409,9.99221,fluid
594,22.2251,1.54812,,1004.78,4.96584,38081.4,,0.627887,0.0949435,,-1.72299,11.6383,fluid
595,17.7351,0.212868,,1004.96,9.12112,39493.3,,0.313725,-0.0296784,,-2.48217,9.02348,fluid
596,24.5364,2.44802,,1004.02,0.0628006,31969.9,,0.0917017,0.549957,,-0.640027,10.3276,fluid
597,24.2464,1.95051,,1004.66,0.0800678,37079.3,,0.167137,0.388671,,-1.06275,11.3113,fluid
598,24.161,2.73818,,1003.62,0.738681,28703.7,,-0.0346132,0.653274,,-0.230579,11.9368,fluid
599,23.545,2.08076,,1004.24,-1.5141,33674.4,,0.360423,0.183367,,-0.826382,10.0137,fluid
600,22.2835,2.27381,,1004.12,0.0743583,32747.5,,0.547398,0.459063,,-1.52816,8.32743,fluid
601,20.526,2.45129,,1003.53,1.21065,28007.2,,0.96047,0.269696,,-2.08297,8.76581,fluid
602,21.4536,1.75268,,1004.1,7.48544,32612.5,,0.737717,0.0635123,,-2.43725,10.1533,fluid
603,20.903,3.78827,,1002.29,0.0447464,18087.9,,1.97677,1.08436,,-1.32079,9.04285,fluid
604,7.79721,2.11903,,1002.55,-11.1694,20144.3,,0.176032,0.0831783,,-0.605832,9.70613,fluid
605,17.3143,4.69659,,1000.74,2.05502,5808.85,,2.2453,-0.937517,,-1.79367,7.997,fluid
606,11.1431,3.3576,,1001.34,-1.81023,10547.5,,0.700726,-0.16779,,-1.30205,7.82373,fluid
607,18.4218,3.94467,,1001.6,5.42742,12634,,2.26609,-0.165351,,-2.14098,8.10732,fluid
608,23.2564,2.57174,,1003.93,1.81146,31189.7,,0.350645,0.758683,,-1.06948,10.8912,fluid
609,23.0899,1.97506,,1004.23,0.147802,33602.9,,0.413538,0.246473,,-1.45668,9.46356,fluid
610,22.714,2.1665,,1003.96,-1.02709,31466,,0.484649,0.364678,,-1.35905,8.52474,fluid
611,19.534,0.20662,,1005.7,6.58525,45483,,0.544213,0.152377,,-3.12016,10.0712,fluid
612,24.3852,1.54364,,1005.18,-0.929439,41326.8,,0.0893644,0.256738,,-0.549982,10.5404,fluid
613,24.8253,0.236043,,1006.93,-1.67296,55533.2,,0.0310271,0.138179,,-1.09436,10.2093,fluid
614,23.2897,0.2687,,1006.89,0.41235,55218.2,,0.262843,-0.0439788,,-1.68852,10.8924,fluid
615,24.7701,0.818527,,1006.23,-1.35134,49801,,0.0392272,0.145731,,-0.311613,10.5498,fluid
616,21.7716,2.76542,,1003.64,1.58638,28847.5,,1.0004,0.589756,,-1.02957,12.2575,fluid
617,20.0828,1.2655,,1004.75,5.04318,37827.3,,0.93666,0.217412,,-2.79145,9.7177,fluid
618,22.7749,3.27712,,1002.37,-2.23417,18726.3,,0.642386,0.414447,,-1.08508,8.43621,fluid
619,20.0242,0.583401,,1005.39,9.55799,42982,,0.683807,-0.181652,,-2.85935,9.87461,fluid
620,8.74639,2.45976,,1002.28,-8.92424,17983.7,,0.277303,0.0258728,,-0.759298,9.3891,fluid
621,14.54,4.30785,,1000.75,0.648181,5884.66,,1.88686,-0.570846,,-1.05257,6.50097,fluid
622,17.8571,4.9945,,1000.54,3.63654,4250.19,,2.31296,-0.745719,,-1.48843,7.96919,fluid
623,10.4325,2.91529,,1001.87,-4.53122,14719.6,,0.154776,-0.0134395,,-0.398134,8.54592,fluid
624,22.9232,1.3568,,1005.48,1.47972,43686.7,,0.527671,0.462447,,-1.2892,11.3971,fluid
625,23.4292,1.53511,,1005.34,1.40593,42593.3,,0.402287,0.314881,,-1.6788,11.2959,fluid
626,22.7574,0.828806,,1005.91,1.78132,47194.4,,0.512675,0.172169,,-2.02551,9.23872,fluid
627,22.0092,0.244321,,1006.65,4.99932,53252.1,,0.400689,-0.141814,,-2.5661,11.2201,fluid
628,23.6123,0.998353,,1006.04,0.378694,48289.5,,0.306307,0.200977,,-1.34563,10.0625,fluid
629,24.8494,1.40452,,1005.36,-1.7279,42777.3,,0.0446192,0.409175,,-1.09091,10.8286,fluid
630,24.3876,0.365725,,1006.79,-1.51972,54409.1,,0.136088,0.138812,,-1.25446,10.9835,fluid
631,23.6474,2.73087,,1003.78,1.68524,29994.3,,0.140415,0.581876,,-0.607315,12.12,fluid
632,21.8269,1.63424,,1004.51,6.22726,35864.9,,0.650559,0.0643093,,-1.90056,11.07,fluid
633,21.4623,1.15368,,1005.5,2.49982,43870.2,,0.705975,0.185834,,-2.35321,10.1119,fluid
634,23.1937,3.74414,,1002.18,-0.551195,17215.1,,0.684674,1.415,,0.328936,10.1728,fluid
635,21.2852,2.92905,,1003.65,7.15576,28988.2,,1.00645,0.197401,,-1.36412,10.6986,fluid
636,20.7395,5.02855,,1000.55,1.39265,4322.21,,2.55957,1.1567,,-1.18404,9.1613,fluid
637,6.11584,1.03271,,1003.48,-17.2737,27595.9,,0.190742,-0.0232916,,-0.49321,9.89291,fluid
638,12.2034,3.35357,,1001.3,-1.21463,10247.1,,1.13394,-0.0513385,,-0.675703,7.5384,fluid
639,15.0047,3.29257,,1001.55,2.80552,12259.3,,1.55366,-0.559317,,-0.987422,7.59559,fluid
640,24.0055,0.992564,,1006.06,0.290602,48445.6,,0.238961,-0.00107428,,-0.912627,10.0686,fluid
641,22.8709,0.261589,,1006.83,1.67326,54686.5,,0.281959,0.0222045,,-1.92885,11.2965,fluid
642,23.6564,0.432549,,1006.58,0.402602,52671.1,,0.19154,0.173507,,-1.18258,11.1657,fluid
643,20.5854,0.520712,,1005.59,8.62652,44650.3,,0.674658,-0.0189948,,-2.98784,10.1933,fluid
644,24.8301,2.71819,,1003.83,-0.622686,30424.4,,-0.0386487,0.473866,,-0.568451,11.5947,fluid
645,16.4314,3.2621,,1001.42,5.62991,11219.7,,1.64952,-0.313564,,-1.0417,7.24079,fluid
646,24.7737,1.99459,,1004.7,-0.761634,37421.1,,-0.00143458,0.374555,,-0.334248,10.9263,fluid
647,24.3783,0.967908,,1006.08,-0.389731,48556.2,,0.116076,0.110237,,-0.639113,10.5341,fluid
648,24.0539,3.32066,,1003.07,0.864264,24317.1,,0.178002,0.506388,,-0.739554,10.3022,fluid
649,20.0021,3.88248,,1002.28,4.75919,18020.2,,2.38215,0.491276,,-2.49227,8.71757,fluid
650,22.1479,3.08017,,1002.44,9.49169,19263.4,,0.802524,0.210448,,-1.10719,10.6046,fluid
651,21.2569,4.49923,,1002,3.27313,15751.2,,2.02802,0.454773,,-1.66412,9.5208,fluid
652,12.0358,3.76151,,1000.41,0.236051,3258.75,,1.25756,-0.25506,,-0.609775,7.13576,fluid
653,14.0536,3.68086,,1000.73,3.06527,5732.64,,1.86809,-0.5008,,-0.680452,6.9213,fluid
654,15.9032,4.70295,,1000.55,2.66155,4338.13,,1.83888,-0.743686,,-1.10702,7.26826,fluid
655,3.11666,2.88158,,1000.57,-6.31731,4476.24,,-0.0206435,-0.0359063,,-0.568193,11.1669,fluid
656,24.0104,0.196783,,1007.05,-0.828632,56515.3,,0.104227,-0.197545,,-1.26169,10.7756,fluid
657,22.3994,3.67542,,1003.13,0.514655,24817.6,,1.2098,1.16211,,-0.54397,8.51463,fluid
658,23.1955,0.951568,,1005.99,0.752528,47885.7,,0.355238,0.0824545,,-1.77136,9.30097,fluid
659,22.436,0.291481,,1006.63,3.46146,53052.3,,0.387984,0.013492,,-2.40695,11.3094,fluid
660,22.8086,3.81628,,1002.22,-1.05768,17563,,0.806569,1.56117,,0.768388,10.6941,fluid
661,22.5384,4.21613,,1002.72,-1.67024,21497.3,,1.08756,1.3823,,0.692644,14.2517,fluid
662,23.291,4.1407,,1002.85,3.44857,22520.2,,0.449821,0.745637,,0.100072,14.0648,fluid
663,21.465,2.37804,,1003.93,0.570139,31222.8,,0.687407,0.431436,,-2.0583,9.11342,fluid
664,23.6348,3.55272,,1002.81,-1.11333,22226.3,,0.239931,0.829815,,-0.0150835,10.4157,fluid
665,24.6905,3.56928,,1002.71,-1.7498,21463,,-0.120934,0.692364,,-0.326538,11.6292,fluid
666,-4.87744,-193.411,,968.775,0,-223258,,-3.70661,-61.161,,0,0,fluid
667,16.9137,2.78457,,1002.34,7.85064,18532.2,,1.67667,-0.401186,,-1.71421,8.0565,fluid
668,21.0115,5.02518,,1000.75,1.37664,5901.19,,2.60353,1.34348,,-1.4444,9.59123,fluid
669,9.58483,1.36684,,1003.32,-9.32188,26335.8,,0.337236,0.105373,,-0.165352,8.85064,fluid
670,5.09668,0.356117,,1004.13,-19.0705,32834.4,,0.282011,-0.117004,,-0.160856,9.98506,fluid
671,11.8018,2.82871,,1001.68,-1.75767,13260.7,,0.869981,0.02848,,-0.126658,7.35579,fluid
672,21.7978,4.48376,,1001.13,6.82477,8915.16,,2.15487,0.85979,,-0.86461,10.541,fluid
673,23.3017,3.1682,,1002.97,2.76107,23490.7,,0.306964,0.392345,,-0.745546,10.2557,fluid
674,9.12857,3.3552,,1000.5,-3.33773,3899.95,,0.642699,0.0540292,,-1.03004,8.91687,fluid
675,22.0331,3.80062,,1003.31,3.16253,26236.6,,1.52248,1.0559,,-1.39766,9.51745,fluid
676,21.4452,0.189341,,1006.57,4.74542,52585.2,,0.486046,0.0900996,,-2.62937,11.4666,fluid
677,24.274,3.6513,,1002.25,-1.82793,17800.7,,0.034077,1.03571,,-0.36211,11.8954,fluid
678,21.7474,5.06119,,1001.76,1.97342,13850.3,,2.37054,2.05209,,-1.81215,11.3361,fluid
679,24.6007,4.22583,,1003.01,3.55179,23826.7,,-0.303732,0.477215,,-0.37726,11.4564,fluid
680,24.5787,3.19476,,1002.98,-0.103662,23573.9,,0.243019,0.505959,,-0.381386,10.7374,fluid
681,22.7189,4.84588,,1001.5,-0.186026,11801.4,,0.721996,1.46226,,0.18486,7.64635,fluid
682,23.78,3.87671,,1001.82,-3.43554,14362.4,,0.603109,1.10095,,0.338221,11.799,fluid
683,15.7798,3.05056,,1001.86,5.35879,14660.5,,1.22081,-0.457958,,-1.51217,7.62435,fluid
684,8.34579,1.3286,,1003.28,-12.2031,25994.8,,0.268381,-0.0688981,,-0.0862079,9.59147,fluid
685,17.4539,4.98894,,1000.47,4.23339,3705.61,,2.19041,-0.930828,,-1.62858,7.88439,fluid
686,17.783,2.9595,,1002.39,5.62346,18887.2,,1.80952,-0.240183,,-1.5691,7.70179,fluid
687,10.326,0.234619,,1004.56,-7.86861,36255.3,,-0.0439982,-0.166343,,0.188086,9.16774,fluid
688,20.9073,2.49236,,1003.7,2.6338,29361.7,,1.14602,0.71253,,-1.79329,9.66186,fluid
689,19.29,4.86502,,1001.33,1.58698,10452.1,,2.63392,-0.0430768,,-1.40996,9.13671,fluid
690,13.7244,3.87704,,1000.91,2.38148,7158.75,,1.27446,-0.388545,,-0.830359,7.17741,fluid
691,20.8564,0.192734,,1006.39,5.35168,51144.4,,0.608614,0.0467631,,-2.8158,11.1883,fluid
692,5.43125,0.493039,,1003.95,-18.7694,31356.2,,0.381723,0.0877675,,-0.245979,10.0949,fluid
693,23.7927,4.75348,,1001.96,2.81738,15443.5,,0.209514,1.37868,,0.570529,11.0381,fluid
694,23.937,4.96026,,1000.85,-3.49011,6702.09,,0.408624,1.7031,,2.20637,12.8839,fluid
695,24.2355,4.63854,,1001.72,1.46511,13566.8,,0.224272,1.26553,,0.783408,12.9333,fluid
696,24.4252,4.55393,,1001.86,1.37211,14697.1,,0.024615,1.16009,,0.904113,13.1287,fluid
697,9.77739,3.06087,,1001.72,-5.53479,13604.6,,0.561516,0.16259,,-0.652175,8.75013,fluid
698,22.1969,5.16024,,1001.51,-2.14322,11904.9,,1.54355,2.52708,,-0.361564,10.0741,fluid
699,6.57912,2.91184,,1000.82,-5.31914,6451.92,,0.300692,-0.037436,,-1.04427,9.98438,fluid
700,16.8369,4.81609,,1000.51,4.20628,4010.32,,1.95331,-0.948954,,-1.08597,7.80668,fluid
701,10.8116,2.42868,,1001.88,-4.49813,14806.9,,0.65035,0.347738,,-0.507131,7.84732,fluid
702,12.5229,3.12576,,1001.58,-0.485425,12470.8,,1.24763,-0.0597851,,-0.468534,7.52995,fluid
703,20.4782,5.40258,,1000.78,2.08268,6125.91,,3.16141,1.02658,,-1.64189,10.9307,fluid
704,17.498,3.53488,,1001.83,5.14633,14423.2,,2.00469,-0.49827,,-1.30925,8.60395,fluid
705,8.66753,0.212597,,1004.46,-12.4261,35485.9,,0.287678,-0.185376,,0.297284,9.93659,fluid
706,41.9788,-1093.68,,997.965,-0.0366234,-15870.5,,-1.75831,-144.772,,-11.738,-14.5658,fluid
707,41.4637,-1094.32,,997.951,0.0539989,-15983.6,,1.57291,-147.479,,2.52989,2.84708,fluid
708,-108.28,-838.555,,997.996,-15.0495,-15635.7,,-10.7208,-126.982,,-2.80902,-4.06851,fluid
709,-108.875,-839.413,,997.995,-7.59157,-15643.3,,-8.47062,-128.675,,1.51405,1.98538,fluid
710,23.2569,5.00561,,1001.81,4.31641,14278.5,,1.07229,1.8681,,0.252578,11.3942,fluid
711,21.314,5.09834,,1001.04,1.12543,8184.72,,2.6383,1.65567,,-1.73114,11.0683,fluid
712,22.9404,5.20796,,1001.15,-0.344885,9027.47,,0.966219,2.31731,,1.10631,11.5156,fluid
713,23.5899,5.15177,,1000.62,-3.30131,4843.62,,0.84557,1.91619,,1.66885,11.8981,fluid
714,22.4877,5.40873,,1000.5,-2.14293,3944.06,,1.5579,2.57452,,0.437045,9.70888,fluid
715,6.78205,1.09132,,1003.4,-16.0661,26956.5,,0.262348,0.176807,,-0.27885,9.88955,fluid
716,11.5754,3.16478,,1001.83,-2.65542,14449.4,,0.959678,0.0255698,,-0.727146,7.45386,fluid
717,13.3373,3.44105,,1001.19,0.921201,9405.08,,1.60769,-0.104787,,-0.72793,6.83382,fluid
718,10.5289,4.00317,,1000.53,-0.536569,4153.31,,1.05139,-0.254936,,-1.16669,8.08761,fluid
719,13.5768,4.55772,,1000.53,0.542567,4163.31,,1.46126,-0.269556,,-1.02837,6.78704,fluid
720,-152.016,-1146.2,,979.83,-0.0100124,-149031,,-10.2224,-150.525,,15.6755,32.1923,fluid
721,16.1298,3.53763,,1001.63,4.19889,12832.7,,1.82013,-0.738371,,-1.38464,7.76857,fluid
722,41.4672,-1094.31,,997.94,-0.338767,-16068,,1.49889,-147.444,,2.1768,2.06565,fluid
723,-109.906,-649.535,,970.471,0,-212194,,-10.2059,-112.657,,0,0,fluid
724,41.4674,-1094.32,,998.011,0.120063,-15518.3,,1.62013,-147.436,,2.06302,3.32965,fluid
725,41.4639,-1094.32,,997.97,0.153965,-15837.4,,1.60151,-147.474,,2.47338,3.1427,fluid
726,41.4637,-1094.32,,997.969,0.180464,-15842.9,,1.60455,-147.477,,2.49494,3.18072,fluid
727,-151.962,-1146.01,,979.95,0.0142743,-148197,,-14.4816,-149.317,,-11.3533,-60.5,fluid
728,-151.981,-1146.19,,980.042,-0.0943076,-147555,,-10.3963,-149.679,,-4.32221,28.3077,fluid
729,-108.871,-839.416,,998.072,-7.64287,-15040.5,,-8.45016,-128.642,,1.29497,2.08313,fluid
730,22.1375,5.51126,,1000.42,-1.65173,3295.75,,1.69155,2.54434,,-0.869664,9.73733,fluid
731,18.1913,5.0294,,1000.61,3.53563,4768.61,,2.50321,-0.565889,,-1.28152,8.29549,fluid
732,16.1956,4.78943,,1000.48,2.79845,3761.19,,1.91165,-0.77265,,-0.922859,7.47602,fluid
733,3.24096,2.01534,,1002.09,-13.0054,16489.7,,-0.00300741,-0.063998,,-0.650778,11.1221,fluid
734,6.67439,3.66804,,1000.82,-4.13326,6470.65,,0.0469719,-0.128167,,-1.29226,10.0972,fluid
735,14.7931,4.76132,,1000.42,3.3879,3332.19,,1.42087,-0.784219,,-0.763976,6.547,fluid
