h/dp :,2
L2norm Pressure,KE,dp,Nparticles
28535.4,1.01274e+06,0.5,480

t,2.41
ID,x,y,,rho,drhodt,pressure,,u,v,,dudt,dvdt,type
0,-1.25,-0.25,,1009.28,0,74852.7,,0,0,,0,0,boundary
1,-0.75,-0.25,,1008.42,0,67807.5,,0,0,,0,0,boundary
2,-0.25,-0.25,,1006.68,0,53484.4,,0,0,,0,0,boundary
3,0.25,-0.25,,1007.24,0,58028.2,,0,0,,0,0,boundary
4,0.75,-0.25,,1007.84,0,63027.6,,0,0,,0,0,boundary
5,1.25,-0.25,,1007.4,0,59368.2,,0,0,,0,0,boundary
6,1.75,-0.25,,1006.85,0,54906.7,,0,0,,0,0,boundary
7,2.25,-0.25,,1007.16,0,57410.2,,0,0,,0,0,boundary
8,2.75,-0.25,,1006.31,0,50505,,0,0,,0,0,boundary
9,3.25,-0.25,,1005.4,0,43055.3,,0,0,,0,0,boundary
10,3.75,-0.25,,1005.63,0,44961.7,,0,0,,0,0,boundary
11,4.25,-0.25,,1004.72,0,37569.9,,0,0,,0,0,boundary
12,4.75,-0.25,,1003.93,0,31187.9,,0,0,,0,0,boundary
13,5.25,-0.25,,1004.09,0,32487.8,,0,0,,0,0,boundary
14,5.75,-0.25,,1003.48,0,27615.3,,0,0,,0,0,boundary
15,6.25,-0.25,,1003.05,0,24128.2,,0,0,,0,0,boundary
16,6.75,-0.25,,1003.21,0,25464.2,,0,0,,0,0,boundary
17,7.25,-0.25,,1002.98,0,23577.3,,0,0,,0,0,boundary
18,7.75,-0.25,,1002.82,0,22314.5,,0,0,,0,0,boundary
19,8.25,-0.25,,1003.08,0,24423.5,,0,0,,0,0,boundary
20,8.75,-0.25,,1003.17,0,25076,,0,0,,0,0,boundary
21,9.25,-0.25,,1003.17,0,25132.9,,0,0,,0,0,boundary
22,9.75,-0.25,,1003.39,0,26908.9,,0,0,,0,0,boundary
23,10.25,-0.25,,1003.59,0,28472.2,,0,0,,0,0,boundary
24,10.75,-0.25,,1003.65,0,28947.2,,0,0,,0,0,boundary
25,11.25,-0.25,,1003.72,0,29512,,0,0,,0,0,boundary
26,11.75,-0.25,,1003.81,0,30253.6,,0,0,,0,0,boundary
27,12.25,-0.25,,1003.83,0,30436.4,,0,0,,0,0,boundary
28,12.75,-0.25,,1003.81,0,30246.4,,0,0,,0,0,boundary
29,13.25,-0.25,,1003.79,0,30090.5,,0,0,,0,0,boundary
30,13.75,-0.25,,1003.7,0,29376.7,,0,0,,0,0,boundary
31,14.25,-0.25,,1003.72,0,29537.2,,0,0,,0,0,boundary
32,14.75,-0.25,,1003.75,0,29734.6,,0,0,,0,0,boundary
33,15.25,-0.25,,1003.73,0,29587,,0,0,,0,0,boundary
34,15.75,-0.25,,1003.85,0,30568.1,,0,0,,0,0,boundary
35,16.25,-0.25,,1004.08,0,32389.7,,0,0,,0,0,boundary
36,16.75,-0.25,,1004.19,0,33310.2,,0,0,,0,0,boundary
37,17.25,-0.25,,1004.36,0,34678.3,,0,0,,0,0,boundary
38,17.75,-0.25,,1004.63,0,36850.7,,0,0,,0,0,boundary
39,18.25,-0.25,,1004.82,0,38386,,0,0,,0,0,boundary
40,18.75,-0.25,,1005,0,39827.2,,0,0,,0,0,boundary
41,19.25,-0.25,,1005.3,0,42233.1,,0,0,,0,0,boundary
42,19.75,-0.25,,1005.54,0,44220.8,,0,0,,0,0,boundary
43,20.25,-0.25,,1005.71,0,45621.9,,0,0,,0,0,boundary
44,20.75,-0.25,,1006.04,0,48242.8,,0,0,,0,0,boundary
45,21.25,-0.25,,1006.59,0,52719.8,,0,0,,0,0,boundary
46,21.75,-0.25,,1007.38,0,59243.2,,0,0,,0,0,boundary
47,22.25,-0.25,,1008.11,0,65189.8,,0,0,,0,0,boundary
48,22.75,-0.25,,1008.15,0,65573.9,,0,0,,0,0,boundary
49,23.25,-0.25,,1007.71,0,61960.1,,0,0,,0,0,boundary
50,23.75,-0.25,,1007.4,0,59409.7,,0,0,,0,0,boundary
51,24.25,-0.25,,1007.68,0,61649.3,,0,0,,0,0,boundary
52,24.75,-0.25,,1006.57,0,52588.7,,0,0,,0,0,boundary
53,25.25,-0.25,,1006.57,0,52588.7,,0,0,,0,0,boundary
54,25.75,-0.25,,1008.62,0,69455.6,,0,0,,0,0,boundary
55,26.25,-0.25,,1007.38,0,59236.5,,0,0,,0,0,boundary
56,-1.25,-0.75,,1009.28,0,74884.4,,0,0,,0,0,boundary
57,-0.75,-0.75,,1008.94,0,72098,,0,0,,0,0,boundary
58,-0.25,-0.75,,1007.83,0,62947.1,,0,0,,0,0,boundary
59,0.25,-0.75,,1008.35,0,67154.8,,0,0,,0,0,boundary
60,0.75,-0.75,,1008.53,0,68683.3,,0,0,,0,0,boundary
61,1.25,-0.75,,1007.82,0,62828.7,,0,0,,0,0,boundary
62,1.75,-0.75,,1007.82,0,62791.6,,0,0,,0,0,boundary
63,2.25,-0.75,,1007.89,0,63385.3,,0,0,,0,0,boundary
64,2.75,-0.75,,1007.11,0,56963.6,,0,0,,0,0,boundary
65,3.25,-0.75,,1006.36,0,50915.2,,0,0,,0,0,boundary
66,3.75,-0.75,,1006.19,0,49496,,0,0,,0,0,boundary
67,4.25,-0.75,,1005.45,0,43440.3,,0,0,,0,0,boundary
68,4.75,-0.75,,1004.76,0,37868,,0,0,,0,0,boundary
69,5.25,-0.75,,1004.48,0,35627.8,,0,0,,0,0,boundary
70,5.75,-0.75,,1003.94,0,31254.4,,0,0,,0,0,boundary
71,6.25,-0.75,,1003.66,0,29049.1,,0,0,,0,0,boundary
72,6.75,-0.75,,1003.58,0,28396.9,,0,0,,0,0,boundary
73,7.25,-0.75,,1003.32,0,26276.5,,0,0,,0,0,boundary
74,7.75,-0.75,,1003.32,0,26307.4,,0,0,,0,0,boundary
75,8.25,-0.75,,1003.49,0,27712.5,,0,0,,0,0,boundary
76,8.75,-0.75,,1003.5,0,27783.5,,0,0,,0,0,boundary
77,9.25,-0.75,,1003.6,0,28538.4,,0,0,,0,0,boundary
78,9.75,-0.75,,1003.8,0,30150.2,,0,0,,0,0,boundary
79,10.25,-0.75,,1003.9,0,30984.4,,0,0,,0,0,boundary
80,10.75,-0.75,,1003.98,0,31585.9,,0,0,,0,0,boundary
81,11.25,-0.75,,1004.09,0,32469.8,,0,0,,0,0,boundary
82,11.75,-0.75,,1004.15,0,32947.3,,0,0,,0,0,boundary
83,12.25,-0.75,,1004.11,0,32659,,0,0,,0,0,boundary
84,12.75,-0.75,,1004.1,0,32580.1,,0,0,,0,0,boundary
85,13.25,-0.75,,1004.14,0,32924.1,,0,0,,0,0,boundary
86,13.75,-0.75,,1004.14,0,32901.5,,0,0,,0,0,boundary
87,14.25,-0.75,,1004.21,0,33436,,0,0,,0,0,boundary
88,14.75,-0.75,,1004.32,0,34384.1,,0,0,,0,0,boundary
89,15.25,-0.75,,1004.29,0,34102.9,,0,0,,0,0,boundary
90,15.75,-0.75,,1004.42,0,35135,,0,0,,0,0,boundary
91,16.25,-0.75,,1004.62,0,36771,,0,0,,0,0,boundary
92,16.75,-0.75,,1004.66,0,37097.6,,0,0,,0,0,boundary
93,17.25,-0.75,,1004.82,0,38392,,0,0,,0,0,boundary
94,17.75,-0.75,,1005.17,0,41174.6,,0,0,,0,0,boundary
95,18.25,-0.75,,1005.41,0,43147.6,,0,0,,0,0,boundary
96,18.75,-0.75,,1005.64,0,45020.5,,0,0,,0,0,boundary
97,19.25,-0.75,,1006.12,0,48913.9,,0,0,,0,0,boundary
98,19.75,-0.75,,1006.56,0,52537.7,,0,0,,0,0,boundary
99,20.25,-0.75,,1006.8,0,54494.2,,0,0,,0,0,boundary
100,20.75,-0.75,,1007.18,0,57555.6,,0,0,,0,0,boundary
101,21.25,-0.75,,1007.65,0,61450.7,,0,0,,0,0,boundary
102,21.75,-0.75,,1008.08,0,65010.5,,0,0,,0,0,boundary
103,22.25,-0.75,,1008.32,0,66965.6,,0,0,,0,0,boundary
104,22.75,-0.75,,1008.08,0,64931.4,,0,0,,0,0,boundary
105,23.25,-0.75,,1007.53,0,60415.3,,0,0,,0,0,boundary
106,23.75,-0.75,,1007.13,0,57191.6,,0,0,,0,0,boundary
107,24.25,-0.75,,1007.4,0,59371.6,,0,0,,0,0,boundary
108,24.75,-0.75,,1008.37,0,67339.2,,0,0,,0,0,boundary
109,25.25,-0.75,,1009.02,0,72702.8,,0,0,,0,0,boundary
110,25.75,-0.75,,1008.01,0,64398.5,,0,0,,0,0,boundary
111,26.25,-0.75,,1007.38,0,59256.2,,0,0,,0,0,boundary
112,-1.25,-1.25,,1009.52,0,76866.2,,0,0,,0,0,boundary
113,-0.75,-1.25,,1008.92,0,71909.3,,0,0,,0,0,boundary
114,-0.25,-1.25,,1007.86,0,63182.4,,0,0,,0,0,boundary
115,0.25,-1.25,,1008.28,0,66630.1,,0,0,,0,0,boundary
116,0.75,-1.25,,1008.76,0,70573.5,,0,0,,0,0,boundary
117,1.25,-1.25,,1008.32,0,66908.2,,0,0,,0,0,boundary
118,1.75,-1.25,,1008.17,0,65709.5,,0,0,,0,0,boundary
119,2.25,-1.25,,1008.36,0,67310.7,,0,0,,0,0,boundary
120,2.75,-1.25,,1007.71,0,61946.4,,0,0,,0,0,boundary
121,3.25,-1.25,,1006.76,0,54121.9,,0,0,,0,0,boundary
122,3.75,-1.25,,1006.63,0,53073.2,,0,0,,0,0,boundary
123,4.25,-1.25,,1006.16,0,49273.3,,0,0,,0,0,boundary
124,4.75,-1.25,,1005.07,0,40422.6,,0,0,,0,0,boundary
125,5.25,-1.25,,1004.62,0,36803.7,,0,0,,0,0,boundary
126,5.75,-1.25,,1004.52,0,35932.9,,0,0,,0,0,boundary
127,6.25,-1.25,,1003.98,0,31621.3,,0,0,,0,0,boundary
128,6.75,-1.25,,1003.54,0,28089.7,,0,0,,0,0,boundary
129,7.25,-1.25,,1003.62,0,28728.8,,0,0,,0,0,boundary
130,7.75,-1.25,,1003.7,0,29354.8,,0,0,,0,0,boundary
131,8.25,-1.25,,1003.51,0,27847.4,,0,0,,0,0,boundary
132,8.75,-1.25,,1003.56,0,28226.3,,0,0,,0,0,boundary
133,9.25,-1.25,,1003.9,0,30973.2,,0,0,,0,0,boundary
134,9.75,-1.25,,1004,0,31802.3,,0,0,,0,0,boundary
135,10.25,-1.25,,1003.96,0,31426.3,,0,0,,0,0,boundary
136,10.75,-1.25,,1004.14,0,32877.7,,0,0,,0,0,boundary
137,11.25,-1.25,,1004.36,0,34646.9,,0,0,,0,0,boundary
138,11.75,-1.25,,1004.36,0,34684.8,,0,0,,0,0,boundary
139,12.25,-1.25,,1004.31,0,34231.8,,0,0,,0,0,boundary
140,12.75,-1.25,,1004.37,0,34734.2,,0,0,,0,0,boundary
141,13.25,-1.25,,1004.48,0,35638.9,,0,0,,0,0,boundary
142,13.75,-1.25,,1004.46,0,35441.8,,0,0,,0,0,boundary
143,14.25,-1.25,,1004.52,0,35982.9,,0,0,,0,0,boundary
144,14.75,-1.25,,1004.61,0,36662.9,,0,0,,0,0,boundary
145,15.25,-1.25,,1004.59,0,36551.2,,0,0,,0,0,boundary
146,15.75,-1.25,,1004.74,0,37701.6,,0,0,,0,0,boundary
147,16.25,-1.25,,1004.98,0,39662.1,,0,0,,0,0,boundary
148,16.75,-1.25,,1005.07,0,40426.8,,0,0,,0,0,boundary
149,17.25,-1.25,,1005.44,0,43373.1,,0,0,,0,0,boundary
150,17.75,-1.25,,1005.98,0,47791.2,,0,0,,0,0,boundary
151,18.25,-1.25,,1006.42,0,51328.7,,0,0,,0,0,boundary
152,18.75,-1.25,,1006.92,0,55441.7,,0,0,,0,0,boundary
153,19.25,-1.25,,1007.57,0,60737.5,,0,0,,0,0,boundary
154,19.75,-1.25,,1008.16,0,65630.2,,0,0,,0,0,boundary
155,20.25,-1.25,,1008.71,0,70139.4,,0,0,,0,0,boundary
156,20.75,-1.25,,1009.21,0,74323.5,,0,0,,0,0,boundary
157,21.25,-1.25,,1009.42,0,76017.7,,0,0,,0,0,boundary
158,21.75,-1.25,,1009.33,0,75272.2,,0,0,,0,0,boundary
159,22.25,-1.25,,1008.99,0,72456.8,,0,0,,0,0,boundary
160,22.75,-1.25,,1008.58,0,69102.7,,0,0,,0,0,boundary
161,23.25,-1.25,,1008.57,0,69028.4,,0,0,,0,0,boundary
162,23.75,-1.25,,1008.82,0,71085.8,,0,0,,0,0,boundary
163,24.25,-1.25,,1009.47,0,76501.7,,0,0,,0,0,boundary
164,24.75,-1.25,,1010.4,0,84190.5,,0,0,,0,0,boundary
165,25.25,-1.25,,1010.84,0,87899.8,,0,0,,0,0,boundary
166,25.75,-1.25,,1009.57,0,77275.9,,0,0,,0,0,boundary
167,26.25,-1.25,,1008.95,0,72175.6,,0,0,,0,0,boundary
168,-0.25,0.25,,1006.09,0,48640,,0,0,,0,0,boundary
169,-0.25,0.75,,1005.52,0,44050.2,,0,0,,0,0,boundary
170,-0.25,1.25,,1005.01,0,39885.5,,0,0,,0,0,boundary
171,-0.25,1.75,,1004.65,0,36975.8,,0,0,,0,0,boundary
172,-0.25,2.25,,1004.3,0,34172.2,,0,0,,0,0,boundary
173,-0.25,2.75,,1003.97,0,31545.2,,0,0,,0,0,boundary
174,-0.25,3.25,,1003.62,0,28728.3,,0,0,,0,0,boundary
175,-0.25,3.75,,1003.17,0,25134.2,,0,0,,0,0,boundary
176,-0.25,4.25,,1002.46,0,19484,,0,0,,0,0,boundary
177,-0.25,4.75,,1001.42,0,11171.4,,0,0,,0,0,boundary
178,-0.25,5.25,,1000.32,0,2529.64,,0,0,,0,0,boundary
179,-0.25,5.75,,1000.75,0,5896.26,,0,0,,0,0,boundary
180,-0.25,6.25,,1000.68,0,5314.28,,0,0,,0,0,boundary
181,-0.25,6.75,,1000.69,0,5405.78,,0,0,,0,0,boundary
182,-0.25,7.25,,1000.7,0,5527.41,,0,0,,0,0,boundary
183,-0.25,7.75,,1000,0,0,,0,0,,0,0,boundary
184,-0.25,8.25,,1000,0,0,,0,0,,0,0,boundary
185,-0.25,8.75,,1000,0,0,,0,0,,0,0,boundary
186,-0.25,9.25,,1000,0,0,,0,0,,0,0,boundary
187,-0.25,9.75,,1000,0,0,,0,0,,0,0,boundary
188,-0.75,0.25,,1007.73,0,62107.1,,0,0,,0,0,boundary
189,-0.75,0.75,,1006.86,0,54959.8,,0,0,,0,0,boundary
190,-0.75,1.25,,1005.94,0,47445.9,,0,0,,0,0,boundary
191,-0.75,1.75,,1005.19,0,41352.4,,0,0,,0,0,boundary
192,-0.75,2.25,,1004.66,0,37106.9,,0,0,,0,0,boundary
193,-0.75,2.75,,1004.26,0,33862.8,,0,0,,0,0,boundary
194,-0.75,3.25,,1003.84,0,30518.5,,0,0,,0,0,boundary
195,-0.75,3.75,,1003.35,0,26524.3,,0,0,,0,0,boundary
196,-0.75,4.25,,1002.64,0,20922.6,,0,0,,0,0,boundary
197,-0.75,4.75,,1001.64,0,12939.5,,0,0,,0,0,boundary
198,-0.75,5.25,,1000.57,0,4504.12,,0,0,,0,0,boundary
199,-0.75,5.75,,999.955,0,-355.934,,0,0,,0,0,boundary
200,-0.75,6.25,,1000.7,0,5513.65,,0,0,,0,0,boundary
201,-0.75,6.75,,1000.71,0,5586.42,,0,0,,0,0,boundary
202,-0.75,7.25,,1000.72,0,5673.4,,0,0,,0,0,boundary
203,-0.75,7.75,,1000,0,0,,0,0,,0,0,boundary
204,-0.75,8.25,,1000,0,0,,0,0,,0,0,boundary
205,-0.75,8.75,,1000,0,0,,0,0,,0,0,boundary
206,-0.75,9.25,,1000,0,0,,0,0,,0,0,boundary
207,-0.75,9.75,,1000,0,0,,0,0,,0,0,boundary
208,-1.25,0.25,,1008.65,0,69680.3,,0,0,,0,0,boundary
209,-1.25,0.75,,1007.63,0,61247.7,,0,0,,0,0,boundary
210,-1.25,1.25,,1006.81,0,54567.2,,0,0,,0,0,boundary
211,-1.25,1.75,,1006.21,0,49682.6,,0,0,,0,0,boundary
212,-1.25,2.25,,1005.64,0,45058.8,,0,0,,0,0,boundary
213,-1.25,2.75,,1004.99,0,39746.3,,0,0,,0,0,boundary
214,-1.25,3.25,,1004.29,0,34098.3,,0,0,,0,0,boundary
215,-1.25,3.75,,1003.58,0,28386.5,,0,0,,0,0,boundary
216,-1.25,4.25,,1002.81,0,22251.4,,0,0,,0,0,boundary
217,-1.25,4.75,,1001.83,0,14402.4,,0,0,,0,0,boundary
218,-1.25,5.25,,1000.88,0,6924.04,,0,0,,0,0,boundary
219,-1.25,5.75,,1000.34,0,2701.31,,0,0,,0,0,boundary
220,-1.25,6.25,,1000.72,0,5672.05,,0,0,,0,0,boundary
221,-1.25,6.75,,1000.73,0,5712.77,,0,0,,0,0,boundary
222,-1.25,7.25,,1000.74,0,5814.57,,0,0,,0,0,boundary
223,-1.25,7.75,,1000,0,0,,0,0,,0,0,boundary
224,-1.25,8.25,,1000,0,0,,0,0,,0,0,boundary
225,-1.25,8.75,,1000,0,0,,0,0,,0,0,boundary
226,-1.25,9.25,,1000,0,0,,0,0,,0,0,boundary
227,-1.25,9.75,,1000,0,0,,0,0,,0,0,boundary
228,25.25,0.25,,1006.57,0,52588.7,,0,0,,0,0,boundary
229,25.25,0.75,,1007.61,0,61081.3,,0,0,,0,0,boundary
230,25.25,1.25,,1006.66,0,53312.4,,0,0,,0,0,boundary
231,25.25,1.75,,1005.76,0,45983.8,,0,0,,0,0,boundary
232,25.25,2.25,,1005.21,0,41526.4,,0,0,,0,0,boundary
233,25.25,2.75,,1004.41,0,35067.8,,0,0,,0,0,boundary
234,25.25,3.25,,1003.1,0,24543.8,,0,0,,0,0,boundary
235,25.25,3.75,,1001.51,0,11906.7,,0,0,,0,0,boundary
236,25.25,4.25,,1000.63,0,4989.3,,0,0,,0,0,boundary
237,25.25,4.75,,1000.12,0,978.614,,0,0,,0,0,boundary
238,25.25,5.25,,999.753,0,-1940.06,,0,0,,0,0,boundary
239,25.25,5.75,,999.336,0,-5203.89,,0,0,,0,0,boundary
240,25.25,6.25,,999.348,0,-5104.36,,0,0,,0,0,boundary
241,25.25,6.75,,999.912,0,-692.85,,0,0,,0,0,boundary
242,25.25,7.25,,1000.21,0,1619.1,,0,0,,0,0,boundary
243,25.25,7.75,,999.878,0,-955.381,,0,0,,0,0,boundary
244,25.25,8.25,,999.72,0,-2195.8,,0,0,,0,0,boundary
245,25.25,8.75,,999.522,0,-3746.91,,0,0,,0,0,boundary
246,25.25,9.25,,1000.41,0,3236.26,,0,0,,0,0,boundary
247,25.25,9.75,,1001.04,0,8215.58,,0,0,,0,0,boundary
248,25.75,0.25,,1007.93,0,63735,,0,0,,0,0,boundary
249,25.75,0.75,,1006.95,0,55732,,0,0,,0,0,boundary
250,25.75,1.25,,1005.92,0,47325.7,,0,0,,0,0,boundary
251,25.75,1.75,,1004.86,0,38712.6,,0,0,,0,0,boundary
252,25.75,2.25,,1004.56,0,36252,,0,0,,0,0,boundary
253,25.75,2.75,,1004.39,0,34881.6,,0,0,,0,0,boundary
254,25.75,3.25,,1003.63,0,28765.2,,0,0,,0,0,boundary
255,25.75,3.75,,1002.32,0,18317.1,,0,0,,0,0,boundary
256,25.75,4.25,,1001.32,0,10387.4,,0,0,,0,0,boundary
257,25.75,4.75,,1000.71,0,5573.49,,0,0,,0,0,boundary
258,25.75,5.25,,1000.35,0,2713.87,,0,0,,0,0,boundary
259,25.75,5.75,,999.677,0,-2531.43,,0,0,,0,0,boundary
260,25.75,6.25,,999.115,0,-6929.76,,0,0,,0,0,boundary
261,25.75,6.75,,999.424,0,-4510.98,,0,0,,0,0,boundary
262,25.75,7.25,,999.541,0,-3597.93,,0,0,,0,0,boundary
263,25.75,7.75,,999.393,0,-4752.73,,0,0,,0,0,boundary
264,25.75,8.25,,1000.08,0,653.618,,0,0,,0,0,boundary
265,25.75,8.75,,999.645,0,-2779.59,,0,0,,0,0,boundary
266,25.75,9.25,,1000.09,0,694.472,,0,0,,0,0,boundary
267,25.75,9.75,,1002.06,0,16286.4,,0,0,,0,0,boundary
268,26.25,0.25,,1006.74,0,53998.9,,0,0,,0,0,boundary
269,26.25,0.75,,1006.47,0,51756.6,,0,0,,0,0,boundary
270,26.25,1.25,,1005.96,0,47595.9,,0,0,,0,0,boundary
271,26.25,1.75,,1004.74,0,37725.7,,0,0,,0,0,boundary
272,26.25,2.25,,1004,0,31811.1,,0,0,,0,0,boundary
273,26.25,2.75,,1004.46,0,35501.2,,0,0,,0,0,boundary
274,26.25,3.25,,1004.26,0,33901.1,,0,0,,0,0,boundary
275,26.25,3.75,,1003.23,0,25588.2,,0,0,,0,0,boundary
276,26.25,4.25,,1002.16,0,17047.7,,0,0,,0,0,boundary
277,26.25,4.75,,1001.96,0,15449.7,,0,0,,0,0,boundary
278,26.25,5.25,,1002.08,0,16398.7,,0,0,,0,0,boundary
279,26.25,5.75,,1001.11,0,8736.82,,0,0,,0,0,boundary
280,26.25,6.25,,1000.55,0,4284.95,,0,0,,0,0,boundary
281,26.25,6.75,,1000.1,0,751.143,,0,0,,0,0,boundary
282,26.25,7.25,,999.635,0,-2859.55,,0,0,,0,0,boundary
283,26.25,7.75,,999.39,0,-4775.28,,0,0,,0,0,boundary
284,26.25,8.25,,1000.13,0,991.874,,0,0,,0,0,boundary
285,26.25,8.75,,1000.09,0,714.811,,0,0,,0,0,boundary
286,26.25,9.25,,1001.25,0,9873.03,,0,0,,0,0,boundary
287,26.25,9.75,,999.085,0,-7160.2,,0,0,,0,0,boundary
288,0.302806,0.202459,,1005.92,-261.813,47287.5,,1.26208,0.0847226,,-8.20264,10.3034,fluid
289,0.50061,0.549591,,1008.82,-284.788,71106,,1.8675,0.108542,,-8.91043,9.74943,fluid
290,0.345031,0.901595,,1004.13,-261.442,32795.7,,1.36071,0.303213,,-10.458,10.6491,fluid
291,0.439321,1.26568,,1006.43,-245.125,51460.4,,1.62073,0.430101,,-9.44664,9.51583,fluid
292,0.381948,1.62865,,1004.9,-219.421,39019.7,,1.20886,0.48826,,-8.29481,8.23213,fluid
293,0.376115,1.98924,,1004.73,-199.943,37658.2,,0.941409,0.460893,,-6.50237,7.59309,fluid
294,0.373241,2.35055,,1004.45,-180.643,35426.2,,0.656626,0.449096,,-4.48342,7.70844,fluid
295,0.351787,2.71809,,1004.09,-156.351,32465.7,,0.400715,0.406362,,-2.55545,7.80072,fluid
296,0.343838,3.08168,,1003.84,-134.377,30477.5,,0.250504,0.273074,,-0.993279,8.28154,fluid
297,0.363035,3.44618,,1003.35,-114.757,26549.2,,0.25172,0.153819,,0.313857,9.18644,fluid
298,0.339861,3.8074,,1002.91,-94.2593,23056.1,,0.244093,0.0623273,,0.862392,10.0707,fluid
299,0.315037,4.17793,,1002.75,-72.9834,21790.9,,0.160401,-0.0482889,,0.75106,11.2847,fluid
300,0.400083,4.55399,,1002.26,-53.8021,17823.2,,0.243479,-0.0684435,,0.836286,12.5706,fluid
301,0.245366,4.95952,,1000.61,-34.434,4800.22,,0.0932076,-0.433708,,0.0262308,12.379,fluid
302,0.348174,5.17297,,1000.62,-24.8498,4838.25,,0.194784,-0.655671,,0.252619,11.9217,fluid
303,0.720323,5.39481,,1000.7,-21.2714,5527.41,,0.264467,-0.705296,,0.467187,11.8025,fluid
304,0.960312,0.175637,,1008.54,-254.76,68775.3,,-0.0911792,0.347754,,6.89478,8.30232,fluid
305,1.13274,0.515031,,1004.91,-253.759,39126.8,,0.525722,0.138729,,10.2504,9.5731,fluid
306,0.987606,0.864102,,1007.69,-253.649,61764.8,,-0.175308,0.192448,,8.96293,9.85618,fluid
307,1.0767,1.20286,,1005.24,-229.235,41765.4,,0.239107,0.315683,,9.02686,9.44337,fluid
308,1.06508,1.55444,,1005.54,-206.716,44238.3,,0.207921,0.317597,,7.46937,8.14628,fluid
309,1.04712,1.89297,,1005.66,-194.251,45189.3,,0.246697,0.230758,,5.8487,8.1562,fluid
310,1.0588,2.22939,,1004.97,-181.941,39578.4,,0.3994,0.210216,,4.75217,8.85675,fluid
311,1.05581,2.5729,,1004.51,-165.845,35886.1,,0.459431,0.215603,,3.68184,9.40263,fluid
312,1.04928,2.91812,,1004.13,-145.444,32783.3,,0.476192,0.129095,,2.99041,9.72216,fluid
313,1.04635,3.26806,,1003.55,-123.732,28137.5,,0.482664,-0.0129848,,2.64315,10.0031,fluid
314,1.045,3.63657,,1002.89,-102.343,22866.4,,0.470953,-0.0737672,,2.34537,10.1175,fluid
315,1.03165,3.97476,,1002.63,-83.8402,20777.4,,0.468113,-0.15457,,2.05169,10.736,fluid
316,1.02382,4.34356,,1002.31,-63.6207,18285.9,,0.463768,-0.305702,,1.80304,11.6616,fluid
317,1.09802,4.76342,,1001.15,-45.3635,9036.73,,0.579763,-0.242735,,1.50481,12.1,fluid
318,0.876173,5.11384,,1000.64,-29.4349,5025.61,,0.409489,-0.575519,,0.782015,11.5746,fluid
319,1.2218,5.4541,,1000.74,-19.31,5825.15,,0.652428,-0.661246,,0.884886,11.5723,fluid
320,1.71254,0.173603,,1004.82,-212.802,38380.1,,1.34203,0.171013,,-1.41288,9.64267,fluid
321,1.90289,0.510089,,1007.42,-216.381,59564.9,,2.00411,0.0551287,,-4.17346,8.37139,fluid
322,1.81869,0.845891,,1004.96,-217.616,39548.5,,1.63699,0.116188,,-4.48145,9.75783,fluid
323,1.84904,1.17431,,1005.1,-202.098,40612.7,,1.71579,0.191437,,-3.73586,9.60501,fluid
324,1.85104,1.52065,,1004.84,-184.016,38507.7,,1.58002,0.222097,,-2.44648,8.58269,fluid
325,1.83434,1.86104,,1004.45,-170.22,35400.1,,1.37338,0.159867,,-0.940743,8.03618,fluid
326,1.81581,2.19642,,1004.13,-159.323,32854,,1.19128,0.0884317,,0.388329,8.30711,fluid
327,1.79813,2.54112,,1003.83,-146.417,30380.8,,1.019,0.059383,,1.38472,8.7789,fluid
328,1.78704,2.88937,,1003.59,-128.705,28488.5,,0.922783,-0.0120776,,2.09027,9.12213,fluid
329,1.74003,3.23912,,1003.15,-110.235,24931.4,,0.77108,-0.110628,,2.23827,9.32098,fluid
330,1.74819,3.59829,,1002.76,-91.9238,21815.3,,0.770714,-0.171018,,2.36775,9.56969,fluid
331,1.71467,3.96851,,1002.44,-74.5152,19256.3,,0.680413,-0.222203,,2.20099,10.1198,fluid
332,1.68617,4.3249,,1002.11,-57.2913,16701.3,,0.660273,-0.33163,,2.06102,11.1135,fluid
333,1.6303,4.7556,,1001.18,-40.0905,9257.22,,0.518086,-0.326262,,1.67054,11.6329,fluid
334,1.79027,5.03251,,1000.59,-27.3134,4670.3,,0.662081,-0.473326,,1.5365,10.653,fluid
335,1.78682,5.434,,1000.73,-17.8733,5734.33,,0.709525,-0.596929,,1.17564,11.0687,fluid
336,2.42325,0.185686,,1008.36,-214.732,67293.7,,0.439654,0.30814,,9.46862,5.73762,fluid
337,2.56474,0.505874,,1006.26,-219.7,50033,,0.831435,0.052326,,14.5413,7.62089,fluid
338,2.53639,0.837677,,1006.46,-217.012,51660.5,,0.567004,0.0434533,,13.3851,9.19733,fluid
339,2.52685,1.16123,,1006.06,-203.766,48456.6,,0.567486,0.127925,,12.245,10.0029,fluid
340,2.5464,1.50128,,1005.19,-180.498,41347.3,,0.745247,0.116971,,11.1929,9.22293,fluid
341,2.53286,1.84014,,1005.04,-160.37,40165.5,,0.787437,0.0296729,,9.23978,8.67196,fluid
342,2.52567,2.17479,,1004.57,-145.419,36368.5,,0.898672,-0.0201683,,7.66307,8.85232,fluid
343,2.49998,2.51428,,1004.17,-130.304,33163.4,,0.925425,-0.0374074,,6.07801,9.32611,fluid
344,2.48659,2.8673,,1003.58,-112.262,28397.9,,0.965373,-0.112763,,5.07294,9.34013,fluid
345,2.46039,3.2167,,1003.07,-96.06,24281.8,,0.954175,-0.170506,,4.24826,9.21111,fluid
346,2.41258,3.56686,,1002.7,-82.3673,21365.2,,0.881207,-0.244967,,3.47676,9.25218,fluid
347,2.41833,3.93339,,1002.34,-67.1537,18456.1,,0.895078,-0.322048,,3.08883,9.61635,fluid
348,2.36417,4.29052,,1001.93,-51.625,15256.7,,0.81881,-0.383659,,2.53221,10.4821,fluid
349,2.31705,4.69083,,1001.06,-35.5217,8327.81,,0.760873,-0.485628,,2.05513,10.8805,fluid
350,2.41808,4.98895,,1000.56,-22.8205,4440.83,,0.84089,-0.615421,,1.84645,10.0135,fluid
351,2.41513,5.38035,,1000.72,-17.2171,5692.94,,0.757969,-0.679479,,1.43142,10.5625,fluid
352,3.155,0.173041,,1002.86,-144.21,22636.6,,1.61099,0.120664,,6.17541,8.76796,fluid
353,3.38107,0.496089,,1005.02,-130.132,39984.9,,2.18722,-0.0446923,,0.760148,7.32219,fluid
354,3.35509,0.825664,,1003.92,-134.144,31103,,2.09483,0.0213575,,0.82567,8.32919,fluid
355,3.32948,1.15229,,1003.09,-127.205,24498.3,,2.02854,0.0524184,,1.40209,7.95245,fluid
356,3.33515,1.48655,,1003.31,-117.542,26206.9,,1.97175,0.00285165,,1.57088,6.83628,fluid
357,3.30766,1.82229,,1003.14,-112.557,24905.8,,1.79323,-0.0611432,,2.42203,6.2013,fluid
358,3.285,2.15728,,1003.14,-108.351,24871.5,,1.65028,-0.11456,,3.14929,6.42214,fluid
359,3.25228,2.49694,,1002.99,-101.676,23678.4,,1.49852,-0.139519,,3.67752,7.05803,fluid
360,3.20875,2.84042,,1002.73,-91.5122,21634.3,,1.35519,-0.225461,,3.92304,7.56243,fluid
361,3.18313,3.18971,,1002.44,-80.0347,19315.5,,1.26782,-0.296597,,3.87173,7.73771,fluid
362,3.13995,3.53577,,1002.18,-70.0251,17188.4,,1.1801,-0.344051,,3.66151,7.90916,fluid
363,3.08423,3.89177,,1002.05,-58.6241,16174.1,,1.08377,-0.436519,,3.27722,8.47729,fluid
364,3.05845,4.25536,,1001.76,-43.8113,13892.9,,1.00081,-0.46067,,2.75272,9.35314,fluid
365,3.03218,4.6407,,1000.81,-29.7211,6350.39,,0.951819,-0.546318,,2.1411,9.61582,fluid
366,3.07597,4.94216,,1000.54,-18.613,4207.58,,0.998949,-0.735187,,1.77818,9.14557,fluid
367,3.06864,5.32649,,1000.68,-16.0449,5347.86,,0.943943,-0.810033,,1.34824,9.71607,fluid
368,3.87452,0.196677,,1007.39,-146.894,59296,,0.82191,0.269441,,6.55241,4.48446,fluid
369,4.11621,0.491451,,1005.04,-153.445,40118.7,,1.52297,-0.0846137,,13.1349,5.34432,fluid
370,4.07849,0.821521,,1005.5,-153.594,43855.5,,1.20607,-0.0381225,,11.7402,6.90324,fluid
371,4.05786,1.13883,,1005.28,-146.797,42127.3,,1.14797,-0.0602779,,10.7406,8.08166,fluid
372,4.05736,1.46291,,1004.54,-133.408,36088.8,,1.24915,-0.087042,,10.2135,8.18381,fluid
373,4.0274,1.79326,,1004.27,-118.01,33965.3,,1.2488,-0.139658,,8.86753,7.82592,fluid
374,4.00239,2.12479,,1003.83,-105.175,30386.3,,1.31186,-0.194799,,7.8128,7.73166,fluid
375,3.97519,2.46412,,1003.35,-91.8867,26545.9,,1.3673,-0.225861,,6.83651,7.84165,fluid
376,3.9297,2.80615,,1002.95,-78.1276,23333.7,,1.35219,-0.30087,,5.75625,7.82454,fluid
377,3.89184,3.1525,,1002.41,-66.1385,19041.7,,1.35306,-0.371504,,4.94247,7.56083,fluid
378,3.8463,3.5041,,1002.02,-56.7105,15978.1,,1.31469,-0.435111,,4.1717,7.30043,fluid
379,3.80173,3.85535,,1001.88,-47.1115,14825.7,,1.26555,-0.504672,,3.45909,7.57084,fluid
380,3.74988,4.21338,,1001.62,-35.4956,12774.6,,1.21232,-0.567397,,2.82353,8.34848,fluid
381,3.71198,4.61659,,1000.62,-23.5576,4853.01,,1.15719,-0.657028,,2.19954,8.34021,fluid
382,3.73284,4.90641,,1000.45,-13.8768,3523.97,,1.15288,-0.853077,,1.79173,7.95953,fluid
383,3.72805,5.28253,,1000.61,-13.4711,4785.14,,1.10222,-0.92853,,1.32045,8.59454,fluid
384,4.58597,0.18102,,1001.56,-91.8339,12264.9,,1.79115,0.0604409,,9.57098,7.0303,fluid
385,4.96128,0.469646,,1003.69,-62.6613,29244,,2.42462,-0.12605,,1.86148,6.68678,fluid
386,4.88483,0.807583,,1002.19,-68.3419,17264.8,,2.32183,-0.0676548,,3.52699,7.0415,fluid
387,4.87338,1.12667,,1001.8,-64.5542,14182.3,,2.37938,-0.092415,,3.72328,6.4698,fluid
388,4.85519,1.45062,,1001.69,-60.3305,13314.5,,2.33024,-0.144856,,3.62153,5.45312,fluid
389,4.81531,1.78134,,1001.62,-59.3479,12787.8,,2.19981,-0.204414,,3.84369,4.64449,fluid
390,4.77085,2.10921,,1001.68,-58.9564,13274.2,,2.06031,-0.270346,,4.01742,4.50661,fluid
391,4.72863,2.44241,,1001.77,-55.4401,13957.4,,1.93241,-0.317701,,4.02708,4.90099,fluid
392,4.67606,2.78036,,1001.69,-50.1019,13355.8,,1.8001,-0.390513,,4.02815,5.30186,fluid
393,4.62312,3.12201,,1001.51,-44.9907,11908.5,,1.69464,-0.462657,,3.86949,5.38515,fluid
394,4.56656,3.46648,,1001.39,-41.1333,10942.7,,1.60071,-0.542571,,3.5708,5.46637,fluid
395,4.50647,3.81846,,1001.44,-35.8389,11382,,1.50151,-0.616542,,3.14848,5.97836,fluid
396,4.44822,4.1739,,1001.36,-27.2893,10753.8,,1.41303,-0.641763,,2.64514,6.9206,fluid
397,4.40883,4.56933,,1000.44,-17.9433,3490.28,,1.37807,-0.763719,,2.08491,7.00072,fluid
398,4.39831,4.85931,,1000.38,-9.53148,2996.78,,1.35116,-0.976889,,1.68043,6.79602,fluid
399,4.3906,5.23339,,1000.54,-10.9095,4282.43,,1.31644,-1.05235,,1.28048,7.4624,fluid
400,5.34026,0.19991,,1005.25,-78.104,41825.6,,1.33116,0.230657,,3.27113,4.75871,fluid
401,5.73432,0.46521,,1003.19,-81.7394,25260.3,,2.21055,-0.177695,,8.08705,4.52105,fluid
402,5.63655,0.802929,,1004.15,-82.039,33008.3,,1.73843,-0.138158,,6.50792,5.0309,fluid
403,5.63673,1.10998,,1003.77,-81.1513,29925.8,,1.82741,-0.179263,,6.63773,5.82157,fluid
404,5.61078,1.42227,,1003.51,-74.2514,27849.7,,1.79014,-0.226237,,6.14525,5.92536,fluid
405,5.5631,1.74538,,1003.41,-65.8095,27060.2,,1.72089,-0.290253,,5.37102,5.71752,fluid
406,5.5184,2.06975,,1003.12,-58.9196,24746.8,,1.7283,-0.360966,,4.90944,5.79696,fluid
407,5.47097,2.39887,,1002.74,-51.0283,21695,,1.75458,-0.399677,,4.54392,6.08449,fluid
408,5.41269,2.73451,,1002.31,-42.0574,18268.7,,1.75003,-0.473577,,4.06136,6.08483,fluid
409,5.35455,3.07745,,1001.81,-35.4269,14285.4,,1.74308,-0.543435,,3.63946,5.67165,fluid
410,5.29114,3.41944,,1001.49,-31.5595,11753.4,,1.71667,-0.620986,,3.20804,5.26274,fluid
411,5.22298,3.7686,,1001.42,-27.2911,11218,,1.67697,-0.705156,,2.78292,5.39656,fluid
412,5.14786,4.12859,,1001.28,-20.3989,10061,,1.6141,-0.729405,,2.36089,6.10833,fluid
413,5.10354,4.52216,,1000.3,-13.333,2391.82,,1.59289,-0.849767,,1.90014,5.96722,fluid
414,5.07398,4.807,,1000.3,-5.37199,2330.54,,1.55177,-1.07167,,1.52536,5.70784,fluid
415,5.05742,5.17843,,1000.48,-8.54453,3793.65,,1.52822,-1.15084,,1.18384,6.41338,fluid
416,6.07655,0.186405,,1001.56,-48.7426,12291.4,,2.07557,0.0454926,,6.52903,5.98424,fluid
417,6.57955,0.442698,,1002.81,-20.2181,22232.4,,2.64868,-0.125628,,-0.0358157,6.85138,fluid
418,6.45811,0.781513,,1001.53,-25.0635,12031.3,,2.52649,-0.138786,,2.08696,6.66117,fluid
419,6.46006,1.09071,,1001.26,-22.1405,9934.23,,2.67563,-0.201135,,2.27743,5.99327,fluid
420,6.43094,1.4023,,1000.97,-21.1445,7645.17,,2.65199,-0.263829,,2.41453,5.04157,fluid
421,6.3608,1.72373,,1000.65,-24.0738,5084.61,,2.52298,-0.318465,,3.08719,4.15367,fluid
422,6.30307,2.0453,,1000.7,-24.9764,5487.61,,2.43582,-0.390309,,3.25712,3.70141,fluid
423,6.24315,2.37074,,1000.81,-23.305,6394.75,,2.33725,-0.44692,,3.24642,3.7401,fluid
424,6.17247,2.69991,,1000.79,-20.9899,6196.37,,2.22017,-0.528788,,3.22767,3.83577,fluid
425,6.10099,3.03682,,1000.69,-19.4869,5456.45,,2.12403,-0.611544,,3.047,3.63161,fluid
426,6.02336,3.37515,,1000.71,-19.7702,5601.95,,2.02921,-0.698987,,2.80421,3.53668,fluid
427,5.9446,3.72015,,1000.92,-18.6909,7274.82,,1.93988,-0.779932,,2.48418,3.96795,fluid
428,5.85721,4.07832,,1000.96,-14.1055,7554.66,,1.84848,-0.796253,,2.13773,4.83537,fluid
429,5.80464,4.46781,,1000.11,-8.07843,857.975,,1.82664,-0.942328,,1.65438,4.66168,fluid
430,5.75567,4.74636,,1000.25,-1.21701,2000.6,,1.76834,-1.16763,,1.34395,4.70592,fluid
431,5.72726,5.11549,,1000.44,-6.5495,3419.16,,1.74501,-1.23672,,1.07696,5.47998,fluid
432,6.86394,0.199672,,1003.54,-27.6339,28064.7,,1.98452,0.151936,,0.561785,5.58319,fluid
433,7.39287,0.438879,,1002.37,-26.5419,18768.2,,2.75048,-0.191839,,2.48928,5.30201,fluid
434,7.24769,0.770709,,1003.03,-28.3073,23958.9,,2.27461,-0.221738,,1.57414,5.02531,fluid
435,7.26414,1.06951,,1002.64,-30.4126,20892.6,,2.4907,-0.262256,,2.25771,5.25381,fluid
436,7.22244,1.37006,,1002.51,-27.5175,19858.4,,2.39366,-0.319782,,1.98915,4.94424,fluid
437,7.14331,1.68323,,1002.61,-22.5463,20660.9,,2.21446,-0.388201,,1.30539,4.39926,fluid
438,7.08093,1.9987,,1002.51,-19.7019,19835.3,,2.19567,-0.46921,,1.21411,4.39104,fluid
439,7.01453,2.31899,,1002.28,-15.9935,18050.8,,2.19302,-0.531078,,1.20814,4.69515,fluid
440,6.93597,2.64472,,1001.89,-11.6183,14930,,2.16859,-0.61461,,1.13708,4.74405,fluid
441,6.85517,2.9794,,1001.42,-9.59848,11204.6,,2.15978,-0.687596,,1.19153,4.29062,fluid
442,6.76685,3.31449,,1001.17,-9.95666,9181.83,,2.1339,-0.775645,,1.22917,3.79754,fluid
443,6.67614,3.65781,,1001.15,-10.1362,9046.24,,2.10006,-0.861713,,1.27123,3.84207,fluid
444,6.57496,4.01881,,1001.03,-7.70035,8071.47,,2.0443,-0.862526,,1.28451,4.45797,fluid
445,6.51448,4.40341,,1000.08,-4.6059,614.777,,2.04825,-1.01844,,1.18253,4.15879,fluid
446,6.44698,4.67449,,1000.23,0.653933,1789.01,,1.98517,-1.23529,,1.03302,4.14825,fluid
447,6.4059,5.04181,,1000.38,-5.03537,2981.25,,1.96579,-1.30576,,0.9283,4.72175,fluid
448,7.64853,0.188695,,1001.97,-12.3035,15553.3,,2.52309,0.0340381,,1.88085,6.08016,fluid
449,8.25118,0.416537,,1002.63,7.25999,20819.4,,2.97175,-0.112342,,-2.33106,7.32528,fluid
450,8.09742,0.744425,,1001.76,2.84773,13852.9,,2.78213,-0.206461,,-0.910983,6.96702,fluid
451,8.11516,1.04136,,1001.53,5.04746,12043.8,,3.03154,-0.267504,,-0.493548,6.47019,fluid
452,8.06795,1.33868,,1001.11,4.36366,8714.35,,2.98416,-0.331923,,-0.187746,5.62159,fluid
453,7.96445,1.64761,,1000.63,0.0212468,4988.02,,2.81966,-0.398792,,0.751703,4.68325,fluid
454,7.88992,1.95968,,1000.59,-1.82899,4623.56,,2.78716,-0.48016,,1.24279,4.09551,fluid
455,7.81084,2.27607,,1000.59,-2.55739,4661.15,,2.7262,-0.548238,,1.53707,3.92348,fluid
456,7.71783,2.59571,,1000.43,-3.26328,3344.23,,2.63103,-0.639057,,1.75864,3.75898,fluid
457,7.62307,2.92519,,1000.28,-4.24244,2178.87,,2.55525,-0.722489,,1.77855,3.26904,fluid
458,7.52009,3.25485,,1000.36,-6.52029,2812.5,,2.46942,-0.81286,,1.73619,2.94738,fluid
459,7.41648,3.59222,,1000.64,-7.67196,5002,,2.38774,-0.904996,,1.59533,3.15708,fluid
460,7.30219,3.9544,,1000.68,-5.82262,5366.7,,2.30368,-0.90106,,1.43737,3.78232,fluid
461,7.23325,4.33168,,999.877,-1.70273,-962.918,,2.29131,-1.09316,,1.06335,3.25639,fluid
462,7.14784,4.59247,,1000.17,3.36679,1326.6,,2.21337,-1.30514,,0.953843,3.46073,fluid
463,7.09468,4.95734,,1000.34,-3.31619,2676.05,,2.19066,-1.36752,,0.85066,4.09749,fluid
464,8.47404,0.196892,,1002.99,4.67702,23669.6,,2.68772,0.0685063,,-1.5386,6.70677,fluid
465,9.11952,0.405321,,1002.56,7.82296,20253,,3.20243,-0.150222,,-0.881018,6.95567,fluid
466,8.93066,0.72154,,1002.68,4.06355,21194.4,,2.75091,-0.30307,,-1.4178,6.32313,fluid
467,8.97918,1.01325,,1002.23,0.420222,17590.8,,3.19301,-0.308427,,0.0210819,6.23043,fluid
468,8.90127,1.3016,,1002.11,0.51317,16703.5,,2.98366,-0.366439,,-0.367434,5.50091,fluid
469,8.78081,1.60088,,1002.2,2.86541,17370.7,,2.71981,-0.4603,,-1.02108,4.6025,fluid
470,8.70603,1.90627,,1002.16,3.41445,17080,,2.73031,-0.534188,,-0.894833,4.46709,fluid
471,8.61763,2.21745,,1002.02,4.70236,15942.4,,2.69335,-0.60964,,-0.909608,4.55621,fluid
472,8.51376,2.53118,,1001.66,6.42601,13098.6,,2.63821,-0.706114,,-0.941214,4.46715,fluid
473,8.40773,2.8554,,1001.25,6.29166,9883.89,,2.6218,-0.791832,,-0.726888,3.93773,fluid
474,8.29142,3.18022,,1001.09,4.32386,8549.47,,2.58861,-0.883712,,-0.468565,3.38568,fluid
475,8.17383,3.51411,,1001.1,1.86101,8637.58,,2.5529,-0.974091,,-0.13081,3.32882,fluid
476,8.04649,3.88005,,1000.89,0.852235,7019.68,,2.51276,-0.953294,,0.265951,3.78514,fluid
477,7.96678,4.24664,,999.981,1.61292,-151.632,,2.51933,-1.16169,,0.428728,3.35707,fluid
478,7.86189,4.49773,,1000.22,4.40425,1730.06,,2.43746,-1.35193,,0.491949,3.54912,fluid
479,7.79608,4.86115,,1000.32,-2.05759,2497.45,,2.41678,-1.41522,,0.600992,3.84544,fluid
480,9.32976,0.189091,,1002.61,13.0651,20678.5,,3.15979,-0.000340773,,-0.691461,7.17916,fluid
481,10.0258,0.390869,,1002.96,21.6654,23463.8,,3.43209,-0.0777761,,-2.56321,8.39205,fluid
482,9.79475,0.686014,,1002.22,18.7494,17564.6,,3.00076,-0.300219,,-2.39281,7.73847,fluid
483,9.8973,0.981293,,1002.13,20.2011,16811.5,,3.64408,-0.284023,,-1.34103,7.37702,fluid
484,9.76986,1.26028,,1001.67,18.1494,13187.4,,3.31987,-0.371329,,-1.46077,6.61917,fluid
485,9.63483,1.55166,,1001.23,14.7605,9719.3,,3.15272,-0.476057,,-0.780653,5.80725,fluid
486,9.55294,1.85212,,1001.1,13.5447,8623.77,,3.18594,-0.538687,,-0.257249,5.31068,fluid
487,9.44924,2.15891,,1000.89,11.1276,7028.76,,3.12947,-0.614725,,0.168032,4.97667,fluid
488,9.32966,2.46609,,1000.57,8.09588,4486.28,,3.05682,-0.715117,,0.543579,4.59778,fluid
489,9.20804,2.78412,,1000.35,4.88083,2737.78,,3.00859,-0.80629,,0.762878,4.02468,fluid
490,9.07591,3.10183,,1000.41,1.29476,3191.89,,2.93557,-0.89697,,0.921927,3.63826,fluid
491,8.94286,3.42946,,1000.62,-0.927997,4886.51,,2.85453,-0.989898,,0.943264,3.60277,fluid
492,8.80315,3.80011,,1000.52,-1.28847,4074.41,,2.7891,-0.96141,,0.918421,3.81507,fluid
493,8.71323,4.15295,,999.777,2.2526,-1745.36,,2.77261,-1.2214,,0.602931,2.90464,fluid
494,8.58928,4.39289,,1000.14,5.03129,1137.79,,2.68096,-1.40296,,0.679697,3.2426,fluid
495,8.51183,4.75369,,1000.28,-1.01425,2233.43,,2.65799,-1.4626,,0.6734,3.5842,fluid
496,10.2191,0.19604,,1003.21,20.5785,25439.3,,3.45259,0.0139661,,-1.38716,7.84646,fluid
497,10.9462,0.370716,,1002.99,22.9931,23687.4,,3.64573,-0.114993,,-1.33066,8.52371,fluid
498,10.7112,0.655006,,1002.7,20.5135,21395.8,,3.17507,-0.370125,,-1.74594,7.79226,fluid
499,10.8154,0.951473,,1002.18,16.3726,17185.4,,3.94678,-0.260748,,0.324516,7.51548,fluid
500,10.6452,1.21714,,1002.22,16.1257,17570.9,,3.45677,-0.392665,,-0.571591,6.43029,fluid
501,10.5041,1.49989,,1002.2,15.5792,17404.7,,3.2752,-0.511693,,-0.989046,5.69867,fluid
502,10.4163,1.79214,,1002.08,14.879,16437.3,,3.30725,-0.560427,,-0.913227,5.61447,fluid
503,10.2992,2.09177,,1001.84,14.8881,14481.2,,3.22766,-0.64567,,-1.1713,5.36758,fluid
504,10.1677,2.39078,,1001.52,15.4111,11952.7,,3.16557,-0.752517,,-1.30447,4.97781,fluid
505,10.0328,2.70153,,1001.25,14.5892,9841.86,,3.14442,-0.85181,,-1.21781,4.42049,fluid
506,9.8865,3.01237,,1001.19,12.4638,9393.38,,3.10645,-0.947148,,-1.04762,3.96736,fluid
507,9.73749,3.33431,,1001.17,9.58339,9235.92,,3.05897,-1.03865,,-0.728542,3.85132,fluid
508,9.58489,3.71116,,1000.73,5.82195,5759.24,,3.03902,-0.996919,,-0.151456,3.97384,fluid
509,9.48006,4.04382,,1000.02,6.43804,166.924,,3.01969,-1.29063,,0.0222788,3.46523,fluid
510,9.33589,4.27399,,1000.29,6.25508,2266.52,,2.92754,-1.44093,,0.18607,3.87148,fluid
511,9.24552,4.63368,,1000.31,0.238566,2396.24,,2.90308,-1.49653,,0.366735,3.83835,fluid
512,11.1605,0.195675,,1003.19,25.0645,25306,,3.90744,0.00165009,,-0.388165,8.45203,fluid
513,11.8989,0.33934,,1003.23,28.4793,25632.1,,3.81648,-0.134125,,-1.32373,8.68076,fluid
514,11.6426,0.613376,,1002.67,26.6933,21096.7,,3.40368,-0.374412,,-1.79879,8.46499,fluid
515,11.8036,0.925364,,1002.4,26.7504,18978.8,,4.39421,-0.171392,,0.124022,8.09389,fluid
516,11.5533,1.16459,,1002.16,25.169,17069.2,,3.70225,-0.402958,,-0.945543,7.18532,fluid
517,11.4159,1.44025,,1001.93,23.9845,15240,,3.63109,-0.505392,,-0.69711,6.69358,fluid
518,11.3188,1.72677,,1001.67,22.5829,13176.9,,3.66562,-0.546798,,-0.391475,6.4702,fluid
519,11.182,2.01955,,1001.24,19.6664,9773.88,,3.58267,-0.646521,,-0.151752,6.05736,fluid
520,11.0348,2.30857,,1000.89,16.1099,6999.68,,3.54017,-0.760376,,0.196003,5.56982,fluid
521,10.8825,2.61176,,1000.71,11.6103,5579.36,,3.5167,-0.856562,,0.485621,5.08251,fluid
522,10.7179,2.91422,,1000.78,6.80458,6116.73,,3.45782,-0.950198,,0.69829,4.81134,fluid
523,10.5503,3.22961,,1000.85,3.69701,6674.13,,3.37042,-1.03712,,0.73055,4.7561,fluid
524,10.3863,3.61448,,1000.32,0.665406,2542.58,,3.33778,-0.987182,,0.765909,4.48456,fluid
525,10.2647,3.924,,999.848,4.74412,-1189.5,,3.28822,-1.3332,,0.522497,3.43029,fluid
526,10.0996,4.14537,,1000.2,4.81479,1533.42,,3.19095,-1.46932,,0.70029,3.83521,fluid
527,9.99656,4.50299,,1000.27,0.878464,2095.48,,3.16393,-1.52776,,0.673525,3.82174,fluid
528,12.1786,0.209752,,1003.44,30.639,27270,,4.40176,0.0461545,,0.392635,8.62384,fluid
529,12.9313,0.328284,,1002.94,30.3792,23276.5,,4.10455,-0.0752848,,-1.33382,8.60822,fluid
530,12.5774,0.552894,,1002.64,31.4117,20901.2,,3.55325,-0.431322,,-0.685298,8.59263,fluid
531,12.854,0.903879,,1002.15,28.3934,16993.3,,4.82617,-0.098726,,-0.144499,7.93794,fluid
532,12.4767,1.08918,,1002.25,27.7339,17806.6,,3.87844,-0.527773,,-0.0117072,6.90176,fluid
533,12.3619,1.36993,,1002.29,26.5911,18086.2,,3.93954,-0.545973,,0.225638,6.61673,fluid
534,12.2477,1.65163,,1002.06,24.1708,16267.8,,3.9265,-0.577619,,0.0817553,6.48174,fluid
535,12.0902,1.93407,,1001.68,21.8435,13257.2,,3.81206,-0.697804,,-0.344439,6.08832,fluid
536,11.9326,2.21581,,1001.38,20.1187,10889.5,,3.77669,-0.797652,,-0.53881,5.67798,fluid
537,11.7651,2.51196,,1001.26,18.8719,9916.16,,3.74988,-0.876344,,-0.611455,5.25694,fluid
538,11.5831,2.80665,,1001.35,17.1724,10616.9,,3.70878,-0.964839,,-0.557713,4.94505,fluid
539,11.3957,3.11685,,1001.3,14.3803,10206.7,,3.64051,-1.04811,,-0.399688,4.90227,fluid
540,11.2203,3.50993,,1000.34,7.75009,2669.03,,3.64841,-1.01238,,0.131077,4.52487,fluid
541,11.0753,3.78714,,1000.14,10.259,1081.86,,3.57398,-1.40263,,0.157288,4.10138,fluid
542,10.8893,4.00132,,1000.37,7.70495,2943.62,,3.48244,-1.5118,,0.322973,4.60272,fluid
543,10.7705,4.35855,,1000.34,2.789,2662.53,,3.44146,-1.55757,,0.407794,4.42182,fluid
544,13.2514,0.224619,,1003.57,37.9568,28313.4,,4.84651,0.0689669,,-0.277506,8.07933,fluid
545,14.0177,0.310867,,1002.61,40.1813,20611.7,,4.3875,-0.0665301,,-1.29886,8.34384,fluid
546,13.6182,0.480841,,1003.11,42.5139,24596.6,,3.97184,-0.507827,,0.24158,8.39743,fluid
547,13.8906,0.881085,,1002.17,38.5749,17129.4,,5.06191,-0.0321,,-0.0827021,7.97883,fluid
548,13.4406,1.00671,,1002.65,35.7782,20938.8,,4.17883,-0.634615,,0.257581,7.40105,fluid
549,13.3597,1.3039,,1002.37,33.8131,18717.2,,4.35489,-0.518243,,0.349373,7.50402,fluid
550,13.2111,1.57497,,1001.91,31.5491,15060.8,,4.20394,-0.551605,,-0.23272,7.18816,fluid
551,13.0355,1.84242,,1001.41,28.5121,11125,,4.08862,-0.700207,,-0.284922,6.57771,fluid
552,12.8659,2.1167,,1001.12,24.0337,8826.89,,4.09276,-0.804666,,0.0829829,6.12824,fluid
553,12.6819,2.40313,,1001.09,18.7222,8611.15,,4.0935,-0.881174,,0.467101,5.86233,fluid
554,12.4821,2.68886,,1001.24,13.1906,9762.23,,4.06223,-0.959671,,0.695796,5.73316,fluid
555,12.2716,2.99485,,1001.19,9.0924,9407.57,,3.96397,-1.01267,,0.661989,5.89424,fluid
556,12.0855,3.39553,,999.867,2.75386,-1046,,3.98008,-1.01541,,0.758581,4.89412,fluid
557,11.911,3.63614,,1000.08,6.85863,632.617,,3.87538,-1.42977,,0.785013,4.46902,fluid
558,11.7033,3.84574,,1000.33,4.81987,2584.48,,3.78273,-1.51987,,0.929742,4.8354,fluid
559,11.5667,4.20314,,1000.32,2.76554,2500.24,,3.72676,-1.56958,,0.830065,4.59441,fluid
560,14.392,0.243245,,1003.44,43.6095,27240,,5.20565,0.098925,,-2.04479,8.26804,fluid
561,15.1344,0.253193,,1003.03,52.0247,24008.4,,4.75282,-0.158395,,-0.269022,8.57131,fluid
562,14.7999,0.431021,,1003.47,47.1281,27529.8,,4.57036,-0.520336,,-0.326734,8.62547,fluid
563,14.9332,0.851177,,1002.62,46.9608,20704.1,,5.38511,0.0493923,,0.0320442,8.4651,fluid
564,14.4618,0.924993,,1002.65,40.2614,20928.6,,4.44652,-0.672727,,-0.639546,7.9005,fluid
565,14.4209,1.24729,,1002.19,38.3408,17261.8,,4.76063,-0.424062,,0.0469819,7.94567,fluid
566,14.2141,1.49674,,1001.84,37.0222,14494.1,,4.43431,-0.516357,,-0.297692,7.20139,fluid
567,14.0244,1.74711,,1001.61,33.8811,12731.3,,4.35997,-0.686354,,-0.163443,6.55801,fluid
568,13.8422,2.00951,,1001.46,28.327,11524.4,,4.40058,-0.803095,,-0.0991044,6.27459,fluid
569,13.6447,2.28451,,1001.45,23.4852,11448.1,,4.42138,-0.867935,,-0.113319,6.19553,fluid
570,13.4264,2.56221,,1001.49,20.002,11751.5,,4.3944,-0.932711,,-0.0789824,6.04088,fluid
571,13.1875,2.86871,,1001.34,16.6375,10537,,4.2881,-0.943758,,0.0543367,6.12135,fluid
572,12.9894,3.27038,,999.678,11.3005,-2521.4,,4.32108,-1.06516,,0.35295,4.68161,fluid
573,12.7802,3.46892,,1000.29,12.5417,2310.71,,4.22755,-1.46619,,0.66641,5.16515,fluid
574,12.551,3.6755,,1000.45,8.80269,3518.6,,4.14315,-1.54857,,0.780409,5.48899,fluid
575,12.392,4.03412,,1000.41,5.17629,3220.96,,4.05765,-1.58964,,0.785495,5.24653,fluid
576,15.6098,0.270544,,1002.93,52.5024,23164.8,,5.44167,0.151564,,-3.35107,8.49315,fluid
577,16.308,0.185297,,1003.69,55.601,29298.1,,5.12455,-0.143304,,-1.0941,9.09875,fluid
578,16.0975,0.439902,,1003.61,52.1649,28655.4,,5.24241,-0.279492,,-1.88919,9.25763,fluid
579,16.0318,0.789161,,1003.1,51.1178,24551.4,,5.57314,0.0990592,,-1.50264,9.39775,fluid
580,15.5504,0.847778,,1002.53,49.626,19981.8,,4.605,-0.651881,,-1.92169,7.89333,fluid
581,15.5509,1.19975,,1002.06,44.3542,16252,,5.10852,-0.321621,,-0.6404,8.18796,fluid
582,15.2683,1.40257,,1002.07,44.0283,16369.6,,4.71751,-0.554932,,-0.63155,7.60574,fluid
583,15.0753,1.63906,,1001.83,39.7796,14480.5,,4.72173,-0.661774,,-0.572538,7.51684,fluid
584,14.8808,1.88693,,1001.55,34.2769,12258.6,,4.76547,-0.761703,,-0.410032,7.26658,fluid
585,14.6659,2.1573,,1001.51,27.4581,11903.6,,4.78966,-0.811853,,0.0310255,6.87178,fluid
586,14.4225,2.43144,,1001.55,19.9954,12190.5,,4.77225,-0.885565,,0.367468,6.60844,fluid
587,14.1514,2.74023,,1001.25,12.9302,9831.83,,4.65238,-0.855929,,0.486529,6.90087,fluid
588,13.9369,3.12601,,999.536,11.601,-3638.1,,4.66325,-1.12242,,0.425448,5.05326,fluid
589,13.6883,3.28756,,1000.28,10.003,2238.39,,4.58538,-1.43512,,0.96185,5.89774,fluid
590,13.4335,3.49241,,1000.48,6.50556,3804.4,,4.4935,-1.51407,,1.0415,6.18105,fluid
591,13.2478,3.8537,,1000.45,4.33121,3532.86,,4.39609,-1.5625,,1.04376,5.79248,fluid
592,16.8919,0.292245,,1003.29,58.5402,26078.4,,5.67305,0.109049,,-4.13597,8.70702,fluid
593,17.5516,0.15873,,1004.06,53.322,32232.6,,5.21721,-0.100095,,-3.45237,9.81575,fluid
594,17.5134,0.50359,,1003.69,51.7741,29249.9,,5.96221,0.0258355,,-2.36398,10.0252,fluid
595,17.2005,0.65683,,1003.13,52.5787,24823.7,,5.52723,-0.0419336,,-3.47127,10.0221,fluid
596,16.7556,0.803588,,1002.87,55.5011,22742.4,,4.97068,-0.507703,,-2.19801,8.54454,fluid
597,16.7475,1.16175,,1002.12,48.2964,16707.3,,5.48356,-0.21009,,-1.02923,9.15523,fluid
598,16.3972,1.2865,,1002.4,48.3442,18951.8,,5.09812,-0.585235,,-0.929033,8.79524,fluid
599,16.2014,1.51819,,1002.03,43.8841,16066.7,,5.11383,-0.549527,,-0.878313,8.91488,fluid
600,15.9918,1.75696,,1001.92,39.6002,15130.5,,5.14725,-0.604686,,-0.610621,8.54108,fluid
601,15.7531,2.02063,,1001.93,32.4901,15228.5,,5.19217,-0.718336,,-0.338442,7.79061,fluid
602,15.4867,2.28895,,1001.65,24.076,13022.4,,5.20834,-0.820164,,-0.26014,7.46835,fluid
603,15.1759,2.61003,,1000.86,15.505,6768.9,,5.06847,-0.732411,,0.186025,7.34947,fluid
604,14.929,2.95639,,999.883,18.8096,-917.444,,5.00335,-1.19225,,0.242483,5.99086,fluid
605,14.6417,3.09539,,1000.28,15.3054,2233.14,,4.99402,-1.37827,,0.766735,6.57983,fluid
606,14.3566,3.3001,,1000.45,10.8954,3554.2,,4.89057,-1.46852,,0.909997,6.79549,fluid
607,14.1398,3.66306,,1000.5,6.16723,3891.25,,4.77518,-1.52795,,1.07895,6.47055,fluid
608,18.2046,0.306487,,1004.26,51.2318,33877.2,,5.68081,0.0120437,,-5.41827,8.92093,fluid
609,18.9228,0.156731,,1004.56,38.7171,36294,,5.28428,-0.0587496,,-4.45791,11.0589,fluid
610,18.9455,0.544645,,1003.76,39.7394,29878.6,,6.10193,0.252297,,-3.82011,11.3351,fluid
611,18.4993,0.480977,,1003.73,47.3003,29634.8,,5.52895,-0.219532,,-3.96108,11.1247,fluid
612,18.136,0.811157,,1003.43,50.3071,27236,,5.52509,-0.192289,,-2.43132,10.5432,fluid
613,18.0139,1.11913,,1002.74,45.2221,21647.1,,5.7677,-0.0215018,,-1.72012,11.4204,fluid
614,17.6284,1.16252,,1002.86,48.3574,22626.3,,5.43145,-0.495051,,-2.06309,10.3627,fluid
615,17.4222,1.39994,,1002.53,45.2762,19976,,5.49547,-0.372495,,-1.49869,10.3538,fluid
616,17.1942,1.63374,,1002.54,40.1562,20070.5,,5.5752,-0.412594,,-1.13204,9.81949,fluid
617,16.9258,1.87285,,1002.27,32.7331,17950.4,,5.59601,-0.601703,,-1.28665,9.20348,fluid
618,16.632,2.13802,,1001.64,25.8011,12907.2,,5.58904,-0.679063,,-1.0707,8.88909,fluid
619,16.2757,2.48121,,1000.38,16.7919,2976.12,,5.51508,-0.614021,,0.16418,8.01436,fluid
620,15.9775,2.75976,,1000.35,17.8568,2775.71,,5.41051,-1.15934,,0.500115,7.73965,fluid
621,15.6513,2.89236,,1000.34,15.9341,2645.23,,5.40268,-1.28274,,0.626102,7.58156,fluid
622,15.3233,3.09731,,1000.5,11.5536,3913.59,,5.25029,-1.37662,,0.786004,7.8099,fluid
623,15.071,3.46207,,1000.54,5.8618,4214.72,,5.13987,-1.44369,,0.9738,7.4477,fluid
624,19.555,0.369578,,1004.98,27.6418,39674.2,,5.47166,0.168754,,-6.43179,10.7429,fluid
625,20.4009,0.197292,,1005.11,12.0183,40695.5,,5.01542,0.25471,,-4.82631,11.6994,fluid
626,20.3316,0.559409,,1004.64,15.6744,36898.8,,5.45073,0.534709,,-5.46542,11.9225,fluid
627,19.8667,0.270455,,1004.88,24.4279,38898.6,,5.08124,-0.412976,,-5.2379,11.2668,fluid
628,19.6737,0.846711,,1004.23,26.2427,33611.4,,5.79503,0.221492,,-3.32559,12.5255,fluid
629,19.3822,1.05439,,1003.8,29.9149,30144.7,,5.80035,0.256815,,-3.48367,13.5202,fluid
630,18.9919,1.06544,,1003.54,37.2297,28048.1,,5.64669,-0.180657,,-3.60564,12.1575,fluid
631,18.7625,1.29829,,1003.13,36.1015,24834.4,,5.77573,-0.0809963,,-2.72311,12.1669,fluid
632,18.5108,1.51406,,1002.87,31.398,22724.8,,5.89563,-0.172063,,-2.34533,11.6574,fluid
633,18.2011,1.72694,,1002.34,27.5975,18500.7,,5.88773,-0.355555,,-2.32173,11.1892,fluid
634,17.8571,2.00164,,1001.73,24.7334,13633.9,,5.92629,-0.417492,,-1.43001,10.5994,fluid
635,17.4614,2.34839,,1000.21,20.5951,1666.37,,5.99234,-0.50526,,-0.0736909,9.40058,fluid
636,17.1013,2.55226,,1000.65,18.2783,5107.77,,5.87264,-0.998092,,0.309304,9.99623,fluid
637,16.7118,2.68174,,1000.51,18.5287,4044.03,,5.78524,-1.14913,,0.253297,9.40981,fluid
638,16.33,2.88898,,1000.61,14.6349,4757.62,,5.64722,-1.24139,,0.906825,9.2304,fluid
639,16.0468,3.25476,,1000.57,8.0574,4450.53,,5.54203,-1.32418,,1.08595,8.604,fluid
640,20.9752,0.464146,,1005.58,-8.27324,44561.8,,4.83601,0.415843,,-7.17567,11.0534,fluid
641,21.8659,0.323906,,1006.62,-32.5019,53000.2,,4.07611,0.33817,,-6.74614,12.4015,fluid
642,21.6165,0.560984,,1005.42,-23.8679,43201.7,,4.14926,0.745079,,-5.88738,13.8999,fluid
643,21.2053,0.150876,,1005.82,-17.0605,46491.4,,4.04441,-0.104022,,-7.17986,12.7919,fluid
644,21.2065,0.903365,,1005.18,-11.352,41287.7,,5.17269,0.79584,,-4.5706,13.3185,fluid
645,20.8291,1.06234,,1004.91,-4.64417,39113.7,,5.39382,0.885572,,-4.94538,14.9604,fluid
646,20.4617,1.03807,,1004.68,8.97423,37276.8,,5.48508,0.385558,,-5.46052,13.62,fluid
647,20.2183,1.25071,,1003.8,13.2355,30156.9,,5.66483,0.526326,,-4.84109,15.1952,fluid
648,19.927,1.4295,,1003.03,16.5539,23983.1,,5.83879,0.351769,,-4.09681,14.7662,fluid
649,19.5709,1.62496,,1002.53,18.7943,20007.5,,5.95301,0.116243,,-3.43387,13.6512,fluid
650,19.1761,1.90766,,1002.06,17.7667,16301.6,,6.21787,0.0260011,,-2.04739,12.9631,fluid
651,18.742,2.2111,,1000.79,18.88,6194.49,,6.35208,-0.24919,,-0.944491,12.8128,fluid
652,18.3109,2.35206,,1000.9,16.1699,7079.11,,6.25777,-0.630286,,-0.613113,12.9199,fluid
653,17.8233,2.47411,,1000.85,17.0469,6716.25,,6.1209,-0.819808,,-0.0477694,12.2518,fluid
654,17.3977,2.68266,,1000.78,13.4701,6124.18,,6.09436,-0.975306,,0.915218,11.6155,fluid
655,17.0746,3.04442,,1000.66,8.22159,5167.97,,5.95695,-1.12104,,0.996966,10.5311,fluid
656,22.2462,0.585511,,1005.63,-42.4543,44949.7,,3.47018,0.671685,,-3.79471,15.2247,fluid
657,23.1225,0.518914,,1006.38,-62.5423,51056.1,,2.43925,0.709818,,-1.5452,11.6746,fluid
658,22.791,0.568162,,1005.93,-48.8171,47414.2,,2.61965,0.808103,,-2.92056,12.0271,fluid
659,22.406,0.194812,,1007.88,-31.0094,63302.5,,2.628,0.0899633,,-0.480193,12.0868,fluid
660,22.6228,1.0719,,1004.39,-52.8855,34948.4,,3.97421,1.58614,,-4.65473,9.38607,fluid
661,22.2485,1.29185,,1005.16,-34.4883,41126.9,,4.28322,2.16576,,-5.81563,13.323,fluid
662,21.9304,1.1625,,1005.04,-23.3601,40179.5,,4.59962,1.35456,,-5.22381,12.4986,fluid
663,21.6796,1.32846,,1004.65,-9.95064,37015.9,,4.83675,1.57847,,-5.54032,15.8142,fluid
664,21.3804,1.46426,,1003.81,-2.48191,30277.5,,5.17056,1.35928,,-5.75128,16.8363,fluid
665,21.0226,1.63622,,1002.96,-2.68416,23459.2,,5.59355,0.966481,,-5.75998,16.4346,fluid
666,20.5929,1.91405,,1002.39,-1.72891,18930.7,,6.15595,0.878252,,-4.38087,16.0525,fluid
667,20.114,2.11477,,1001.63,7.22149,12828.1,,6.39338,0.510942,,-2.98901,17.0792,fluid
668,19.599,2.19543,,1001.52,8.56225,11995.5,,6.44104,0.133961,,-1.7607,17.0088,fluid
669,19.005,2.30775,,1001.11,9.91439,8717.2,,6.44432,-0.204498,,-0.659016,15.5573,fluid
670,18.5318,2.49619,,1000.88,9.76319,6912.04,,6.48397,-0.532196,,-0.00487032,14.5957,fluid
671,18.1584,2.84261,,1000.77,8.35841,6094.13,,6.35936,-0.75816,,0.566528,13.2652,fluid
672,23.3258,1.00161,,1005.95,-45.403,47536.2,,2.47739,1.98592,,-1.65071,6.88973,fluid
673,24.041,0.358003,,1005.04,-80.7905,40157.6,,1.78324,-0.461421,,3.83245,9.30089,fluid
674,23.7014,0.587844,,1005.64,-86.0167,44994.6,,1.37305,1.1352,,-0.95366,10.4787,fluid
675,23.3068,0.244311,,1007.52,-61.9407,60405.6,,1.06525,-0.337467,,-0.346522,8.81948,fluid
676,23.7233,1.53208,,1007.72,-48.9588,61993.1,,2.35754,1.94194,,-2.00828,10.024,fluid
677,23.4318,2.0107,,1003.13,-74.2938,24780.6,,2.47505,4.19925,,-3.17664,20.0597,fluid
678,23.2426,1.58654,,1006.59,-36.5078,52744.1,,3.40163,2.42498,,-3.09182,12.9569,fluid
679,22.9629,1.52575,,1005.81,-37.674,46417.1,,3.30943,2.06114,,-6.22616,10.9024,fluid
680,22.7447,1.7334,,1004.65,-32.9506,37033.8,,3.58192,2.73484,,-7.50721,18.4763,fluid
681,22.4274,1.85087,,1004.23,-21.1001,33608.6,,4.205,2.24907,,-8.59091,17.6254,fluid
682,22.0227,2.09482,,1003.12,-24.4069,24727.4,,5.36897,2.15807,,-7.69477,17.3236,fluid
683,21.5821,2.19638,,1002.81,-10.3971,22248.7,,5.84343,2.08616,,-7.48038,20.165,fluid
684,20.9792,2.17172,,1002.34,-5.38302,18523.9,,6.31485,1.62571,,-4.24151,21.4357,fluid
685,20.2793,2.23641,,1001.37,0.919895,10758.2,,6.5583,0.813295,,-2.94133,19.1261,fluid
686,19.7084,2.35989,,1001.11,3.31622,8720.06,,6.64473,0.281743,,-1.34162,18.4005,fluid
687,19.3013,2.68511,,1000.88,5.32377,6933.54,,6.71804,-0.0634576,,-0.298708,16.862,fluid
688,24.0778,1.50049,,1006.61,-75.3334,52891.1,,1.51896,2.16419,,3.21262,11.0691,fluid
689,24.7202,0.902178,,1007.18,-108.445,57589.4,,0.213511,1.10451,,-1.33762,2.14872,fluid
690,24.4848,0.749461,,1005.55,-89.3722,44311.3,,0.977822,0.131492,,-2.07762,-3.17917,fluid
691,24.0998,0.984037,,1005.97,-70.0826,47712.1,,0.257944,1.75969,,-2.79797,6.60458,fluid
692,24.5728,3.10831,,1003.32,-71.6837,26328.2,,0.7243,5.4868,,-4.53671,12.833,fluid
693,24.238,3.01625,,1004.49,-39.5861,35747.2,,0.404533,5.40275,,-5.06819,10.6943,fluid
694,24.3426,2.27729,,1001.59,-32.1415,12528.1,,2.84237,4.19249,,-5.62055,11.9001,fluid
695,23.8412,2.09161,,1002.34,-49.7618,18510.9,,1.72087,3.55971,,-0.812975,17.5865,fluid
696,23.9526,2.67632,,1003.14,-20.3829,24866.3,,2.51138,4.77784,,-3.75226,8.16893,fluid
697,23.6421,2.77026,,1003.55,-17.5778,28156.5,,2.64435,4.61918,,-5.17072,10.3928,fluid
698,23.2477,2.54417,,1002.84,-28.6337,22502.2,,3.47899,3.82621,,-5.73435,12.6108,fluid
699,22.8919,2.67498,,1003.21,-7.76641,25476,,4.17011,4.5857,,-9.34835,16.7861,fluid
700,22.3201,2.47922,,1002.59,-22.9658,20514.5,,5.23398,3.79323,,-8.56281,21.5025,fluid
701,21.522,2.3319,,1001.63,-13.5447,12893.7,,5.82029,2.43678,,-7.48796,21.7301,fluid
702,20.8655,2.35306,,1001.28,-5.9632,10115.1,,6.34123,1.70344,,-4.0776,21.7112,fluid
703,20.4821,2.64119,,1001.13,3.33236,8876.96,,6.86525,1.17951,,-2.75849,21.6579,fluid
704,24.962,2.21593,,1005.17,-22.9187,41189.3,,0.223126,3.03817,,-7.58723,4.66195,fluid
705,24.7926,0.970259,,1007.3,-103.098,58561.9,,-1.2616,1.61144,,1.72074,8.85554,fluid
706,24.8018,5.33952,,1000.16,-23.3859,1284.46,,-1.44799,7.52531,,3.40438,3.28303,fluid
707,24.8274,3.87625,,1000.42,0.17451,3264.98,,-0.340353,6.09001,,-0.451036,14.9702,fluid
708,24.3694,1.66939,,1004.12,-75.0761,32771,,0.324083,1.88164,,5.56556,14.2656,fluid
709,24.8583,4.62719,,1000.23,15.2314,1811.84,,0.261093,7.41257,,0.103886,4.91343,fluid
710,24.8307,2.91283,,1004.14,-70.0568,32907.5,,0.997357,3.73487,,-5.79373,10.1726,fluid
711,24.601,3.65989,,1002.3,-28.5048,18193.1,,0.319114,5.8116,,-0.125189,15.9233,fluid
712,24.5735,4.61461,,1000.49,-0.368368,3877.91,,1.28402,6.7152,,1.05594,4.99273,fluid
713,24.1488,4.44351,,1000.98,6.79228,7690.46,,0.466398,6.65997,,-1.30257,7.16812,fluid
714,24.259,3.69008,,1002.76,-30.4641,21835.6,,1.57816,5.74548,,-3.89169,14.5305,fluid
715,23.8261,3.83359,,1000.79,-37.188,6210.11,,1.4864,6.64939,,-5.75911,13.6373,fluid
716,23.4122,3.25554,,1003.45,-40.5694,27385,,2.9019,5.87196,,-12.5341,16.9902,fluid
717,22.6397,2.72622,,1002.12,-15.334,16749.1,,4.18202,4.60402,,-11.0794,19.9267,fluid
718,22.0381,2.59773,,1001.13,-13.0594,8860.3,,5.4365,3.67161,,-8.49861,21.5519,fluid
719,21.649,2.79846,,1001.52,0.291931,11995.5,,6.26174,3.21485,,-8.9469,25.6049,fluid
720,24.47,2.06533,,1004.98,-52.6008,39639.8,,-0.634919,2.96531,,0.892768,10.9071,fluid
721,24.0837,6.25079,,1001.37,27.7647,10783.1,,-1.31541,5.62508,,-2.40772,1.27777,fluid
722,23.9707,5.95345,,1000.83,17.6463,6496.28,,-1.11579,6.04034,,-3.97659,-0.296199,fluid
723,24.1412,0.126221,,1008.32,-60.4063,66928.2,,-0.318416,0.222601,,13.1048,7.12536,fluid
724,24.1194,5.65124,,999.461,37.8346,-4223.19,,-1.39656,7.378,,2.40459,0.901357,fluid
725,24.7241,7.82972,,998.58,44.3891,-11096.5,,0.562583,5.68819,,4.64957,-1.16059,fluid
726,24.9836,7.67603,,1000.22,55.7512,1766.44,,0.663389,6.49166,,0.330578,-1.03288,fluid
727,25.1369,7.18862,,1001.23,42.1935,9697,,0.756943,5.99541,,-1.39134,-3.93983,fluid
728,24.7202,6.51025,,999.382,39.1748,-4844.12,,0.743047,5.53287,,4.1918,-3.15703,fluid
729,24.84,5.84267,,999.328,32.4549,-5263.35,,1.34365,6.25236,,3.0308,0.521549,fluid
730,24.3544,6.07429,,1000.43,2.90783,3384.64,,0.147499,7.02504,,4.29958,-1.09066,fluid
731,24.2344,5.06002,,1002.49,-25.2958,19721.3,,0.221181,7.14903,,-3.14301,4.39376,fluid
732,23.8529,4.32209,,1000.46,24.0256,3594.15,,0.858294,7.47352,,-4.91844,7.89618,fluid
733,23.555,3.52137,,1002.25,-61.3931,17754,,2.2495,6.22356,,-10.6556,16.9969,fluid
734,23.057,3.16961,,1001.23,-27.6705,9671.27,,3.31662,5.81464,,-12.3596,16.3468,fluid
735,22.6275,3.25424,,1001.46,-12.3783,11475.2,,4.46328,5.71745,,-15.5177,21.028,fluid
736,24.107,6.97756,,1000.94,54.0054,7413,,-0.457491,4.63619,,-1.74343,2.65392,fluid
737,24.1558,8.95135,,1001.82,4.08166,14335.6,,-0.330942,3.74247,,-7.28983,9.36711,fluid
738,24.6421,9.4003,,1000.01,-115.545,90.3176,,1.39468,4.36177,,-2.61171,2.79331,fluid
739,24.111,7.0963,,1001.13,57.5819,8892.44,,-0.157351,4.25753,,-2.21771,4.02538,fluid
740,26.8768,6.86086,,999.995,-175.163,-41.7233,,-1.67329,-11.6457,,1.99198,5.16429,fluid
741,24.5702,9.48844,,1000.01,-104.368,74.0632,,0.993442,3.9253,,-2.91089,4.49527,fluid
742,24.6348,9.55301,,999.155,-149.235,-6612.77,,1.72842,4.82983,,-2.70353,2.09175,fluid
743,24.5042,8.88108,,999.343,-74.9233,-5149.68,,-0.903505,4.72249,,3.84813,1.80788,fluid
744,24.049,8.50726,,999.637,6.73355,-2847.42,,-0.959439,4.34322,,0.621273,0.0031728,fluid
745,24.195,8.06034,,999.569,-3.5048,-3379.67,,-0.14929,4.88775,,2.47758,-1.83225,fluid
746,24.3822,8.40906,,1003.15,-13.9115,24941.7,,-0.104604,5.58795,,2.7966,-2.36873,fluid
747,24.1402,6.822,,1000.05,37.8419,412.39,,-0.488833,5.75933,,1.36584,-1.03899,fluid
748,23.9034,5.66949,,1000.22,15.7315,1759.16,,-1.00332,6.36657,,-2.88704,0.17126,fluid
749,23.9411,4.87957,,1000.55,-13.6036,4308.4,,-0.369986,6.91652,,-4.9976,4.44432,fluid
750,23.5865,4.27973,,1000.63,15.7251,4938.68,,1.03116,7.3314,,-8.28446,9.00911,fluid
751,23.2339,4.10446,,1000.97,8.8087,7645.19,,1.73877,7.13211,,-12.6773,10.9742,fluid
752,27.0206,7.46417,,999.267,-174.205,-5743.65,,-0.303597,-9.36819,,-3.59018,-2.12568,fluid
753,24.0473,10.5487,,997.668,-12.8085,-18173.7,,0.932917,0.84911,,8.75202,9.46932,fluid
754,24.2167,10.8118,,997.504,3.75908,-19444.1,,2.57385,3.1982,,-6.55692,-9.97278,fluid
755,24.1756,10.8682,,993.558,103.44,-49593.3,,2.61529,3.26393,,1.84973,-27.9101,fluid
756,24.0283,10.5412,,996.319,26.6629,-28574.6,,0.952971,0.917208,,15.4012,10.8072,fluid
757,24.4879,10.949,,1001.61,467.869,12694.5,,1.08276,2.41658,,-7.73074,0.851731,fluid
758,26.8517,7.50351,,999.028,-126.155,-7605.71,,0.718195,-10.6879,,-2.59406,-2.15248,fluid
759,26.9876,7.31373,,999.458,-147.303,-4245.83,,0.0197121,-10.3928,,-2.49448,1.41877,fluid
760,27.1712,7.0554,,999.488,-245.688,-4012.1,,0.390604,-9.15163,,-3.66993,3.48577,fluid
761,25.4963,9.97292,,1001.3,-51.1157,10218.7,,4.8591,0.0158718,,-1.16773,11.2637,fluid
762,24.5421,10.1306,,1000.6,-80.3975,4750.12,,1.55023,6.89644,,-9.3746,9.05718,fluid
763,23.6894,8.16627,,1000.5,16.1809,3959.97,,-0.557826,4.1335,,-5.85774,-0.492008,fluid
764,23.7542,8.49029,,1000.52,-7.99967,4117.73,,-0.498196,5.36297,,-6.37272,1.25989,fluid
765,23.8155,7.77535,,1000.97,48.8974,7658.75,,-0.78891,6.38766,,-5.4089,-3.95702,fluid
766,23.6537,6.60659,,1000.18,57.0703,1440.02,,-0.967316,5.9365,,-4.49733,-0.0455013,fluid
767,23.3682,5.39395,,999.617,1.23456,-3001.82,,-0.951614,5.74853,,-1.41386,1.19805,fluid
