h/dp :,2
L2norm Pressure,KE,dp,Nparticles
17090.8,546408,0.5,384

t,0.67
ID,x,y,,rho,drhodt,pressure,,u,v,,dudt,dvdt,type
0,-1.25,-0.25,,1015.05,0,123584,,0,0,,0,0,boundary
1,-0.75,-0.25,,1014.69,0,120518,,0,0,,0,0,boundary
2,-0.25,-0.25,,1014.49,0,118754,,0,0,,0,0,boundary
3,0.25,-0.25,,1014.35,0,117586,,0,0,,0,0,boundary
4,0.75,-0.25,,1014.16,0,115929,,0,0,,0,0,boundary
5,1.25,-0.25,,1013.91,0,113824,,0,0,,0,0,boundary
6,1.75,-0.25,,1013.63,0,111431,,0,0,,0,0,boundary
7,2.25,-0.25,,1013.31,0,108732,,0,0,,0,0,boundary
8,2.75,-0.25,,1012.95,0,105652,,0,0,,0,0,boundary
9,3.25,-0.25,,1012.54,0,102202,,0,0,,0,0,boundary
10,3.75,-0.25,,1012.1,0,98451.5,,0,0,,0,0,boundary
11,4.25,-0.25,,1011.63,0,94494.8,,0,0,,0,0,boundary
12,4.75,-0.25,,1011.15,0,90460.2,,0,0,,0,0,boundary
13,5.25,-0.25,,1010.67,0,86445.9,,0,0,,0,0,boundary
14,5.75,-0.25,,1010.19,0,82470.6,,0,0,,0,0,boundary
15,6.25,-0.25,,1009.73,0,78634.1,,0,0,,0,0,boundary
16,6.75,-0.25,,1009.31,0,75121.6,,0,0,,0,0,boundary
17,7.25,-0.25,,1008.91,0,71835.7,,0,0,,0,0,boundary
18,7.75,-0.25,,1008.53,0,68701.4,,0,0,,0,0,boundary
19,8.25,-0.25,,1008.2,0,65983.7,,0,0,,0,0,boundary
20,8.75,-0.25,,1007.91,0,63587.8,,0,0,,0,0,boundary
21,9.25,-0.25,,1007.58,0,60854.4,,0,0,,0,0,boundary
22,9.75,-0.25,,1007.25,0,58182.7,,0,0,,0,0,boundary
23,10.25,-0.25,,1007.02,0,56280.4,,0,0,,0,0,boundary
24,10.75,-0.25,,1006.76,0,54153.3,,0,0,,0,0,boundary
25,11.25,-0.25,,1006.32,0,50523.6,,0,0,,0,0,boundary
26,11.75,-0.25,,1005.91,0,47184.8,,0,0,,0,0,boundary
27,12.25,-0.25,,1005.57,0,44487.3,,0,0,,0,0,boundary
28,12.75,-0.25,,1005.05,0,40235.6,,0,0,,0,0,boundary
29,13.25,-0.25,,1004.38,0,34792,,0,0,,0,0,boundary
30,13.75,-0.25,,1003.87,0,30718,,0,0,,0,0,boundary
31,14.25,-0.25,,1003.35,0,26587.3,,0,0,,0,0,boundary
32,14.75,-0.25,,1002.76,0,21831.2,,0,0,,0,0,boundary
33,15.25,-0.25,,1002.02,0,15933,,0,0,,0,0,boundary
34,15.75,-0.25,,1001.13,0,8886.42,,0,0,,0,0,boundary
35,16.25,-0.25,,1001.18,0,9302.58,,0,0,,0,0,boundary
36,16.75,-0.25,,1001.18,0,9255.39,,0,0,,0,0,boundary
37,17.25,-0.25,,1001.2,0,9446.13,,0,0,,0,0,boundary
38,17.75,-0.25,,1000,0,0,,0,0,,0,0,boundary
39,18.25,-0.25,,1000,0,0,,0,0,,0,0,boundary
40,18.75,-0.25,,1000,0,0,,0,0,,0,0,boundary
41,19.25,-0.25,,1000,0,0,,0,0,,0,0,boundary
42,19.75,-0.25,,1000,0,0,,0,0,,0,0,boundary
43,20.25,-0.25,,1000,0,0,,0,0,,0,0,boundary
44,20.75,-0.25,,1000,0,0,,0,0,,0,0,boundary
45,21.25,-0.25,,1000,0,0,,0,0,,0,0,boundary
46,21.75,-0.25,,1000,0,0,,0,0,,0,0,boundary
47,22.25,-0.25,,1000,0,0,,0,0,,0,0,boundary
48,22.75,-0.25,,1000,0,0,,0,0,,0,0,boundary
49,23.25,-0.25,,1000,0,0,,0,0,,0,0,boundary
50,23.75,-0.25,,1000,0,0,,0,0,,0,0,boundary
51,24.25,-0.25,,1000,0,0,,0,0,,0,0,boundary
52,24.75,-0.25,,1000,0,0,,0,0,,0,0,boundary
53,25.25,-0.25,,1000,0,0,,0,0,,0,0,boundary
54,25.75,-0.25,,1000,0,0,,0,0,,0,0,boundary
55,26.25,-0.25,,1000,0,0,,0,0,,0,0,boundary
56,-1.25,-0.75,,1015.78,0,129821,,0,0,,0,0,boundary
57,-0.75,-0.75,,1015.4,0,126546,,0,0,,0,0,boundary
58,-0.25,-0.75,,1015.2,0,124894,,0,0,,0,0,boundary
59,0.25,-0.75,,1015.1,0,123987,,0,0,,0,0,boundary
60,0.75,-0.75,,1014.92,0,122480,,0,0,,0,0,boundary
61,1.25,-0.75,,1014.69,0,120478,,0,0,,0,0,boundary
62,1.75,-0.75,,1014.42,0,118200,,0,0,,0,0,boundary
63,2.25,-0.75,,1014.11,0,115557,,0,0,,0,0,boundary
64,2.75,-0.75,,1013.75,0,112483,,0,0,,0,0,boundary
65,3.25,-0.75,,1013.35,0,109038,,0,0,,0,0,boundary
66,3.75,-0.75,,1012.9,0,105253,,0,0,,0,0,boundary
67,4.25,-0.75,,1012.42,0,101190,,0,0,,0,0,boundary
68,4.75,-0.75,,1011.93,0,97015.9,,0,0,,0,0,boundary
69,5.25,-0.75,,1011.43,0,92829.4,,0,0,,0,0,boundary
70,5.75,-0.75,,1010.93,0,88605.9,,0,0,,0,0,boundary
71,6.25,-0.75,,1010.43,0,84467.3,,0,0,,0,0,boundary
72,6.75,-0.75,,1009.98,0,80725,,0,0,,0,0,boundary
73,7.25,-0.75,,1009.56,0,77182.6,,0,0,,0,0,boundary
74,7.75,-0.75,,1009.14,0,73760,,0,0,,0,0,boundary
75,8.25,-0.75,,1008.79,0,70827.5,,0,0,,0,0,boundary
76,8.75,-0.75,,1008.49,0,68379.8,,0,0,,0,0,boundary
77,9.25,-0.75,,1008.12,0,65329.2,,0,0,,0,0,boundary
78,9.75,-0.75,,1007.77,0,62432.6,,0,0,,0,0,boundary
79,10.25,-0.75,,1007.55,0,60578.9,,0,0,,0,0,boundary
80,10.75,-0.75,,1007.34,0,58897.6,,0,0,,0,0,boundary
81,11.25,-0.75,,1006.9,0,55305,,0,0,,0,0,boundary
82,11.75,-0.75,,1006.51,0,52136.8,,0,0,,0,0,boundary
83,12.25,-0.75,,1006.27,0,50168.2,,0,0,,0,0,boundary
84,12.75,-0.75,,1005.82,0,46465.7,,0,0,,0,0,boundary
85,13.25,-0.75,,1005.22,0,41616.6,,0,0,,0,0,boundary
86,13.75,-0.75,,1004.72,0,37588.5,,0,0,,0,0,boundary
87,14.25,-0.75,,1004.23,0,33623.2,,0,0,,0,0,boundary
88,14.75,-0.75,,1003.53,0,27997.3,,0,0,,0,0,boundary
89,15.25,-0.75,,1002.69,0,21318.2,,0,0,,0,0,boundary
90,15.75,-0.75,,1001.27,0,10009.9,,0,0,,0,0,boundary
91,16.25,-0.75,,1001.21,0,9516.69,,0,0,,0,0,boundary
92,16.75,-0.75,,1001.19,0,9405.54,,0,0,,0,0,boundary
93,17.25,-0.75,,1001.22,0,9573,,0,0,,0,0,boundary
94,17.75,-0.75,,1000,0,0,,0,0,,0,0,boundary
95,18.25,-0.75,,1000,0,0,,0,0,,0,0,boundary
96,18.75,-0.75,,1000,0,0,,0,0,,0,0,boundary
97,19.25,-0.75,,1000,0,0,,0,0,,0,0,boundary
98,19.75,-0.75,,1000,0,0,,0,0,,0,0,boundary
99,20.25,-0.75,,1000,0,0,,0,0,,0,0,boundary
100,20.75,-0.75,,1000,0,0,,0,0,,0,0,boundary
101,21.25,-0.75,,1000,0,0,,0,0,,0,0,boundary
102,21.75,-0.75,,1000,0,0,,0,0,,0,0,boundary
103,22.25,-0.75,,1000,0,0,,0,0,,0,0,boundary
104,22.75,-0.75,,1000,0,0,,0,0,,0,0,boundary
105,23.25,-0.75,,1000,0,0,,0,0,,0,0,boundary
106,23.75,-0.75,,1000,0,0,,0,0,,0,0,boundary
107,24.25,-0.75,,1000,0,0,,0,0,,0,0,boundary
108,24.75,-0.75,,1000,0,0,,0,0,,0,0,boundary
109,25.25,-0.75,,1000,0,0,,0,0,,0,0,boundary
110,25.75,-0.75,,1000,0,0,,0,0,,0,0,boundary
111,26.25,-0.75,,1000,0,0,,0,0,,0,0,boundary
112,-1.25,-1.25,,1016.67,0,137536,,0,0,,0,0,boundary
113,-0.75,-1.25,,1016.24,0,133794,,0,0,,0,0,boundary
114,-0.25,-1.25,,1016.01,0,131852,,0,0,,0,0,boundary
115,0.25,-1.25,,1015.93,0,131151,,0,0,,0,0,boundary
116,0.75,-1.25,,1015.81,0,130091,,0,0,,0,0,boundary
117,1.25,-1.25,,1015.61,0,128381,,0,0,,0,0,boundary
118,1.75,-1.25,,1015.36,0,126204,,0,0,,0,0,boundary
119,2.25,-1.25,,1015.04,0,123523,,0,0,,0,0,boundary
120,2.75,-1.25,,1014.68,0,120401,,0,0,,0,0,boundary
121,3.25,-1.25,,1014.27,0,116929,,0,0,,0,0,boundary
122,3.75,-1.25,,1013.82,0,113075,,0,0,,0,0,boundary
123,4.25,-1.25,,1013.33,0,108867,,0,0,,0,0,boundary
124,4.75,-1.25,,1012.81,0,104510,,0,0,,0,0,boundary
125,5.25,-1.25,,1012.29,0,100099,,0,0,,0,0,boundary
126,5.75,-1.25,,1011.75,0,95534.7,,0,0,,0,0,boundary
127,6.25,-1.25,,1011.2,0,90943.1,,0,0,,0,0,boundary
128,6.75,-1.25,,1010.72,0,86844,,0,0,,0,0,boundary
129,7.25,-1.25,,1010.25,0,82965.7,,0,0,,0,0,boundary
130,7.75,-1.25,,1009.78,0,79053.1,,0,0,,0,0,boundary
131,8.25,-1.25,,1009.37,0,75673,,0,0,,0,0,boundary
132,8.75,-1.25,,1009.06,0,73058.2,,0,0,,0,0,boundary
133,9.25,-1.25,,1008.67,0,69817.6,,0,0,,0,0,boundary
134,9.75,-1.25,,1008.27,0,66512.8,,0,0,,0,0,boundary
135,10.25,-1.25,,1008.04,0,64630.5,,0,0,,0,0,boundary
136,10.75,-1.25,,1007.9,0,63454.6,,0,0,,0,0,boundary
137,11.25,-1.25,,1007.53,0,60408.5,,0,0,,0,0,boundary
138,11.75,-1.25,,1007.15,0,57312.8,,0,0,,0,0,boundary
139,12.25,-1.25,,1006.89,0,55181.6,,0,0,,0,0,boundary
140,12.75,-1.25,,1006.53,0,52266.5,,0,0,,0,0,boundary
141,13.25,-1.25,,1005.98,0,47759.4,,0,0,,0,0,boundary
142,13.75,-1.25,,1005.41,0,43170.4,,0,0,,0,0,boundary
143,14.25,-1.25,,1004.95,0,39418.3,,0,0,,0,0,boundary
144,14.75,-1.25,,1004.35,0,34604,,0,0,,0,0,boundary
145,15.25,-1.25,,1001.48,0,11662.8,,0,0,,0,0,boundary
146,15.75,-1.25,,1001.3,0,10245.2,,0,0,,0,0,boundary
147,16.25,-1.25,,1001.24,0,9777.13,,0,0,,0,0,boundary
148,16.75,-1.25,,1001.22,0,9607.98,,0,0,,0,0,boundary
149,17.25,-1.25,,1001.24,0,9757.73,,0,0,,0,0,boundary
150,17.75,-1.25,,1000,0,0,,0,0,,0,0,boundary
151,18.25,-1.25,,1000,0,0,,0,0,,0,0,boundary
152,18.75,-1.25,,1000,0,0,,0,0,,0,0,boundary
153,19.25,-1.25,,1000,0,0,,0,0,,0,0,boundary
154,19.75,-1.25,,1000,0,0,,0,0,,0,0,boundary
155,20.25,-1.25,,1000,0,0,,0,0,,0,0,boundary
156,20.75,-1.25,,1000,0,0,,0,0,,0,0,boundary
157,21.25,-1.25,,1000,0,0,,0,0,,0,0,boundary
158,21.75,-1.25,,1000,0,0,,0,0,,0,0,boundary
159,22.25,-1.25,,1000,0,0,,0,0,,0,0,boundary
160,22.75,-1.25,,1000,0,0,,0,0,,0,0,boundary
161,23.25,-1.25,,1000,0,0,,0,0,,0,0,boundary
162,23.75,-1.25,,1000,0,0,,0,0,,0,0,boundary
163,24.25,-1.25,,1000,0,0,,0,0,,0,0,boundary
164,24.75,-1.25,,1000,0,0,,0,0,,0,0,boundary
165,25.25,-1.25,,1000,0,0,,0,0,,0,0,boundary
166,25.75,-1.25,,1000,0,0,,0,0,,0,0,boundary
167,26.25,-1.25,,1000,0,0,,0,0,,0,0,boundary
168,-0.25,0.25,,1013.68,0,111873,,0,0,,0,0,boundary
169,-0.25,0.75,,1012.83,0,104630,,0,0,,0,0,boundary
170,-0.25,1.25,,1012,0,97593.5,,0,0,,0,0,boundary
171,-0.25,1.75,,1011.16,0,90598.2,,0,0,,0,0,boundary
172,-0.25,2.25,,1010.3,0,83345.1,,0,0,,0,0,boundary
173,-0.25,2.75,,1009.39,0,75771.4,,0,0,,0,0,boundary
174,-0.25,3.25,,1008.45,0,68014.8,,0,0,,0,0,boundary
175,-0.25,3.75,,1007.49,0,60139.2,,0,0,,0,0,boundary
176,-0.25,4.25,,1006.52,0,52173.9,,0,0,,0,0,boundary
177,-0.25,4.75,,1005.54,0,44224.9,,0,0,,0,0,boundary
178,-0.25,5.25,,1004.56,0,36285.3,,0,0,,0,0,boundary
179,-0.25,5.75,,1003.53,0,28004.5,,0,0,,0,0,boundary
180,-0.25,6.25,,1002.44,0,19251.8,,0,0,,0,0,boundary
181,-0.25,6.75,,1001.49,0,11710.4,,0,0,,0,0,boundary
182,-0.25,7.25,,1000.84,0,6617.37,,0,0,,0,0,boundary
183,-0.25,7.75,,1001.15,0,9020.37,,0,0,,0,0,boundary
184,-0.25,8.25,,1001.03,0,8143.26,,0,0,,0,0,boundary
185,-0.25,8.75,,1000.98,0,7682.28,,0,0,,0,0,boundary
186,-0.25,9.25,,1000,0,0,,0,0,,0,0,boundary
187,-0.25,9.75,,1000,0,0,,0,0,,0,0,boundary
188,-0.75,0.25,,1013.92,0,113908,,0,0,,0,0,boundary
189,-0.75,0.75,,1013.08,0,106770,,0,0,,0,0,boundary
190,-0.75,1.25,,1012.25,0,99774,,0,0,,0,0,boundary
191,-0.75,1.75,,1011.42,0,92753.6,,0,0,,0,0,boundary
192,-0.75,2.25,,1010.54,0,85354.9,,0,0,,0,0,boundary
193,-0.75,2.75,,1009.6,0,77559,,0,0,,0,0,boundary
194,-0.75,3.25,,1008.64,0,69576.7,,0,0,,0,0,boundary
195,-0.75,3.75,,1007.66,0,61482.5,,0,0,,0,0,boundary
196,-0.75,4.25,,1006.66,0,53307.1,,0,0,,0,0,boundary
197,-0.75,4.75,,1005.66,0,45160.5,,0,0,,0,0,boundary
198,-0.75,5.25,,1004.65,0,37034.5,,0,0,,0,0,boundary
199,-0.75,5.75,,1003.61,0,28630.6,,0,0,,0,0,boundary
200,-0.75,6.25,,1002.51,0,19861.6,,0,0,,0,0,boundary
201,-0.75,6.75,,1001.55,0,12222.9,,0,0,,0,0,boundary
202,-0.75,7.25,,1000.9,0,7111.86,,0,0,,0,0,boundary
203,-0.75,7.75,,1001.07,0,8454.99,,0,0,,0,0,boundary
204,-0.75,8.25,,1000.97,0,7610.1,,0,0,,0,0,boundary
205,-0.75,8.75,,1000.9,0,7061.28,,0,0,,0,0,boundary
206,-0.75,9.25,,1000.86,0,6738.59,,0,0,,0,0,boundary
207,-0.75,9.75,,1000,0,0,,0,0,,0,0,boundary
208,-1.25,0.25,,1014.31,0,117209,,0,0,,0,0,boundary
209,-1.25,0.75,,1013.51,0,110396,,0,0,,0,0,boundary
210,-1.25,1.25,,1012.71,0,103632,,0,0,,0,0,boundary
211,-1.25,1.75,,1011.87,0,96580.8,,0,0,,0,0,boundary
212,-1.25,2.25,,1010.96,0,88871.4,,0,0,,0,0,boundary
213,-1.25,2.75,,1009.98,0,80737.8,,0,0,,0,0,boundary
214,-1.25,3.25,,1008.99,0,72511.1,,0,0,,0,0,boundary
215,-1.25,3.75,,1007.98,0,64153.2,,0,0,,0,0,boundary
216,-1.25,4.25,,1006.94,0,55614.9,,0,0,,0,0,boundary
217,-1.25,4.75,,1005.89,0,47077.2,,0,0,,0,0,boundary
218,-1.25,5.25,,1004.85,0,38636.2,,0,0,,0,0,boundary
219,-1.25,5.75,,1003.79,0,30060,,0,0,,0,0,boundary
220,-1.25,6.25,,1002.71,0,21405.2,,0,0,,0,0,boundary
221,-1.25,6.75,,1001.71,0,13453.1,,0,0,,0,0,boundary
222,-1.25,7.25,,1000.95,0,7464.1,,0,0,,0,0,boundary
223,-1.25,7.75,,1001.03,0,8096.08,,0,0,,0,0,boundary
224,-1.25,8.25,,1000.92,0,7265.18,,0,0,,0,0,boundary
225,-1.25,8.75,,1000.86,0,6764.16,,0,0,,0,0,boundary
226,-1.25,9.25,,1000.84,0,6620.8,,0,0,,0,0,boundary
227,-1.25,9.75,,1000,0,0,,0,0,,0,0,boundary
228,25.25,0.25,,1000,0,0,,0,0,,0,0,boundary
229,25.25,0.75,,1000,0,0,,0,0,,0,0,boundary
230,25.25,1.25,,1000,0,0,,0,0,,0,0,boundary
231,25.25,1.75,,1000,0,0,,0,0,,0,0,boundary
232,25.25,2.25,,1000,0,0,,0,0,,0,0,boundary
233,25.25,2.75,,1000,0,0,,0,0,,0,0,boundary
234,25.25,3.25,,1000,0,0,,0,0,,0,0,boundary
235,25.25,3.75,,1000,0,0,,0,0,,0,0,boundary
236,25.25,4.25,,1000,0,0,,0,0,,0,0,boundary
237,25.25,4.75,,1000,0,0,,0,0,,0,0,boundary
238,25.25,5.25,,1000,0,0,,0,0,,0,0,boundary
239,25.25,5.75,,1000,0,0,,0,0,,0,0,boundary
240,25.25,6.25,,1000,0,0,,0,0,,0,0,boundary
241,25.25,6.75,,1000,0,0,,0,0,,0,0,boundary
242,25.25,7.25,,1000,0,0,,0,0,,0,0,boundary
243,25.25,7.75,,1000,0,0,,0,0,,0,0,boundary
244,25.25,8.25,,1000,0,0,,0,0,,0,0,boundary
245,25.25,8.75,,1000,0,0,,0,0,,0,0,boundary
246,25.25,9.25,,1000,0,0,,0,0,,0,0,boundary
247,25.25,9.75,,1000,0,0,,0,0,,0,0,boundary
248,25.75,0.25,,1000,0,0,,0,0,,0,0,boundary
249,25.75,0.75,,1000,0,0,,0,0,,0,0,boundary
250,25.75,1.25,,1000,0,0,,0,0,,0,0,boundary
251,25.75,1.75,,1000,0,0,,0,0,,0,0,boundary
252,25.75,2.25,,1000,0,0,,0,0,,0,0,boundary
253,25.75,2.75,,1000,0,0,,0,0,,0,0,boundary
254,25.75,3.25,,1000,0,0,,0,0,,0,0,boundary
255,25.75,3.75,,1000,0,0,,0,0,,0,0,boundary
256,25.75,4.25,,1000,0,0,,0,0,,0,0,boundary
257,25.75,4.75,,1000,0,0,,0,0,,0,0,boundary
258,25.75,5.25,,1000,0,0,,0,0,,0,0,boundary
259,25.75,5.75,,1000,0,0,,0,0,,0,0,boundary
260,25.75,6.25,,1000,0,0,,0,0,,0,0,boundary
261,25.75,6.75,,1000,0,0,,0,0,,0,0,boundary
262,25.75,7.25,,1000,0,0,,0,0,,0,0,boundary
263,25.75,7.75,,1000,0,0,,0,0,,0,0,boundary
264,25.75,8.25,,1000,0,0,,0,0,,0,0,boundary
265,25.75,8.75,,1000,0,0,,0,0,,0,0,boundary
266,25.75,9.25,,1000,0,0,,0,0,,0,0,boundary
267,25.75,9.75,,1000,0,0,,0,0,,0,0,boundary
268,26.25,0.25,,1000,0,0,,0,0,,0,0,boundary
269,26.25,0.75,,1000,0,0,,0,0,,0,0,boundary
270,26.25,1.25,,1000,0,0,,0,0,,0,0,boundary
271,26.25,1.75,,1000,0,0,,0,0,,0,0,boundary
272,26.25,2.25,,1000,0,0,,0,0,,0,0,boundary
273,26.25,2.75,,1000,0,0,,0,0,,0,0,boundary
274,26.25,3.25,,1000,0,0,,0,0,,0,0,boundary
275,26.25,3.75,,1000,0,0,,0,0,,0,0,boundary
276,26.25,4.25,,1000,0,0,,0,0,,0,0,boundary
277,26.25,4.75,,1000,0,0,,0,0,,0,0,boundary
278,26.25,5.25,,1000,0,0,,0,0,,0,0,boundary
279,26.25,5.75,,1000,0,0,,0,0,,0,0,boundary
280,26.25,6.25,,1000,0,0,,0,0,,0,0,boundary
281,26.25,6.75,,1000,0,0,,0,0,,0,0,boundary
282,26.25,7.25,,1000,0,0,,0,0,,0,0,boundary
283,26.25,7.75,,1000,0,0,,0,0,,0,0,boundary
284,26.25,8.25,,1000,0,0,,0,0,,0,0,boundary
285,26.25,8.75,,1000,0,0,,0,0,,0,0,boundary
286,26.25,9.25,,1000,0,0,,0,0,,0,0,boundary
287,26.25,9.75,,1000,0,0,,0,0,,0,0,boundary
288,0.265918,0.229571,,1013.6,-74.8294,111193,,0.1363,-0.00138725,,2.24231,12.7009,fluid
289,0.266778,0.687687,,1012.77,-73.7774,104156,,0.141263,-0.0731244,,2.02074,13.3101,fluid
290,0.266536,1.15118,,1012.05,-65.6233,98035.8,,0.138765,-0.149084,,1.66446,13.1805,fluid
291,0.266958,1.61345,,1011.33,-61.8775,91978.4,,0.127204,-0.240165,,1.40775,13.5276,fluid
292,0.266113,2.0761,,1010.53,-60.6149,85308,,0.115647,-0.318578,,1.37675,14.2088,fluid
293,0.265533,2.54095,,1009.69,-58.2466,78285.2,,0.10804,-0.395436,,1.36389,14.6835,fluid
294,0.265149,3.00694,,1008.83,-55.352,71126.2,,0.0991155,-0.4704,,1.25064,14.9785,fluid
295,0.264815,3.47494,,1007.96,-52.9122,63992.2,,0.0907752,-0.537678,,1.07997,15.2671,fluid
296,0.264436,3.94434,,1007.07,-50.8462,56636.9,,0.0833619,-0.609813,,0.939856,15.52,fluid
297,0.263923,4.41751,,1006.13,-48.5816,48997.4,,0.0708796,-0.670616,,0.795953,15.6225,fluid
298,0.266187,4.88959,,1005.21,-44.9273,41503.2,,0.0688368,-0.719719,,0.601631,15.7827,fluid
299,0.267257,5.36247,,1004.3,-39.3858,34192.5,,0.0734089,-0.795337,,0.465947,15.8298,fluid
300,0.263113,5.8487,,1003.42,-32.7974,27118.2,,0.0424229,-0.826426,,0.251381,15.724,fluid
301,0.263386,6.31048,,1002.22,-25.4246,17570.8,,-0.00869257,-0.854502,,-0.28217,16.0739,fluid
302,0.328033,6.70811,,1001.45,-18.0756,11417.1,,0.108156,-1.17483,,-0.639387,15.8614,fluid
303,0.534417,7.16226,,1001.2,-12.9685,9441.19,,0.557695,-1.13769,,-0.960925,15.1043,fluid
304,0.809628,0.228821,,1013.44,-68.9845,109831,,0.246805,-0.00734966,,2.96866,12.3846,fluid
305,0.811353,0.684608,,1012.72,-65.4581,103724,,0.246547,-0.0840398,,2.58105,12.8072,fluid
306,0.811188,1.14712,,1012.08,-58.0078,98289.1,,0.238795,-0.178731,,2.19658,12.7452,fluid
307,0.809991,1.60695,,1011.36,-56.6322,92242.1,,0.228884,-0.276502,,2.05173,13.381,fluid
308,0.807843,2.06837,,1010.54,-56.15,85345,,0.222096,-0.35417,,2.02083,14.1449,fluid
309,0.805429,2.53238,,1009.68,-53.0719,78223.5,,0.215991,-0.435643,,1.92237,14.523,fluid
310,0.802436,2.99719,,1008.82,-49.5981,71048.5,,0.206873,-0.515551,,1.75316,14.7398,fluid
311,0.79913,3.46465,,1007.96,-47.1654,63995.4,,0.196547,-0.584385,,1.56019,15.0121,fluid
312,0.795802,3.93306,,1007.07,-45.1517,56668.6,,0.187443,-0.660122,,1.40024,15.3275,fluid
313,0.791839,4.40608,,1006.11,-42.9715,48868.7,,0.174797,-0.726673,,1.28614,15.4128,fluid
314,0.788942,4.87915,,1005.2,-39.893,41435.1,,0.15923,-0.773605,,1.10437,15.4599,fluid
315,0.788721,5.35256,,1004.29,-35.0319,34095.9,,0.152666,-0.838228,,0.855628,15.583,fluid
316,0.793682,5.83355,,1003.36,-28.9378,26598.9,,0.167512,-0.903608,,0.705676,15.4267,fluid
317,0.791478,6.30517,,1002.4,-21.9151,18946.9,,0.144686,-0.941278,,0.489784,15.3992,fluid
318,0.810286,6.84343,,1001.28,-13.5776,10060.7,,0.13922,-0.97885,,-0.161778,14.3783,fluid
319,0.890195,7.32903,,1000.86,-9.5889,6746.69,,0.319036,-0.972994,,-0.288247,14.0128,fluid
320,1.35011,0.228635,,1013.16,-54.28,107467,,0.389719,-0.0193655,,4.14191,12.072,fluid
321,1.35112,0.684179,,1012.49,-52.1951,101809,,0.392725,-0.0967119,,3.98598,12.3876,fluid
322,1.35051,1.14546,,1011.85,-47.9875,96390.4,,0.381269,-0.197418,,3.84443,12.5477,fluid
323,1.34829,1.60433,,1011.11,-48.0003,90115.7,,0.36706,-0.289062,,3.79157,13.3318,fluid
324,1.34474,2.0652,,1010.3,-46.9125,83345.2,,0.352362,-0.365335,,3.63415,13.9789,fluid
325,1.34085,2.52859,,1009.49,-43.478,76595,,0.335143,-0.450678,,3.33042,14.2519,fluid
326,1.33613,2.99243,,1008.66,-40.5699,69725.4,,0.314867,-0.533262,,3.01695,14.4664,fluid
327,1.33095,3.45976,,1007.83,-38.974,62935.7,,0.292738,-0.603279,,2.70458,14.7184,fluid
328,1.32604,3.92795,,1006.98,-37.2509,55909.5,,0.272108,-0.677521,,2.35625,15.0652,fluid
329,1.32086,4.40056,,1006.04,-34.8283,48258,,0.254454,-0.745205,,2.04052,15.2124,fluid
330,1.31584,4.87423,,1005.14,-32.2253,40934.9,,0.234541,-0.801108,,1.7448,15.1317,fluid
331,1.31181,5.35232,,1004.24,-28.6655,33728.9,,0.209284,-0.851299,,1.3373,15.2027,fluid
332,1.31446,5.84152,,1003.29,-23.1741,26053.5,,0.20509,-0.88585,,0.929059,15.2004,fluid
333,1.32638,6.30003,,1002.37,-17.0812,18716.8,,0.231919,-0.967714,,0.704169,15.2284,fluid
334,1.32995,6.85946,,1001.41,-12.3187,11077.6,,0.246169,-0.892442,,0.561546,14.2654,fluid
335,1.32149,7.37254,,1000.84,-8.80671,6617.98,,0.219689,-0.892426,,0.336729,13.7579,fluid
336,1.89332,0.228252,,1012.86,-34.9844,104944,,0.516146,-0.0242697,,4.75217,11.8566,fluid
337,1.8961,0.682743,,1012.23,-33.8695,99548.6,,0.518868,-0.112738,,4.57102,12.1623,fluid
338,1.89466,1.14239,,1011.55,-31.3036,93855.1,,0.509814,-0.215647,,4.48674,12.4949,fluid
339,1.8912,1.60022,,1010.78,-30.872,87426,,0.498554,-0.303874,,4.40022,13.2151,fluid
340,1.886,2.06029,,1010.01,-29.3625,80925.9,,0.481563,-0.384375,,4.16942,13.6608,fluid
341,1.87975,2.52279,,1009.23,-27.1744,74496.9,,0.458467,-0.474673,,3.86604,13.9042,fluid
342,1.87244,2.98577,,1008.42,-26.1427,67733.1,,0.433389,-0.558446,,3.62687,14.1878,fluid
343,1.86427,3.45277,,1007.59,-26.0666,60962.1,,0.405798,-0.631065,,3.40478,14.3934,fluid
344,1.85573,3.921,,1006.76,-25.4684,54144.7,,0.37581,-0.704343,,3.08679,14.6543,fluid
345,1.84695,4.39359,,1005.86,-23.8765,46823,,0.345678,-0.768739,,2.68247,14.8373,fluid
346,1.83887,4.86776,,1004.98,-22.4606,39657.1,,0.318402,-0.82641,,2.31325,14.785,fluid
347,1.83037,5.34548,,1004.12,-21.0348,32772.2,,0.2904,-0.88526,,1.98438,14.7454,fluid
348,1.81874,5.84148,,1003.17,-17.5349,25145.3,,0.241722,-0.901055,,1.50914,14.768,fluid
349,1.81894,6.30786,,1002.22,-12.6395,17545.9,,0.22741,-0.961329,,1.0822,14.863,fluid
350,1.82666,6.82938,,1001.42,-9.96922,11221.9,,0.253595,-0.938648,,0.871107,14.3186,fluid
351,1.81377,7.35226,,1000.87,-7.25011,6883.25,,0.232825,-0.914333,,0.79133,13.7284,fluid
352,2.43748,0.228233,,1012.52,-15.1578,102052,,0.630631,-0.0331944,,5.47272,11.5686,fluid
353,2.44108,0.680667,,1011.93,-14.7888,97017.7,,0.638125,-0.128824,,5.29596,11.9096,fluid
354,2.43894,1.13866,,1011.25,-13.5116,91367.5,,0.628699,-0.232092,,5.11511,12.3371,fluid
355,2.43441,1.59521,,1010.51,-13.1249,85121.3,,0.612633,-0.321968,,4.91145,12.9668,fluid
356,2.42771,2.05388,,1009.77,-12.1253,78949.9,,0.588453,-0.409374,,4.62001,13.3003,fluid
357,2.41942,2.51509,,1009.02,-11.6098,72723.3,,0.559064,-0.503176,,4.30129,13.5843,fluid
358,2.40987,2.97702,,1008.21,-11.9447,66004.8,,0.528487,-0.587524,,4.02541,13.9412,fluid
359,2.39913,3.44312,,1007.38,-12.3502,59232.2,,0.495836,-0.662459,,3.76076,14.1137,fluid
360,2.38758,3.91083,,1006.56,-12.2901,52525.8,,0.461685,-0.73791,,3.44421,14.254,fluid
361,2.37497,4.38301,,1005.7,-11.802,45508.8,,0.423773,-0.805129,,3.04285,14.3639,fluid
362,2.36255,4.8583,,1004.85,-11.6107,38595.3,,0.382081,-0.857939,,2.58657,14.3829,fluid
363,2.35167,5.33476,,1004.01,-11.587,31889.4,,0.351002,-0.91553,,2.21485,14.408,fluid
364,2.33613,5.82719,,1003.1,-10.5055,24524.1,,0.31126,-0.953742,,1.88966,14.2898,fluid
365,2.32073,6.30539,,1002.13,-7.84411,16861.6,,0.259179,-0.990537,,1.44153,14.2977,fluid
366,2.31559,6.81323,,1001.34,-6.20649,10552.7,,0.242539,-0.988897,,1.08302,14.0759,fluid
367,2.30481,7.32243,,1000.89,-5.09202,6989.32,,0.219387,-0.974782,,0.92284,13.7222,fluid
368,2.98412,0.227565,,1012.12,2.51132,98640.7,,0.746692,-0.041641,,6.23361,11.2945,fluid
369,2.98902,0.677769,,1011.57,1.38518,94000.4,,0.762973,-0.145389,,6.10906,11.627,fluid
370,2.98599,1.13398,,1010.91,0.55979,88452.2,,0.751049,-0.252294,,5.92343,12.1237,fluid
371,2.97997,1.58885,,1010.17,0.299856,82286.1,,0.730142,-0.346411,,5.74327,12.7012,fluid
372,2.97106,2.04562,,1009.45,0.934382,76298,,0.701998,-0.438491,,5.4893,12.9517,fluid
373,2.96015,2.5053,,1008.73,0.480096,70299,,0.669398,-0.535456,,5.15647,13.2164,fluid
374,2.94775,2.96588,,1007.94,-0.677906,63797,,0.632762,-0.622894,,4.78805,13.5827,fluid
375,2.9338,3.43076,,1007.14,-1.27983,57240.2,,0.590764,-0.700426,,4.38933,13.7328,fluid
376,2.91884,3.89765,,1006.35,-1.46937,50784.6,,0.546307,-0.77713,,3.95476,13.8209,fluid
377,2.90273,4.36855,,1005.52,-1.91187,44018.7,,0.500295,-0.849705,,3.50804,13.8853,fluid
378,2.88532,4.84397,,1004.69,-2.90255,37329.9,,0.446917,-0.90642,,3.0329,13.8808,fluid
379,2.86867,5.32123,,1003.9,-3.63953,30931.4,,0.393529,-0.954751,,2.53074,13.9747,fluid
380,2.85096,5.80986,,1003.03,-3.59118,23964.3,,0.343511,-0.998008,,2.06183,13.9022,fluid
381,2.83268,6.28868,,1002.1,-3.02793,16617.9,,0.29566,-1.04158,,1.64182,13.8339,fluid
382,2.81735,6.79411,,1001.28,-2.9925,10096.7,,0.258959,-1.04361,,1.30155,13.7122,fluid
383,2.80292,7.29483,,1000.88,-2.67476,6886.09,,0.22364,-1.04387,,1.06654,13.5007,fluid
384,3.53386,0.226945,,1011.66,18.6826,94732.6,,0.854287,-0.0498458,,6.79717,11.0106,fluid
385,3.54008,0.674093,,1011.14,16.6155,90378.5,,0.876648,-0.164125,,6.6746,11.3323,fluid
386,3.53624,1.1279,,1010.47,14.0759,84819.6,,0.862235,-0.275729,,6.42587,11.9123,fluid
387,3.52859,1.58034,,1009.73,13.4386,78606,,0.839208,-0.373696,,6.20399,12.4537,fluid
388,3.51765,2.03483,,1009.03,14.2239,72798.4,,0.80955,-0.468887,,5.91718,12.5975,fluid
389,3.50428,2.49267,,1008.35,13.3463,67164.1,,0.77356,-0.571385,,5.55507,12.7886,fluid
390,3.48893,2.95147,,1007.6,11.4213,60999.3,,0.731943,-0.665166,,5.174,13.1359,fluid
391,3.47154,3.41464,,1006.83,10.1618,54739.8,,0.684619,-0.747464,,4.77361,13.2538,fluid
392,3.45256,3.88048,,1006.09,9.25585,48653.7,,0.632638,-0.827103,,4.31654,13.2964,fluid
393,3.43243,4.35015,,1005.3,7.81094,42253.3,,0.577885,-0.901792,,3.82589,13.3747,fluid
394,3.41092,4.8242,,1004.49,5.59869,35743.4,,0.520021,-0.965178,,3.35473,13.371,fluid
395,3.38832,5.30138,,1003.72,3.60083,29487.9,,0.457121,-1.01628,,2.87327,13.4277,fluid
396,3.3643,5.78892,,1002.9,2.4266,22943.4,,0.387639,-1.05729,,2.33993,13.3814,fluid
397,3.34184,6.26783,,1002.04,1.52524,16100.9,,0.325027,-1.09703,,1.83315,13.3589,fluid
398,3.32154,6.76983,,1001.22,0.173633,9605.21,,0.274553,-1.10853,,1.44445,13.2954,fluid
399,3.30427,7.26583,,1000.86,-0.1456,6731.6,,0.231986,-1.12161,,1.17331,13.1803,fluid
400,4.0869,0.226092,,1011.16,33.2105,90573.6,,0.972532,-0.0560419,,7.20047,10.6896,fluid
401,4.0941,0.669552,,1010.68,31.3545,86586.9,,1.00745,-0.181797,,7.08256,10.9622,fluid
402,4.08923,1.12052,,1010.04,27.692,81228.3,,0.993912,-0.299081,,6.74814,11.5833,fluid
403,4.07989,1.57014,,1009.31,26.4075,75171.3,,0.968211,-0.403827,,6.41488,12.0864,fluid
404,4.06677,2.02193,,1008.64,26.7133,69628.6,,0.931854,-0.505255,,6.02903,12.1539,fluid
405,4.05063,2.47735,,1008,24.9985,64294.1,,0.886327,-0.615123,,5.60778,12.3181,fluid
406,4.03198,2.93388,,1007.27,22.2491,58309.9,,0.834624,-0.714705,,5.20702,12.6895,fluid
407,4.01102,3.39494,,1006.52,20.4749,52196.8,,0.77836,-0.800652,,4.81832,12.7945,fluid
408,3.988,3.85917,,1005.81,19.0843,46394.6,,0.71788,-0.88528,,4.39627,12.7685,fluid
409,3.96328,4.3276,,1005.07,17.0441,40424.1,,0.652301,-0.963283,,3.92195,12.8241,fluid
410,3.93747,4.80032,,1004.31,14.185,34305.1,,0.583877,-1.0288,,3.42995,12.8544,fluid
411,3.91058,5.27625,,1003.56,11.1221,28252.7,,0.51413,-1.08521,,2.94819,12.8976,fluid
412,3.88152,5.76236,,1002.77,8.36498,21946.5,,0.43719,-1.13158,,2.44207,12.8253,fluid
413,3.85379,6.24164,,1001.96,5.86349,15504.7,,0.363396,-1.16904,,1.95037,12.8317,fluid
414,3.82847,6.74131,,1001.16,3.27157,9143.02,,0.299045,-1.18674,,1.55281,12.8352,fluid
415,3.80813,7.23415,,1000.84,1.9477,6570.4,,0.247705,-1.20787,,1.26512,12.8116,fluid
416,4.64478,0.224945,,1010.65,42.3757,86262.6,,1.08368,-0.0597416,,7.30553,10.3409,fluid
417,4.65344,0.66408,,1010.21,40.5631,82636.3,,1.12525,-0.198222,,7.19304,10.5568,fluid
418,4.64739,1.11167,,1009.61,36.1187,77589.8,,1.10921,-0.322635,,6.8682,11.1897,fluid
419,4.63603,1.55786,,1008.91,34.576,71819,,1.08167,-0.437064,,6.55292,11.6544,fluid
420,4.62023,2.00638,,1008.28,34.8916,66615.6,,1.0443,-0.546403,,6.19013,11.6631,fluid
421,4.6009,2.45884,,1007.68,32.9843,61644.4,,0.997854,-0.66465,,5.76594,11.796,fluid
422,4.57859,2.91265,,1006.98,29.9188,55916.2,,0.943285,-0.771866,,5.31202,12.1852,fluid
423,4.55361,3.37138,,1006.25,27.8781,49972.8,,0.880227,-0.862748,,4.84161,12.3047,fluid
424,4.52628,3.83355,,1005.56,26.2152,44350.6,,0.810452,-0.952612,,4.37357,12.2582,fluid
425,4.49672,4.3002,,1004.85,23.9311,38617.5,,0.734803,-1.03601,,3.91671,12.2926,fluid
426,4.46564,4.77167,,1004.13,20.9088,32812.3,,0.654312,-1.10446,,3.45894,12.3257,fluid
427,4.43354,5.24655,,1003.42,17.3296,27081.8,,0.571269,-1.16338,,2.98715,12.3658,fluid
428,4.3996,5.73106,,1002.67,13.4107,21117,,0.482986,-1.21401,,2.48342,12.2885,fluid
429,4.36721,6.2102,,1001.9,9.54637,15026.9,,0.400249,-1.25109,,2.00859,12.3303,fluid
430,4.33744,6.70811,,1001.11,5.80211,8737.12,,0.326927,-1.27478,,1.63222,12.3839,fluid
431,4.31381,7.19893,,1000.81,3.69533,6337.46,,0.268493,-1.30214,,1.34859,12.3765,fluid
432,5.20776,0.223605,,1010.12,44.4952,81858.8,,1.21343,-0.0658404,,7.25314,9.96527,fluid
433,5.21794,0.657593,,1009.7,42.3826,78411.7,,1.26527,-0.217296,,7.16175,10.1607,fluid
434,5.2105,1.10109,,1009.11,37.5502,73495,,1.24707,-0.348857,,6.84146,10.8007,fluid
435,5.19681,1.54309,,1008.43,36.4465,67823.1,,1.21402,-0.472827,,6.511,11.2513,fluid
436,5.17806,1.98778,,1007.82,37.9353,62813.7,,1.16961,-0.588888,,6.16701,11.2132,fluid
437,5.15522,2.43687,,1007.26,37.4215,58250.2,,1.11583,-0.71532,,5.79006,11.2694,fluid
438,5.12895,2.8875,,1006.62,35.401,53037.7,,1.05477,-0.832448,,5.36931,11.6115,fluid
439,5.09953,3.34349,,1005.96,33.7497,47588.9,,0.984723,-0.932228,,4.88834,11.7235,fluid
440,5.06744,3.80335,,1005.31,31.9145,42380,,0.906226,-1.02926,,4.37873,11.6936,fluid
441,5.03296,4.26784,,1004.64,29.3462,36951.9,,0.820967,-1.11833,,3.88788,11.7652,fluid
442,4.99673,4.73763,,1003.95,26.1709,31357.6,,0.730674,-1.19144,,3.43432,11.8256,fluid
443,4.95909,5.2114,,1003.26,22.1972,25813.3,,0.636484,-1.25433,,2.99506,11.8518,fluid
444,4.91951,5.69465,,1002.55,17.3956,20168.8,,0.535964,-1.30799,,2.52249,11.7604,fluid
445,4.88187,6.17387,,1001.83,12.5096,14478.6,,0.441725,-1.34333,,2.06624,11.835,fluid
446,4.84756,6.67029,,1001.05,7.92613,8300.19,,0.358607,-1.37248,,1.70045,11.9233,fluid
447,4.82055,7.15958,,1000.77,5.41767,6076.7,,0.29309,-1.40541,,1.41756,11.9173,fluid
448,5.77662,0.221802,,1009.62,43.238,77672.9,,1.36347,-0.0661839,,7.14452,9.61105,fluid
449,5.78838,0.649868,,1009.23,42.4509,74495.4,,1.42912,-0.232766,,7.1397,9.76498,fluid
450,5.77942,1.08871,,1008.68,38.377,69940.4,,1.41397,-0.375691,,6.81876,10.2985,fluid
451,5.76332,1.52584,,1008.03,37.4723,64586.4,,1.37891,-0.514844,,6.37666,10.7179,fluid
452,5.74152,1.96597,,1007.44,39.0553,59729,,1.32715,-0.641582,,5.90613,10.7019,fluid
453,5.71488,2.41105,,1006.9,39.1342,55278.8,,1.26107,-0.777429,,5.46337,10.7522,fluid
454,5.68412,2.85802,,1006.28,38.152,50231,,1.18568,-0.903133,,5.06096,11.0767,fluid
455,5.6497,3.31079,,1005.64,37.5107,45054.3,,1.10232,-1.01044,,4.65865,11.1724,fluid
456,5.61215,3.76806,,1005.05,36.2871,40236.1,,1.01211,-1.11508,,4.24019,11.1294,fluid
457,5.57202,4.23031,,1004.43,33.9664,35248.5,,0.915324,-1.21078,,3.80845,11.2214,fluid
458,5.53014,4.69827,,1003.78,30.8151,30011.2,,0.81296,-1.28895,,3.37591,11.3264,fluid
459,5.48679,5.17068,,1003.12,26.4558,24678.2,,0.706445,-1.35647,,2.9495,11.3624,fluid
460,5.44146,5.65261,,1002.44,20.8019,19290.9,,0.593735,-1.41375,,2.50328,11.2603,fluid
461,5.39822,6.13203,,1001.77,14.9809,13944.5,,0.487825,-1.44731,,2.08177,11.3578,fluid
462,5.35902,6.62719,,1001,9.7493,7876.21,,0.394433,-1.48167,,1.74368,11.4675,fluid
463,5.32827,7.11537,,1000.75,6.85132,5871.27,,0.321178,-1.51888,,1.47526,11.4968,fluid
464,6.3535,0.21947,,1009.07,36.4664,73132,,1.51973,-0.0673857,,6.58365,9.38949,fluid
465,6.36717,0.640746,,1008.68,37.3436,69960.8,,1.59157,-0.248358,,6.64524,9.44378,fluid
466,6.35633,1.07418,,1008.18,35.4534,65777.7,,1.57374,-0.402596,,6.4554,9.79734,fluid
467,6.33709,1.50577,,1007.61,35.9846,61066,,1.53626,-0.558068,,6.16411,10.1217,fluid
468,6.3115,1.94065,,1007.09,38.2277,56850.4,,1.48384,-0.698448,,5.79351,10.1055,fluid
469,6.28042,2.38102,,1006.61,38.7062,52925.1,,1.41554,-0.848238,,5.36828,10.1654,fluid
470,6.24468,2.82373,,1006.03,38.1367,48187.4,,1.33334,-0.986059,,4.91193,10.5222,fluid
471,6.20481,3.27276,,1005.41,38.0299,43141.8,,1.23793,-1.10164,,4.44718,10.6637,fluid
472,6.16137,3.72703,,1004.83,37.5826,38435.9,,1.13277,-1.21319,,4.02201,10.6442,fluid
473,6.11497,4.1868,,1004.24,36.2038,33669.7,,1.02092,-1.31558,,3.64829,10.7436,fluid
474,6.06663,4.65291,,1003.62,33.8043,28720.2,,0.904223,-1.39927,,3.28895,10.8603,fluid
475,6.01682,5.12397,,1002.98,29.5542,23628.3,,0.783553,-1.47161,,2.91128,10.8939,fluid
476,5.96515,5.60464,,1002.34,23.3371,18529.5,,0.656828,-1.53232,,2.49372,10.7877,fluid
477,5.91589,6.0844,,1001.71,16.7142,13502.5,,0.537871,-1.56333,,2.10208,10.9156,fluid
478,5.87153,6.57842,,1000.95,10.912,7498.95,,0.433517,-1.60248,,1.79449,11.0429,fluid
479,5.83673,7.06573,,1000.72,7.63082,5696.92,,0.352011,-1.643,,1.54582,11.1082,fluid
480,6.93934,0.216909,,1008.62,23.907,69450.6,,1.73502,-0.0704924,,5.93858,9.13377,fluid
481,6.95513,0.630078,,1008.25,25.2056,66351,,1.82295,-0.269753,,6.06258,9.18951,fluid
482,6.94229,1.05694,,1007.74,25.0162,62183.5,,1.79872,-0.438193,,5.86687,9.43596,fluid
483,6.9195,1.48197,,1007.16,27.2229,57453.6,,1.74615,-0.609366,,5.64607,9.72721,fluid
484,6.8894,1.91084,,1006.66,31.4671,53300.7,,1.67532,-0.760523,,5.42378,9.70197,fluid
485,6.85288,2.34596,,1006.22,34.3364,49734.2,,1.59037,-0.923308,,5.19757,9.6758,fluid
486,6.81117,2.78404,,1005.71,35.7591,45602.9,,1.49536,-1.07596,,4.89197,9.94515,fluid
487,6.76504,3.22893,,1005.16,36.6398,41143.5,,1.38836,-1.2049,,4.46447,10.0795,fluid
488,6.71509,3.67981,,1004.63,36.5417,36824,,1.26893,-1.32665,,3.98907,10.1198,fluid
489,6.66194,4.13677,,1004.06,35.6511,32286.1,,1.14003,-1.43609,,3.56503,10.2911,fluid
490,6.60667,4.60085,,1003.47,34.0745,27503.7,,1.0059,-1.52436,,3.2068,10.4487,fluid
491,6.5498,5.07057,,1002.85,30.5087,22570.4,,0.86885,-1.60106,,2.86958,10.4728,fluid
492,6.4911,5.55008,,1002.25,24.454,17760.3,,0.726659,-1.66516,,2.5002,10.3513,fluid
493,6.43515,6.03044,,1001.66,17.5154,13061.5,,0.593459,-1.69292,,2.15199,10.5043,fluid
494,6.38509,6.52342,,1000.9,11.3743,7110.52,,0.47694,-1.73658,,1.87384,10.6333,fluid
495,6.34585,7.01009,,1000.7,7.87833,5503.31,,0.386038,-1.77948,,1.63711,10.7129,fluid
496,7.53453,0.213711,,1008.2,12.6609,65963.1,,1.9667,-0.0664931,,5.64001,8.99249,fluid
497,7.5525,0.61758,,1007.84,15.1801,62976.2,,2.06781,-0.291115,,5.96457,8.95906,fluid
498,7.53734,1.03694,,1007.4,16.4901,59351.8,,2.04439,-0.481094,,5.76567,8.99176,fluid
499,7.51103,1.45439,,1006.87,18.5957,55033.2,,1.99287,-0.676284,,5.45711,9.22404,fluid
500,7.47652,1.87617,,1006.37,22.2078,50918.9,,1.91385,-0.843185,,5.04729,9.29267,fluid
501,7.43439,2.30514,,1005.9,25.5953,47157.9,,1.81024,-1.01833,,4.70104,9.30526,fluid
502,7.386,2.73798,,1005.39,28.9568,42984.1,,1.69208,-1.18116,,4.4468,9.52858,fluid
503,7.33249,3.17836,,1004.87,32.116,38808.2,,1.56407,-1.32063,,4.19742,9.58758,fluid
504,7.27473,3.62565,,1004.4,33.6181,34985.6,,1.42677,-1.45394,,3.89069,9.59424,fluid
505,7.21368,4.07963,,1003.89,33.5303,30920.7,,1.28031,-1.57333,,3.54186,9.80333,fluid
506,7.15052,4.54154,,1003.33,32.4543,26416.6,,1.12676,-1.66722,,3.18656,10.0296,fluid
507,7.08576,5.00984,,1002.73,29.4876,21607.7,,0.969031,-1.74775,,2.84522,10.0815,fluid
508,7.01929,5.48825,,1002.16,24.0856,17033.1,,0.806814,-1.81442,,2.50026,9.9598,fluid
509,6.95599,5.9695,,1001.6,17.4496,12622.1,,0.656217,-1.83755,,2.19891,10.1314,fluid
510,6.89969,6.46158,,1000.85,11.3863,6686.2,,0.525349,-1.88599,,1.95423,10.2297,fluid
511,6.85557,6.9478,,1000.67,7.85815,5305.77,,0.423458,-1.93074,,1.73127,10.3163,fluid
512,8.14525,0.209691,,1007.69,-1.02779,61779.1,,2.24898,-0.0718258,,4.66529,9.01614,fluid
513,8.16625,0.602658,,1007.29,2.20221,58439.2,,2.36312,-0.318118,,5.01443,8.95359,fluid
514,8.14744,1.01329,,1006.87,6.05662,55061.3,,2.32613,-0.522642,,5.07687,8.76772,fluid
515,8.11562,1.42232,,1006.43,10.5263,51476.3,,2.26564,-0.740436,,5.14697,8.76221,fluid
516,8.07446,1.83626,,1006.05,14.9318,48350,,2.17972,-0.928778,,5.00372,8.75539,fluid
517,8.025,2.25812,,1005.68,17.8958,45357.6,,2.06812,-1.12741,,4.7014,8.79138,fluid
518,7.96887,2.68483,,1005.2,20.828,41477.4,,1.93377,-1.30783,,4.33477,9.11385,fluid
519,7.90717,3.11993,,1004.68,24.509,37224.7,,1.78056,-1.4584,,3.99749,9.24726,fluid
520,7.84068,3.56329,,1004.2,27.6204,33369.4,,1.6146,-1.60057,,3.72917,9.23793,fluid
521,7.77067,4.0142,,1003.72,29.3406,29551.6,,1.44187,-1.72953,,3.4897,9.39506,fluid
522,7.69861,4.47394,,1003.2,29.4537,25363.5,,1.26486,-1.83063,,3.20925,9.61238,fluid
523,7.62507,4.94087,,1002.62,27.2422,20746,,1.08403,-1.91592,,2.87876,9.68464,fluid
524,7.54998,5.41836,,1002.08,22.6591,16416,,0.898709,-1.98442,,2.53132,9.58956,fluid
525,7.47856,5.90091,,1001.55,16.6737,12242.6,,0.72744,-2.0005,,2.25447,9.80194,fluid
526,7.41534,6.3922,,1000.8,11.0184,6264.32,,0.57918,-2.05359,,2.03429,9.84834,fluid
527,7.36582,6.87819,,1000.65,7.62981,5136.71,,0.464214,-2.09932,,1.82762,9.94327,fluid
528,8.76942,0.205741,,1007.46,-12.5973,59853.7,,2.6281,-0.0781357,,4.39623,8.74429,fluid
529,8.7927,0.584928,,1007.07,-10.357,56681.5,,2.76108,-0.359521,,4.73278,8.90323,fluid
530,8.77063,0.984762,,1006.6,-7.49883,52856.2,,2.70996,-0.587874,,4.61835,8.7439,fluid
531,8.73375,1.38369,,1006.08,-2.33241,48621.2,,2.62204,-0.829491,,4.52646,8.70748,fluid
532,8.68557,1.7887,,1005.64,3.99927,45038.1,,2.49964,-1.03068,,4.4938,8.62969,fluid
533,8.62746,2.20305,,1005.3,9.41317,42266.4,,2.35684,-1.24729,,4.51024,8.46794,fluid
534,8.56195,2.62356,,1004.92,13.797,39185.5,,2.20117,-1.44946,,4.40692,8.65345,fluid
535,8.49073,3.05297,,1004.47,17.3911,35566.3,,2.02871,-1.62049,,4.11332,8.80182,fluid
536,8.41452,3.49188,,1004.02,20.2137,31914.6,,1.8372,-1.77592,,3.75017,8.87096,fluid
537,8.33453,3.93948,,1003.55,22.5924,28195.1,,1.63388,-1.91288,,3.44985,9.05154,fluid
538,8.25238,4.39708,,1003.05,24.0289,24177.5,,1.4265,-2.01883,,3.19564,9.24414,fluid
539,8.16875,4.86268,,1002.5,23.2902,19778.5,,1.21696,-2.10837,,2.91065,9.29662,fluid
540,8.08377,5.3394,,1002,20.1696,15806.3,,1.00436,-2.17858,,2.59214,9.22509,fluid
541,8.00311,5.82371,,1001.51,15.2036,11893.1,,0.808655,-2.18523,,2.34097,9.50074,fluid
542,7.93206,6.31441,,1000.74,10.2185,5827.04,,0.639095,-2.24287,,2.13279,9.48212,fluid
543,7.87653,6.80049,,1000.63,7.19567,4983.12,,0.508325,-2.28842,,1.93873,9.58516,fluid
544,9.41489,0.200457,,1006.99,-14.7862,56010.2,,3.00967,-0.0795206,,4.57635,8.79894,fluid
545,9.44215,0.564616,,1006.61,-12.0629,52954.8,,3.15987,-0.401906,,5.13404,8.71934,fluid
546,9.41511,0.952532,,1006.27,-9.60951,50126.5,,3.1203,-0.659448,,5.10605,8.28446,fluid
547,9.37076,1.33987,,1005.9,-7.71435,47105.4,,3.03946,-0.937387,,4.82251,8.27494,fluid
548,9.31367,1.73415,,1005.48,-5.39524,43750.9,,2.90899,-1.16233,,4.42214,8.43063,fluid
549,9.24552,2.1392,,1005.07,-1.89508,40368.4,,2.73827,-1.39551,,4.16855,8.40389,fluid
550,9.16871,2.55276,,1004.63,3.34158,36868.9,,2.54267,-1.61089,,4.08529,8.49319,fluid
551,9.08547,2.97618,,1004.2,8.64948,33388.6,,2.33248,-1.80059,,4.00668,8.4604,fluid
552,8.99714,3.41043,,1003.81,12.4756,30253.4,,2.10805,-1.97485,,3.8128,8.45296,fluid
553,8.90521,3.85449,,1003.41,15.0979,27040.2,,1.87145,-2.12494,,3.53952,8.66012,fluid
554,8.81133,4.30981,,1002.93,16.8578,23229.1,,1.6275,-2.23739,,3.25007,8.88633,fluid
555,8.71616,4.77411,,1002.39,17.4084,18897.3,,1.37888,-2.33117,,2.95163,8.93846,fluid
556,8.62013,5.25035,,1001.93,16.3627,15234.3,,1.12927,-2.40201,,2.65924,8.88439,fluid
557,8.52938,5.73703,,1001.47,12.9253,11559.3,,0.902397,-2.39605,,2.44415,9.22522,fluid
558,8.44975,6.22726,,1000.68,8.86806,5348.2,,0.706235,-2.45814,,2.23897,9.1189,fluid
559,8.38757,6.71388,,1000.61,6.4861,4811.47,,0.55587,-2.50195,,2.05446,9.21678,fluid
560,10.0869,0.194035,,1006.52,-21.2178,52159.6,,3.55532,-0.0851649,,3.68617,9.057,fluid
561,10.1162,0.538789,,1006.07,-19.5016,48540.2,,3.72797,-0.450644,,4.38306,9.06341,fluid
562,10.0826,0.911547,,1005.71,-14.3193,45601.9,,3.65274,-0.727227,,4.5583,8.49036,fluid
563,10.0278,1.28633,,1005.4,-10.1293,43078.7,,3.52774,-1.03359,,4.8253,8.20027,fluid
564,9.95823,1.6694,,1005.13,-7.05716,40922.4,,3.36588,-1.29445,,4.92319,8.07382,fluid
565,9.87709,2.06456,,1004.85,-5.89223,38599.6,,3.17574,-1.56722,,4.77657,8.03986,fluid
566,9.78749,2.47029,,1004.45,-4.30339,35391.2,,2.95185,-1.81066,,4.42111,8.25615,fluid
567,9.69141,2.88687,,1003.99,-0.688691,31685.5,,2.70037,-2.01812,,4.10678,8.30352,fluid
568,9.58979,3.31643,,1003.61,3.89718,28638.1,,2.43096,-2.20554,,3.91584,8.22884,fluid
569,9.48469,3.75725,,1003.27,7.64089,25909.2,,2.15283,-2.36918,,3.73389,8.31391,fluid
570,9.37794,4.21047,,1002.82,9.6622,22348.8,,1.86721,-2.49389,,3.44063,8.4789,fluid
571,9.27007,4.67355,,1002.28,10.9117,18046.8,,1.57289,-2.59576,,3.06878,8.55096,fluid
572,9.16153,5.14967,,1001.86,11.8404,14706,,1.27789,-2.66457,,2.74755,8.56275,fluid
573,9.05896,5.63971,,1001.43,10.1116,11244.2,,1.01257,-2.63938,,2.56037,8.98429,fluid
574,8.96898,6.12976,,1000.62,7.09119,4873.86,,0.782973,-2.70612,,2.35308,8.76812,fluid
575,8.89901,6.61742,,1000.59,5.38431,4648.08,,0.608016,-2.74478,,2.17149,8.85484,fluid
576,10.7907,0.187825,,1006.45,-16.2846,51583.1,,4.20119,-0.0926572,,4.97422,8.49341,fluid
577,10.8237,0.50878,,1006.09,-15.8189,48655.7,,4.40976,-0.529772,,5.85707,8.90029,fluid
578,10.7835,0.862657,,1005.69,-17.686,45448.7,,4.32234,-0.836828,,5.25202,8.83082,fluid
579,10.7153,1.2231,,1005.19,-17.0099,41343.7,,4.15064,-1.16374,,4.68563,8.81471,fluid
580,10.6316,1.59268,,1004.72,-13.7437,37567.4,,3.93808,-1.44465,,4.63412,8.53588,fluid
581,10.5343,1.97744,,1004.4,-9.42851,35015.9,,3.70064,-1.74135,,4.84403,8.09955,fluid
582,10.4273,2.37583,,1004.12,-6.83855,32770.1,,3.44058,-2.022,,4.9068,7.95702,fluid
583,10.3147,2.78526,,1003.79,-4.96731,30122.8,,3.15784,-2.26343,,4.70418,8.01204,fluid
584,10.1971,3.20987,,1003.47,-2.71617,27488.4,,2.84768,-2.47202,,4.40439,8.03235,fluid
585,10.0765,3.64747,,1003.1,0.0553229,24549.8,,2.51619,-2.6527,,4.10125,8.03257,fluid
586,9.95431,4.09821,,1002.61,2.60846,20680.6,,2.1691,-2.79562,,3.73228,8.03308,fluid
587,9.83058,4.55956,,1002.12,5.19992,16742.6,,1.81125,-2.91029,,3.30267,8.08662,fluid
588,9.70648,5.03577,,1001.8,7.78091,14224.4,,1.45744,-2.97307,,2.94836,8.25077,fluid
589,9.58994,5.52958,,1001.39,7.25746,10966.3,,1.1422,-2.92269,,2.76244,8.78582,fluid
590,9.48836,6.02017,,1000.55,5.35023,4350.53,,0.868969,-2.99405,,2.51486,8.40406,fluid
591,9.41004,6.50997,,1000.58,4.22733,4555.6,,0.664211,-3.02392,,2.32608,8.53036,fluid
592,11.5434,0.18009,,1005.46,-4.17738,43572.5,,4.94622,-0.0580401,,5.56148,8.75534,fluid
593,11.582,0.475018,,1005.21,-2.6052,41563.7,,5.22663,-0.564034,,6.90981,8.79228,fluid
594,11.5258,0.806414,,1005.06,-3.05311,40316,,5.10697,-0.885689,,6.60059,8.61209,fluid
595,11.4334,1.15126,,1004.83,-7.01197,38477.2,,4.90807,-1.2662,,6.36329,8.53975,fluid
596,11.3272,1.50464,,1004.53,-9.94123,36055.8,,4.68321,-1.61656,,6.19796,8.62018,fluid
597,11.2097,1.87591,,1004.19,-10.9449,33315.1,,4.40082,-1.9399,,5.88663,8.58482,fluid
598,11.0822,2.26635,,1003.83,-10.0953,30369.1,,4.07024,-2.24888,,5.69457,8.25527,fluid
599,10.9502,2.66898,,1003.5,-7.78957,27756.5,,3.71806,-2.52473,,5.55478,8.00299,fluid
600,10.8141,3.08895,,1003.2,-6.53776,25332.3,,3.34569,-2.7682,,5.31568,7.82604,fluid
601,10.6758,3.52339,,1002.81,-5.13784,22244.6,,2.94917,-2.98265,,4.89978,7.70237,fluid
602,10.536,3.97068,,1002.35,-1.96568,18583.5,,2.5287,-3.15375,,4.38102,7.59163,fluid
603,10.3945,4.42991,,1002.01,2.00619,15906.6,,2.0978,-3.27956,,3.88169,7.64544,fluid
604,10.2542,4.90776,,1001.84,5.18736,14540.1,,1.68087,-3.32938,,3.47546,7.9481,fluid
605,10.124,5.40648,,1001.36,4.11617,10714.7,,1.30638,-3.25742,,3.16176,8.54089,fluid
606,10.0099,5.89703,,1000.46,3.55088,3609.05,,0.968384,-3.34182,,2.69206,7.91856,fluid
607,9.92102,6.39028,,1000.57,3.55249,4463.65,,0.718859,-3.35134,,2.4776,8.18585,fluid
608,12.3714,0.159937,,1005.08,-5.87999,40517.1,,6.1148,-0.0469095,,6.18382,8.58361,fluid
609,12.3996,0.423519,,1004.94,-5.85827,39378,,6.39447,-0.63845,,7.80886,9.22898,fluid
610,12.3263,0.723494,,1004.54,-4.90526,36141.7,,6.15157,-0.9716,,6.82085,9.54175,fluid
611,12.2095,1.05356,,1004.1,-5.2862,32558,,5.8437,-1.37317,,6.72401,9.23368,fluid
612,12.075,1.39328,,1003.84,-5.10262,30489.9,,5.53865,-1.78193,,7.21626,9.00042,fluid
613,11.93,1.7529,,1003.66,-6.22485,29047.8,,5.20064,-2.15477,,7.4542,8.81887,fluid
614,11.7751,2.13586,,1003.4,-8.49164,26920.4,,4.82083,-2.5222,,7.32321,8.41933,fluid
615,11.6177,2.53254,,1003.1,-8.84527,24526.5,,4.40635,-2.83928,,6.94665,8.19973,fluid
616,11.4589,2.94832,,1002.78,-8.35669,22028.6,,3.96228,-3.11559,,6.56583,7.84351,fluid
617,11.2988,3.38058,,1002.48,-6.63622,19603,,3.49387,-3.36402,,6.17536,7.4869,fluid
618,11.1387,3.82501,,1002.19,-3.28415,17328.9,,3.00777,-3.56686,,5.69247,7.27258,fluid
619,10.9794,4.28336,,1002.06,0.408556,16249.2,,2.51478,-3.702,,5.15783,7.31141,fluid
620,10.8235,4.76499,,1001.95,2.64595,15395,,2.03035,-3.73953,,4.57285,7.59514,fluid
621,10.676,5.26753,,1001.17,-0.581697,9244.72,,1.56632,-3.67756,,3.88758,7.94563,fluid
622,10.5374,5.7542,,1000.36,1.76116,2843.56,,1.09737,-3.79381,,2.92736,7.17486,fluid
623,10.4301,6.2566,,1000.55,2.89158,4323.51,,0.76776,-3.73747,,2.58006,7.75228,fluid
624,13.3339,0.160735,,1003.68,10.5929,29186.5,,7.59842,0.0471573,,8.92631,8.86453,fluid
625,13.3275,0.388742,,1003.66,8.07669,29043.9,,7.79768,-0.610192,,10.3498,9.66807,fluid
626,13.1908,0.644693,,1003.9,10.775,31006.1,,7.41124,-1.05214,,9.45077,9.93262,fluid
627,13.0235,0.948774,,1003.64,6.17649,28883.7,,7.08794,-1.49283,,9.55133,9.97629,fluid
628,12.8438,1.27233,,1003.26,-1.39061,25803.1,,6.73931,-1.9252,,9.62381,10.4014,fluid
629,12.6603,1.61922,,1002.9,-5.32136,22968.8,,6.29655,-2.33163,,9.62131,10.1292,fluid
630,12.471,1.99465,,1002.72,-4.50153,21535.4,,5.7927,-2.75019,,9.70765,9.3264,fluid
631,12.282,2.38818,,1002.58,-4.32556,20437.8,,5.26752,-3.12304,,9.54626,8.77622,fluid
632,12.098,2.80061,,1002.39,-4.65248,18858.4,,4.73121,-3.44788,,9.10297,8.33115,fluid
633,11.9171,3.23132,,1002.18,-4.38265,17196.8,,4.17902,-3.7282,,8.58768,7.84963,fluid
634,11.7399,3.67458,,1001.99,-2.74252,15681,,3.62251,-3.96259,,8.0204,7.41834,fluid
635,11.5679,4.13316,,1001.8,-1.72845,14232.4,,3.06521,-4.12405,,7.28789,7.19052,fluid
636,11.3981,4.61517,,1001.4,-3.02968,11021,,2.48114,-4.18643,,6.17414,7.14729,fluid
637,11.2207,5.10198,,1000.43,-4.66073,3407.88,,1.82688,-4.24353,,4.54299,6.72222,fluid
638,11.0502,5.57537,,1000.41,1.26284,3187.44,,1.21332,-4.36624,,3.45694,6.49055,fluid
639,10.9257,6.10713,,1000.57,1.69425,4502.54,,0.7887,-4.17816,,2.7706,7.38752,fluid
640,14.4083,0.182546,,1002.74,4.26556,21649.7,,9.43575,0.200129,,10.4316,10.8426,fluid
641,14.4207,0.373034,,1002.38,0.523791,18833.4,,9.79743,-0.298987,,12.1191,12.3025,fluid
642,14.1844,0.587951,,1003.23,0.838129,25617.8,,9.13521,-0.809593,,10.6859,12.4681,fluid
643,13.9403,0.868729,,1002.64,-1.54592,20871.4,,8.61381,-1.32185,,10.9886,11.6486,fluid
644,13.7034,1.17766,,1002.22,-1.43956,17505.6,,8.07423,-1.79801,,11.7508,11.7519,fluid
645,13.4609,1.5051,,1002.24,-0.672567,17735.1,,7.50518,-2.3447,,12.4635,11.7199,fluid
646,13.2231,1.86397,,1002.17,-0.832402,17176.9,,6.9001,-2.8732,,12.4303,11.2442,fluid
647,12.9943,2.25083,,1001.89,-2.188,14899.7,,6.24795,-3.32795,,11.9418,10.2408,fluid
648,12.7755,2.66017,,1001.63,-2.72888,12871.5,,5.58549,-3.71964,,11.453,9.32485,fluid
649,12.5654,3.08912,,1001.39,-4.45872,10955.1,,4.9255,-4.05269,,10.8313,8.46642,fluid
650,12.3637,3.53229,,1001.15,-5.03488,9088.08,,4.264,-4.32858,,9.96137,7.67364,fluid
651,12.1682,3.99015,,1000.87,-4.39617,6885.03,,3.58272,-4.5439,,8.74066,6.88505,fluid
652,11.9692,4.46279,,1000.57,-3.6158,4488.63,,2.8348,-4.69904,,7.07528,6.17099,fluid
653,11.753,4.93226,,1000.46,-1.22037,3592.36,,2.03383,-4.83643,,5.49375,5.79811,fluid
654,11.5721,5.41489,,1000.6,1.37017,4699.05,,1.38241,-4.89882,,4.41208,5.92595,fluid
655,11.4382,5.96971,,1000.61,1.19518,4827.96,,0.869843,-4.65461,,3.18974,6.7492,fluid
656,15.5249,0.340951,,1000.97,9.62233,7664.64,,10.3448,0.13817,,8.16159,9.30317,fluid
657,15.681,0.394849,,1001.24,2.71595,9736.42,,10.9767,-0.404213,,10.2188,11.1227,fluid
658,15.4627,0.593154,,1001.32,4.04562,10412.1,,10.7795,-0.547953,,9.25929,13.0821,fluid
659,15.0351,0.830988,,1001.47,6.14669,11564.5,,10.2215,-1.08281,,11.0691,13.6595,fluid
660,14.6624,1.10709,,1001.41,12.0098,11118.6,,9.64764,-1.60669,,13.1821,14.4693,fluid
661,14.3391,1.4132,,1001.42,10.9664,11164.1,,8.97725,-2.19648,,14.044,14.531,fluid
662,14.0283,1.76024,,1001.4,4.3033,11060,,8.20927,-2.81754,,14.529,13.5797,fluid
663,13.7365,2.13787,,1001.35,1.53853,10652,,7.39367,-3.39163,,14.5704,12.1752,fluid
664,13.4665,2.54242,,1001.26,0.512285,9941.64,,6.54947,-3.87106,,14.0508,10.8814,fluid
665,13.2171,2.96908,,1001.14,-1.14882,8944.68,,5.72475,-4.27397,,13.209,9.53125,fluid
666,12.9855,3.41171,,1001.01,-2.20525,7975.35,,4.93397,-4.60585,,12.1803,8.27473,fluid
667,12.7668,3.86784,,1000.9,-1.67106,7105.08,,4.15677,-4.87282,,10.9876,7.16115,fluid
668,12.5565,4.33285,,1000.81,-0.947966,6397.95,,3.39057,-5.08939,,9.68543,6.17978,fluid
669,12.3525,4.79509,,1000.78,-0.745213,6135.89,,2.65251,-5.28407,,8.41913,5.46161,fluid
670,12.1794,5.28117,,1000.75,0.104442,5906.39,,1.96126,-5.38041,,6.88798,5.08908,fluid
671,12.0421,5.855,,1000.68,2.77433,5317.58,,1.32036,-5.13861,,4.60534,5.36522,fluid
