h/dp :,2
L2norm Pressure,KE,dp,Nparticles
40476.8,1.90647e+07,0.5,448

t,15.13
ID,x,y,,rho,drhodt,pressure,,u,v,,dudt,dvdt,type
0,-1.25,-0.25,,1007.17,0,57459,,0,0,,0,0,boundary
1,-0.75,-0.25,,1007.11,0,57026.3,,0,0,,0,0,boundary
2,-0.25,-0.25,,1007.21,0,57811.1,,0,0,,0,0,boundary
3,0.25,-0.25,,1007.11,0,57010.6,,0,0,,0,0,boundary
4,0.75,-0.25,,1006.96,0,55810,,0,0,,0,0,boundary
5,1.25,-0.25,,1006.85,0,54883,,0,0,,0,0,boundary
6,1.75,-0.25,,1006.69,0,53596.7,,0,0,,0,0,boundary
7,2.25,-0.25,,1006.54,0,52317,,0,0,,0,0,boundary
8,2.75,-0.25,,1006.45,0,51625.2,,0,0,,0,0,boundary
9,3.25,-0.25,,1006.39,0,51141.6,,0,0,,0,0,boundary
10,3.75,-0.25,,1006.32,0,50530.2,,0,0,,0,0,boundary
11,4.25,-0.25,,1006.16,0,49265.2,,0,0,,0,0,boundary
12,4.75,-0.25,,1005.9,0,47125.1,,0,0,,0,0,boundary
13,5.25,-0.25,,1005.65,0,45128.6,,0,0,,0,0,boundary
14,5.75,-0.25,,1005.48,0,43728.3,,0,0,,0,0,boundary
15,6.25,-0.25,,1005.3,0,42256.6,,0,0,,0,0,boundary
16,6.75,-0.25,,1005.24,0,41761.5,,0,0,,0,0,boundary
17,7.25,-0.25,,1005.46,0,43549,,0,0,,0,0,boundary
18,7.75,-0.25,,1005.6,0,44720.7,,0,0,,0,0,boundary
19,8.25,-0.25,,1005.46,0,43547,,0,0,,0,0,boundary
20,8.75,-0.25,,1005.18,0,41299.2,,0,0,,0,0,boundary
21,9.25,-0.25,,1004.91,0,39091.7,,0,0,,0,0,boundary
22,9.75,-0.25,,1004.71,0,37489.5,,0,0,,0,0,boundary
23,10.25,-0.25,,1004.59,0,36531.3,,0,0,,0,0,boundary
24,10.75,-0.25,,1004.53,0,36075.1,,0,0,,0,0,boundary
25,11.25,-0.25,,1004.48,0,35650.2,,0,0,,0,0,boundary
26,11.75,-0.25,,1004.43,0,35216.8,,0,0,,0,0,boundary
27,12.25,-0.25,,1004.4,0,34954.5,,0,0,,0,0,boundary
28,12.75,-0.25,,1004.4,0,34962.8,,0,0,,0,0,boundary
29,13.25,-0.25,,1004.41,0,35032.8,,0,0,,0,0,boundary
30,13.75,-0.25,,1004.39,0,34933.4,,0,0,,0,0,boundary
31,14.25,-0.25,,1004.36,0,34684.3,,0,0,,0,0,boundary
32,14.75,-0.25,,1004.36,0,34672.4,,0,0,,0,0,boundary
33,15.25,-0.25,,1004.36,0,34660,,0,0,,0,0,boundary
34,15.75,-0.25,,1004.36,0,34656.5,,0,0,,0,0,boundary
35,16.25,-0.25,,1004.37,0,34777.1,,0,0,,0,0,boundary
36,16.75,-0.25,,1004.4,0,34975.2,,0,0,,0,0,boundary
37,17.25,-0.25,,1004.39,0,34906.6,,0,0,,0,0,boundary
38,17.75,-0.25,,1004.38,0,34869.3,,0,0,,0,0,boundary
39,18.25,-0.25,,1004.38,0,34835.3,,0,0,,0,0,boundary
40,18.75,-0.25,,1004.39,0,34916.5,,0,0,,0,0,boundary
41,19.25,-0.25,,1004.44,0,35317.8,,0,0,,0,0,boundary
42,19.75,-0.25,,1004.47,0,35592.8,,0,0,,0,0,boundary
43,20.25,-0.25,,1004.45,0,35430.7,,0,0,,0,0,boundary
44,20.75,-0.25,,1004.45,0,35378.6,,0,0,,0,0,boundary
45,21.25,-0.25,,1004.51,0,35888,,0,0,,0,0,boundary
46,21.75,-0.25,,1004.57,0,36394.1,,0,0,,0,0,boundary
47,22.25,-0.25,,1004.59,0,36500.6,,0,0,,0,0,boundary
48,22.75,-0.25,,1004.55,0,36205.6,,0,0,,0,0,boundary
49,23.25,-0.25,,1004.54,0,36127.9,,0,0,,0,0,boundary
50,23.75,-0.25,,1004.56,0,36314.3,,0,0,,0,0,boundary
51,24.25,-0.25,,1004.54,0,36128.8,,0,0,,0,0,boundary
52,24.75,-0.25,,1004.46,0,35447.1,,0,0,,0,0,boundary
53,25.25,-0.25,,1004.38,0,34810.4,,0,0,,0,0,boundary
54,25.75,-0.25,,1004.4,0,35004.2,,0,0,,0,0,boundary
55,26.25,-0.25,,1004.55,0,36217,,0,0,,0,0,boundary
56,-1.25,-0.75,,1007.7,0,61856.4,,0,0,,0,0,boundary
57,-0.75,-0.75,,1007.75,0,62225.3,,0,0,,0,0,boundary
58,-0.25,-0.75,,1007.81,0,62728,,0,0,,0,0,boundary
59,0.25,-0.75,,1007.79,0,62569.3,,0,0,,0,0,boundary
60,0.75,-0.75,,1007.65,0,61465.3,,0,0,,0,0,boundary
61,1.25,-0.75,,1007.53,0,60450.8,,0,0,,0,0,boundary
62,1.75,-0.75,,1007.31,0,58618.5,,0,0,,0,0,boundary
63,2.25,-0.75,,1007.04,0,56413.6,,0,0,,0,0,boundary
64,2.75,-0.75,,1006.84,0,54834.3,,0,0,,0,0,boundary
65,3.25,-0.75,,1006.73,0,53879.8,,0,0,,0,0,boundary
66,3.75,-0.75,,1006.63,0,53046.5,,0,0,,0,0,boundary
67,4.25,-0.75,,1006.53,0,52281.9,,0,0,,0,0,boundary
68,4.75,-0.75,,1006.31,0,50468.3,,0,0,,0,0,boundary
69,5.25,-0.75,,1006.03,0,48227.2,,0,0,,0,0,boundary
70,5.75,-0.75,,1005.85,0,46726.2,,0,0,,0,0,boundary
71,6.25,-0.75,,1005.71,0,45563.5,,0,0,,0,0,boundary
72,6.75,-0.75,,1005.7,0,45510.1,,0,0,,0,0,boundary
73,7.25,-0.75,,1005.95,0,47506.3,,0,0,,0,0,boundary
74,7.75,-0.75,,1006.09,0,48677.7,,0,0,,0,0,boundary
75,8.25,-0.75,,1005.92,0,47304.7,,0,0,,0,0,boundary
76,8.75,-0.75,,1005.62,0,44864.8,,0,0,,0,0,boundary
77,9.25,-0.75,,1005.32,0,42454.3,,0,0,,0,0,boundary
78,9.75,-0.75,,1005.1,0,40616.8,,0,0,,0,0,boundary
79,10.25,-0.75,,1004.96,0,39512.6,,0,0,,0,0,boundary
80,10.75,-0.75,,1004.95,0,39441.9,,0,0,,0,0,boundary
81,11.25,-0.75,,1004.94,0,39329.7,,0,0,,0,0,boundary
82,11.75,-0.75,,1004.9,0,39028,,0,0,,0,0,boundary
83,12.25,-0.75,,1004.88,0,38896.2,,0,0,,0,0,boundary
84,12.75,-0.75,,1004.9,0,38995.8,,0,0,,0,0,boundary
85,13.25,-0.75,,1004.92,0,39221.1,,0,0,,0,0,boundary
86,13.75,-0.75,,1004.96,0,39516.8,,0,0,,0,0,boundary
87,14.25,-0.75,,1004.96,0,39489.9,,0,0,,0,0,boundary
88,14.75,-0.75,,1004.93,0,39253.6,,0,0,,0,0,boundary
89,15.25,-0.75,,1004.9,0,39007.5,,0,0,,0,0,boundary
90,15.75,-0.75,,1004.87,0,38810.1,,0,0,,0,0,boundary
91,16.25,-0.75,,1004.87,0,38775.5,,0,0,,0,0,boundary
92,16.75,-0.75,,1004.89,0,38952.2,,0,0,,0,0,boundary
93,17.25,-0.75,,1004.88,0,38823.2,,0,0,,0,0,boundary
94,17.75,-0.75,,1004.9,0,38997.3,,0,0,,0,0,boundary
95,18.25,-0.75,,1004.92,0,39218.4,,0,0,,0,0,boundary
96,18.75,-0.75,,1004.94,0,39316,,0,0,,0,0,boundary
97,19.25,-0.75,,1004.97,0,39589.5,,0,0,,0,0,boundary
98,19.75,-0.75,,1005.01,0,39937.7,,0,0,,0,0,boundary
99,20.25,-0.75,,1005.03,0,40100.1,,0,0,,0,0,boundary
100,20.75,-0.75,,1005.04,0,40142,,0,0,,0,0,boundary
101,21.25,-0.75,,1005.07,0,40401.9,,0,0,,0,0,boundary
102,21.75,-0.75,,1005.1,0,40613.2,,0,0,,0,0,boundary
103,22.25,-0.75,,1005.11,0,40701.9,,0,0,,0,0,boundary
104,22.75,-0.75,,1005.11,0,40727.4,,0,0,,0,0,boundary
105,23.25,-0.75,,1005.13,0,40892.5,,0,0,,0,0,boundary
106,23.75,-0.75,,1005.15,0,41029.5,,0,0,,0,0,boundary
107,24.25,-0.75,,1005.08,0,40455.4,,0,0,,0,0,boundary
108,24.75,-0.75,,1004.92,0,39184.7,,0,0,,0,0,boundary
109,25.25,-0.75,,1004.88,0,38869.5,,0,0,,0,0,boundary
110,25.75,-0.75,,1004.98,0,39671.9,,0,0,,0,0,boundary
111,26.25,-0.75,,1005.11,0,40734,,0,0,,0,0,boundary
112,-1.25,-1.25,,1007.79,0,62553.8,,0,0,,0,0,boundary
113,-0.75,-1.25,,1007.75,0,62217.1,,0,0,,0,0,boundary
114,-0.25,-1.25,,1007.71,0,61902,,0,0,,0,0,boundary
115,0.25,-1.25,,1007.76,0,62297.2,,0,0,,0,0,boundary
116,0.75,-1.25,,1007.71,0,61900.9,,0,0,,0,0,boundary
117,1.25,-1.25,,1007.7,0,61851.5,,0,0,,0,0,boundary
118,1.75,-1.25,,1007.62,0,61167.9,,0,0,,0,0,boundary
119,2.25,-1.25,,1007.38,0,59190.3,,0,0,,0,0,boundary
120,2.75,-1.25,,1007.2,0,57716.1,,0,0,,0,0,boundary
121,3.25,-1.25,,1007.2,0,57728,,0,0,,0,0,boundary
122,3.75,-1.25,,1007.2,0,57752,,0,0,,0,0,boundary
123,4.25,-1.25,,1007.11,0,57013.7,,0,0,,0,0,boundary
124,4.75,-1.25,,1006.82,0,54653.8,,0,0,,0,0,boundary
125,5.25,-1.25,,1006.45,0,51573.4,,0,0,,0,0,boundary
126,5.75,-1.25,,1006.25,0,49960.1,,0,0,,0,0,boundary
127,6.25,-1.25,,1006.25,0,49944.8,,0,0,,0,0,boundary
128,6.75,-1.25,,1006.31,0,50495.5,,0,0,,0,0,boundary
129,7.25,-1.25,,1006.4,0,51225,,0,0,,0,0,boundary
130,7.75,-1.25,,1006.39,0,51138.5,,0,0,,0,0,boundary
131,8.25,-1.25,,1006.15,0,49199.3,,0,0,,0,0,boundary
132,8.75,-1.25,,1005.8,0,46297.9,,0,0,,0,0,boundary
133,9.25,-1.25,,1005.55,0,44321.5,,0,0,,0,0,boundary
134,9.75,-1.25,,1005.42,0,43208.5,,0,0,,0,0,boundary
135,10.25,-1.25,,1005.34,0,42578.9,,0,0,,0,0,boundary
136,10.75,-1.25,,1005.32,0,42443,,0,0,,0,0,boundary
137,11.25,-1.25,,1005.3,0,42295.7,,0,0,,0,0,boundary
138,11.75,-1.25,,1005.26,0,41958.5,,0,0,,0,0,boundary
139,12.25,-1.25,,1005.2,0,41478.1,,0,0,,0,0,boundary
140,12.75,-1.25,,1005.15,0,41043.9,,0,0,,0,0,boundary
141,13.25,-1.25,,1005.21,0,41500.7,,0,0,,0,0,boundary
142,13.75,-1.25,,1005.32,0,42414.8,,0,0,,0,0,boundary
143,14.25,-1.25,,1005.31,0,42309.2,,0,0,,0,0,boundary
144,14.75,-1.25,,1005.28,0,42075.2,,0,0,,0,0,boundary
145,15.25,-1.25,,1005.25,0,41835.7,,0,0,,0,0,boundary
146,15.75,-1.25,,1005.22,0,41641.5,,0,0,,0,0,boundary
147,16.25,-1.25,,1005.25,0,41852.5,,0,0,,0,0,boundary
148,16.75,-1.25,,1005.27,0,41979,,0,0,,0,0,boundary
149,17.25,-1.25,,1005.26,0,41971.2,,0,0,,0,0,boundary
150,17.75,-1.25,,1005.3,0,42290.9,,0,0,,0,0,boundary
151,18.25,-1.25,,1005.37,0,42850.6,,0,0,,0,0,boundary
152,18.75,-1.25,,1005.39,0,42962.3,,0,0,,0,0,boundary
153,19.25,-1.25,,1005.39,0,43018.2,,0,0,,0,0,boundary
154,19.75,-1.25,,1005.46,0,43539.8,,0,0,,0,0,boundary
155,20.25,-1.25,,1005.5,0,43905.5,,0,0,,0,0,boundary
156,20.75,-1.25,,1005.53,0,44115.9,,0,0,,0,0,boundary
157,21.25,-1.25,,1005.55,0,44282.7,,0,0,,0,0,boundary
158,21.75,-1.25,,1005.56,0,44408.7,,0,0,,0,0,boundary
159,22.25,-1.25,,1005.56,0,44352.7,,0,0,,0,0,boundary
160,22.75,-1.25,,1005.55,0,44325.2,,0,0,,0,0,boundary
161,23.25,-1.25,,1005.57,0,44442.9,,0,0,,0,0,boundary
162,23.75,-1.25,,1005.51,0,43959.5,,0,0,,0,0,boundary
163,24.25,-1.25,,1005.38,0,42870.1,,0,0,,0,0,boundary
164,24.75,-1.25,,1005.3,0,42242.1,,0,0,,0,0,boundary
165,25.25,-1.25,,1005.29,0,42221.1,,0,0,,0,0,boundary
166,25.75,-1.25,,1005.41,0,43125.8,,0,0,,0,0,boundary
167,26.25,-1.25,,1005.53,0,44152.8,,0,0,,0,0,boundary
168,-0.25,0.25,,1006.65,0,53216.9,,0,0,,0,0,boundary
169,-0.25,0.75,,1005.94,0,47491.7,,0,0,,0,0,boundary
170,-0.25,1.25,,1005.27,0,41985.8,,0,0,,0,0,boundary
171,-0.25,1.75,,1004.86,0,38725.9,,0,0,,0,0,boundary
172,-0.25,2.25,,1004.5,0,35833.4,,0,0,,0,0,boundary
173,-0.25,2.75,,1004.04,0,32110,,0,0,,0,0,boundary
174,-0.25,3.25,,1003.55,0,28169,,0,0,,0,0,boundary
175,-0.25,3.75,,1003.05,0,24176.3,,0,0,,0,0,boundary
176,-0.25,4.25,,1002.81,0,22271.9,,0,0,,0,0,boundary
177,-0.25,4.75,,1002.45,0,19369.7,,0,0,,0,0,boundary
178,-0.25,5.25,,1001.84,0,14485,,0,0,,0,0,boundary
179,-0.25,5.75,,1001.5,0,11824.5,,0,0,,0,0,boundary
180,-0.25,6.25,,1001.46,0,11499.2,,0,0,,0,0,boundary
181,-0.25,6.75,,1001.51,0,11867.9,,0,0,,0,0,boundary
182,-0.25,7.25,,1001.58,0,12455.6,,0,0,,0,0,boundary
183,-0.25,7.75,,1001.74,0,13741.1,,0,0,,0,0,boundary
184,-0.25,8.25,,1000,0,0,,0,0,,0,0,boundary
185,-0.25,8.75,,1000,0,0,,0,0,,0,0,boundary
186,-0.25,9.25,,1000,0,0,,0,0,,0,0,boundary
187,-0.25,9.75,,1000,0,0,,0,0,,0,0,boundary
188,-0.75,0.25,,1006.59,0,52748.8,,0,0,,0,0,boundary
189,-0.75,0.75,,1005.99,0,47884.7,,0,0,,0,0,boundary
190,-0.75,1.25,,1005.39,0,42983.4,,0,0,,0,0,boundary
191,-0.75,1.75,,1004.95,0,39440.3,,0,0,,0,0,boundary
192,-0.75,2.25,,1004.49,0,35737.6,,0,0,,0,0,boundary
193,-0.75,2.75,,1003.94,0,31288.2,,0,0,,0,0,boundary
194,-0.75,3.25,,1003.46,0,27429.7,,0,0,,0,0,boundary
195,-0.75,3.75,,1002.94,0,23288,,0,0,,0,0,boundary
196,-0.75,4.25,,1002.69,0,21290.9,,0,0,,0,0,boundary
197,-0.75,4.75,,1002.55,0,20137.6,,0,0,,0,0,boundary
198,-0.75,5.25,,1001.77,0,13947.3,,0,0,,0,0,boundary
199,-0.75,5.75,,1001.68,0,13228.1,,0,0,,0,0,boundary
200,-0.75,6.25,,1001.96,0,15489,,0,0,,0,0,boundary
201,-0.75,6.75,,1001.32,0,10384.1,,0,0,,0,0,boundary
202,-0.75,7.25,,1001.28,0,10112.5,,0,0,,0,0,boundary
203,-0.75,7.75,,1001.04,0,8205.67,,0,0,,0,0,boundary
204,-0.75,8.25,,1000,0,0,,0,0,,0,0,boundary
205,-0.75,8.75,,1000,0,0,,0,0,,0,0,boundary
206,-0.75,9.25,,1000,0,0,,0,0,,0,0,boundary
207,-0.75,9.75,,1000,0,0,,0,0,,0,0,boundary
208,-1.25,0.25,,1006.68,0,53507.8,,0,0,,0,0,boundary
209,-1.25,0.75,,1006.04,0,48245.8,,0,0,,0,0,boundary
210,-1.25,1.25,,1005.42,0,43251.2,,0,0,,0,0,boundary
211,-1.25,1.75,,1005,0,39825.8,,0,0,,0,0,boundary
212,-1.25,2.25,,1004.35,0,34587.9,,0,0,,0,0,boundary
213,-1.25,2.75,,1003.74,0,29657.2,,0,0,,0,0,boundary
214,-1.25,3.25,,1003.37,0,26736.9,,0,0,,0,0,boundary
215,-1.25,3.75,,1002.87,0,22700.9,,0,0,,0,0,boundary
216,-1.25,4.25,,1002.45,0,19340.8,,0,0,,0,0,boundary
217,-1.25,4.75,,1002.03,0,16012.7,,0,0,,0,0,boundary
218,-1.25,5.25,,1001.76,0,13902.6,,0,0,,0,0,boundary
219,-1.25,5.75,,1001.75,0,13828.7,,0,0,,0,0,boundary
220,-1.25,6.25,,1001.61,0,12727.4,,0,0,,0,0,boundary
221,-1.25,6.75,,1001.1,0,8628.19,,0,0,,0,0,boundary
222,-1.25,7.25,,1000.96,0,7591.29,,0,0,,0,0,boundary
223,-1.25,7.75,,1000.62,0,4864.24,,0,0,,0,0,boundary
224,-1.25,8.25,,1000,0,0,,0,0,,0,0,boundary
225,-1.25,8.75,,1000,0,0,,0,0,,0,0,boundary
226,-1.25,9.25,,1000,0,0,,0,0,,0,0,boundary
227,-1.25,9.75,,1000,0,0,,0,0,,0,0,boundary
228,25.25,0.25,,1003.76,0,29819.9,,0,0,,0,0,boundary
229,25.25,0.75,,1003.21,0,25410.2,,0,0,,0,0,boundary
230,25.25,1.25,,1002.73,0,21605.1,,0,0,,0,0,boundary
231,25.25,1.75,,1002.2,0,17348.2,,0,0,,0,0,boundary
232,25.25,2.25,,1001.67,0,13186.1,,0,0,,0,0,boundary
233,25.25,2.75,,1001.32,0,10434.4,,0,0,,0,0,boundary
234,25.25,3.25,,1000.94,0,7419.34,,0,0,,0,0,boundary
235,25.25,3.75,,1000.44,0,3418.93,,0,0,,0,0,boundary
236,25.25,4.25,,1000.42,0,3307.93,,0,0,,0,0,boundary
237,25.25,4.75,,1000.38,0,3002.74,,0,0,,0,0,boundary
238,25.25,5.25,,1000.37,0,2944.15,,0,0,,0,0,boundary
239,25.25,5.75,,1000,0,0,,0,0,,0,0,boundary
240,25.25,6.25,,1000,0,0,,0,0,,0,0,boundary
241,25.25,6.75,,1000,0,0,,0,0,,0,0,boundary
242,25.25,7.25,,1000,0,0,,0,0,,0,0,boundary
243,25.25,7.75,,1000,0,0,,0,0,,0,0,boundary
244,25.25,8.25,,1000,0,0,,0,0,,0,0,boundary
245,25.25,8.75,,1000,0,0,,0,0,,0,0,boundary
246,25.25,9.25,,1000,0,0,,0,0,,0,0,boundary
247,25.25,9.75,,1000,0,0,,0,0,,0,0,boundary
248,25.75,0.25,,1003.77,0,29961.3,,0,0,,0,0,boundary
249,25.75,0.75,,1003.2,0,25326.1,,0,0,,0,0,boundary
250,25.75,1.25,,1002.76,0,21880,,0,0,,0,0,boundary
251,25.75,1.75,,1002.27,0,17975.4,,0,0,,0,0,boundary
252,25.75,2.25,,1001.77,0,13967.6,,0,0,,0,0,boundary
253,25.75,2.75,,1001.46,0,11487.9,,0,0,,0,0,boundary
254,25.75,3.25,,1001.06,0,8307.34,,0,0,,0,0,boundary
255,25.75,3.75,,1000.52,0,4095.85,,0,0,,0,0,boundary
256,25.75,4.25,,1000.45,0,3528.82,,0,0,,0,0,boundary
257,25.75,4.75,,1000.4,0,3117.07,,0,0,,0,0,boundary
258,25.75,5.25,,1000.38,0,3015.88,,0,0,,0,0,boundary
259,25.75,5.75,,1000,0,0,,0,0,,0,0,boundary
260,25.75,6.25,,1000,0,0,,0,0,,0,0,boundary
261,25.75,6.75,,1000,0,0,,0,0,,0,0,boundary
262,25.75,7.25,,1000,0,0,,0,0,,0,0,boundary
263,25.75,7.75,,1000,0,0,,0,0,,0,0,boundary
264,25.75,8.25,,1000,0,0,,0,0,,0,0,boundary
265,25.75,8.75,,1000,0,0,,0,0,,0,0,boundary
266,25.75,9.25,,1000,0,0,,0,0,,0,0,boundary
267,25.75,9.75,,1000,0,0,,0,0,,0,0,boundary
268,26.25,0.25,,1003.93,0,31188.2,,0,0,,0,0,boundary
269,26.25,0.75,,1003.28,0,25991.7,,0,0,,0,0,boundary
270,26.25,1.25,,1002.75,0,21752.6,,0,0,,0,0,boundary
271,26.25,1.75,,1002.34,0,18486.2,,0,0,,0,0,boundary
272,26.25,2.25,,1001.94,0,15295.2,,0,0,,0,0,boundary
273,26.25,2.75,,1001.61,0,12698.2,,0,0,,0,0,boundary
274,26.25,3.25,,1001.18,0,9254.7,,0,0,,0,0,boundary
275,26.25,3.75,,1000.66,0,5166.21,,0,0,,0,0,boundary
276,26.25,4.25,,1000.51,0,3978.37,,0,0,,0,0,boundary
277,26.25,4.75,,1000.44,0,3434.86,,0,0,,0,0,boundary
278,26.25,5.25,,1000.39,0,3073.44,,0,0,,0,0,boundary
279,26.25,5.75,,1000,0,0,,0,0,,0,0,boundary
280,26.25,6.25,,1000,0,0,,0,0,,0,0,boundary
281,26.25,6.75,,1000,0,0,,0,0,,0,0,boundary
282,26.25,7.25,,1000,0,0,,0,0,,0,0,boundary
283,26.25,7.75,,1000,0,0,,0,0,,0,0,boundary
284,26.25,8.25,,1000,0,0,,0,0,,0,0,boundary
285,26.25,8.75,,1000,0,0,,0,0,,0,0,boundary
286,26.25,9.25,,1000,0,0,,0,0,,0,0,boundary
287,26.25,9.75,,1000,0,0,,0,0,,0,0,boundary
288,0.265953,2.78926,,1003.5,14.3514,27784.5,,-0.0696035,0.765863,,0.255862,7.24467,fluid
289,0.171799,2.1145,,1004.8,22.2548,38215,,-0.060393,0.45557,,0.100622,9.57467,fluid
290,0.269929,3.75414,,1002.63,18.1659,20780,,0.133646,0.743984,,1.09156,9.22849,fluid
291,0.456793,0.193079,,1006.39,23.6136,51113.1,,-0.195238,0.0496086,,0.322821,9.0911,fluid
292,0.152487,1.38326,,1004.8,19.0602,38236.1,,0.101116,0.556899,,1.18464,8.65839,fluid
293,0.279598,3.31413,,1004.05,16.5074,32175.8,,-0.12916,0.998932,,1.14935,9.29103,fluid
294,1.05906,4.60511,,1001.59,11.1858,12572.2,,-0.680956,2.25603,,0.860932,8.55565,fluid
295,0.678499,3.04678,,1003.7,14.6398,29348.6,,-0.204468,1.14004,,0.884198,8.87915,fluid
296,0.631563,4.00281,,1002.25,7.38063,17802.4,,-0.152061,0.925227,,0.444425,7.13461,fluid
297,2.05378,2.69698,,1003.72,21.677,29502.5,,-0.882262,0.403904,,1.38542,8.37882,fluid
298,0.391409,4.45944,,1002.12,7.65629,16704.6,,-0.050681,1.83287,,0.367741,7.4308,fluid
299,0.873663,4.20042,,1002.52,2.94948,19927.4,,-0.191708,1.45431,,1.28609,7.29052,fluid
300,1.41187,4.01147,,1002.23,13.7406,17591.9,,-0.390033,0.809361,,1.18025,8.34024,fluid
301,1.15689,4.79603,,1001.46,9.61656,11483.3,,-0.600804,2.22982,,0.357448,9.76396,fluid
302,1.66214,4.47858,,1001.92,4.94648,15141.7,,-0.744834,1.79304,,1.7732,7.30812,fluid
303,2.07615,4.14756,,1002.53,12.0606,19986.1,,-0.572994,0.950832,,1.01561,8.60349,fluid
304,0.161545,0.512383,,1006.47,22.3731,51786.7,,-0.0288973,0.354475,,0.253589,9.71536,fluid
305,0.410873,1.0487,,1005.39,22.2237,43021.1,,-0.111931,-0.228861,,0.207743,10.0577,fluid
306,0.760217,2.6419,,1003.18,16.5013,25222.6,,-0.267744,0.910134,,0.851091,7.11843,fluid
307,0.97174,0.189432,,1006.34,24.2641,50749.5,,-0.266496,-0.0203759,,1.94736,8.56132,fluid
308,0.688534,1.62914,,1005,22.2293,39817.1,,-0.291509,0.951563,,0.337606,5.86704,fluid
309,0.504874,2.06022,,1005.14,22.1445,41006.4,,-0.160208,0.310544,,0.468982,10.1708,fluid
310,0.965644,1.14869,,1004.83,23.5373,38470.7,,-0.220707,0.117689,,1.26335,9.9796,fluid
311,1.72776,3.53264,,1003.46,15.8591,27431,,-0.523779,1.48748,,1.73612,10.0881,fluid
312,1.01774,3.40788,,1003.8,19.1232,30159.5,,-0.371946,1.53848,,-0.199234,10.4665,fluid
313,1.37464,3.34293,,1003.58,14.9191,28387.9,,-0.449535,1.42361,,1.04074,8.94841,fluid
314,1.43407,2.30421,,1004.61,22.1771,36676.9,,-0.623923,0.655138,,1.37133,10.3991,fluid
315,2.45882,3.82839,,1003.09,14.7114,24447.1,,-1.00914,1.41484,,1.62035,9.59052,fluid
316,2.91331,4.37191,,1002.18,10.8394,17205.2,,-1.34726,1.18935,,2.55962,7.75491,fluid
317,2.60453,3.18564,,1003.35,15.5417,26562.6,,-1.10368,0.802098,,1.7931,7.55483,fluid
318,2.40303,4.68497,,1001.6,8.76978,12580.3,,-1.11582,1.79752,,1.32841,8.8635,fluid
319,1.95386,5.97576,,1000.58,0.849729,4583.7,,-1.11599,2.27265,,2.61726,9.20238,fluid
320,0.68341,0.751959,,1006.27,18.6927,50160.5,,-0.160844,0.339592,,1.27981,9.01548,fluid
321,2.53156,0.300199,,1005.99,22.347,47854.8,,-0.373739,-0.0821883,,2.08041,7.40151,fluid
322,4.19829,0.158106,,1005.96,19.6622,47587.7,,-0.600642,-0.0718561,,2.71959,10.4429,fluid
323,0.9665,1.99898,,1005.14,18.5748,40988.3,,-0.348606,0.562457,,1.65609,10.5545,fluid
324,1.2756,1.73532,,1004.99,18.0625,39717.5,,-0.466197,0.529415,,1.9194,7.72129,fluid
325,1.30876,0.487497,,1006.36,19.5654,50913.5,,-0.429743,0.287468,,1.38568,8.23792,fluid
326,1.68195,2.91635,,1003.31,13.8777,26230.2,,-0.821164,0.681115,,1.83412,7.36332,fluid
327,1.82502,2.1426,,1005.02,18.9059,40021.3,,-0.690029,0.867034,,1.65979,10.2509,fluid
328,1.89012,0.802652,,1005.97,20.421,47719.8,,-0.57953,0.19453,,1.72947,10.9718,fluid
329,1.1744,2.76143,,1003.36,15.4094,26674.9,,-0.411546,0.891496,,1.71584,7.48397,fluid
330,3.08338,2.6142,,1004.18,22.8703,33233.9,,-1.13737,0.219436,,2.5816,8.8877,fluid
331,2.41744,2.71549,,1003.69,20.716,29299.3,,-0.767443,0.639239,,1.86706,8.76225,fluid
332,2.98131,5.4464,,1001.59,6.37882,12567.4,,-1.0892,1.49972,,2.00963,7.74579,fluid
333,3.709,4.8925,,1001.51,7.05537,11889.9,,-1.49497,0.916426,,2.29591,8.01677,fluid
334,2.69549,4.59042,,1001.86,8.62059,14682,,-1.14422,1.61691,,1.66333,8.96983,fluid
335,3.59418,5.7291,,1000.46,2.89352,3615.66,,-1.30695,1.15087,,2.78984,7.5226,fluid
336,5.47664,0.478454,,1004.81,18.7995,38264.7,,-0.56838,-0.0496044,,2.68436,8.77044,fluid
337,5.96704,0.0972257,,1005.26,15.1261,41943.5,,-0.397375,-0.136825,,2.99612,10.5774,fluid
338,5.32303,0.902576,,1004.55,17.3149,36211.7,,-1.00982,0.120931,,3.02575,9.16155,fluid
339,3.01803,0.214977,,1006.08,24.2843,48603.1,,-0.452087,-0.167607,,2.15273,8.63105,fluid
340,4.54067,2.23712,,1003.77,17.773,29886.4,,-1.82137,0.150734,,2.75105,8.20632,fluid
341,1.70119,0.296204,,1006.1,22.3101,48772,,-0.294308,-0.222798,,1.85538,6.38616,fluid
342,5.67916,1.14988,,1004.22,16.7785,33539.7,,-1.03378,0.126792,,2.57352,9.07061,fluid
343,1.55407,1.44658,,1004.76,22.5738,37890.3,,-0.656462,0.360168,,1.28648,6.65913,fluid
344,4.40264,1.6752,,1004.15,19.4458,32985.1,,-1.36464,0.0501074,,2.89593,8.78189,fluid
345,2.14825,1.83665,,1004.88,17.555,38846.9,,-0.974057,0.577297,,1.65628,7.88113,fluid
346,2.79309,2.25428,,1004.8,19.7363,38228.7,,-1.11136,0.328486,,2.55075,9.96033,fluid
347,2.48529,1.99761,,1004.98,17.5224,39693.8,,-1.0495,0.479231,,2.46235,8.73981,fluid
348,1.16497,5.93574,,1001.2,5.35202,9461.87,,-0.727007,2.61423,,1.87627,8.664,fluid
349,1.70218,5.7675,,1001.69,8.68103,13327.9,,-1.0376,2.06779,,2.08635,7.84124,fluid
350,0.423825,5.90264,,1001.76,8.00463,13870.4,,-0.586421,2.61919,,1.67528,8.51248,fluid
351,2.05269,4.8037,,1001.25,11.658,9821.24,,-0.964072,1.83642,,1.76438,8.40087,fluid
352,6.71899,0.505121,,1004.67,14.4331,37196.7,,-1.05878,0.464266,,2.39647,9.50265,fluid
353,5.96985,0.58811,,1004.86,17.8806,38695.2,,-0.95038,-0.151038,,3.22394,8.74969,fluid
354,4.87576,1.14126,,1004.77,18.5949,37972.4,,-0.953924,-0.106119,,2.83999,9.07217,fluid
355,6.6063,0.189714,,1004.65,15.9956,37030,,-0.42178,0.129069,,2.60297,8.70551,fluid
356,4.31395,1.12779,,1004.99,20.3439,39779.3,,-0.985374,-0.0174467,,3.19787,9.49834,fluid
357,5.1579,0.128308,,1005.29,17.2262,42207.3,,-0.596041,0.0272135,,3.1169,10.0915,fluid
358,7.8968,0.498447,,1004.89,12.8095,38910,,-1.24236,0.303694,,2.19594,9.21831,fluid
359,2.10588,0.295275,,1006.07,22.8924,48519.4,,-0.299902,-0.0585764,,2.22669,6.92539,fluid
360,1.31541,0.870059,,1006.01,22.9062,47996.3,,-0.253029,-0.088076,,1.99972,11.646,fluid
361,3.52778,1.9053,,1004.52,19.4056,35972,,-1.26166,0.0573895,,2.63696,8.07484,fluid
362,1.90992,1.41364,,1004.86,24.6468,38739.4,,-0.632889,-0.0902691,,2.44805,7.03647,fluid
363,3.80328,0.532007,,1005.33,20.445,42506.6,,-0.668944,0.129317,,2.16797,9.65833,fluid
364,5.448,4.70994,,1000.95,6.18772,7512.91,,-1.17643,-0.118161,,1.64627,8.33627,fluid
365,0.903145,5.9255,,1001.29,6.05723,10189.5,,-0.674493,2.63694,,1.60786,8.64242,fluid
366,4.45388,5.12265,,1000.76,5.21313,5990.98,,-1.53855,0.46552,,2.87977,7.82148,fluid
367,13.0261,3.59272,,1000.43,2.02113,3413.73,,0.715128,-0.812804,,0.725952,8.17425,fluid
368,8.85947,2.81389,,1001.76,8.66917,13892.5,,-0.788556,-0.302154,,1.29555,7.39812,fluid
369,10.6744,2.53654,,1001.75,6.44501,13807.4,,-0.395877,-0.744866,,0.884159,7.76619,fluid
370,4.89287,1.56076,,1004.25,18.3377,33814,,-1.25527,-0.0328654,,2.80975,9.136,fluid
371,6.52033,1.1071,,1004.41,16.7185,35066.7,,-1.05518,0.00497398,,2.92217,9.05497,fluid
372,9.68186,2.52859,,1001.63,7.8215,12864.1,,-0.673192,-0.414632,,1.4883,7.33662,fluid
373,9.84715,2.95759,,1001.66,5.73591,13092.5,,-0.412341,-0.769364,,1.5096,7.25697,fluid
374,8.75695,2.2337,,1002.41,8.26801,19019.7,,-1.11793,-0.00565876,,1.38534,7.57731,fluid
375,5.74975,4.43411,,1001.03,6.03527,8124.23,,-1.61165,0.0906469,,2.19732,7.59611,fluid
376,4.64276,0.326314,,1005.49,19.8723,43813.7,,-0.624495,-0.115034,,2.7716,9.53135,fluid
377,3.21428,2.99332,,1003.52,18.3119,27938.6,,-1.50197,0.457936,,2.25231,8.29832,fluid
378,6.95367,4.02309,,1000.96,7.05548,7569.23,,-1.69711,-0.27659,,1.91277,7.66556,fluid
379,3.17671,0.766556,,1005.59,19.0577,44583.5,,-0.781588,0.00526306,,3.00087,8.99563,fluid
380,3.22843,3.74139,,1002.64,14.2794,20888.8,,-1.45216,0.681054,,2.6776,9.35494,fluid
381,2.52972,5.5824,,1001.38,8.80498,10858.9,,-1.20238,1.77121,,2.33793,8.06885,fluid
382,3.88957,5.51206,,1000.56,3.44572,4364.05,,-1.44005,0.962183,,2.67357,7.72514,fluid
383,7.74562,4.72119,,1000.55,2.58128,4306.64,,-1.11864,-0.88918,,1.85375,7.53134,fluid
384,13.241,2.5716,,1001.83,3.18406,14416.8,,0.463274,-0.548372,,1.13317,8.2991,fluid
385,9.14703,1.78593,,1002.73,8.94895,21604.6,,-1.13094,-0.22518,,1.50205,7.93594,fluid
386,8.75605,0.349515,,1004.41,12.1515,35056.9,,-1.22336,-0.0134322,,1.04962,9.03246,fluid
387,14.1364,2.00895,,1001.97,4.95755,15590.5,,0.245354,-0.497597,,0.439769,8.45795,fluid
388,8.55212,0.913321,,1003.54,12.5709,28058.6,,-1.59211,0.281048,,1.91963,8.57602,fluid
389,13.2667,2.11609,,1001.98,5.36913,15615.4,,-0.0951605,-0.509885,,0.461344,8.38004,fluid
390,11.0884,2.39621,,1001.68,6.18892,13281.8,,-0.296515,-0.668303,,1.31673,7.90183,fluid
391,7.76218,2.66003,,1002.22,9.35076,17504,,-1.36852,0.262986,,1.70465,7.25423,fluid
392,9.1349,2.51298,,1001.94,7.41607,15303.3,,-0.890477,-0.271966,,1.85297,7.31131,fluid
393,10.0556,2.31493,,1001.82,8.06508,14339.6,,-0.719359,-0.651454,,1.23123,7.93075,fluid
394,5.05219,4.15638,,1001.67,9.72415,13137.2,,-1.58536,0.177348,,2.36447,8.14646,fluid
395,2.55433,1.38916,,1004.91,26.4533,39095.4,,-1.02424,0.118335,,2.38696,8.36454,fluid
396,3.00576,1.36987,,1005.24,26.0859,41766.2,,-0.887952,-0.175465,,1.86744,9.45587,fluid
397,7.8472,4.19319,,1000.5,2.60017,3964.75,,-1.25956,-0.680986,,1.60715,7.56408,fluid
398,3.31506,5.78608,,1000.42,3.10285,3304.68,,-1.29081,1.34439,,2.65374,7.59262,fluid
399,1.47337,6.07686,,1000.51,-0.731112,4031.53,,-0.847164,2.55251,,2.02122,9.18771,fluid
400,8.73718,1.61893,,1002.94,9.85111,23294.5,,-1.23925,0.0716358,,1.86731,8.20523,fluid
401,12.5755,-133.963,,971.109,0,-208004,,0.0507704,-50.7395,,0,0,fluid
402,6.3614,2.56257,,1002.94,13.5189,23277.9,,-1.6636,0.0526959,,2.0697,7.9494,fluid
403,10.928,1.89592,,1002.22,6.85868,17568.4,,-0.83005,-0.400909,,1.08842,8.0912,fluid
404,6.5997,2.101,,1003.22,14.8605,25522,,-1.70282,-0.159172,,2.77226,8.58817,fluid
405,4.29317,2.86491,,1003.11,16.5302,24644.1,,-1.84677,0.473643,,2.96716,8.20526,fluid
406,9.06175,0.781214,,1003.52,11.9465,27906.6,,-1.55309,-0.100747,,1.48193,8.74493,fluid
407,8.35074,4.09439,,999.836,4.37082,-1282.74,,-1.18956,-0.767587,,1.86345,6.56975,fluid
408,9.18909,0.236745,,1004.29,11.0842,34144.2,,-1.19878,-0.0413697,,1.46134,9.30163,fluid
409,12.4784,1.83513,,1002.2,6.31937,17366.9,,-0.312457,-0.638885,,0.174608,8.44687,fluid
410,9.30504,4.13724,,1000.48,4.25762,3740.23,,-0.549056,-1.28208,,1.86461,7.80988,fluid
411,3.52329,3.27517,,1003.15,13.9478,24950.9,,-1.40469,0.705467,,2.45713,8.85949,fluid
412,6.29056,4.78876,,1000.56,4.33162,4426.08,,-1.38721,-0.285929,,1.89989,7.29381,fluid
413,11.0967,3.67479,,1000.44,3.78278,3433.19,,0.261079,-1.43102,,1.18286,7.79039,fluid
414,8.1768,4.46182,,1000.52,3.16102,4106.14,,-1.10607,-1.06772,,1.89929,7.63347,fluid
415,2.82614,3.54321,,1003.13,13.2983,24812.8,,-1.24747,0.895084,,2.40948,8.80336,fluid
416,9.10503,1.16579,,1003.13,10.7745,24833.1,,-1.62685,-0.077032,,1.3673,8.57487,fluid
417,7.25902,3.77665,,1001.29,6.41581,10144.6,,-1.60799,-0.331532,,1.4941,7.8482,fluid
418,9.48096,2.0386,,1002.16,7.15019,17026.9,,-1.10426,-0.0011306,,1.4864,7.76152,fluid
419,12.4068,1.34849,,1002.6,7.38938,20575.4,,-1.01092,-0.572352,,0.437312,8.73827,fluid
420,11.9147,1.56938,,1002.4,7.49861,18999.7,,-0.576282,-0.276403,,1.19346,8.51211,fluid
421,11.5984,1.8225,,1002.3,6.95411,18147.3,,-0.836157,-0.492723,,0.911699,8.05013,fluid
422,12.9277,1.70646,,1002.24,7.56706,17706.3,,-0.158291,-0.49999,,0.738103,8.48697,fluid
423,13.9805,2.70351,,1001.25,4.31827,9831.69,,0.823638,-0.640742,,0.610699,8.82276,fluid
424,6.09963,2.06812,,1003.62,15.7463,28700.5,,-1.81325,-0.00190682,,2.38214,8.50727,fluid
425,6.21216,4.02666,,1001.64,7.21004,12944.4,,-1.5843,-0.282997,,1.72577,8.0357,fluid
426,14.6528,1.96403,,1001.89,4.45573,14895.9,,0.24557,-0.228939,,0.266652,8.4961,fluid
427,6.67962,4.46625,,1000.83,4.07148,6534.19,,-1.46323,-0.318237,,2.04488,7.6685,fluid
428,2.2225,5.61592,,1001.48,9.97514,11652.1,,-1.13511,1.76648,,1.914,7.87948,fluid
429,6.66258,2.87492,,1002.44,12.7267,19280.4,,-1.87379,-0.468832,,2.36431,8.18977,fluid
430,13.8048,3.48611,,1000.5,2.3019,3939.03,,1.11997,-0.783958,,0.93777,8.58959,fluid
431,4.80746,5.4277,,1000.73,3.99718,5742.54,,-1.75025,0.277888,,3.06185,8.80381,fluid
432,11.6225,2.16002,,1001.7,6.36304,13438,,-0.181265,-0.404056,,1.01578,8.14253,fluid
433,9.75407,0.214635,,1004.16,10.0633,33069.2,,-0.914394,-0.0393689,,1.63791,8.48876,fluid
434,9.82582,1.76602,,1002.61,8.01023,20635.6,,-1.12748,-0.36959,,1.21314,8.01115,fluid
435,17.6499,2.60642,,1001.08,2.12428,8524.62,,0.559653,-0.114546,,0.341502,9.19412,fluid
436,15.0769,1.64647,,1002.15,5.26469,16984.9,,0.0143827,-0.28505,,0.401424,8.56824,fluid
437,15.4089,1.96059,,1001.86,4.56528,14690.8,,0.490834,-0.369,,0.464921,9.09852,fluid
438,4.8657,2.3469,,1003.55,17.0109,28171,,-1.89713,0.333278,,3.02642,8.78382,fluid
439,13.6458,3.14019,,1000.59,2.79989,4673,,0.628899,-0.704772,,1.06718,8.10071,fluid
440,14.0326,1.53648,,1002.19,6.58892,17303,,-0.330354,-0.413926,,0.639208,8.74758,fluid
441,7.11743,2.68432,,1002.67,11.5048,21136.2,,-1.73288,-0.056193,,1.91757,7.68517,fluid
442,4.10507,2.3575,,1003.86,18.1289,30647.7,,-1.52989,0.2124,,2.14499,9.26917,fluid
443,5.26156,3.68724,,1001.92,11.8788,15147.4,,-1.80143,0.153452,,2.48233,8.22761,fluid
444,5.64578,3.95031,,1001.89,9.60086,14907.5,,-1.51913,-0.253031,,2.17421,7.91955,fluid
445,0.386721,5.32238,,1000.36,2.6277,2836.82,,-0.15968,1.14143,,2.06071,5.82314,fluid
446,0.413256,4.85096,,1003.59,18.7157,28490.4,,0.599917,1.22051,,1.62248,11.5073,fluid
447,0.655052,5.85629,,1001.73,8.59714,13652.6,,-0.505554,2.49024,,1.21828,7.68522,fluid
448,10.4824,2.1039,,1001.91,6.72382,15048.1,,-0.805379,-0.455287,,0.777279,7.83615,fluid
449,9.83419,0.981784,,1003.15,8.67407,24950.2,,-1.47738,-0.156301,,1.24094,8.74376,fluid
450,11.0924,1.52354,,1002.68,7.43374,21198.3,,-0.871077,-0.296323,,1.20198,8.29694,fluid
451,13.4011,1.35015,,1002.49,7.54541,19664.2,,-0.627199,-0.441056,,-0.0881663,8.78845,fluid
452,10.3259,1.64548,,1002.71,8.55045,21415.2,,-1.26965,-0.400431,,1.36764,8.41631,fluid
453,15.6444,2.91022,,1000.82,2.21541,6422.77,,0.80475,-0.101151,,0.512312,8.54763,fluid
454,15.8461,2.51173,,1001.31,2.93391,10354.2,,0.545681,-0.362319,,0.207054,8.33818,fluid
455,3.39174,1.11597,,1005.45,22.9254,43514.4,,-1.06602,0.0988662,,2.99534,9.58052,fluid
456,5.74335,3.25115,,1002.17,12.0052,17133.8,,-1.91572,-0.116054,,1.92931,8.24883,fluid
457,4.34102,3.99606,,1002.1,11.4163,16549.1,,-1.63343,0.460949,,2.50556,7.84814,fluid
458,16.7105,2.22417,,1001.42,3.04486,11203.9,,0.433433,0.031357,,0.384874,8.96138,fluid
459,14.5388,2.46731,,1001.46,3.18124,11499.6,,0.653195,-0.221405,,0.25713,8.27745,fluid
460,12.0998,3.45752,,1000.48,3.96932,3749.46,,0.737168,-1.07317,,1.25576,8.29471,fluid
461,4.90347,4.75792,,1001.05,6.77772,8300.53,,-1.36149,-0.0482686,,2.37376,8.33763,fluid
462,3.23428,4.75814,,1002.24,8.86538,17679.1,,-1.27506,1.16336,,1.98851,9.01754,fluid
463,5.34879,5.17732,,1000.67,4.55381,5233.15,,-1.44427,-0.219734,,2.18911,8.70691,fluid
464,11.7294,1.1703,,1002.8,7.6707,22178.8,,-1.10002,-0.184103,,0.920723,8.58088,fluid
465,9.65425,0.608246,,1003.63,9.26977,28804.2,,-1.51196,-0.102694,,0.733366,9.03168,fluid
466,12.1481,0.86427,,1003.13,7.2945,24773.6,,-0.762529,-0.286027,,0.567376,8.84174,fluid
467,15.694,1.53522,,1002.16,5.99774,17064,,0.0267847,-0.141473,,0.286443,8.5207,fluid
468,12.8038,1.17238,,1002.66,6.45453,21013.6,,-0.570378,-0.29866,,0.899104,8.76285,fluid
469,13.5302,1.81785,,1001.77,6.00479,13936.4,,-0.155721,-0.268255,,0.893207,8.16048,fluid
470,15.4385,3.02426,,1000.6,2.83037,4678.78,,1.03191,-0.166996,,0.168017,8.65503,fluid
471,14.8822,2.80995,,1001.04,1.9976,8212.41,,0.722654,-0.518476,,0.652257,8.43421,fluid
472,14.8187,3.27651,,1000.45,2.45509,3538.57,,1.08378,-0.396385,,0.443697,8.78402,fluid
473,12.6149,3.55971,,1000.53,2.4387,4136.49,,0.87933,-0.922234,,0.458552,8.44724,fluid
474,8.10259,0.947838,,1004.05,13.9173,32187.3,,-1.59539,-0.090098,,1.65313,9.22159,fluid
475,4.78982,2.98673,,1002.98,14.7201,23629.6,,-1.7977,0.252228,,2.42144,8.0107,fluid
476,11.5217,2.68713,,1001.97,5.27839,15547.9,,0.147257,-0.779394,,0.942343,8.08849,fluid
477,12.2877,2.78835,,1001.43,3.78292,11264.2,,0.532505,-0.772066,,0.905804,8.34812,fluid
478,10.7519,3.57184,,1000.31,3.81515,2431.81,,0.0245214,-1.24494,,1.16933,7.48637,fluid
479,6.49267,5.07571,,1000.46,3.20076,3622.05,,-0.888972,-0.473644,,1.82177,7.2747,fluid
480,9.5544,1.31458,,1002.9,9.10453,22962.5,,-1.58562,-0.216543,,1.1293,8.4895,fluid
481,10.2448,1.29227,,1003.03,8.96376,24001.1,,-1.29696,-0.285605,,1.26049,7.88451,fluid
482,10.8749,1.18943,,1002.86,7.60296,22621.9,,-1.37406,-0.184952,,0.615325,8.42034,fluid
483,13.713,1.11021,,1002.85,5.44496,22554.9,,-0.416789,-0.185818,,0.0814006,8.98282,fluid
484,12.5893,0.709694,,1003.35,6.6577,26555.5,,-0.93487,-0.217416,,0.577655,8.9763,fluid
485,15.0679,1.18465,,1002.61,5.87751,20606,,-0.289429,-0.299038,,-0.114109,9.05849,fluid
486,15.9144,2.05569,,1001.64,4.59331,12954.7,,0.20673,-0.246347,,0.232689,8.58281,fluid
487,17.0435,1.27304,,1002.43,5.8331,19202.1,,0.161656,-0.2428,,-0.0676916,8.92673,fluid
488,14.5568,1.50464,,1002.05,7.13666,16177.9,,-0.203185,-0.157961,,0.30044,8.20084,fluid
489,7.17603,0.446361,,1004.92,16.2204,39176.3,,-0.805324,-0.165607,,2.02503,8.59269,fluid
490,3.5213,0.219083,,1006.1,23.1488,48742,,-0.441147,-0.238765,,2.37747,9.64883,fluid
491,8.28954,2.52954,,1002.15,8.82266,16972.4,,-1.07855,0.244392,,2.03863,7.22665,fluid
492,12.0253,2.39063,,1001.68,5.63147,13287.3,,0.062664,-0.81896,,0.814469,7.84495,fluid
493,8.19595,2.05923,,1003.08,10.8873,24373.1,,-1.17335,0.276467,,2.02741,8.05023,fluid
494,3.49446,4.16817,,1001.84,12.1198,14551.1,,-1.49045,0.881339,,2.18973,8.19743,fluid
495,8.2449,3.32648,,1001.92,8.41244,15179.2,,-1.26641,-0.113999,,2.23969,7.16913,fluid
496,10.4396,0.162896,,1004.11,9.96639,32639.9,,-0.851262,0.0213782,,0.370682,9.32503,fluid
497,10.9165,0.271024,,1003.98,8.78721,31636.8,,-0.891789,-0.0875559,,1.072,8.69869,fluid
498,10.2054,0.600434,,1003.47,10.1901,27519.6,,-1.39358,-0.191554,,1.43013,8.7305,fluid
499,16.4634,0.954534,,1002.88,6.0916,22795.8,,0.144649,-0.103207,,0.132618,9.42162,fluid
500,11.7911,0.549315,,1003.45,8.02635,27333.2,,-1.23438,-0.132945,,0.751104,9.11884,fluid
501,18.4152,1.4212,,1002.21,5.54409,17432.6,,0.0787914,-0.192461,,-0.0228701,9.25474,fluid
502,16.1617,1.29189,,1002.42,6.46558,19120.1,,0.0828245,-0.372581,,0.129899,8.92852,fluid
503,17.5063,1.13584,,1002.53,6.47185,20003.5,,0.15855,-0.0536058,,0.0578471,9.16966,fluid
504,16.2276,1.74827,,1001.94,5.27264,15325.7,,0.396115,-0.143419,,0.268492,8.89239,fluid
505,3.14342,1.89409,,1004.62,19.762,36738.1,,-1.22533,0.0569285,,2.22982,7.79138,fluid
506,13.1693,3.37427,,1000.4,3.85954,3175.72,,0.857027,-0.773623,,0.944502,7.9001,fluid
507,5.21376,1.78726,,1004.02,18.0808,31910.8,,-1.74695,0.128677,,3.27198,8.84383,fluid
508,4.38861,3.44084,,1002.52,12.8292,19908.2,,-1.80153,0.464704,,2.99599,8.56678,fluid
509,13.8433,2.31657,,1001.66,3.40702,13058.9,,0.525987,-0.641058,,0.316169,8.67587,fluid
510,3.63117,2.38966,,1004.02,19.4339,31956.4,,-1.48761,0.314258,,2.54242,9.86142,fluid
511,6.73383,1.56357,,1003.97,15.458,31501.5,,-1.49307,0.237762,,2.47166,8.10247,fluid
512,11.3697,0.977801,,1003.08,7.87847,24369.1,,-1.07047,-0.133585,,0.857171,8.56022,fluid
513,11.098,0.599179,,1003.53,7.83754,27979.8,,-1.19932,0.0296221,,1.21726,9.07752,fluid
514,10.583,0.843864,,1003.21,9.38396,25433.9,,-1.32675,-0.135649,,0.806897,8.63981,fluid
515,15.4069,0.475568,,1003.48,6.41081,27636,,0.118187,-0.0336315,,0.137613,9.16566,fluid
516,13.0963,0.369973,,1003.54,8.31485,28109.9,,-0.468314,-0.224123,,0.504026,9.26113,fluid
517,15.4392,1.01395,,1002.78,5.46717,22028.3,,-0.271339,-0.0757023,,0.655398,8.88563,fluid
518,18.0533,1.0366,,1002.73,5.42581,21606.3,,-0.03443,-0.0897013,,-0.224904,9.32151,fluid
519,16.9572,0.819579,,1002.9,6.32687,22936.7,,0.0463316,-0.136229,,0.312548,9.35211,fluid
520,17.44,1.64473,,1002.11,5.59761,16637,,0.0631261,-0.0779017,,0.215289,9.09919,fluid
521,16.9568,1.92911,,1001.76,4.06685,13876.8,,0.194305,-0.118214,,0.61544,9.16864,fluid
522,15.0659,2.21703,,1001.53,3.76315,12056.7,,0.458542,-0.481285,,0.667435,8.98339,fluid
523,15.9358,3.0995,,1000.53,2.75367,4138.18,,1.00394,-0.00549697,,0.303385,8.66452,fluid
524,4.10661,0.80728,,1005.24,21.1317,41759.1,,-0.810864,0.0837995,,2.89139,8.58966,fluid
525,7.46238,0.969197,,1004.12,14.062,32759.7,,-1.10102,0.539834,,2.60276,9.06006,fluid
526,9.39873,3.8263,,1000.02,3.22595,153.122,,-0.408245,-0.897004,,1.8935,6.59769,fluid
527,9.01848,3.64205,,1001.27,-0.00174127,10028.3,,-0.550979,-0.590739,,1.84215,7.92401,fluid
528,11.5262,0.19729,,1003.96,9.03771,31422.6,,-0.792453,0.00947919,,0.56516,8.75299,fluid
529,12.1512,0.206973,,1003.85,8.41211,30553.8,,-0.701844,-0.0208577,,0.492842,9.04347,fluid
530,12.6633,0.241645,,1003.88,8.11323,30837.6,,-0.660787,-0.0391658,,0.62817,8.65909,fluid
531,17.2843,0.368847,,1003.44,7.3144,27287.1,,0.0232786,-0.0913092,,0.0723805,9.38816,fluid
532,14.8837,0.72981,,1003.17,6.49959,25099.8,,-0.230961,-0.146744,,0.382417,9.25974,fluid
533,16.1188,0.454626,,1003.34,6.96902,26446.2,,0.0395307,-0.0894969,,-0.221963,9.21705,fluid
534,17.6231,0.703724,,1003.07,6.4874,24311.3,,0.208783,-0.108745,,-0.204471,9.54536,fluid
535,15.8464,0.888771,,1002.76,6.34426,21818.3,,-0.117368,0.107963,,0.375295,8.94881,fluid
536,17.944,1.58607,,1002.21,5.52959,17421,,0.241887,0.0365958,,-0.177386,9.15455,fluid
537,17.5226,2.10633,,1001.48,3.96886,11667.8,,0.332435,-0.241296,,-0.167941,8.90304,fluid
538,16.7209,1.58749,,1002.22,5.03451,17563.5,,0.00469176,-0.182475,,-0.0325147,8.68328,fluid
539,18.6758,2.21347,,1001.29,3.28579,10179.8,,0.460374,-0.194585,,-0.200298,9.13105,fluid
540,14.5359,3.15801,,1000.56,2.31199,4437.81,,0.828209,-0.451494,,0.410389,8.74533,fluid
541,7.11284,1.86416,,1003.6,14.2933,28597,,-1.233,-0.0637322,,1.9062,8.36265,fluid
542,9.35361,3.07765,,1002.04,7.24015,16086.5,,-0.491938,-0.414658,,1.67969,7.41593,fluid
543,10.2124,3.7142,,1000.02,5.52496,179.504,,0.0913931,-1.00542,,1.45374,6.66738,fluid
544,13.7431,0.490763,,1003.54,6.82417,28099.9,,-0.44863,-0.108111,,0.46708,9.11983,fluid
545,13.1449,0.860358,,1002.94,7.06841,23315.2,,-0.715192,-0.275762,,0.779389,8.79274,fluid
546,15.8156,0.176338,,1003.83,7.52112,30386.4,,-0.322079,-0.0107233,,0.158547,9.08763,fluid
547,20.4298,0.64257,,1003.34,6.65829,26450.1,,0.153541,-0.0876018,,-0.774432,9.109,fluid
548,14.4092,1.02902,,1002.67,7.27534,21097.4,,-0.471757,-0.226619,,0.825307,9.28536,fluid
549,19.928,1.10507,,1002.7,6.29975,21337.5,,0.233459,-0.00422127,,-0.139114,9.04817,fluid
550,19.3285,0.823563,,1002.92,5.92262,23145.7,,0.12439,0.0185227,,-0.242416,9.60094,fluid
551,20.0039,1.68787,,1002.03,5.3665,16039.3,,0.315256,0.0101334,,-0.433084,9.17922,fluid
552,17.9417,2.13083,,1001.49,3.42203,11770.2,,0.269863,-0.158872,,0.429146,8.84017,fluid
553,19.1876,1.59646,,1002.25,5.46197,17746.5,,0.0110457,-0.0888856,,-0.273056,9.04328,fluid
554,16.3191,2.39075,,1001.37,3.39219,10772.7,,0.603246,-0.216357,,0.441472,8.8795,fluid
555,19.6476,2.95636,,1000.6,2.31722,4741.34,,0.389811,-0.0857987,,-0.342467,9.27048,fluid
556,3.8905,3.03033,,1003.24,15.8815,25661.4,,-1.76454,0.286943,,2.8205,7.64826,fluid
557,8.31629,0.305797,,1004.66,12.4126,37048.1,,-1.08685,-0.114233,,1.67452,8.69801,fluid
558,5.32982,2.39017,,1003.46,15.6984,27421.2,,-1.95225,0.236234,,2.18836,8.59263,fluid
559,6.14368,1.60645,,1003.99,16.3781,31681.9,,-1.55732,0.113341,,2.82537,8.04053,fluid
560,14.306,0.201646,,1003.75,8.17104,29726.3,,-0.271022,-0.0449955,,0.0331233,8.77332,fluid
561,14.5475,0.493404,,1003.46,6.76028,27420.4,,-0.170825,-0.0830927,,0.200024,8.88136,fluid
562,17.7557,0.242262,,1003.81,7.02009,30259.3,,0.12239,-0.0274801,,-0.210371,8.92996,fluid
563,21.5624,0.834291,,1003.13,7.33341,24828,,0.413904,0.0168715,,-0.644741,9.51541,fluid
564,13.9849,0.840165,,1003.18,5.373,25219.5,,-0.399952,-0.119642,,0.99148,8.71971,fluid
565,21.7188,2.3972,,1001.13,3.45514,8890.22,,0.29594,-0.0115385,,-0.628874,8.8577,fluid
566,21.2545,1.21612,,1002.55,7.18954,20184.8,,0.276891,-0.265198,,-0.460044,9.25145,fluid
567,16.5268,0.449116,,1003.55,6.22599,28143.5,,-0.148191,-0.144158,,-0.0194483,9.21354,fluid
568,18.4545,1.83229,,1001.75,4.29818,13812.9,,0.180713,-0.0179676,,-0.122956,9.25354,fluid
569,18.3455,0.765621,,1003.03,5.64618,24023.1,,0.191257,0.0398703,,0.218881,9.25402,fluid
570,17.1096,2.64771,,1001.14,2.73583,8981.02,,0.515217,-0.290054,,0.16552,8.60703,fluid
571,19.6432,2.45899,,1001,3.05825,7871.98,,0.279644,-0.0508508,,-0.301909,8.90147,fluid
572,15.1699,3.21713,,1000.46,2.68982,3577.91,,1.09485,-0.281426,,0.422374,8.80992,fluid
573,4.93211,3.42975,,1002.19,12.3473,17288.9,,-1.88432,0.397428,,2.36597,8.71216,fluid
574,11.9616,3.15592,,1000.98,2.55948,7737.17,,0.489916,-0.905078,,1.08275,8.20903,fluid
575,3.846,4.2732,,1001.76,11.0593,13910.3,,-1.52007,0.651874,,2.50011,8.10647,fluid
576,13.5535,0.165319,,1003.96,8.11658,31433.3,,-0.383345,0.0234572,,0.226335,9.05115,fluid
577,15.0511,0.181885,,1003.83,7.5342,30439.2,,-0.230692,0.0599315,,0.0607838,9.05805,fluid
578,22.5538,2.04558,,1001.8,4.41672,14239.4,,0.240791,0.2093,,-0.828192,9.08261,fluid
579,19.0947,0.360114,,1003.63,7.44005,28817.8,,0.298972,-0.154611,,-0.304826,9.2939,fluid
580,23.3063,1.40518,,1002.35,8.40384,18546,,0.26392,0.283144,,-0.538609,8.17104,fluid
581,23.3448,1.88871,,1002.29,6.07671,18069.8,,0.257269,0.0691714,,0.0317001,8.72831,fluid
582,21.9379,1.23568,,1002.63,6.88117,20813,,0.356575,0.076011,,-0.479016,8.98661,fluid
583,21.0906,2.03247,,1001.74,4.35892,13733.3,,0.434095,-0.056508,,-0.377251,9.1836,fluid
584,19.571,1.31359,,1002.37,5.79216,18743.9,,0.244112,0.00095767,,-0.458075,9.22302,fluid
585,20.9082,0.908025,,1003,6.76009,23793.7,,0.232229,-0.142759,,-0.0286381,9.46005,fluid
586,19.2532,2.63111,,1000.98,2.6723,7731.84,,0.257247,-0.127811,,-0.414658,9.18765,fluid
587,20.4227,2.72346,,1000.88,2.08607,6952.69,,0.36943,-0.0664332,,-0.526507,8.96516,fluid
588,16.7909,3.09852,,1000.56,2.55631,4383.82,,0.725503,0.00634979,,0.564433,8.5276,fluid
589,5.26229,3.00931,,1002.86,14.4427,22614.9,,-1.95285,0.0590893,,2.95311,8.19039,fluid
590,5.63706,2.32614,,1003.43,15.714,27201.4,,-1.77589,-0.0435039,,3.31192,8.10174,fluid
591,4.17632,4.65551,,1001.03,5.22751,8119.38,,-1.30676,0.976574,,2.56519,7.49598,fluid
592,19.7499,0.621123,,1003.26,5.9731,25867.9,,0.312752,0.169176,,0.0501262,9.68024,fluid
593,18.2214,0.321704,,1003.66,6.54788,29034.8,,0.087435,-0.0963689,,-0.278625,9.41766,fluid
594,21.5368,1.58868,,1002.29,5.60962,18124.7,,0.0129645,-0.102175,,-0.295202,9.01209,fluid
595,16.8529,0.175891,,1003.93,7.04974,31223.5,,-0.031803,-0.0376994,,0.0772619,9.15452,fluid
596,24.3619,1.69655,,1002.5,7.74401,19732.3,,0.0739702,0.213987,,0.0434328,9.55863,fluid
597,23.8076,1.38826,,1002.3,6.33904,18191.5,,0.188394,0.261561,,-0.739736,8.28892,fluid
598,23.9006,1.76617,,1002.35,7.40437,18598.8,,0.609753,0.416654,,-0.57809,9.37869,fluid
599,22.8659,1.69966,,1002.25,6.42478,17776.7,,0.275915,0.0589452,,-0.624911,8.24703,fluid
600,21.7713,1.94383,,1001.9,4.95041,14987.7,,0.185938,-0.152674,,-0.625613,9.17456,fluid
601,19.0618,2.02105,,1001.72,3.76653,13597.5,,0.19791,-0.179981,,-0.186018,9.36009,fluid
602,20.4157,1.50461,,1002.24,6.32927,17677,,0.255886,-0.0389069,,-0.239707,9.21182,fluid
603,18.3591,2.5562,,1001.15,2.73524,9086.41,,0.32606,-0.0666686,,0.0516528,9.18408,fluid
604,5.90811,2.80734,,1002.67,13.3701,21092,,-1.9387,-0.162065,,2.41728,8.37871,fluid
605,10.1549,3.95687,,1000.47,3.07137,3672.19,,-0.100775,-1.1887,,1.60396,7.9422,fluid
606,6.56519,3.71944,,1001.83,8.86338,14435,,-1.61296,-0.459201,,2.03656,7.85547,fluid
607,13.0533,3.17795,,1000.62,2.18235,4847.74,,0.731351,-0.672392,,0.683418,7.98613,fluid
608,23.0069,2.20006,,1001.67,4.05259,13142.6,,0.132179,0.0592532,,-0.645429,9.04732,fluid
609,22.441,1.32939,,1002.58,7.753,20405.3,,0.219971,0.138458,,-0.272037,9.03785,fluid
610,22.1811,1.76183,,1002.14,5.73658,16914.5,,0.218361,0.167423,,-0.403604,8.78352,fluid
611,18.6639,0.198448,,1003.77,7.10581,29898.5,,0.144186,0.173332,,0.0301157,9.65116,fluid
612,24.0904,1.09944,,1002.69,6.6755,21263.1,,0.254435,0.105826,,-0.309856,8.4674,fluid
613,24.8782,0.426253,,1003.61,9.67349,28609.2,,-0.13013,-0.282727,,-0.0334793,9.30734,fluid
614,22.9474,0.279324,,1003.85,9.02013,30567.9,,0.0923277,0.0740747,,-0.21375,8.26733,fluid
615,24.6289,0.793476,,1003,9.36582,23737.2,,0.196197,-0.0805343,,-0.0609004,9.15731,fluid
616,20.71,2.45174,,1001.28,2.78706,10092.3,,0.376571,-0.123638,,-0.155429,9.05761,fluid
617,18.828,1.27759,,1002.46,6.45745,19464,,0.364055,-0.0758787,,-0.128125,9.18072,fluid
618,22.205,2.38821,,1001.22,3.60527,9594.8,,0.135952,0.03117,,-0.395564,8.73855,fluid
619,18.8867,0.827922,,1002.95,6.84563,23322.9,,0.1373,-0.166374,,-0.513275,9.39317,fluid
620,6.06373,3.41563,,1001.82,9.75827,14322.3,,-1.88593,-0.0738827,,2.1061,8.07379,fluid
621,7.30426,4.46557,,1000.56,4.74872,4373.44,,-1.17044,-0.663325,,1.88691,7.27627,fluid
622,11.3737,3.79194,,1000.51,2.84888,4014.7,,0.595377,-1.44725,,1.3589,8.32419,fluid
623,7.32826,3.07874,,1002.08,9.77166,16464.1,,-1.70006,-0.36589,,1.87842,7.79536,fluid
624,22.3684,0.813758,,1003.12,6.17867,24677.3,,0.279597,0.27931,,-0.489995,9.37663,fluid
625,22.8197,1.04628,,1002.88,7.73348,22765.6,,0.235989,0.024869,,-0.237314,9.55624,fluid
626,21.8897,0.625869,,1003.33,7.45055,26404.7,,0.124486,-0.0863486,,-0.192776,9.48965,fluid
627,21.1258,0.467855,,1003.53,7.51574,27971.3,,0.214598,-0.0184038,,-0.357362,9.42203,fluid
628,23.1626,0.794847,,1003.33,6.74349,26396.4,,0.0614188,-0.0206344,,-0.481797,9.58241,fluid
629,24.5826,1.29624,,1002.73,6.75262,21631.4,,0.215141,0.143225,,-0.422481,7.98767,fluid
630,24.4713,0.124442,,1004.06,8.81819,32278.7,,-0.0925728,0.0817545,,0.126109,10.1394,fluid
631,23.866,2.37365,,1001.64,4.72554,12922.4,,-0.0230993,0.165566,,-0.594053,7.8148,fluid
632,20.9606,1.63055,,1002.06,5.5868,16265.9,,0.113681,-0.08901,,-0.501982,8.92448,fluid
633,20.4767,1.05384,,1002.79,6.41074,22067.8,,0.244402,-0.058617,,-0.564683,9.63761,fluid
634,22.5865,2.87771,,1001.16,3.47485,9102.46,,0.265805,0.121376,,-0.929189,8.63436,fluid
635,20.0511,2.16344,,1001.6,3.42489,12627.1,,0.196624,0.0237172,,-0.300063,9.14153,fluid
636,17.131,3.09499,,1000.5,2.54098,3946.73,,0.600641,-0.0120634,,0.848734,8.8578,fluid
637,3.96671,1.81212,,1004.38,19.8603,34815.6,,-1.34326,0.0196318,,2.88143,8.17595,fluid
638,7.28213,2.29397,,1002.9,12.4404,22950.4,,-1.45748,0.155943,,2.3366,8.21475,fluid
639,8.77074,3.34798,,1001.68,5.03343,13264.9,,-0.727894,-0.582644,,1.7265,7.35398,fluid
640,23.5557,0.811269,,1003.38,6.64975,26816.4,,0.1886,0.205057,,0.227185,9.73786,fluid
641,22.1021,0.201878,,1004.05,9.32856,32180.8,,0.301978,-0.0447238,,-0.0626028,9.40372,fluid
642,23.4379,0.278406,,1003.82,8.34679,30322.2,,0.134275,0.250096,,-0.69517,8.666,fluid
643,19.6103,0.196833,,1003.94,7.06543,31281.9,,0.113093,-0.0549655,,-0.602241,9.44921,fluid
644,24.7899,2.30427,,1001.44,5.99023,11329.5,,0.0253484,0.306115,,0.0330578,7.65432,fluid
645,10.8972,3.02086,,1001.67,2.4775,13147.3,,0.0717339,-0.821309,,1.55257,7.72524,fluid
646,24.8912,1.51643,,1002.51,7.05791,19835.6,,-0.0629331,-0.0441693,,-0.124914,9.01365,fluid
647,24.1384,0.633881,,1003.61,9.97828,28627.9,,-0.204914,0.0140922,,0.34538,9.42508,fluid
648,24.1526,2.52141,,1001.23,2.82986,9714.91,,0.093167,0.547391,,-0.491038,7.47446,fluid
649,16.4638,3.06741,,1000.68,2.06053,5349.41,,0.559277,0.0509265,,0.487818,8.49401,fluid
650,21.3066,2.41873,,1001.22,3.99129,9634.85,,0.317785,-0.12566,,-0.63866,9.22789,fluid
651,18.2501,2.95117,,1000.55,2.37203,4361.4,,0.428574,0.141094,,0.116333,9.6079,fluid
652,7.43562,3.44434,,1001.64,7.03147,12960.3,,-1.64788,-0.336267,,1.46365,7.4947,fluid
653,8.14413,2.96124,,1001.83,9.78655,14450.5,,-1.24366,-0.143108,,1.67642,6.90072,fluid
654,8.55728,4.40885,,1000.51,3.04954,3974.62,,-0.821094,-1.29795,,1.9077,7.46113,fluid
655,1.56298,4.9459,,1003.33,6.82883,26363.7,,-0.747262,1.38266,,1.42929,12.4398,fluid
656,23.8871,0.261685,,1003.97,8.95259,31548.2,,0.00942244,0.363381,,-0.161006,9.19519,fluid
657,21.8065,3.02801,,1000.76,2.51541,5945.51,,0.289794,0.079673,,-0.889274,8.9192,fluid
658,22.5714,0.394131,,1003.75,8.06877,29801.3,,0.177068,-0.0220136,,-0.365644,8.75689,fluid
659,21.4708,0.175029,,1004.03,7.53498,32028.2,,0.310093,-0.0837404,,-0.395823,10.177,fluid
660,22.1618,3.02214,,1000.76,2.68565,5989.17,,0.265241,0.213035,,-0.587291,9.007,fluid
661,20.9255,3.06109,,1000.69,2.52706,5401.55,,0.267962,-0.0933721,,-0.378653,9.21736,fluid
662,23.1285,3.2327,,1000.71,3.48508,5614.03,,-0.0455413,0.238097,,-1.24583,8.5316,fluid
663,20.5637,1.99054,,1001.74,4.27923,13751,,0.207118,-0.016889,,-0.465703,8.99624,fluid
664,23.4838,2.44661,,1001.25,4.01819,9862.73,,0.353175,0.0381358,,-0.858258,8.60114,fluid
665,24.6472,2.9032,,1001.49,2.55575,11756.6,,-0.131773,0.532783,,0.486109,7.8376,fluid
666,8.20691,-38.6334,,968.775,0,-223258,,-3.70661,-26.5317,,0,0,fluid
667,12.53,2.22368,,1001.92,5.05173,15124.6,,0.0454842,-0.713088,,0.486451,8.21058,fluid
668,17.4499,3.05228,,1000.51,2.51332,3987.93,,0.681601,-0.00515635,,0.820644,9.21176,fluid
669,6.1758,0.922061,,1004.49,16.2282,35679.3,,-1.0682,0.0101087,,2.80831,8.9858,fluid
670,2.31248,0.96103,,1005.7,22.9593,45546,,-0.809555,0.236066,,2.00737,10.3667,fluid
671,8.43253,1.49018,,1003.1,10.7128,24536.2,,-1.54698,0.204403,,1.51194,7.93055,fluid
672,18.9307,2.94641,,1000.63,2.41169,4974.74,,0.305489,0.0390648,,-0.182645,9.52348,fluid
673,23.0159,2.64057,,1000.83,2.56841,6493.9,,0.321659,-0.133729,,-0.699611,8.28256,fluid
674,4.5793,4.21973,,1001.8,8.59562,14211.1,,-1.82604,0.646154,,3.05313,8.37811,fluid
675,20.1075,2.98482,,1000.56,2.40595,4405.09,,0.214086,-0.091214,,-0.704256,9.07813,fluid
676,20.7256,0.214899,,1003.8,7.7592,30154.7,,0.193341,0.0175863,,-0.463058,9.18085,fluid
677,24.1513,2.91358,,1001.34,3.22945,10549.1,,0.339488,0.518724,,-1.12695,8.02847,fluid
678,18.6395,2.98513,,1000.57,2.29287,4482.09,,0.322063,0.104356,,-0.033898,9.64471,fluid
679,24.5848,3.70256,,1000.36,1.89807,2791.77,,-0.0109905,0.368947,,-0.707686,5.84737,fluid
680,24.5613,2.33136,,1001.49,5.75283,11709.9,,0.174273,0.291471,,-0.503745,7.50618,fluid
681,21.4386,3.1281,,1000.64,2.38065,5015.97,,0.40751,-0.0196863,,-1.17601,9.18287,fluid
682,23.4598,3.21613,,1000.81,3.94686,6410.86,,0.0136329,0.241656,,-0.907056,8.1404,fluid
683,10.4058,2.94036,,1001.7,5.50438,13413.1,,-0.146341,-0.670417,,0.951426,7.30868,fluid
684,5.66983,1.61736,,1004.05,18.1502,32166.5,,-1.56279,0.137513,,2.32684,8.56117,fluid
685,10.6495,3.99757,,1000.52,1.72114,4118.25,,-0.0326869,-1.32688,,1.56189,8.04323,fluid
686,12.777,2.63202,,1001.62,3.9622,12744.7,,0.576091,-0.63722,,0.517217,8.35377,fluid
687,7.57452,0.275505,,1005.17,15.2448,41212.9,,-1.03874,0.0937747,,1.65454,8.11561,fluid
688,19.5617,1.93073,,1001.7,4.19854,13395.9,,0.317537,-0.064568,,-0.295091,9.23787,fluid
689,14.1325,3.29523,,1000.6,2.94929,4683.32,,1.06469,-0.628379,,0.889421,8.9307,fluid
690,7.96477,3.62996,,1002.22,5.72865,17529.2,,-1.29372,-0.434758,,1.37148,8.05271,fluid
691,20.1578,0.261291,,1003.81,7.85769,30223.9,,0.0927756,-0.0647617,,-0.141369,9.40932,fluid
692,2.72044,0.745456,,1005.53,17.0436,44148.2,,-0.717651,0.236856,,2.17362,10.1006,fluid
693,23.6986,3.37244,,1000.65,3.05771,5144.01,,-0.0484896,0.390015,,-1.1072,8.27434,fluid
694,24.2097,3.73083,,1000.37,1.37766,2894.69,,-0.15198,0.439761,,-1.75221,6.72586,fluid
695,24.298,3.66632,,1000.47,1.83394,3671.79,,-0.282155,0.378168,,-1.41193,6.7745,fluid
696,24.5878,3.73551,,1000.36,2.77977,2850.83,,-0.281865,0.306819,,-0.663414,6.01035,fluid
697,6.57517,3.26807,,1001.83,10.483,14412,,-1.75992,-0.0576267,,2.24623,7.81417,fluid
698,20.2459,3.1097,,1000.48,2.05882,3737.01,,0.437854,-0.070822,,-0.603634,9.15034,fluid
699,3.90063,3.61184,,1002.56,12.8369,20237.3,,-1.64408,0.815678,,2.60449,8.95266,fluid
700,9.67377,4.13244,,1000.56,2.87928,4399.72,,-0.107952,-1.31613,,2.04486,8.04897,fluid
701,7.03749,1.02725,,1004.34,15.309,34516.8,,-1.18157,0.199403,,2.30788,9.21201,fluid
702,7.93805,1.44139,,1003.67,12.3897,29105.7,,-1.1687,0.423625,,1.37483,8.02567,fluid
703,16.3401,3.47192,,1000.52,1.37551,4087.43,,0.864217,0.0563186,,0.128404,8.46627,fluid
704,11.4487,3.229,,1000.63,2.16992,4974.14,,0.487384,-0.950622,,1.02293,7.85002,fluid
705,4.80946,0.692367,,1005.06,19.4731,40346.1,,-0.714035,-0.061855,,2.61788,9.10063,fluid
706,38.157,-635.728,,997.93,-0.142663,-16147,,-2.36046,-111.237,,-6.01596,-17.7482,fluid
707,37.8919,-636.504,,997.973,0.236961,-15814.1,,1.71611,-112.646,,1.52587,3.73325,fluid
708,-76.5932,-448.599,,996.942,-30.6405,-23782.1,,-7.85768,-94.756,,4.29406,5.24538,fluid
709,-75.9294,-447.799,,997.492,-17.2788,-19531.7,,-9.83054,-92.8348,,-2.20279,-2.10434,fluid
710,22.6105,3.24021,,1000.54,2.23428,4241.93,,0.241999,0.326166,,-1.2974,9.05607,fluid
711,17.9279,3.01985,,1000.52,2.21233,4090.22,,0.620249,0.105126,,0.250917,9.60346,fluid
712,21.8104,3.23663,,1000.5,1.80093,3912.3,,0.455249,0.129892,,-0.848619,9.23241,fluid
713,23.1278,3.45849,,1000.47,1.56156,3655.75,,-0.081552,0.299484,,-1.36321,8.70511,fluid
714,20.8834,3.24591,,1000.53,2.07519,4202.89,,0.244706,-0.0780148,,-0.582407,9.24788,fluid
715,3.79108,1.27142,,1005.23,22.603,41669.1,,-0.937755,-0.096996,,2.34166,9.64723,fluid
716,7.44595,1.51959,,1003.81,14.738,30266.5,,-1.54221,0.566672,,2.26196,7.52121,fluid
717,7.76016,1.99529,,1003.23,10.6724,25576.1,,-1.13661,0.447846,,1.87375,8.28779,fluid
718,4.15401,5.39424,,1000.6,3.66051,4736.39,,-1.54765,0.786991,,2.8062,7.91695,fluid
719,5.96238,5.04518,,1000.54,4.05092,4253.27,,-1.29463,-0.314144,,1.63828,7.99091,fluid
720,-110.769,-678.33,,980.049,-0.515038,-147506,,-11.4061,-117.056,,40.4979,7.12437,fluid
721,9.98999,3.40191,,1001.45,-0.852524,11442.1,,-0.212255,-0.477886,,1.29568,7.60112,fluid
722,37.8823,-636.489,,997.848,-0.279393,-16782.2,,1.57118,-112.754,,2.68977,2.24073,fluid
723,-73.879,-312.977,,970.471,0,-212194,,-10.2059,-78.0276,,0,0,fluid
724,37.9058,-636.503,,998.115,-0.0390606,-14709.3,,1.70574,-112.495,,-0.0108278,3.58193,fluid
725,37.8972,-636.507,,998.035,0.250008,-15329.6,,1.75049,-112.589,,0.91682,4.04189,fluid
726,37.8974,-636.508,,998.038,0.412626,-15305.8,,1.75663,-112.585,,0.894323,4.15037,fluid
727,-110.557,-678.327,,979.887,-0.610188,-148637,,-11.5067,-112.426,,-60.705,4.25707,fluid
728,-110.729,-678.297,,979.86,-0.501678,-148821,,-12.1876,-116.152,,20.2071,-11.3814,fluid
729,-75.9285,-447.776,,997.596,-16.8852,-18732.3,,-9.95332,-92.819,,-2.09127,-3.14104,fluid
730,19.365,3.23185,,1000.55,1.69366,4350.68,,0.15562,-0.0567429,,-0.262221,9.48316,fluid
731,11.9172,3.67889,,1000.47,2.80378,3711.54,,0.548762,-1.15669,,1.12295,8.43131,fluid
732,8.92754,4.32458,,1000.53,3.27356,4204.54,,-0.699824,-1.3696,,1.76313,7.7827,fluid
733,2.10372,3.42079,,1003.55,14.6276,28150.5,,-0.874783,0.995815,,2.19394,8.60488,fluid
734,2.87544,6.08074,,1000.45,0.483778,3575.34,,-1.44324,1.66786,,2.06869,8.36966,fluid
735,7.13945,4.83074,,1000.54,3.15068,4249.82,,-1.28724,-0.590823,,1.93581,7.50902,fluid
