h/dp :,2
L2norm Pressure,KE,dp,Nparticles
635441,591805,0.5,640

t,17.54
ID,x,y,,rho,drhodt,pressure,,u,v,,du_rdt,du_zdt,Type
0,0.25,-0.25,,1005.1,0,40649.6,,0,0,,0,0,boundary
1,0.75,-0.25,,1005.44,0,43429.7,,0,0,,0,0,boundary
2,1.25,-0.25,,1005.98,0,47803.8,,0,0,,0,0,boundary
3,1.75,-0.25,,1006.48,0,51824.9,,0,0,,0,0,boundary
4,2.25,-0.25,,1006.92,0,55478,,0,0,,0,0,boundary
5,2.75,-0.25,,1007.1,0,56895.9,,0,0,,0,0,boundary
6,3.25,-0.25,,1006.92,0,55431.5,,0,0,,0,0,boundary
7,3.75,-0.25,,1006.62,0,53014.3,,0,0,,0,0,boundary
8,4.25,-0.25,,1006.35,0,50766.4,,0,0,,0,0,boundary
9,4.75,-0.25,,1006.12,0,48930.3,,0,0,,0,0,boundary
10,5.25,-0.25,,1005.93,0,47397.7,,0,0,,0,0,boundary
11,5.75,-0.25,,1005.79,0,46264.9,,0,0,,0,0,boundary
12,6.25,-0.25,,1005.7,0,45530,,0,0,,0,0,boundary
13,6.75,-0.25,,1005.63,0,44932.3,,0,0,,0,0,boundary
14,7.25,-0.25,,1005.52,0,44062.1,,0,0,,0,0,boundary
15,7.75,-0.25,,1005.37,0,42815.9,,0,0,,0,0,boundary
16,8.25,-0.25,,1005.2,0,41412.4,,0,0,,0,0,boundary
17,8.75,-0.25,,1005.03,0,40071.4,,0,0,,0,0,boundary
18,9.25,-0.25,,1004.87,0,38807.1,,0,0,,0,0,boundary
19,9.75,-0.25,,1004.7,0,37409.2,,0,0,,0,0,boundary
20,10.25,-0.25,,1004.5,0,35773.2,,0,0,,0,0,boundary
21,10.75,-0.25,,1004.28,0,34042,,0,0,,0,0,boundary
22,11.25,-0.25,,1004.09,0,32492.6,,0,0,,0,0,boundary
23,11.75,-0.25,,1003.94,0,31254.1,,0,0,,0,0,boundary
24,12.25,-0.25,,1003.82,0,30348.2,,0,0,,0,0,boundary
25,12.75,-0.25,,1003.74,0,29701.8,,0,0,,0,0,boundary
26,13.25,-0.25,,1003.68,0,29192.7,,0,0,,0,0,boundary
27,13.75,-0.25,,1003.61,0,28651.1,,0,0,,0,0,boundary
28,14.25,-0.25,,1003.54,0,28071.8,,0,0,,0,0,boundary
29,14.75,-0.25,,1003.47,0,27484.5,,0,0,,0,0,boundary
30,15.25,-0.25,,1003.39,0,26894.8,,0,0,,0,0,boundary
31,15.75,-0.25,,1003.32,0,26324,,0,0,,0,0,boundary
32,16.25,-0.25,,1003.25,0,25771.2,,0,0,,0,0,boundary
33,16.75,-0.25,,1003.19,0,25281.4,,0,0,,0,0,boundary
34,17.25,-0.25,,1003.15,0,24944.5,,0,0,,0,0,boundary
35,17.75,-0.25,,1003.13,0,24783.7,,0,0,,0,0,boundary
36,18.25,-0.25,,1003.12,0,24727.8,,0,0,,0,0,boundary
37,18.75,-0.25,,1003.12,0,24695.8,,0,0,,0,0,boundary
38,19.25,-0.25,,1003.11,0,24673.2,,0,0,,0,0,boundary
39,19.75,-0.25,,1003.11,0,24627,,0,0,,0,0,boundary
40,20.25,-0.25,,1003.1,0,24521.7,,0,0,,0,0,boundary
41,20.75,-0.25,,1003.07,0,24328.6,,0,0,,0,0,boundary
42,21.25,-0.25,,1003.04,0,24081.1,,0,0,,0,0,boundary
43,21.75,-0.25,,1003.01,0,23833.9,,0,0,,0,0,boundary
44,22.25,-0.25,,1002.98,0,23599.9,,0,0,,0,0,boundary
45,22.75,-0.25,,1002.95,0,23334.3,,0,0,,0,0,boundary
46,23.25,-0.25,,1002.9,0,22973,,0,0,,0,0,boundary
47,23.75,-0.25,,1002.85,0,22534.4,,0,0,,0,0,boundary
48,24.25,-0.25,,1002.79,0,22084.3,,0,0,,0,0,boundary
49,24.75,-0.25,,1002.73,0,21626,,0,0,,0,0,boundary
50,25.25,-0.25,,1002.68,0,21174.9,,0,0,,0,0,boundary
51,25.75,-0.25,,1002.62,0,20755.7,,0,0,,0,0,boundary
52,26.25,-0.25,,1002.58,0,20410.6,,0,0,,0,0,boundary
53,26.75,-0.25,,1002.54,0,20126.1,,0,0,,0,0,boundary
54,27.25,-0.25,,1002.51,0,19816.7,,0,0,,0,0,boundary
55,27.75,-0.25,,1002.47,0,19523.6,,0,0,,0,0,boundary
56,28.25,-0.25,,1002.45,0,19396.6,,0,0,,0,0,boundary
57,28.75,-0.25,,1002.46,0,19437.5,,0,0,,0,0,boundary
58,29.25,-0.25,,1002.45,0,19344.7,,0,0,,0,0,boundary
59,29.75,-0.25,,1002.35,0,18540.6,,0,0,,0,0,boundary
60,30.25,-0.25,,1002.18,0,17248.7,,0,0,,0,0,boundary
61,30.75,-0.25,,1002.36,0,18683.1,,0,0,,0,0,boundary
62,31.25,-0.25,,1002.46,0,19433.4,,0,0,,0,0,boundary
63,0.25,-0.75,,1005.54,0,44222.8,,0,0,,0,0,boundary
64,0.75,-0.75,,1005.97,0,47672.5,,0,0,,0,0,boundary
65,1.25,-0.75,,1006.55,0,52397.3,,0,0,,0,0,boundary
66,1.75,-0.75,,1007.17,0,57468.7,,0,0,,0,0,boundary
67,2.25,-0.75,,1007.7,0,61806.6,,0,0,,0,0,boundary
68,2.75,-0.75,,1007.89,0,63420.6,,0,0,,0,0,boundary
69,3.25,-0.75,,1007.73,0,62059.4,,0,0,,0,0,boundary
70,3.75,-0.75,,1007.4,0,59356.3,,0,0,,0,0,boundary
71,4.25,-0.75,,1007.06,0,56589.7,,0,0,,0,0,boundary
72,4.75,-0.75,,1006.8,0,54434.4,,0,0,,0,0,boundary
73,5.25,-0.75,,1006.6,0,52868,,0,0,,0,0,boundary
74,5.75,-0.75,,1006.49,0,51930.3,,0,0,,0,0,boundary
75,6.25,-0.75,,1006.44,0,51527.2,,0,0,,0,0,boundary
76,6.75,-0.75,,1006.38,0,51068,,0,0,,0,0,boundary
77,7.25,-0.75,,1006.27,0,50147.2,,0,0,,0,0,boundary
78,7.75,-0.75,,1006.11,0,48811.5,,0,0,,0,0,boundary
79,8.25,-0.75,,1005.93,0,47360.4,,0,0,,0,0,boundary
80,8.75,-0.75,,1005.76,0,46013.7,,0,0,,0,0,boundary
81,9.25,-0.75,,1005.59,0,44620.6,,0,0,,0,0,boundary
82,9.75,-0.75,,1005.39,0,42994.9,,0,0,,0,0,boundary
83,10.25,-0.75,,1005.14,0,40978.5,,0,0,,0,0,boundary
84,10.75,-0.75,,1004.87,0,38795.3,,0,0,,0,0,boundary
85,11.25,-0.75,,1004.63,0,36857.8,,0,0,,0,0,boundary
86,11.75,-0.75,,1004.45,0,35418.6,,0,0,,0,0,boundary
87,12.25,-0.75,,1004.33,0,34437,,0,0,,0,0,boundary
88,12.75,-0.75,,1004.26,0,33826.9,,0,0,,0,0,boundary
89,13.25,-0.75,,1004.2,0,33373.8,,0,0,,0,0,boundary
90,13.75,-0.75,,1004.14,0,32898.6,,0,0,,0,0,boundary
91,14.25,-0.75,,1004.07,0,32322.7,,0,0,,0,0,boundary
92,14.75,-0.75,,1003.99,0,31682.5,,0,0,,0,0,boundary
93,15.25,-0.75,,1003.91,0,31020.2,,0,0,,0,0,boundary
94,15.75,-0.75,,1003.82,0,30349,,0,0,,0,0,boundary
95,16.25,-0.75,,1003.74,0,29686.5,,0,0,,0,0,boundary
96,16.75,-0.75,,1003.67,0,29140.1,,0,0,,0,0,boundary
97,17.25,-0.75,,1003.63,0,28800.3,,0,0,,0,0,boundary
98,17.75,-0.75,,1003.61,0,28616.8,,0,0,,0,0,boundary
99,18.25,-0.75,,1003.59,0,28489.1,,0,0,,0,0,boundary
100,18.75,-0.75,,1003.58,0,28379.6,,0,0,,0,0,boundary
101,19.25,-0.75,,1003.57,0,28309.5,,0,0,,0,0,boundary
102,19.75,-0.75,,1003.56,0,28249.4,,0,0,,0,0,boundary
103,20.25,-0.75,,1003.55,0,28154,,0,0,,0,0,boundary
104,20.75,-0.75,,1003.53,0,27976.2,,0,0,,0,0,boundary
105,21.25,-0.75,,1003.5,0,27737.3,,0,0,,0,0,boundary
106,21.75,-0.75,,1003.46,0,27475.9,,0,0,,0,0,boundary
107,22.25,-0.75,,1003.43,0,27214.9,,0,0,,0,0,boundary
108,22.75,-0.75,,1003.4,0,26924.1,,0,0,,0,0,boundary
109,23.25,-0.75,,1003.35,0,26538.4,,0,0,,0,0,boundary
110,23.75,-0.75,,1003.28,0,26034.5,,0,0,,0,0,boundary
111,24.25,-0.75,,1003.21,0,25472.9,,0,0,,0,0,boundary
112,24.75,-0.75,,1003.14,0,24903.1,,0,0,,0,0,boundary
113,25.25,-0.75,,1003.07,0,24355.6,,0,0,,0,0,boundary
114,25.75,-0.75,,1003.02,0,23885,,0,0,,0,0,boundary
115,26.25,-0.75,,1002.97,0,23526.4,,0,0,,0,0,boundary
116,26.75,-0.75,,1002.94,0,23276.4,,0,0,,0,0,boundary
117,27.25,-0.75,,1002.9,0,22983.3,,0,0,,0,0,boundary
118,27.75,-0.75,,1002.87,0,22681.9,,0,0,,0,0,boundary
119,28.25,-0.75,,1002.85,0,22591.2,,0,0,,0,0,boundary
120,28.75,-0.75,,1002.87,0,22699.2,,0,0,,0,0,boundary
121,29.25,-0.75,,1002.86,0,22621.4,,0,0,,0,0,boundary
122,29.75,-0.75,,1002.73,0,21621.5,,0,0,,0,0,boundary
123,30.25,-0.75,,1002.58,0,20440.2,,0,0,,0,0,boundary
124,30.75,-0.75,,1002.78,0,22032.7,,0,0,,0,0,boundary
125,31.25,-0.75,,1002.85,0,22563,,0,0,,0,0,boundary
126,0.25,-1.25,,1005.86,0,46831.4,,0,0,,0,0,boundary
127,0.75,-1.25,,1006.41,0,51271.4,,0,0,,0,0,boundary
128,1.25,-1.25,,1007.09,0,56853.8,,0,0,,0,0,boundary
129,1.75,-1.25,,1007.86,0,63184.9,,0,0,,0,0,boundary
130,2.25,-1.25,,1008.43,0,67845.1,,0,0,,0,0,boundary
131,2.75,-1.25,,1008.61,0,69347,,0,0,,0,0,boundary
132,3.25,-1.25,,1008.37,0,67352.5,,0,0,,0,0,boundary
133,3.75,-1.25,,1007.93,0,63709.3,,0,0,,0,0,boundary
134,4.25,-1.25,,1007.55,0,60638,,0,0,,0,0,boundary
135,4.75,-1.25,,1007.32,0,58732.5,,0,0,,0,0,boundary
136,5.25,-1.25,,1007.26,0,58192.2,,0,0,,0,0,boundary
137,5.75,-1.25,,1007.27,0,58337.5,,0,0,,0,0,boundary
138,6.25,-1.25,,1007.27,0,58319,,0,0,,0,0,boundary
139,6.75,-1.25,,1007.18,0,57538.1,,0,0,,0,0,boundary
140,7.25,-1.25,,1006.98,0,55921.1,,0,0,,0,0,boundary
141,7.75,-1.25,,1006.75,0,54045.8,,0,0,,0,0,boundary
142,8.25,-1.25,,1006.56,0,52543.8,,0,0,,0,0,boundary
143,8.75,-1.25,,1006.41,0,51294.9,,0,0,,0,0,boundary
144,9.25,-1.25,,1006.22,0,49775.4,,0,0,,0,0,boundary
145,9.75,-1.25,,1005.96,0,47595.5,,0,0,,0,0,boundary
146,10.25,-1.25,,1005.62,0,44848.6,,0,0,,0,0,boundary
147,10.75,-1.25,,1005.28,0,42110.9,,0,0,,0,0,boundary
148,11.25,-1.25,,1005.01,0,39893.9,,0,0,,0,0,boundary
149,11.75,-1.25,,1004.81,0,38269.1,,0,0,,0,0,boundary
150,12.25,-1.25,,1004.68,0,37219.5,,0,0,,0,0,boundary
151,12.75,-1.25,,1004.6,0,36610.8,,0,0,,0,0,boundary
152,13.25,-1.25,,1004.55,0,36199.2,,0,0,,0,0,boundary
153,13.75,-1.25,,1004.5,0,35775.3,,0,0,,0,0,boundary
154,14.25,-1.25,,1004.43,0,35247.9,,0,0,,0,0,boundary
155,14.75,-1.25,,1004.34,0,34546.5,,0,0,,0,0,boundary
156,15.25,-1.25,,1004.24,0,33721.2,,0,0,,0,0,boundary
157,15.75,-1.25,,1004.14,0,32870.4,,0,0,,0,0,boundary
158,16.25,-1.25,,1004.05,0,32167.4,,0,0,,0,0,boundary
159,16.75,-1.25,,1003.99,0,31701.8,,0,0,,0,0,boundary
160,17.25,-1.25,,1003.96,0,31464.2,,0,0,,0,0,boundary
161,17.75,-1.25,,1003.95,0,31356.8,,0,0,,0,0,boundary
162,18.25,-1.25,,1003.92,0,31164.4,,0,0,,0,0,boundary
163,18.75,-1.25,,1003.89,0,30854.9,,0,0,,0,0,boundary
164,19.25,-1.25,,1003.85,0,30535.5,,0,0,,0,0,boundary
165,19.75,-1.25,,1003.82,0,30349.8,,0,0,,0,0,boundary
166,20.25,-1.25,,1003.82,0,30301.5,,0,0,,0,0,boundary
167,20.75,-1.25,,1003.81,0,30276.6,,0,0,,0,0,boundary
168,21.25,-1.25,,1003.8,0,30133.7,,0,0,,0,0,boundary
169,21.75,-1.25,,1003.77,0,29904,,0,0,,0,0,boundary
170,22.25,-1.25,,1003.74,0,29663.7,,0,0,,0,0,boundary
171,22.75,-1.25,,1003.7,0,29401.5,,0,0,,0,0,boundary
172,23.25,-1.25,,1003.65,0,28999.5,,0,0,,0,0,boundary
173,23.75,-1.25,,1003.6,0,28571.6,,0,0,,0,0,boundary
174,24.25,-1.25,,1003.54,0,28066.3,,0,0,,0,0,boundary
175,24.75,-1.25,,1003.47,0,27510.8,,0,0,,0,0,boundary
176,25.25,-1.25,,1003.41,0,27001.7,,0,0,,0,0,boundary
177,25.75,-1.25,,1003.36,0,26666.5,,0,0,,0,0,boundary
178,26.25,-1.25,,1003.34,0,26500.3,,0,0,,0,0,boundary
179,26.75,-1.25,,1003.33,0,26396.2,,0,0,,0,0,boundary
180,27.25,-1.25,,1003.31,0,26228.2,,0,0,,0,0,boundary
181,27.75,-1.25,,1003.28,0,25961.9,,0,0,,0,0,boundary
182,28.25,-1.25,,1003.26,0,25865.8,,0,0,,0,0,boundary
183,28.75,-1.25,,1003.28,0,25992.2,,0,0,,0,0,boundary
184,29.25,-1.25,,1003.27,0,25914.6,,0,0,,0,0,boundary
185,29.75,-1.25,,1003.14,0,24904.2,,0,0,,0,0,boundary
186,30.25,-1.25,,1003.04,0,24073.5,,0,0,,0,0,boundary
187,30.75,-1.25,,1003.21,0,25421.6,,0,0,,0,0,boundary
188,31.25,-1.25,,1003.24,0,25715.6,,0,0,,0,0,boundary
189,30.25,0.25,,1001.8,0,14232.6,,0,0,,0,0,boundary
190,30.25,0.75,,1001.45,0,11397,,0,0,,0,0,boundary
191,30.25,1.25,,1001.13,0,8929.38,,0,0,,0,0,boundary
192,30.25,1.75,,1000.83,0,6552.92,,0,0,,0,0,boundary
193,30.25,2.25,,1000.99,0,7783,,0,0,,0,0,boundary
194,30.25,2.75,,1000.92,0,7259.03,,0,0,,0,0,boundary
195,30.25,3.25,,1000.88,0,6954.96,,0,0,,0,0,boundary
196,30.25,3.75,,1000.86,0,6740.76,,0,0,,0,0,boundary
197,30.25,4.25,,1000,0,0,,0,0,,0,0,boundary
198,30.25,4.75,,1000,0,0,,0,0,,0,0,boundary
199,30.25,5.25,,1000,0,0,,0,0,,0,0,boundary
200,30.25,5.75,,1000,0,0,,0,0,,0,0,boundary
201,30.25,6.25,,1000,0,0,,0,0,,0,0,boundary
202,30.25,6.75,,1000,0,0,,0,0,,0,0,boundary
203,30.25,7.25,,1000,0,0,,0,0,,0,0,boundary
204,30.25,7.75,,1000,0,0,,0,0,,0,0,boundary
205,30.25,8.25,,1000,0,0,,0,0,,0,0,boundary
206,30.25,8.75,,1000,0,0,,0,0,,0,0,boundary
207,30.25,9.25,,1000,0,0,,0,0,,0,0,boundary
208,30.25,9.75,,1000,0,0,,0,0,,0,0,boundary
209,30.75,0.25,,1002,0,15761.5,,0,0,,0,0,boundary
210,30.75,0.75,,1001.63,0,12891.9,,0,0,,0,0,boundary
211,30.75,1.25,,1001.26,0,9928.88,,0,0,,0,0,boundary
212,30.75,1.75,,1000.89,0,7013.41,,0,0,,0,0,boundary
213,30.75,2.25,,1000.95,0,7501.58,,0,0,,0,0,boundary
214,30.75,2.75,,1000.89,0,6987.46,,0,0,,0,0,boundary
215,30.75,3.25,,1000.86,0,6727.89,,0,0,,0,0,boundary
216,30.75,3.75,,1000.85,0,6690.31,,0,0,,0,0,boundary
217,30.75,4.25,,1000,0,0,,0,0,,0,0,boundary
218,30.75,4.75,,1000,0,0,,0,0,,0,0,boundary
219,30.75,5.25,,1000,0,0,,0,0,,0,0,boundary
220,30.75,5.75,,1000,0,0,,0,0,,0,0,boundary
221,30.75,6.25,,1000,0,0,,0,0,,0,0,boundary
222,30.75,6.75,,1000,0,0,,0,0,,0,0,boundary
223,30.75,7.25,,1000,0,0,,0,0,,0,0,boundary
224,30.75,7.75,,1000,0,0,,0,0,,0,0,boundary
225,30.75,8.25,,1000,0,0,,0,0,,0,0,boundary
226,30.75,8.75,,1000,0,0,,0,0,,0,0,boundary
227,30.75,9.25,,1000,0,0,,0,0,,0,0,boundary
228,30.75,9.75,,1000,0,0,,0,0,,0,0,boundary
229,31.25,0.25,,1002.09,0,16515.5,,0,0,,0,0,boundary
230,31.25,0.75,,1001.7,0,13443.3,,0,0,,0,0,boundary
231,31.25,1.25,,1001.3,0,10242.6,,0,0,,0,0,boundary
232,31.25,1.75,,1000.9,0,7069.03,,0,0,,0,0,boundary
233,31.25,2.25,,1000.52,0,4089.07,,0,0,,0,0,boundary
234,31.25,2.75,,1000.87,0,6809.52,,0,0,,0,0,boundary
235,31.25,3.25,,1000.84,0,6578.17,,0,0,,0,0,boundary
236,31.25,3.75,,1000.82,0,6425.88,,0,0,,0,0,boundary
237,31.25,4.25,,1000,0,0,,0,0,,0,0,boundary
238,31.25,4.75,,1000,0,0,,0,0,,0,0,boundary
239,31.25,5.25,,1000,0,0,,0,0,,0,0,boundary
240,31.25,5.75,,1000,0,0,,0,0,,0,0,boundary
241,31.25,6.25,,1000,0,0,,0,0,,0,0,boundary
242,31.25,6.75,,1000,0,0,,0,0,,0,0,boundary
243,31.25,7.25,,1000,0,0,,0,0,,0,0,boundary
244,31.25,7.75,,1000,0,0,,0,0,,0,0,boundary
245,31.25,8.25,,1000,0,0,,0,0,,0,0,boundary
246,31.25,8.75,,1000,0,0,,0,0,,0,0,boundary
247,31.25,9.25,,1000,0,0,,0,0,,0,0,boundary
248,31.25,9.75,,1000,0,0,,0,0,,0,0,boundary
249,0.215128,0.480935,,1004.01,-24.1951,31873.6,,0.000851896,0.380957,,-139.47,8.4935,fluid
250,0.258485,1.04791,,1003.4,-2.9495,26968.1,,0.032377,-0.0427606,,-98.974,8.41878,fluid
251,0.369576,3.11539,,1001.71,-407.021,13528.5,,-0.177302,1.40353,,-30.38,11.2453,fluid
252,0.505121,2.38659,,1002.34,-95.0702,18529.9,,-0.0589952,0.166981,,-32.9921,9.99714,fluid
253,0.692733,0.436169,,1004.52,-46.3075,35943.4,,-0.0413934,0.308435,,-49.3895,9.41124,fluid
254,0.695204,0.435966,,1004.52,-46.3592,35968.2,,-0.0415311,0.305544,,-49.2379,9.41081,fluid
255,0.891343,3.88013,,1001.43,-114.942,11299.1,,-0.104366,1.23746,,-12.7655,8.65227,fluid
256,0.814555,0.422827,,1004.68,-47.1354,37241.1,,-0.0483585,0.1217,,-43.3951,9.35012,fluid
257,0.831321,3.90919,,1001.42,-161.828,11187.6,,-0.136066,1.39204,,-13.484,8.93742,fluid
258,0.900392,3.58347,,1001.66,-134.946,13075.5,,-0.126688,0.888018,,-14.3077,7.9277,fluid
259,0.856577,3.69129,,1001.57,-88.0264,12369.6,,-0.0797024,0.904208,,-14.4159,8.10952,fluid
260,0.869248,2.46922,,1002.62,-70.8791,20724.9,,-0.0712455,0.0342142,,-21.6756,10.1432,fluid
261,0.371262,1.32612,,1003.22,-71.3551,25540.8,,-0.0474051,0.276865,,-64.6607,8.88891,fluid
262,0.274224,1.91702,,1002.64,-79.3232,20889.9,,0.0182227,0.343987,,-72.9842,9.88777,fluid
263,0.233679,2.7491,,1001.85,-142.304,14563.7,,-0.0185858,0.414794,,-55.3722,9.31221,fluid
264,0.959319,0.627152,,1004.62,-44.7728,36734.7,,-0.0623311,0.129539,,-37.3164,10.2661,fluid
265,0.683298,1.77559,,1003.08,-83.751,24432.1,,-0.0669678,0.526962,,-33.156,9.52636,fluid
266,0.890451,1.08348,,1004,-79.0682,31752.5,,-0.0833545,0.162591,,-33.9071,9.06197,fluid
267,1.02271,4.02118,,1001.32,-199.52,10384.4,,-0.199006,1.53072,,-10.0834,9.22977,fluid
268,1.34173,1.0865,,1004.62,-104.551,36749,,-0.165544,-0.0162556,,-26.4817,10.3066,fluid
269,2.75266,3.36556,,1001.4,-64.2477,11054,,-0.106669,0.550708,,-2.88235,9.76221,fluid
270,2.70733,3.28232,,1001.49,-56.6842,11778.9,,-0.0822815,0.515088,,-3.49442,9.79263,fluid
271,1.9228,3.44757,,1001.66,-142.901,13060.9,,-0.305614,0.829545,,-8.70183,8.68645,fluid
272,2.7748,2.38732,,1002.65,-236.566,20999.4,,-0.626947,0.64336,,-8.71466,9.55971,fluid
273,2.68614,2.17012,,1003.09,-259.452,24487.7,,-0.721209,0.586079,,-10.8998,9.65541,fluid
274,2.50453,2.68855,,1002.38,-162.599,18804.9,,-0.351215,0.909678,,-8.53474,8.5997,fluid
275,1.07259,2.21476,,1003.1,-79.99,24590.4,,-0.0905794,0.572255,,-20.3089,9.78291,fluid
276,1.93028,4.07382,,1001.02,-149.385,7998.71,,-0.257539,1.34584,,-4.16385,10.3331,fluid
277,2.97013,2.59762,,1002.24,-191.308,17687.3,,-0.508007,0.542043,,-6.34083,9.43625,fluid
278,2.15562,3.93991,,1001.04,-7.30098,8180.88,,0.0255352,0.984808,,-3.61137,9.63887,fluid
279,1.32643,3.44634,,1001.85,-228.684,14603.7,,-0.329223,1.33631,,-11.9951,8.07218,fluid
280,0.825387,3.01376,,1002.09,-195.525,16466.5,,-0.16283,0.749643,,-17.8625,9.79725,fluid
281,1.18358,1.65189,,1003.82,-109.071,30311.3,,-0.147608,0.596464,,-23.998,10.1967,fluid
282,1.57074,0.486433,,1005.58,-56.3358,44493.6,,-0.111955,-0.0518461,,-27.5089,9.64781,fluid
283,2.38669,4.11526,,1000.89,-104.767,7005.28,,-0.217147,1.37313,,-2.10928,10.3496,fluid
284,2.29496,3.33068,,1001.6,-119.113,12589.3,,-0.21459,1.05613,,-6.27216,9.34571,fluid
285,2.27013,4.17628,,1000.88,-25.9831,6904.78,,-0.0217018,1.2399,,-2.45167,10.8176,fluid
286,2.47432,3.1138,,1001.78,-106.867,14021.9,,-0.203611,1.19828,,-6.23967,8.938,fluid
287,3.20932,2.99541,,1001.78,-77.49,14049,,-0.228448,0.509999,,-3.80648,11.564,fluid
288,2.44109,1.12172,,1005.06,-126.912,40313.4,,-0.313099,-0.134276,,-17.5377,9.4439,fluid
289,2.86863,4.20334,,1000.87,-237.404,6836.5,,-0.648971,1.65614,,-1.56012,10.3195,fluid
290,3.37067,2.30293,,1002.5,-226.583,19775.3,,-0.659186,0.214852,,-5.26935,9.18688,fluid
291,3.2349,1.6177,,1003.58,-211.508,28406,,-0.57268,0.531678,,-8.74926,10.3399,fluid
292,2.16111,2.63025,,1002.77,-163.478,21898.2,,-0.370104,0.964781,,-11.9778,8.48585,fluid
293,1.84982,2.18641,,1003.7,-170.627,29351.8,,-0.412564,0.846598,,-17.7963,8.48003,fluid
294,3.16498,2.19481,,1002.71,-239.189,21460.8,,-0.627597,0.253905,,-6.23863,9.23306,fluid
295,2.9904,2.28309,,1002.67,-242.49,21127.1,,-0.627502,0.407252,,-7.25261,9.54905,fluid
296,1.25853,0.453112,,1005.23,-47.6722,41665.9,,-0.0947538,-0.0153726,,-32.8009,9.63329,fluid
297,1.5051,4.32317,,1000.99,-92.3163,7787.33,,-0.11621,1.37957,,-4.63028,10.1392,fluid
298,1.88477,3.80706,,1001.25,-115.908,9831.77,,-0.229013,1.08266,,-6.33773,8.83677,fluid
299,1.65639,1.62743,,1004.39,-118.451,34947.9,,-0.23427,0.354241,,-21.2793,10.7256,fluid
300,2.24304,2.28298,,1003.31,-207.548,26244.3,,-0.479584,0.802154,,-13.5887,8.17607,fluid
301,2.6795,2.8923,,1001.97,-124.3,15563,,-0.294177,1.23522,,-5.97987,8.9176,fluid
302,3.70137,3.04882,,1001.81,-97.329,14286.5,,-0.327273,0.593503,,-3.55586,11.8504,fluid
303,4.23191,2.16192,,1002.72,-196.168,21554.9,,-0.819335,0.0118268,,-4.46287,10.0633,fluid
304,4.14747,2.85177,,1002.02,-190.413,15915,,-0.681729,1.0184,,-2.67171,9.74814,fluid
305,4.03371,1.75986,,1003.19,-173.458,25299.2,,-0.694079,0.352019,,-5.56639,11.1979,fluid
306,3.66308,2.69978,,1002.08,-141.597,16388.4,,-0.455032,0.412771,,-4.11996,9.91923,fluid
307,3.98638,2.99218,,1001.89,-178.9,14913.6,,-0.620459,1.03877,,-3.25349,11.0759,fluid
308,2.45447,1.67015,,1004.19,-206.903,33324.5,,-0.590017,0.504324,,-15.7838,10.0144,fluid
309,3.39654,3.53209,,1001.37,-88.6733,10771.7,,-0.332975,0.477012,,-2.06642,8.99032,fluid
310,3.36292,2.90966,,1001.87,-81.8222,14754.2,,-0.211067,0.381835,,-3.75853,11.1598,fluid
311,2.86476,3.4831,,1001.29,-72.4021,10187.9,,-0.132585,0.56063,,-1.9249,9.55893,fluid
312,1.93158,3.01762,,1002.3,-143.643,18165,,-0.308535,1.15441,,-11.5251,8.76059,fluid
313,1.47406,2.71537,,1002.88,-135.218,22762.7,,-0.229278,0.862564,,-16.4172,8.6651,fluid
314,2.7984,3.84733,,1001.02,-114.421,8066.48,,-0.303477,1.15292,,-1.82765,9.10702,fluid
315,2.10122,1.49075,,1004.69,-135.131,37312.6,,-0.343119,0.283065,,-19.3437,9.32388,fluid
316,3.13045,0.942976,,1004.81,-139.079,38333,,-0.421573,-0.0163662,,-13.2377,9.33228,fluid
317,3.45311,1.6123,,1003.48,-203.089,27600.4,,-0.627865,0.292518,,-7.52185,10.4106,fluid
318,3.44198,1.16339,,1004.19,-184.28,33310.3,,-0.552888,-0.0233046,,-10.0326,9.25506,fluid
319,4.41316,1.69092,,1003.29,-153.416,26070.9,,-0.665185,0.207579,,-5.21065,10.6829,fluid
320,3.59,1.92174,,1002.99,-202.723,23716.8,,-0.744857,0.209116,,-5.90403,10.2718,fluid
321,4.74258,2.18444,,1002.74,-206.844,21689.9,,-0.796882,0.255493,,-3.56672,10.7691,fluid
322,4.49023,3.00956,,1001.89,-175.819,14878.7,,-0.709212,1.06593,,-1.99583,9.30506,fluid
323,3.94259,1.49561,,1003.53,-173.973,27990.5,,-0.675965,0.248396,,-6.8347,10.8756,fluid
324,4.17488,2.68834,,1002.16,-194.226,17046.8,,-0.642292,0.668803,,-2.48521,8.75938,fluid
325,3.0543,4.2017,,1000.9,-219.064,7045.43,,-0.632521,1.5999,,-1.44243,9.99527,fluid
326,3.83405,2.14805,,1002.69,-207.916,21264.7,,-0.722266,0.002611,,-4.42697,9.52344,fluid
327,3.1675,2.81549,,1001.95,-173.012,15392,,-0.587299,1.16034,,-4.63924,9.76397,fluid
328,2.795,1.88719,,1003.48,-240.672,27592.7,,-0.6288,0.619712,,-10.9209,10.1141,fluid
329,1.92433,0.761775,,1005.57,-76.37,44453.2,,-0.164632,0.29189,,-23.2426,9.82393,fluid
330,2.35596,0.447101,,1006.14,-64.114,49093.1,,-0.239208,-0.0337881,,-22.6885,9.27145,fluid
331,3.1635,0.406821,,1005.82,-50.4724,46480.7,,-0.134314,0.0106275,,-15.6111,8.87088,fluid
332,4.43028,0.782895,,1004.52,-113.841,35930.7,,-0.384342,0.14904,,-7.11023,10.218,fluid
333,4.44007,1.16805,,1003.92,-149.703,31119.7,,-0.413412,0.158642,,-5.44112,9.4465,fluid
334,4.66898,1.63986,,1003.36,-147.679,26667.8,,-0.545127,0.3671,,-4.34815,9.53185,fluid
335,4.93027,1.32993,,1003.76,-147.173,29881.8,,-0.534997,0.33205,,-4.43382,10.2246,fluid
336,4.94862,2.86694,,1001.97,-178.17,15531.2,,-0.856143,0.605482,,-2.48679,10.0155,fluid
337,5.75294,3.00142,,1001.57,-140.872,12361,,-0.82473,0.536194,,-1.16948,9.9075,fluid
338,5.24181,3.44259,,1001.26,-115.784,9892.37,,-0.590189,0.398951,,-0.85245,8.41195,fluid
339,4.87592,1.99278,,1002.97,-173.432,23477.8,,-0.692079,0.130803,,-3.53036,10.4053,fluid
340,3.56821,3.87821,,1001.14,-138.65,8957.01,,-0.537411,0.963919,,-2.27565,8.03566,fluid
341,4.19583,3.51398,,1001.43,-117.211,11239,,-0.619815,0.53185,,-2.76972,8.85681,fluid
342,4.47873,2.19725,,1002.71,-205.838,21479.5,,-0.865231,0.206184,,-4.25198,10.4708,fluid
343,4.18875,1.35144,,1003.69,-158.415,29247.2,,-0.490693,0.258366,,-5.86192,9.81092,fluid
344,3.78509,2.57506,,1002.2,-177.778,17394.7,,-0.555956,0.371276,,-3.66607,8.93452,fluid
345,2.76984,0.571221,,1005.78,-61.5864,46183.9,,-0.14512,0.0648965,,-17.846,9.27367,fluid
346,3.89388,0.48905,,1005.19,-61.2141,41407.8,,-0.112302,0.096524,,-9.90034,10.0388,fluid
347,4.83944,0.93647,,1004.28,-129.012,34009.8,,-0.406837,-0.0153864,,-5.61676,10.0913,fluid
348,4.62631,0.349269,,1005.24,-58.0991,41797.4,,-0.167436,0.00618173,,-7.58806,9.39827,fluid
349,6.07793,3.06241,,1001.41,-132.487,11074.1,,-0.687626,0.50796,,-0.477269,10.1113,fluid
350,5.69933,2.6085,,1001.99,-187.891,15740,,-0.936505,0.523081,,-1.71108,9.39495,fluid
351,6.01539,1.54985,,1003.41,-154.603,27073.6,,-0.763284,0.092859,,-3.18154,9.14536,fluid
352,5.1722,1.02749,,1004.19,-125.076,33304.7,,-0.440423,-0.0772322,,-4.85525,10.4265,fluid
353,6.49614,2.99154,,1001.36,-169.605,10711.9,,-0.95768,0.572351,,-0.0850859,9.71067,fluid
354,6.26917,2.64752,,1001.73,-171.204,13626.7,,-0.866664,0.313028,,-0.82314,9.07887,fluid
355,5.37819,3.49072,,1001.18,-109.721,9254.31,,-0.497059,0.435353,,-0.346354,8.52618,fluid
356,3.579,4.25639,,1000.92,-298.919,7201.54,,-0.990564,1.51573,,-1.61162,9.99746,fluid
357,3.94794,3.9762,,1001.04,-178.443,8210.88,,-0.650582,1.04195,,-1.75474,8.4293,fluid
358,4.46457,3.08882,,1001.81,-127.399,14293.6,,-0.530454,0.647236,,-2.25862,10.0448,fluid
359,2.90116,1.42143,,1004.17,-215.247,33122,,-0.605636,0.227612,,-12.7314,8.3009,fluid
360,6.02369,2.97267,,1001.5,-163.815,11847.6,,-0.92105,0.652331,,-0.734169,9.78027,fluid
361,3.56256,0.405382,,1005.54,-50.28,44244.3,,-0.132329,0.0560546,,-12.6917,9.41492,fluid
362,3.80859,1.07332,,1004.16,-161.386,33068.2,,-0.477498,-0.0762748,,-8.14212,9.32054,fluid
363,4.89923,2.66142,,1002.19,-205.181,17327,,-0.953136,0.551084,,-3.19823,8.85521,fluid
364,5.07887,1.83816,,1003.15,-153.431,24971.5,,-0.685563,0.219052,,-3.33827,9.50046,fluid
365,5.36624,2.55356,,1002.18,-192.739,17240,,-0.837053,0.215588,,-2.51792,8.61402,fluid
366,7.31613,1.62392,,1002.76,-138.38,21836.5,,-0.808485,-0.100424,,-1.03772,9.1645,fluid
367,7.79392,2.8093,,1001.35,-57.9077,10668.2,,-0.452077,-0.309691,,0.315462,9.88058,fluid
368,6.46785,1.65988,,1003.05,-154.203,24180.6,,-0.818317,0.103632,,-2.35767,8.54223,fluid
369,6.88519,1.74506,,1002.75,-141.328,21722.6,,-0.781249,0.218404,,-1.57863,9.11161,fluid
370,7.41257,2.30043,,1001.87,-137.966,14762.7,,-0.927958,-0.00343441,,-0.408651,9.18733,fluid
371,6.94243,2.26845,,1001.99,-165.831,15738.3,,-0.915138,0.140359,,-0.469874,9.24422,fluid
372,5.76063,3.55213,,1001.04,-84.0316,8185.69,,-0.413262,0.37194,,0.186689,8.43701,fluid
373,6.06059,2.43023,,1002.05,-187.238,16183.2,,-0.832379,0.2637,,-1.33744,9.20663,fluid
374,4.59341,3.8336,,1001.02,-196.884,8014.45,,-0.832139,1.00956,,-0.903247,8.73657,fluid
375,4.95739,3.60992,,1001.15,-143.497,9068.19,,-0.6622,0.661505,,-0.874739,8.5231,fluid
376,6.49922,2.75976,,1001.56,-154.562,12274.4,,-0.835007,0.301287,,-0.246946,9.25547,fluid
377,4.24168,0.368767,,1005.3,-54.9283,42254.4,,-0.101658,0.0169127,,-8.92829,9.34955,fluid
378,5.30477,2.78685,,1001.95,-189.84,15371,,-0.827875,0.680847,,-1.92644,9.85526,fluid
379,7.51194,1.89007,,1002.31,-138.196,18286.8,,-0.781567,-0.288439,,-0.563143,9.28255,fluid
380,6.33413,1.24667,,1003.78,-124.209,30006,,-0.590883,0.109066,,-2.5877,9.40949,fluid
381,5.8061,2.14059,,1002.55,-183.973,20204.3,,-0.898097,0.26123,,-2.53827,9.22466,fluid
382,7.0883,1.91422,,1002.42,-152.07,19138.9,,-0.866303,-0.0552497,,-0.580324,9.52197,fluid
383,8.31597,2.03939,,1001.88,-111.708,14867.6,,-0.667821,-0.395133,,-0.225469,8.94914,fluid
384,7.93205,2.18372,,1001.84,-124.7,14518.3,,-0.757181,-0.414546,,-0.162406,8.72606,fluid
385,8.70956,2.4789,,1001.36,-37.9228,10709.9,,-0.085542,-0.508318,,0.675195,9.59904,fluid
386,7.51396,3.24224,,1001.09,-45.8767,8567.29,,-0.449531,-0.388296,,0.684592,8.24485,fluid
387,7.56132,2.60394,,1001.57,-101.626,12346,,-0.708676,-0.054585,,-0.0109133,9.87057,fluid
388,6.9622,2.77409,,1001.48,-125.748,11672.1,,-0.605517,0.143412,,0.448923,9.51048,fluid
389,6.51874,2.06705,,1002.38,-179.695,18810.8,,-0.93676,0.100685,,-1.21409,9.53285,fluid
390,6.77437,2.51072,,1001.75,-164.725,13795.4,,-0.932989,0.293681,,-0.333419,9.01181,fluid
391,4.83896,4.01166,,1000.82,-174.875,6482.46,,-0.66068,0.967837,,0.292692,10.0035,fluid
392,5.43433,4.00264,,1000.75,-199.739,5913.7,,-0.934971,0.918619,,-0.0604199,9.75718,fluid
393,4.96333,0.39216,,1005.11,-66.4691,40704.1,,-0.179359,0.00759491,,-6.66127,9.71121,fluid
394,6.19913,1.9057,,1002.76,-173.059,21801.9,,-0.864017,0.195334,,-2.35274,8.8536,fluid
395,8.02872,2.53053,,1001.5,-118.456,11801,,-0.614743,-0.140349,,0.304353,9.76298,fluid
396,6.74429,0.776412,,1004.29,-79.8888,34101.6,,-0.327104,-0.0201952,,-3.29271,9.91413,fluid
397,6.918,1.01452,,1003.88,-104.04,30807.3,,-0.448561,-0.00590138,,-2.80798,9.81997,fluid
398,7.31894,0.940212,,1003.8,-88.1969,30144.3,,-0.415873,-0.138209,,-1.95016,9.7791,fluid
399,8.46239,2.41686,,1001.47,-117.171,11561.7,,-0.596992,-0.0627466,,0.493685,9.16214,fluid
400,7.79524,1.67086,,1002.52,-114.572,19898.1,,-0.746269,-5.00203e-06,,-0.790765,9.35627,fluid
401,7.83312,2.33956,,1001.72,-132.877,13573.5,,-0.917046,-0.0981948,,-0.280304,9.20652,fluid
402,9.13416,2.43047,,1001.29,-19.3256,10198.8,,-0.172448,-0.361079,,0.333059,9.4881,fluid
403,8.59668,2.9193,,1001.07,-6.94627,8397.64,,-0.262484,-0.654704,,0.757892,8.66381,fluid
404,7.25113,3.37757,,1001.01,-92.8107,7965.07,,-0.589064,-0.17722,,0.676099,8.57695,fluid
405,6.8659,3.59415,,1000.88,-131.088,6943.84,,-0.779558,0.135339,,0.365684,9.04296,fluid
406,7.2618,2.60997,,1001.6,-120.419,12633.9,,-0.707976,0.114299,,0.146435,9.61222,fluid
407,6.72811,3.20843,,1001.16,-77.831,9117.02,,-0.536692,0.000783063,,0.115467,9.1141,fluid
408,9.07469,2.79684,,1001.05,9.14832,8302.34,,-0.208496,-0.59201,,0.845441,8.84397,fluid
409,5.33847,0.389844,,1005.04,-64.8961,40151.2,,-0.101555,0.00848587,,-5.76859,10.0859,fluid
410,5.90897,1.14167,,1004.05,-122.133,32150.3,,-0.555141,-0.0421244,,-3.51057,9.93343,fluid
411,6.84909,1.45976,,1003.22,-133.559,25486.7,,-0.707174,0.166568,,-2.2717,8.44138,fluid
412,7.68198,0.38486,,1004.47,-25.5935,35517.7,,0.093257,-0.0326256,,-2.25188,9.54788,fluid
413,7.4087,0.372092,,1004.59,-31.4246,36513.2,,0.0825246,-0.0308505,,-2.44274,9.5949,fluid
414,8.18727,1.70877,,1002.35,-98.8959,18554.6,,-0.782428,0.0466952,,-0.563306,8.8834,fluid
415,7.79955,1.18408,,1003.23,-97.1714,25606.3,,-0.383958,-0.20072,,-1.02542,9.34427,fluid
416,8.52582,1.49822,,1002.57,-79.3285,20328.5,,-0.547078,-0.0126783,,-0.507108,8.40971,fluid
417,9.83986,2.1986,,1001.3,-31.3063,10209.6,,-0.0575601,-0.222228,,0.471488,8.88335,fluid
418,10.0984,3.01129,,1000.72,-37.3344,5635.88,,-0.246001,-0.652485,,1.33597,10.1083,fluid
419,8.64715,2.07891,,1001.75,-88.5149,13831,,-0.563935,-0.253371,,-0.0526479,9.02952,fluid
420,7.6842,3.42513,,1000.94,-79.7722,7410.28,,-0.541955,-0.29024,,0.81622,8.37902,fluid
421,10.0833,2.0744,,1001.38,3.71149,10839.1,,0.247129,-0.394293,,0.640576,8.88227,fluid
422,8.25889,2.71321,,1001.29,-74.5064,10167.8,,-0.491534,-0.344928,,0.432554,9.67673,fluid
423,5.73025,4.02672,,1000.71,-174.737,5607.99,,-0.876188,0.818275,,0.284741,9.34399,fluid
424,9.3828,2.96277,,1000.89,-32.0186,7001.43,,-0.360873,-0.540792,,1.35472,9.03758,fluid
425,5.69536,0.384437,,1004.98,-61.0702,39661.4,,-0.10007,-0.00106642,,-5.04201,10.1769,fluid
426,6.24352,0.737797,,1004.49,-82.2231,35695.9,,-0.26063,0.0562181,,-3.60827,10.7069,fluid
427,6.66332,0.312831,,1004.9,-37.5375,39007.2,,0.026276,-0.0326934,,-3.37135,10.1713,fluid
428,7.92661,0.413945,,1004.33,-21.1251,34437.4,,0.135698,-0.0441223,,-1.83957,9.6231,fluid
429,8.35195,0.310252,,1004.33,-10.7245,34434.7,,0.35634,-0.0584612,,-1.51311,9.82855,fluid
430,9.22484,1.65442,,1002.12,-59.7994,16763.5,,-0.387041,-0.0494826,,-0.291256,8.19935,fluid
431,10.0859,1.35782,,1002.24,-53.2907,17697.4,,-0.425701,-0.248895,,-0.602156,8.43098,fluid
432,9.57341,1.65846,,1001.99,-41.0619,15746.8,,-0.279812,0.0605562,,-0.357426,8.45862,fluid
433,9.92533,1.90793,,1001.58,-13.5584,12491.7,,-0.0579451,-0.519201,,0.217981,8.88493,fluid
434,10.8718,1.64409,,1001.76,8.16786,13911.9,,-0.0572004,-0.169513,,0.23682,9.5582,fluid
435,12.3584,2.19433,,1001.06,37.3707,8348.08,,0.486319,-0.402786,,0.195673,9.36159,fluid
436,11.2306,2.18113,,1001.15,22.1225,9040.45,,0.3272,-0.146516,,0.715484,8.32253,fluid
437,9.36861,2.0497,,1001.57,-41.9158,12407.9,,-0.205148,-0.435488,,0.0989093,8.93977,fluid
438,4.31587,4.26523,,1000.76,-173.384,6001.25,,-0.626807,1.12103,,-0.0951075,9.72828,fluid
439,9.83152,2.44667,,1001.09,5.81004,8575.26,,0.192978,-0.558203,,0.470959,9.51586,fluid
440,11.0022,2.69671,,1000.74,13.2796,5783.94,,0.336508,-0.53712,,1.03226,9.9133,fluid
441,5.49069,1.14323,,1004.07,-126.593,32331.1,,-0.498802,-0.0690435,,-4.02956,10.2518,fluid
442,7.06096,0.392327,,1004.69,-40.9585,37293,,0.0462498,-0.0370699,,-2.49727,9.8441,fluid
443,8.18698,0.614886,,1003.96,-29.2292,31473.9,,-0.132136,-0.0337728,,-1.47896,9.65104,fluid
444,8.04681,1.21844,,1003.11,-88.023,24618.4,,-0.369415,-0.187771,,-0.479159,9.30939,fluid
445,10.2692,0.49773,,1003.41,30.5192,27016.3,,0.382068,-0.0554298,,-1.34191,8.78699,fluid
446,9.22259,1.17367,,1002.87,-53.7106,22678.8,,-0.433901,-0.0954732,,-0.961461,9.09599,fluid
447,11.0449,0.868741,,1002.6,-9.55578,20525.2,,-0.01134,-0.0961613,,-0.672845,9.00901,fluid
448,10.9871,2.27096,,1001.08,8.58448,8471.19,,0.388795,-0.24463,,0.861697,8.27779,fluid
449,9.73668,1.40703,,1002.29,-48.9282,18117.9,,-0.334128,-0.0876136,,-0.645967,8.26789,fluid
450,11.4795,1.26753,,1002.07,-10.5838,16321.9,,-0.0953462,-0.128014,,-0.223079,9.42855,fluid
451,13.0108,1.71589,,1001.44,39.5588,11322.7,,0.353397,-0.291301,,-0.100611,9.22052,fluid
452,9.10531,3.29168,,1000.77,-79.9419,6064.19,,-0.512557,-0.422069,,2.26975,9.35104,fluid
453,11.2335,2.79967,,1000.66,1.99097,5194.72,,0.173616,-0.495363,,1.26091,10.2681,fluid
454,8.93991,2.02286,,1001.74,-66.4264,13721,,-0.472745,-0.263397,,0.234456,9.07627,fluid
455,11.1004,1.70067,,1001.68,16.357,13248.7,,-0.0429359,-0.20852,,0.356466,9.35746,fluid
456,6.45952,3.84616,,1000.77,-139.418,6043.53,,-0.808126,0.430828,,0.921808,9.04973,fluid
457,6.13045,0.352532,,1004.94,-49.8857,39332.6,,0.0508065,-0.0327414,,-4.0034,10.4336,fluid
458,7.48433,1.16574,,1003.38,-104.327,26823.3,,-0.501985,-0.0882526,,-1.74607,9.50026,fluid
459,9.00076,0.960755,,1003.27,-30.9554,25929.6,,-0.283171,-0.0942678,,-1.00696,9.52535,fluid
460,8.97131,0.325645,,1004.13,3.7976,32843,,0.300048,-0.064101,,-1.00212,10.0081,fluid
461,11.6711,0.791486,,1002.56,13.5223,20216.9,,0.186882,-0.0935965,,-0.384533,9.01266,fluid
462,10.6352,0.618477,,1003.07,19.3322,24335,,0.264251,-0.0709445,,-0.927753,8.68391,fluid
463,11.3944,0.808984,,1002.59,8.39331,20489.3,,0.175483,-0.0768513,,-0.818111,8.99384,fluid
464,12.3018,1.68506,,1001.55,14.2604,12209.8,,0.110264,-0.122527,,-0.103668,9.2285,fluid
465,11.1651,1.27681,,1002.11,-17.1606,16640.4,,-0.0761218,-0.155267,,-0.0400692,9.33818,fluid
466,12.1312,1.38396,,1001.86,2.87321,14668.9,,0.0910659,-0.2225,,-0.214244,9.78834,fluid
467,10.8249,1.36906,,1002.06,-21.8337,16292.2,,-0.0550163,-0.0988461,,0.211014,9.26997,fluid
468,8.36128,3.39925,,1000.81,-74.1604,6404.49,,-0.538346,-0.451319,,0.946719,8.38535,fluid
469,8.62974,3.43921,,1000.75,-75.0863,5890.43,,-0.438098,-0.461842,,1.6228,8.97106,fluid
470,9.77053,3.18898,,1000.72,-58.1087,5624.45,,-0.425088,-0.603975,,1.92397,10.0498,fluid
471,10.1003,2.77775,,1000.82,12.7285,6481.35,,0.0691633,-0.709762,,0.81897,9.3737,fluid
472,11.5768,2.79271,,1000.66,16.0283,5209.9,,0.300328,-0.501294,,1.07503,10.3312,fluid
473,5.51812,1.80793,,1003.15,-158.123,24947.8,,-0.773743,0.309565,,-3.3481,9.00241,fluid
474,8.82653,1.62528,,1002.3,-71.132,18141.8,,-0.457409,-0.0492285,,-0.21518,8.05972,fluid
475,9.93076,0.940201,,1002.89,-34.5656,22910.9,,-0.28267,-0.153862,,-0.692676,9.12073,fluid
476,9.77381,0.352439,,1003.84,23.6541,30471.1,,0.391607,-0.0459635,,-1.30355,9.26477,fluid
477,12.7829,0.416974,,1002.91,41.1889,23058.5,,0.454699,-0.0396725,,-1.12415,8.92516,fluid
478,12.2431,0.555343,,1002.78,33.0052,22009.4,,0.395738,-0.054365,,-0.961283,8.784,fluid
479,12.6165,0.79512,,1002.44,25.3044,19281.9,,0.308073,-0.0659568,,-0.430047,9.07478,fluid
480,12.3697,1.18046,,1002.03,7.41922,16051.5,,0.203005,-0.100605,,-0.0905235,9.37916,fluid
481,11.8351,1.07375,,1002.2,-4.54409,17415.2,,0.0965463,-0.118347,,-0.328474,9.3803,fluid
482,11.803,1.4481,,1001.84,0.382745,14551.9,,-0.00464606,-0.196846,,0.0501687,9.78249,fluid
483,13.8583,2.21377,,1000.91,61.1239,7163.44,,0.791708,-0.186482,,0.192805,9.33203,fluid
484,12.5021,1.9842,,1001.23,24.436,9719.68,,0.391105,-0.256588,,0.38417,9.08171,fluid
485,8.8326,3.38732,,1000.75,-67.421,5894.3,,-0.372448,-0.483889,,2.06281,9.08114,fluid
486,6.11578,3.99184,,1000.71,-143.009,5605.7,,-0.773479,0.639536,,0.937332,8.95786,fluid
487,9.5226,3.12449,,1000.79,-61.4767,6183.74,,-0.449422,-0.536468,,1.79308,9.73868,fluid
488,9.44787,2.29186,,1001.31,-64.6845,10348.2,,-0.300087,-0.107989,,0.461476,9.28319,fluid
489,7.72157,-1336.68,,839.044,0,-792932,,-17.1789,-178.199,,0,0,fluid
490,8.46121,1.11014,,1003.18,-65.6953,25220.1,,-0.360439,-0.157132,,-0.49558,9.47842,fluid
491,11.3122,0.484212,,1003.06,36.2597,24249.3,,0.467239,-0.0518439,,-1.11275,8.55081,fluid
492,10.1206,0.365244,,1003.68,32.6818,29185.5,,0.394346,-0.0563576,,-1.52316,9.00924,fluid
493,13.8206,0.327941,,1002.92,37.5869,23120.8,,0.369543,-0.035467,,-1.303,9.22277,fluid
494,13.1768,0.492659,,1002.77,35.0153,21941.4,,0.377545,-0.0347868,,-1.15653,8.97701,fluid
495,13.2846,0.864249,,1002.3,20.4247,18160.4,,0.33691,-0.05556,,-0.733262,9.15272,fluid
496,13.4111,1.39587,,1001.71,20.7549,13492.3,,0.343117,-0.160743,,-0.276137,9.36034,fluid
497,12.2125,0.855142,,1002.4,14.6552,18983.8,,0.195051,-0.0720515,,-0.677056,9.08775,fluid
498,12.7634,1.24259,,1001.94,19.399,15299.6,,0.113303,-0.104988,,-0.0618957,9.37017,fluid
499,15.7637,1.92658,,1001.04,10.1044,8175.42,,0.194552,-0.00727795,,0.263564,9.75273,fluid
500,13.5599,1.87879,,1001.21,24.2474,9556.89,,0.320429,-0.035845,,0.0995178,9.06661,fluid
501,12.1038,2.007,,1001.26,32.9144,9932.6,,0.236205,-0.281129,,-0.00232223,9.02717,fluid
502,11.5711,2.65714,,1000.74,28.2415,5814.65,,0.445554,-0.50677,,0.983324,9.87978,fluid
503,7.03724,3.76941,,1000.78,-155.674,6147.98,,-0.85437,0.123887,,1.06116,9.90181,fluid
504,15.2821,2.27599,,1000.82,26.6129,6476.28,,0.457828,0.0478048,,0.46756,9.77171,fluid
505,5.00076,-1551.14,,785.265,0,-914712,,-3.33412,-208.25,,0,0,fluid
506,9.53351,0.963789,,1003.05,-35.748,24131.2,,-0.239449,-0.159677,,-0.716311,9.33657,fluid
507,11.1798,0.255683,,1003.45,43.287,27357.5,,0.432749,-0.0381518,,-1.7036,8.68161,fluid
508,13.6032,0.29726,,1002.98,37.4174,23628.5,,0.502073,-0.0299951,,-1.42827,9.09551,fluid
509,14.0444,0.367865,,1002.85,34.5662,22521.2,,0.387131,-0.0380108,,-1.32324,9.28546,fluid
510,15.014,0.469189,,1002.6,27.3038,20591.3,,0.395155,-0.0239388,,-1.1257,9.43774,fluid
511,13.533,0.867669,,1002.27,23.2951,17954.8,,0.377274,-0.0642101,,-0.532393,9.16263,fluid
512,13.8764,0.946948,,1002.16,27.8587,17067.6,,0.331026,-0.0570898,,-0.407094,9.2124,fluid
513,12.95,0.914869,,1002.27,20.9721,17953.6,,0.242556,-0.06636,,-0.545663,9.20287,fluid
514,13.7139,1.21314,,1001.88,22.2565,14806.2,,0.342777,-0.0222779,,-0.233748,9.20685,fluid
515,13.9523,1.61951,,1001.43,28.1045,11289.9,,0.359373,-0.0683743,,0.27964,9.12136,fluid
516,13.12,1.39144,,1001.75,21.6465,13803.4,,0.172293,-0.163648,,-0.214632,9.28611,fluid
517,12.6148,1.58271,,1001.61,20.3255,12720.3,,0.232777,-0.144297,,0.196321,9.26984,fluid
518,14.399,2.06035,,1000.99,46.435,7815.72,,0.606359,-0.103452,,-0.0452257,9.12994,fluid
519,13.2682,2.37485,,1000.83,28.2622,6554.94,,0.502703,-0.172862,,0.679104,9.4112,fluid
520,13.0897,1.93422,,1001.21,45.6037,9559.7,,0.406355,-0.273648,,0.0148591,8.98801,fluid
521,8.32484,-1216.19,,752.589,0,-967835,,31.7648,-186.388,,0,0,fluid
522,10.7184,0.314521,,1003.52,39.6268,27891.8,,0.423519,-0.0502859,,-1.55838,8.69903,fluid
523,12.0893,0.358052,,1003.08,40.5862,24385.1,,0.40985,-0.0495235,,-1.51969,8.76954,fluid
524,14.8107,0.350693,,1002.77,29.0514,21914.1,,0.500459,-0.0294698,,-1.4159,9.39507,fluid
525,14.3249,0.432535,,1002.73,31.104,21635.2,,0.495769,-0.0316239,,-1.17931,9.3363,fluid
526,16.2026,0.373847,,1002.58,21.6599,20365.7,,0.372567,-0.0176077,,-0.881988,9.51418,fluid
527,15.3483,0.509421,,1002.51,24.5899,19878.8,,0.484346,-0.0202286,,-0.752521,9.41449,fluid
528,15.1269,0.836975,,1002.17,22.4527,17114.9,,0.223964,-0.0213736,,-0.54083,9.33999,fluid
529,14.188,0.81213,,1002.3,26.8409,18155.8,,0.246913,-0.0327467,,-0.530415,9.26972,fluid
530,14.5918,0.840035,,1002.23,24.5097,17595.4,,0.361514,-0.0440206,,-0.608777,9.34046,fluid
531,14.1591,1.23823,,1001.82,25.0314,14383,,0.267916,0.0218514,,-0.0376291,9.15706,fluid
532,14.4639,1.5127,,1001.5,27.2207,11847,,0.305315,-0.135557,,-0.143857,9.0586,fluid
533,13.7136,1.70952,,1001.36,25.0602,10727.4,,0.363334,-0.0545731,,0.131316,9.09187,fluid
534,13.6002,2.47606,,1000.76,33.2216,5948.69,,0.579608,-0.136286,,0.656931,9.95929,fluid
535,14.4084,2.4938,,1000.72,22.7961,5654.57,,0.468649,0.005028,,0.273258,10.2407,fluid
536,11.5211,1.68729,,1001.65,21.1971,13003.9,,0.0209185,-0.341694,,0.21152,9.42678,fluid
537,5.6875,-1156.01,,1139.75,0,1.67989e+06,,13.5063,-178.522,,0,0,fluid
538,11.7473,0.248712,,1003.31,45.6011,26207.4,,0.429866,-0.0338964,,-1.49956,8.76723,fluid
539,12.5586,0.221396,,1003.2,43.2826,25386.3,,0.452951,-0.0348149,,-1.54398,8.98828,fluid
540,16.1224,0.129897,,1002.86,21.0807,22621.2,,0.363544,-0.0216701,,-1.31986,9.45498,fluid
541,15.2477,0.202853,,1002.89,25.3387,22839.7,,0.305388,-0.0299694,,-1.29413,9.42116,fluid
542,17.3829,0.389794,,1002.48,14.9432,19611.4,,0.31005,-0.012197,,-0.771443,9.82485,fluid
543,16.805,0.364968,,1002.53,16.2857,20007.5,,0.264811,-0.0190681,,-1.00486,9.69133,fluid
544,16.4425,0.65029,,1002.25,20.3598,17773.1,,0.401926,-0.0187096,,-0.601147,9.54689,fluid
545,15.7692,0.526983,,1002.45,25.3154,19331.3,,0.448207,-0.0222335,,-1.05757,9.42291,fluid
546,16.0602,0.716557,,1002.2,22.2191,17413.8,,0.309075,-0.011379,,-0.603109,9.41338,fluid
547,14.6499,1.06848,,1001.97,22.7238,15516.1,,0.296822,-0.0280651,,-0.505182,9.24216,fluid
548,16.725,1.53243,,1001.34,16.1913,10538.5,,0.266841,-0.0123516,,-0.114265,9.46284,fluid
549,15.0182,1.66399,,1001.3,25.4035,10231.1,,0.366441,-0.0844817,,-0.0189492,9.16737,fluid
550,15.5896,2.43173,,1000.76,5.89862,5995.05,,0.217654,0.0953008,,0.76781,10.4731,fluid
551,13.6049,2.65196,,1000.67,26.235,5294.53,,0.489654,-0.127322,,0.777874,10.4304,fluid
552,10.9347,2.84752,,1000.66,-9.73996,5179.7,,0.0647903,-0.520179,,1.13674,10.4185,fluid
553,8.72924,0.568802,,1003.88,-14.2204,30804.7,,0.136713,-0.0661565,,-1.36096,9.88362,fluid
554,13.2137,0.189815,,1003.17,38.6351,25122.9,,0.356167,-0.026266,,-1.58399,9.12192,fluid
555,15.6677,0.139682,,1002.91,22.9447,23005.5,,0.343935,-0.0193794,,-1.41881,9.3997,fluid
556,17.0967,0.110181,,1002.78,14.868,21972.1,,0.398017,-0.0172219,,-1.28201,9.64164,fluid
557,16.5907,0.158243,,1002.77,18.7842,21915.4,,0.371222,-0.0219293,,-1.35306,9.56185,fluid
558,19.7507,0.261985,,1002.57,10.143,20318.4,,0.393283,0.00903297,,-0.396562,9.84578,fluid
559,18.9992,0.26995,,1002.57,13.6701,20325.9,,0.353211,0.00102717,,-0.664585,9.6483,fluid
560,19.5847,0.349763,,1002.47,10.3647,19543,,0.304559,0.00404717,,-0.747198,9.74194,fluid
561,16.9923,0.564871,,1002.31,16.099,18272.2,,0.455651,-0.0174952,,-0.550006,9.75524,fluid
562,17.4749,0.725818,,1002.14,15.3621,16895.8,,0.262323,-0.00980052,,-0.427058,9.73775,fluid
563,16.4402,1.00159,,1001.87,21.0712,14771.9,,0.367075,-0.0233824,,-0.391872,9.37211,fluid
564,15.2493,1.14882,,1001.81,20.7803,14245.1,,0.278428,-0.0334798,,-0.307325,9.17273,fluid
565,15.3743,1.5127,,1001.41,22.8012,11137.7,,0.344052,-0.0889769,,-0.279019,9.32324,fluid
566,14.413,1.75036,,1001.27,24.3529,9976.46,,0.360873,-0.0498048,,-0.0433345,9.01815,fluid
567,14.8591,2.40773,,1000.75,8.37863,5916.59,,0.299479,0.102525,,0.794431,10.0938,fluid
568,12.5952,2.75187,,1000.68,38.8612,5312.88,,0.583675,-0.477813,,0.542931,10.3765,fluid
569,9.41154,0.422307,,1003.87,10.1156,30719.2,,0.315783,-0.0565674,,-1.34905,9.61289,fluid
570,17.5024,-311.395,,655.301,0,-1.06297e+06,,-12.6558,-117.598,,0,0,fluid
571,14.5267,0.169651,,1003.03,28.7507,23959.6,,0.291586,-0.0321344,,-1.51861,9.41209,fluid
572,17.6101,-0.0204637,,1002.89,14.6471,22883.5,,0.360676,-0.0158883,,-1.28667,9.55737,fluid
573,17.7744,0.343882,,1002.52,14.3599,19924.4,,0.418935,-0.0126562,,-0.908909,9.83474,fluid
574,20.7975,0.188882,,1002.61,8.16599,20664.2,,0.34124,-0.00553252,,-0.581749,9.50609,fluid
575,20.208,0.276779,,1002.55,10.0248,20130,,0.31302,0.0442581,,-0.712368,9.81683,fluid
576,19.25,0.593474,,1002.21,11.2026,17448.8,,0.21774,-0.00385061,,-0.584539,9.61515,fluid
577,18.4875,0.399279,,1002.45,13.0876,19334.3,,0.392027,-0.0117575,,-0.819216,9.74219,fluid
578,17.9197,0.5436,,1002.32,15.3012,18304.6,,0.394963,-0.00488844,,-0.624961,9.83241,fluid
579,16.9353,0.824409,,1002.05,18.9003,16158.2,,0.310869,-0.00850295,,-0.461646,9.606,fluid
580,15.6658,0.861998,,1002.08,21.8503,16387.5,,0.331337,-0.0202498,,-0.618179,9.33397,fluid
581,16.1625,1.16284,,1001.71,18.3599,13498.3,,0.337589,-0.0243268,,-0.36427,9.28137,fluid
582,15.6783,1.18837,,1001.72,18.4585,13535.8,,0.308002,-0.0366025,,-0.235836,9.17705,fluid
583,14.9543,1.96069,,1001.04,26.512,8186.94,,0.397651,-0.0109589,,0.261282,9.08464,fluid
584,19.4996,1.73825,,1001.11,-2.09017,8752.15,,0.176514,0.0434107,,0.148387,10.4401,fluid
585,19.0329,-1052.27,,557.114,-1.55268,-1.10247e+06,,18.4655,-166.052,,9.64772,-28.9045,fluid
586,13.1528,-715.866,,1159.62,96.1665,2.04012e+06,,-7.62367,-146.559,,-3.71847,8.1832,fluid
587,16.4506,-267.514,,1004.08,0,32409.8,,5.60771,-114.661,,0,0,fluid
588,19.3018,0.058604,,1002.8,12.0297,22137.6,,0.383061,0.026257,,-1.10788,9.88674,fluid
589,18.1475,0.279024,,1002.58,16.3145,20403.3,,0.331155,-0.0127996,,-0.566712,9.75201,fluid
590,22.5595,0.110693,,1002.6,1.37146,20530.8,,0.131513,-0.0126523,,-0.0192526,9.41954,fluid
591,21.7074,0.161271,,1002.58,2.73187,20413.1,,0.369031,0.00942513,,-0.772467,9.91273,fluid
592,21.1182,0.347091,,1002.42,11.9969,19137,,0.121037,-0.00286657,,-0.512439,9.57032,fluid
593,18.7954,0.463965,,1002.37,13.219,18697.4,,0.328179,-0.00764999,,-0.44218,9.67834,fluid
594,19.0435,0.863623,,1001.93,7.62525,15207.5,,0.237814,-0.0128634,,-0.21739,9.63463,fluid
595,18.1695,0.751827,,1002.1,13.2296,16552.6,,0.208967,0.0053046,,-0.422011,9.80344,fluid
596,18.0274,1.15592,,1001.68,13.6384,13267.7,,0.250333,0.00444863,,-0.159532,9.50744,fluid
597,16.3482,1.62069,,1001.26,15.8024,9947.78,,0.424637,-0.1205,,0.0323378,9.66835,fluid
598,14.8593,1.28448,,1001.71,20.5525,13451.3,,0.363907,-0.019584,,-0.262244,9.28276,fluid
599,17.8288,2.10513,,1000.88,-4.80544,6943.67,,0.198535,0.157694,,0.573748,10.201,fluid
600,12.3464,2.58283,,1000.77,19.3652,6092.38,,0.355751,-0.44127,,0.464838,9.96754,fluid
601,9.64955,-1190.26,,679.687,0,-1.04601e+06,,6.25614,-174.848,,0,0,fluid
602,14.8712,-994.017,,871.708,0,-692338,,34.9628,-164.772,,0,0,fluid
603,19.5375,-376.209,,870.822,0,-695381,,18.8223,-121.188,,0,0,fluid
604,20.1024,-0.268471,,1003.13,8.78843,24824.1,,0.203838,-0.0544931,,-1.19706,9.22661,fluid
605,18.5828,-0.130407,,1003,12.3463,23743.4,,0.337781,-0.0160931,,-1.64488,9.38352,fluid
606,23.4872,0.111665,,1002.54,6.38581,20070.9,,0.10579,0.000130078,,-0.609583,9.54416,fluid
607,22.1026,0.161325,,1002.56,4.93501,20240.5,,0.293604,-0.00574836,,-0.678274,9.52792,fluid
608,22.8896,0.310667,,1002.38,6.00962,18797.2,,0.237436,-0.00380495,,-0.410475,9.50467,fluid
609,20.4898,0.37098,,1002.43,10.1119,19194.8,,0.23711,-0.00327717,,-0.78146,9.53041,fluid
610,19.4564,1.03254,,1001.73,3.55341,13673.8,,0.210279,-0.00200437,,-0.361412,9.65537,fluid
611,17.1692,1.05661,,1001.8,17.186,14233,,0.328174,-0.0104136,,-0.192692,9.52691,fluid
612,16.9993,1.64605,,1001.23,16.0257,9695.95,,0.305989,0.00425374,,-0.173856,9.27045,fluid
613,16.0421,1.49866,,1001.38,13.2505,10875.1,,0.294815,-0.0923409,,0.0508279,9.47338,fluid
614,16.4247,2.20587,,1000.87,15.9057,6817.52,,0.334797,-0.0984122,,0.165756,10.1292,fluid
615,17.4516,2.1786,,1000.86,4.20744,6731.18,,0.266438,0.120404,,0.277133,9.97726,fluid
616,19.9994,1.94159,,1000.97,-5.1992,7633.38,,0.0563555,0.0230299,,-0.182658,10.3551,fluid
617,15.229,-1451.23,,619.301,0,-1.08197e+06,,-21.4589,-191.426,,0,0,fluid
618,15.1626,-1086.43,,684.394,0,-1.04229e+06,,-3.52267,-169.64,,0,0,fluid
619,18.7391,-655.808,,570.543,0,-1.09908e+06,,-15.2585,-148.462,,0,0,fluid
620,17.3571,-75.9013,,561.055,0,-1.10152e+06,,32.05,-100.242,,0,0,fluid
621,21.3401,-0.0960081,,1002.87,1.02143,22758,,0.317993,-0.00830074,,-1.10437,9.36046,fluid
622,25.6662,-0.0327043,,1002.45,1.95147,19400.4,,0.294877,-0.010832,,-1.02642,9.61905,fluid
623,23.0711,0.101421,,1002.58,9.22798,20430.9,,0.260108,-0.00593506,,-0.805197,9.44211,fluid
624,23.9224,0.28896,,1002.33,2.19806,18387.2,,0.146608,-0.0104996,,-0.428144,9.74651,fluid
625,19.6018,0.668463,,1002.12,6.18712,16725.6,,0.208839,0.000556575,,-0.4151,9.63138,fluid
626,17.7071,0.962407,,1001.89,13.6794,14939.3,,0.299351,-0.00511688,,-0.246266,9.6059,fluid
627,16.6821,1.18018,,1001.68,16.9931,13264,,0.354152,0.0410563,,-0.0957222,9.41689,fluid
628,14.6699,2.49046,,1000.71,26.0147,5616.55,,0.536775,0.0283456,,0.382667,10.3193,fluid
629,15.9736,2.474,,1000.76,0.178571,5995.82,,0.123291,0.0169936,,0.468224,10.7097,fluid
630,17.9465,1.67489,,1001.18,4.3818,9293.07,,0.216529,0.125775,,0.27473,9.35563,fluid
631,15.3142,2.37811,,1000.77,16.0125,6091.25,,0.390536,0.0844625,,0.563597,10.2961,fluid
632,18.5478,2.29856,,1000.81,0.687375,6387.89,,0.227354,0.0365901,,0.814723,11.1632,fluid
633,17.4878,-1544.96,,548.85,0,-1.10432e+06,,-15.6383,-195.727,,0,0,fluid
634,7.00015,-1448.33,,1030.36,0,261106,,-2.05897,-196.208,,0,0,fluid
635,21.8042,-821.741,,571.285,0,-1.09888e+06,,21.6278,-155.32,,0,0,fluid
636,25.1041,-0.252276,,1002.69,-5.81994,21309.9,,0.0914059,-0.0644897,,-0.979986,9.29535,fluid
637,23.9444,-0.509727,,1003.05,-27.941,24118.1,,-0.0317417,-0.27982,,-1.30249,8.35177,fluid
638,26.0144,-0.0150304,,1002.41,3.22499,19028.4,,0.203312,-0.0174466,,-0.692268,9.60251,fluid
639,24.4668,0.154859,,1002.41,1.66389,19021.9,,0.232355,-0.00400852,,-0.765375,9.75298,fluid
640,24.1915,0.373022,,1002.23,3.71094,17622.3,,0.154979,-0.0144774,,-0.408983,9.78527,fluid
641,22.1326,0.32832,,1002.39,2.21017,18856.5,,0.114815,0.0680669,,-0.694264,10.0835,fluid
642,18.7487,2.01475,,1000.95,0.669217,7467,,0.186057,0.0201717,,0.502015,10.7623,fluid
643,18.2481,1.90404,,1001,-1.26009,7891.43,,0.138238,0.0981438,,0.583706,9.98989,fluid
644,15.6653,1.63976,,1001.27,13.2751,10015,,0.353113,-0.0491473,,-0.0331292,9.49042,fluid
645,22.5746,1.76669,,1001,-13.4208,7849.55,,-0.0431258,0.0553977,,-0.109969,10.6898,fluid
646,17.7222,1.47962,,1001.36,14.2962,10745.4,,0.28783,0.0504465,,0.00676875,9.10731,fluid
647,11.9578,2.71894,,1000.71,31.4423,5570.24,,0.477062,-0.509669,,0.819841,10.2147,fluid
648,17.3593,1.29367,,1001.56,16.0473,12279,,0.32908,-0.0126994,,-0.142506,9.34583,fluid
649,10.9893,-1717.92,,1030.46,0,262067,,-38.5742,-205.622,,0,0,fluid
650,14.6449,-1480.75,,659.729,0,-1.06016e+06,,41.2038,-191.93,,0,0,fluid
651,19.553,-1053.83,,563.329,-1.3465,-1.10096e+06,,14.5709,-167.734,,-8.144,24.3993,fluid
652,27.9489,-0.525568,,1002.63,-41.3279,20832.5,,-0.243822,-0.326328,,-1.47118,7.84472,fluid
653,28.7212,-0.369026,,1002.55,-19.8277,20201.2,,0.162458,-0.123783,,0.639653,8.46928,fluid
654,32.836,-2.14056,,940.077,-1129.66,-393689,,2.10864,-13.144,,-102.259,34.6491,fluid
655,26.8859,-0.14349,,1002.46,14.2603,19462.3,,0.342447,-0.0407837,,-0.976819,9.44384,fluid
656,26.3192,0.138093,,1002.27,-1.83334,17931.7,,0.264371,-0.0138054,,-0.243144,9.76444,fluid
657,24.7324,0.184138,,1002.36,3.11743,18643.1,,0.113235,-0.00515319,,-0.294593,9.69846,fluid
658,20.6703,1.69447,,1001.09,-5.40543,8601.89,,0.18442,0.0563634,,0.0449934,10.0864,fluid
659,18.3745,1.23114,,1001.59,-0.0169217,12532.5,,0.114764,0.0935966,,-0.205432,9.67178,fluid
660,17.3347,1.79703,,1001.1,4.55055,8635.49,,0.282068,0.115338,,0.0358819,9.31454,fluid
661,16.1548,2.19015,,1000.88,11.292,6904.9,,0.195407,-0.0719716,,0.153185,10.0466,fluid
662,11.6243,2.10225,,1001.21,20.9938,9514.76,,0.276962,-0.111529,,0.702908,8.68581,fluid
663,10.3851,2.97592,,1000.68,-16.0556,5351.02,,-0.0321426,-0.647971,,1.61529,10.2088,fluid
664,14.0958,2.47051,,1000.74,22.1014,5835.86,,0.444131,-0.023774,,0.393374,10.1295,fluid
665,19.5202,-1847.28,,513.726,0,-1.11056e+06,,25.3325,-211.972,,0,0,fluid
666,23.9156,-1605.7,,479.006,0,-1.11466e+06,,10.2696,-199.717,,0,0,fluid
667,19.4934,-808.203,,678.756,0,-1.04673e+06,,-30.9056,-153.777,,0,0,fluid
668,30.0809,-75.5717,,930.152,0,-445778,,-15.1638,-41.6727,,0,0,fluid
669,29.907,-12.0983,,981.858,-216.88,-134862,,0.0060829,-11.4091,,42.6058,-56.8685,fluid
670,31.1834,-13.9943,,981.731,-424.448,-135755,,-8.78096,-22.7308,,-17.5662,18.5376,fluid
671,28.8375,0.306614,,1002.07,-1.96271,16311.6,,0.409189,-0.0197191,,0.827541,10.1321,fluid
672,29.2066,0.30708,,1002.1,-13.8019,16597.4,,-0.242539,-0.015173,,-0.44295,9.80117,fluid
673,27.1207,0.0859679,,1002.28,10.4077,18005.8,,0.0556779,-0.00357617,,-0.420371,9.62165,fluid
674,28.3929,0.129119,,1002.13,-3.84073,16840,,0.0662011,-0.00909652,,-0.132019,9.98139,fluid
675,21.4516,1.06507,,1001.63,0.46068,12832,,0.126586,0.0333031,,-0.169395,9.75624,fluid
676,18.1923,2.23636,,1000.82,-7.22919,6460.07,,0.14523,0.113038,,0.767056,10.9259,fluid
677,10.3219,1.58219,,1001.9,-15.7069,15028.4,,-0.120476,-0.193442,,0.41884,9.3326,fluid
678,10.5409,1.03661,,1002.52,-31.4251,19890.8,,-0.158918,-0.161772,,-0.726183,9.15375,fluid
679,7.94308,3.75512,,1000.72,-97.4106,5642.08,,-0.595894,-0.291849,,1.09571,9.01557,fluid
680,16.9283,2.1205,,1000.9,11.899,7082.45,,0.346349,-0.00079075,,-0.0338164,9.98135,fluid
681,21.1961,-1892.86,,476.113,0,-1.11493e+06,,21.9688,-212.674,,0,0,fluid
682,21.3105,-1190.32,,652.053,0,-1.06496e+06,,-29.949,-176.48,,0,0,fluid
683,16.631,-331.207,,862.055,0,-724494,,-33.8653,-120.883,,0,0,fluid
684,16.7584,-433.211,,982.47,0,-130548,,4.84521,-93.4897,,0,0,fluid
685,29.8727,0.0403582,,1002.13,38.3627,16848.5,,0.496364,-0.0110377,,-1.36914,8.45054,fluid
686,12.7846,-517.829,,998.887,-31.0377,-8709.19,,-0.452446,-99.4136,,0.156131,-0.836244,fluid
687,16.1331,-411.982,,998.268,0,-13520,,-3.51539,-90.6737,,0,0,fluid
688,22.5863,-42.7267,,999.907,-347.169,-726.035,,-6.39571,-27.5596,,0.0351304,0.630221,fluid
689,30.0218,-13.0905,,985.527,-76.0371,-108772,,-7.30813,-12.3859,,48.4182,31.7046,fluid
690,28.6248,0.224219,,1002.09,-5.26814,16508.9,,0.290381,-0.0145627,,0.460931,10.1467,fluid
691,22.6477,-163.698,,1021.09,0,176318,,-3.94798,-56.8206,,0,0,fluid
692,20.183,1.08572,,1001.66,7.62624,13113.7,,0.241877,-0.0169688,,-0.0944047,9.67352,fluid
693,21.0487,1.15252,,1001.55,-3.3885,12250.6,,0.171753,0.016314,,-0.276,9.73458,fluid
694,16.6656,2.33497,,1000.81,0.598006,6361.63,,0.228849,-0.0287542,,0.234411,10.6685,fluid
695,21.04,1.53887,,1001.2,2.1952,9414.38,,0.0647713,0.0460732,,0.0192839,9.72165,fluid
696,23.1235,1.79507,,1000.98,-10.7899,7683.66,,-0.00778032,0.0515507,,-0.458431,10.4925,fluid
697,7.10052,-1876.02,,1459.04,0,1.46597e+07,,-1.02221,-212.652,,0,0,fluid
698,27.6406,0.0269152,,1002.25,10.6954,17816.3,,0.3963,-0.00563034,,-0.874195,9.83942,fluid
699,25.1429,0.663867,,1001.92,0.874698,15127.8,,0.208283,-0.0244844,,-0.30464,9.64584,fluid
700,13.8952,-233.317,,1079.4,0,792784,,8.2996,-70.8492,,0,0,fluid
701,27.2778,1.10764,,1001.52,6.31053,12012,,0.017692,-0.00519342,,0.20477,9.22482,fluid
702,30.4242,-13.4109,,985.502,-223.63,-108950,,-8.94792,-15.8257,,-4.64438,60.0724,fluid
703,25.8806,1.32464,,1001.37,1.87361,10803,,-0.0196135,-0.0447761,,0.0195107,9.42215,fluid
704,25.0478,0.845346,,1001.76,-4.26101,13915,,0.0625417,-0.0127301,,-0.417502,9.56975,fluid
705,27.1518,0.530854,,1001.96,5.88705,15499.2,,0.399665,-0.0265694,,0.0332262,9.94421,fluid
706,27.6168,1.04359,,1001.55,2.55114,12229.7,,-0.108719,-0.0480389,,0.114644,9.34428,fluid
707,23.5935,1.39268,,1001.27,-1.4636,10041.7,,0.0578266,-0.0202631,,-0.247419,9.43924,fluid
708,23.9733,1.43465,,1001.25,-3.53051,9815.47,,0.0610283,-0.00142669,,-0.173156,9.42672,fluid
709,30.3595,-12.9303,,985.202,-83.2769,-111107,,-6.08041,-15.44,,-3.46224,9.36495,fluid
710,19.7762,1.06341,,1001.69,1.53845,13369.7,,0.134985,0.0168987,,-0.191205,9.75533,fluid
711,19.4262,2.23216,,1000.86,10.9651,6783.13,,0.3961,-0.0199598,,0.163816,11.2265,fluid
712,24.4216,2.09495,,1000.84,-15.6458,6586.89,,-0.0396417,0.104241,,-0.13255,10.8111,fluid
713,22.1786,-1583.11,,569.144,0,-1.09946e+06,,13.7837,-197.882,,0,0,fluid
714,29.5671,0.42941,,1001.97,19.0829,15530.4,,0.334741,-0.0163842,,-1.13829,9.38573,fluid
715,32.4349,-1.99132,,943.029,-424.932,-377550,,-1.58319,-5.16446,,38.9002,-16.3387,fluid
716,15.2639,-691.015,,999.96,0,-315.269,,-2.46322,-118.186,,0,0,fluid
717,27.4993,0.303827,,1002.09,3.11885,16486.4,,0.128761,-0.0049441,,-0.642799,10.0013,fluid
718,30.148,0.103192,,1001.87,47.7629,14726.8,,0.511001,-0.0128499,,-0.62821,7.71155,fluid
719,34.6912,-86.2664,,822.437,0,-835791,,17.6146,-46.0224,,0,0,fluid
720,13.686,-228.686,,1022.26,0,186808,,14.1688,-68.7215,,0,0,fluid
721,29.6288,0.667596,,1001.76,26.249,13895,,0.175933,-0.0118263,,-0.291927,9.05889,fluid
722,30.732,0.797652,,1000.74,-171.654,5815.03,,1.09278,-0.296159,,3.37892,13.2382,fluid
723,29.1063,1.30694,,1001.28,-22.8677,10051.8,,-0.151875,-0.111568,,-0.305104,9.14599,fluid
724,20.6553,0.905497,,1001.83,-4.90594,14475.6,,0.0498823,0.118346,,-0.345221,9.96473,fluid
725,22.5245,1.28776,,1001.37,-3.6058,10829.1,,0.127479,-0.0442554,,-0.266594,9.73475,fluid
726,25.0767,0.377633,,1002.16,2.7893,17090.8,,0.117573,-0.0205955,,-0.436032,9.70674,fluid
727,23.6139,0.448798,,1002.2,4.65919,17342.2,,0.299597,-0.0133206,,-0.440012,9.66434,fluid
728,25.8031,0.548749,,1001.99,8.51545,15721.6,,0.122281,-0.0274631,,-0.262771,9.78324,fluid
729,27.8498,-520.729,,621.754,0,-1.08087e+06,,-3.39027,-136.561,,0,0,fluid
730,29.1675,1.04603,,1001.52,-16.8596,11945.4,,-0.0408345,-0.0604561,,-0.241351,9.04432,fluid
731,20.6531,-43.1578,,1109.36,1.5586,1.19714e+06,,-4.44135,-27.184,,-0.667252,-0.0625357,fluid
732,13.4004,-519.488,,999.698,92.3965,-2367.97,,0.574662,-99.9663,,-1.10075,1.06587,fluid
733,19.2404,-147.903,,1046.31,0,417993,,0.448455,-51.0324,,0,0,fluid
734,28.8862,0.889194,,1001.65,7.59767,13013.6,,0.0541391,-0.0277713,,0.484612,9.21328,fluid
735,16.7206,-219.998,,1008.56,161.465,68919.8,,0.258449,-64.7502,,-28.9007,-12.1715,fluid
736,16.8792,-376.896,,1023.9,0,201574,,-4.55811,-83.7757,,0,0,fluid
737,17.2566,-236.886,,989.463,0,-80125.9,,4.39761,-69.7891,,0,0,fluid
738,24.3423,-116.574,,975.437,0,-179130,,-1.44945,-50.3851,,0,0,fluid
739,29.1334,1.85354,,1000.87,-26.231,6811.3,,-0.235342,-0.1829,,-0.274712,10.5349,fluid
740,22.0516,2.09427,,1000.84,-4.04887,6588.89,,0.188356,0.116617,,0.0317581,11.5779,fluid
741,25.4042,1.69417,,1001.07,-1.7357,8450.08,,-0.0716231,0.0137533,,-0.255208,9.28385,fluid
742,28.5381,1.42178,,1001.17,-0.344077,9222.6,,-0.0214121,-0.0109812,,0.340531,9.00793,fluid
743,18.6041,1.60172,,1001.23,9.65986,9722.85,,0.230062,-0.0069668,,0.105488,9.88301,fluid
744,25.8517,0.787686,,1001.81,5.29005,14257.8,,0.149693,-0.0210213,,-0.191581,9.68289,fluid
745,26.498,1.4589,,1001.24,-8.12415,9795.24,,-0.13141,-0.0634013,,-0.224357,9.15844,fluid
746,24.5498,-43.8298,,1011.26,-54.0821,91394.6,,-4.81787,-32.1373,,1.6153,-0.616001,fluid
747,22.1693,-533.404,,967.787,0,-229646,,-5.92425,-103.289,,0,0,fluid
748,14.5051,-765.161,,916.355,0,-512858,,4.16115,-124.405,,0,0,fluid
749,22.6335,-43.8135,,1000.9,-359.596,7071.05,,-8.1901,-29.5231,,-0.775008,-1.84822,fluid
750,29.3263,1.71518,,1000.96,-25.2806,7538.14,,-0.156591,-0.235161,,-0.401037,9.87706,fluid
751,24.573,-108.28,,992.517,-8.94886,-57422.5,,0.926896,-45.0396,,-2.47417,4.48404,fluid
752,13.9816,-705.963,,1067.49,0,649807,,3.92246,-117.813,,0,0,fluid
753,15.1713,-532.379,,1037.99,0,334402,,1.04647,-104.193,,0,0,fluid
754,29.594,1.57106,,1001.05,-7.0722,8278.17,,0.115025,-0.216936,,-0.688572,9.11134,fluid
755,28.8562,1.887,,1000.84,-21.3038,6589.67,,-0.288626,-0.0776642,,0.283954,10.4558,fluid
756,16.9989,-219.718,,1008.35,21.0268,67217.7,,0.213795,-65.4318,,-4.00654,21.9053,fluid
757,22.662,0.753607,,1001.92,5.64895,15166.1,,0.240509,0.0174498,,-0.555582,9.67305,fluid
758,22.8175,1.53462,,1001.16,1.77981,9119.57,,0.11046,-0.031542,,-0.211002,9.89509,fluid
759,26.5745,2.06336,,1000.82,-22.1856,6433.68,,-0.254826,-0.00948253,,0.31834,9.74457,fluid
760,28.7352,0.55012,,1001.89,8.01008,14938.5,,0.242148,-0.0320659,,0.731774,9.95746,fluid
761,32.5384,-1.97777,,942.235,-277.789,-381920,,-0.954782,-7.294,,36.8221,-14.1658,fluid
762,13.4165,-534.951,,1013.44,0,109807,,2.21712,-105.764,,0,0,fluid
763,14.5507,-636.516,,869.562,0,-699675,,-7.48164,-109.892,,0,0,fluid
764,14.5972,-508.21,,992.512,0,-57463,,-4.32265,-96.5077,,0,0,fluid
765,14.448,-209.208,,1012.37,0,100717,,2.49485,-61.4354,,0,0,fluid
766,22.4702,-42.9878,,1000.06,-365.273,452.94,,-6.90626,-27.826,,0.296124,0.901281,fluid
767,23.1677,-42.7084,,999.815,-335.921,-1449.42,,-5.67419,-29.1262,,-0.47022,0.468164,fluid
768,14.1062,-525.28,,996.656,144.568,-25981.1,,0.319672,-102.263,,0.0865232,-1.38019,fluid
769,14.3354,-524.857,,996.63,127.294,-26181.7,,-0.257689,-102.423,,-4.65269,-8.97327,fluid
770,17.1076,-527.837,,1012.34,0,100463,,-0.929362,-102.485,,0,0,fluid
771,28.6626,1.93624,,1000.81,-21.1646,6383.97,,-0.238684,-0.00939727,,0.409163,10.5456,fluid
772,24.3868,1.7516,,1001.02,-8.00235,8004.77,,-0.0442072,0.0550756,,-0.0707347,9.80101,fluid
773,28.4798,1.93826,,1000.81,-22.1979,6409.89,,-0.195419,0.0342202,,0.345754,10.5352,fluid
774,18.1831,-182.972,,1081.26,0,816034,,-4.83139,-62.1086,,0,0,fluid
775,21.8687,0.77192,,1001.92,7.02724,15178.3,,0.23637,-0.00231087,,-0.246427,9.59268,fluid
776,29.3466,1.89662,,1000.86,-26.9388,6740.76,,-0.140292,-0.233018,,-0.55539,10.5747,fluid
777,22.5093,-42.3099,,999.826,-285.172,-1367.93,,-5.59585,-27.069,,0.192737,-0.225334,fluid
778,13.8614,-717.425,,1051.02,65.0438,467175,,0.859443,-118.16,,2.38648,-5.2519,fluid
779,29.942,-897.717,,935.891,0,-416065,,-3.90711,-132.972,,0,0,fluid
780,19.9249,-446.369,,974.906,0,-182719,,-4.27071,-95.4278,,0,0,fluid
781,30.5618,-12.8044,,984.935,-119.824,-113022,,-4.61209,-17.0467,,-32.9384,-3.11977,fluid
782,19.2768,-170.377,,1067.81,0,653484,,-2.2622,-58.6013,,0,0,fluid
783,22.5684,-149.323,,1030.86,0,265764,,-3.6002,-53.009,,0,0,fluid
784,13.4996,-639.31,,920.344,0,-494077,,-1.09675,-109.893,,0,0,fluid
785,26.9943,1.77083,,1000.98,-17.6212,7733.65,,-0.221906,-0.0858459,,0.211841,9.28108,fluid
786,24.8894,1.6985,,1001.06,-6.7581,8372.66,,-0.140935,0.0393455,,-0.132577,9.66715,fluid
787,23.9324,1.04924,,1001.6,-2.57118,12638.9,,0.123391,0.000497449,,-0.276599,9.50508,fluid
788,24.0683,-107.365,,995.498,-8.26689,-34861.2,,-0.322071,-45.5439,,2.33355,-4.22919,fluid
789,24.733,2.09487,,1000.85,-11.8337,6649.05,,-0.000854576,0.108506,,-0.158258,10.6812,fluid
790,25.9662,1.67054,,1001.09,-0.299337,8610.21,,-0.133809,0.00615897,,-0.00340677,8.92786,fluid
791,17.5265,-220.027,,1008.87,44.8531,71509.5,,-0.660914,-67.5988,,30.2161,-9.49981,fluid
792,25.1776,2.06024,,1000.86,-14.3571,6784.79,,-0.0771926,0.125273,,-0.598758,10.3692,fluid
793,25.0579,-114.376,,1002.51,0,19836.4,,-0.432212,-48.7422,,0,0,fluid
794,33.4729,-951.467,,927.499,0,-459149,,0.272804,-136.699,,0,0,fluid
795,21.8017,1.58503,,1001.14,-5.5226,8938.46,,0.00630983,0.0961342,,-0.158159,10.1558,fluid
796,13.8262,-525.934,,996.887,120.629,-24204.2,,0.0496882,-101.657,,4.28847,9.72471,fluid
797,16.8133,-421.081,,986.098,0,-104657,,2.21118,-90.0146,,0,0,fluid
798,13.0199,-519.124,,998.97,57.325,-8062.25,,1.53377,-99.6605,,0.849843,-0.276852,fluid
799,29.683,1.19316,,1001.32,28.5331,10366.5,,0.355238,-0.0611515,,-0.425929,8.5889,fluid
800,26.4585,2.0661,,1000.82,-21.8209,6459.85,,-0.272417,0.0154059,,0.106926,9.68918,fluid
801,29.7395,1.56659,,1001.04,6.31433,8177.71,,0.104723,-0.185796,,-0.849101,8.72644,fluid
802,24.0784,0.675816,,1001.96,6.04628,15462.5,,0.159016,-0.0129821,,-0.353475,9.61996,fluid
803,29.6079,0.934431,,1001.55,34.3304,12239.5,,0.508112,-0.0169218,,-0.482072,8.82361,fluid
804,13.5358,-522.324,,1001.76,0,13888.8,,0.444027,-101.328,,0,0,fluid
805,22.924,0.905691,,1001.76,3.46304,13854.8,,0.0630086,0.015273,,-0.200661,9.60518,fluid
806,30.4165,-12.3288,,983.658,4.89951,-122130,,-1.08098,-16.0535,,-19.796,-61.936,fluid
807,24.3264,-508.391,,933.952,0,-426227,,-3.6872,-97.9746,,0,0,fluid
808,25.7585,2.0855,,1000.84,-21.0656,6628.75,,-0.166391,0.129323,,-0.20228,9.99611,fluid
809,18.854,-161.239,,1037.39,0,328469,,0.913882,-55.2644,,0,0,fluid
810,11.2044,-672.273,,1072.85,0,712989,,4.21189,-116.586,,0,0,fluid
811,25.4871,2.11783,,1000.83,-22.1825,6554.82,,-0.201724,0.140397,,-0.403644,10.3035,fluid
812,30.1219,-862.05,,955.057,0,-308561,,0.199088,-130.012,,0,0,fluid
813,14.4718,-740.459,,942.761,0,-379024,,-7.68704,-123.017,,0,0,fluid
814,21.8204,1.15133,,1001.52,1.82495,12012.9,,0.16637,0.0027279,,-0.234547,9.59746,fluid
815,21.1696,0.774945,,1001.95,6.38981,15396.9,,0.302843,0.00389133,,-0.392781,9.68226,fluid
816,22.1305,1.69925,,1001.05,-8.88916,8229.74,,0.0436376,0.0808394,,0.0538304,10.5215,fluid
817,20.7058,0.561007,,1002.21,7.51227,17439.7,,0.289867,0.00300045,,-0.45295,9.6813,fluid
818,18.944,1.24266,,1001.55,0.755815,12194.1,,0.131159,0.032348,,-0.289181,9.78827,fluid
819,23.427,1.76036,,1000.99,-10.0854,7824.4,,0.0131344,0.0575118,,-0.249562,10.1494,fluid
820,19.2808,1.46219,,1001.33,-3.80871,10480.1,,0.166881,0.0507887,,0.0364742,10.0544,fluid
821,22.2462,1.03613,,1001.63,0.898511,12857.6,,0.00788122,-0.00522303,,-0.167167,9.53046,fluid
822,13.4904,-206.037,,925.53,0,-468923,,1.80934,-60.7274,,0,0,fluid
823,24.0182,1.88741,,1000.92,-15.9156,7272.46,,-0.102308,0.092305,,-0.170324,10.1989,fluid
824,24.9505,1.15737,,1001.49,-15.0962,11771.4,,-0.0823889,0.0172716,,-0.279697,9.66752,fluid
825,29.5388,-0.0223888,,1002.31,-5.46868,18263.3,,0.237086,-0.0176355,,-1.60899,9.21843,fluid
826,22.2138,-749.369,,935.195,0,-419728,,9.35184,-122.304,,0,0,fluid
827,26.1911,0.793615,,1001.79,2.96053,14152.9,,0.0333838,-0.0298092,,-0.0556454,9.70143,fluid
828,19.9345,1.51977,,1001.26,-4.61609,9952.18,,0.119704,0.0381148,,-0.203733,10.0088,fluid
829,25.5924,0.967488,,1001.66,-3.79068,13094.9,,0.029799,-0.0157588,,-0.120108,9.58491,fluid
830,28.2719,1.22379,,1001.35,-8.25407,10612.5,,-0.043791,0.0206778,,-0.245996,9.0683,fluid
831,27.7382,1.30923,,1001.31,-6.02323,10355.3,,-0.173818,-0.0608122,,-0.107409,9.04345,fluid
832,31.0506,-29.3454,,950.807,0,-333537,,-9.23008,-22.5989,,0,0,fluid
833,27.8683,1.99094,,1000.81,-19.4017,6395.61,,-0.0612341,-0.0224059,,0.0652049,10.5357,fluid
834,27.454,2.05093,,1000.8,-23.5595,6309.29,,-0.196217,-0.074396,,0.401128,10.4056,fluid
835,22.4296,0.474931,,1002.22,2.61352,17555.3,,0.203199,0.0549603,,-0.386395,9.88838,fluid
836,18.5879,0.819695,,1002,7.26919,15799.3,,0.275246,-0.000100394,,-0.518242,9.6869,fluid
837,23.2346,0.560692,,1002.11,7.41047,16629.7,,0.164293,-0.00569964,,-0.581544,9.51831,fluid
838,15.9796,-406.883,,1007.28,0,58413.4,,-6.30895,-87.1909,,0,0,fluid
839,28.2615,0.914652,,1001.6,-0.538969,12634.2,,0.159536,-0.0202545,,-0.352236,9.58481,fluid
840,24.5134,1.32236,,1001.35,-0.327439,10675.5,,0.0516764,-0.0169211,,-0.23528,9.5344,fluid
841,17.1504,-442.361,,1040.46,0,358749,,4.74605,-94.9207,,0,0,fluid
842,30.5151,-457.764,,1019,0,157902,,-6.65225,-94.218,,0,0,fluid
843,27.4025,1.75449,,1000.98,-11.0381,7708.91,,-0.145367,-0.100745,,0.284966,9.36549,fluid
844,20.4414,1.39096,,1001.36,4.51874,10679,,0.102876,-0.0117365,,0.00529467,9.64966,fluid
845,24.0121,-47.2879,,1082.27,0,828751,,9.54376,-32.6447,,0,0,fluid
846,26.7161,0.447861,,1002.03,-6.32703,16021.4,,0.22769,-0.0213559,,-0.428154,9.93373,fluid
847,31.1415,0.308352,,1000.42,-730.53,3269.62,,1.2376,-0.0317495,,11.468,5.84509,fluid
848,10.5928,2.28558,,1001.11,15.4133,8731.73,,0.109063,-0.289831,,0.471364,8.29977,fluid
849,19.1746,2.09501,,1000.92,0.35255,7209.64,,0.160392,0.00348206,,0.0385349,11.0285,fluid
850,23.8386,2.14684,,1000.8,-10.7102,6324.89,,0.0102105,0.101437,,-0.289643,10.787,fluid
851,26.3146,0.303719,,1002.15,-4.21511,16957.7,,0.123727,-0.00451795,,-0.343988,9.88269,fluid
852,28.1515,1.69793,,1000.97,-9.45815,7642.14,,-0.08583,0.0196654,,0.089774,9.37033,fluid
853,20.0742,0.666473,,1002.11,9.7954,16685.5,,0.286307,-0.0013201,,-0.313032,9.61456,fluid
854,26.8994,0.695651,,1001.85,-3.00949,14600.7,,0.151847,-0.0217576,,-0.20018,9.8017,fluid
855,21.5648,2.09915,,1000.84,-1.31289,6618.66,,0.231146,0.132885,,0.338754,11.4235,fluid
856,27.9925,1.87654,,1000.87,-16.9556,6822.77,,-0.045411,0.00199259,,0.0674855,10.1328,fluid
857,19.0155,-178.868,,1031.08,0,267891,,-4.53178,-61.2053,,0,0,fluid
858,27.3178,0.805918,,1001.76,13.1414,13893.6,,0.0772733,-0.0232798,,0.411536,9.55129,fluid
859,24.4272,0.934772,,1001.71,5.19972,13488.2,,0.0728984,-0.00359779,,-0.336678,9.46063,fluid
860,26.2968,1.06275,,1001.58,-6.27366,12464.6,,-0.0893709,-0.00436598,,-0.153689,9.58192,fluid
861,17.4323,2.55336,,1000.73,9.21546,5720.69,,0.209272,0.0938918,,0.384036,10.0222,fluid
862,29.4761,0.651975,,1001.82,5.32692,14387.3,,0.116918,-0.0211838,,-1.10464,9.2789,fluid
863,26.9852,1.33873,,1001.33,-2.67735,10494.6,,0.0192617,-0.0660123,,-0.0121122,9.20781,fluid
864,25.4713,0.391474,,1002.13,4.18307,16812.3,,0.172498,-0.0194767,,-0.405921,9.76691,fluid
865,12.9808,2.52174,,1000.76,43.5658,5993.96,,0.695608,-0.350857,,0.316429,9.97436,fluid
866,27.7907,0.440208,,1001.96,-4.83584,15463.4,,0.157995,-0.0158093,,-0.84936,10.2103,fluid
867,22.5736,2.0772,,1000.84,-7.17184,6619.6,,0.11551,0.0805691,,-0.132705,11.4778,fluid
868,32.4702,-2.07412,,942.403,-213.561,-380994,,-0.523677,-5.19871,,34.369,-16.2165,fluid
869,28.6324,0.785554,,1001.72,11.9119,13536.9,,0.0742989,-0.0218108,,0.491006,9.47746,fluid
870,25.3715,1.25235,,1001.41,-14.0389,11150.6,,0.0133307,-0.0229076,,-0.132974,9.65392,fluid
871,21.5188,0.493948,,1002.24,6.93823,17704.7,,0.0579301,0.0275597,,-0.304338,9.76148,fluid
872,20.9765,2.18221,,1000.82,2.56478,6428.74,,0.282057,0.0910613,,0.629015,11.0376,fluid
873,24.6268,0.598267,,1002,9.12033,15823.2,,0.174924,-0.0175351,,-0.468053,9.64962,fluid
874,20.6144,-230.728,,1014.77,0,121177,,1.50551,-67.976,,0,0,fluid
875,30.3034,-12.8781,,985.122,-74.6884,-111676,,-5.5055,-14.9287,,0.531676,10.0959,fluid
876,28.0869,0.475155,,1001.91,-0.923436,15052.8,,0.344951,-0.0347022,,-0.475791,10.2488,fluid
877,26.6875,1.02705,,1001.6,-9.88691,12598.9,,-0.00510029,-0.0270416,,-0.216698,9.54034,fluid
878,28.111,0.69472,,1001.76,-3.85845,13917.7,,0.152498,-0.0245026,,-0.694659,10.0138,fluid
879,23.1802,-43.3364,,1000.33,-355.361,2620.78,,-7.03666,-29.7228,,-0.20216,0.642877,fluid
880,23.1979,1.18188,,1001.47,-4.37907,11589.2,,0.11555,0.000666042,,-0.209286,9.57104,fluid
881,24.3331,-103.451,,987.999,0,-90857.2,,-3.0991,-43.3517,,0,0,fluid
882,20.4879,2.09724,,1000.87,3.79007,6824.58,,0.339794,0.0262489,,0.320033,10.6977,fluid
883,26.9544,2.10189,,1000.79,-25.0312,6213.93,,-0.256973,-0.0604354,,0.572975,10.1692,fluid
884,23.5819,0.809685,,1001.84,-0.159604,14529,,0.0623358,0.00882764,,-0.342873,9.62297,fluid
885,21.2824,1.72765,,1001.05,-3.26748,8232.89,,0.16605,0.108959,,0.283347,10.4314,fluid
886,23.2611,2.17677,,1000.8,-4.05042,6295.8,,0.0820367,0.0810761,,-0.559654,10.9545,fluid
887,26.1447,2.10052,,1000.82,-24.0602,6458.47,,-0.287651,0.0881426,,-0.0549924,9.81918,fluid
888,20.0663,2.28107,,1000.82,6.80285,6466.87,,0.290004,0.00664906,,-0.141767,10.7848,fluid
